1	-0.014172	0.0309617	0.00627214
1	0.0457025	-0.0359178	0.00128712
1	0.0628293	-0.0668311	0.0135786
1	-0.0160576	0.0391536	-0.00389293
1	-0.0069071	0.0543559	0.00662667
1	-0.0210769	0.106257	0.0360985
1	-0.0210235	0.0401892	-0.0179179
1	-0.0173459	0.0489582	0.00789585
1	0.00260177	0.0375264	-0.0153614
1	-0.0249441	0.0540016	0.0163311
1	0.000764122	0.0312327	0.000676541
1	0.00197268	0.0738411	0.0306664
1	0.00398533	0.0436017	0.00676014
1	-0.0760713	-0.0529535	-0.195814
1	-0.0165539	0.0357676	-0.0125868
1	0.0182274	0.00404249	-0.00293067
1	-0.0109763	0.036858	0.00534462
1	-0.0124639	0.0475554	0.00237852
1	0.0646467	-0.0704727	-0.0066477
1	-0.0155016	0.10764	0.0367987
1	-0.125743	-0.0391874	-0.257598
1	-0.115206	-0.0378179	-0.242112
1	-0.128967	-0.0466123	-0.243214
1	-0.0789282	-0.0111776	-0.172587
1	-0.00101413	0.0414536	-0.0137916
1	-0.0135455	0.0377002	-0.0153612
1	-0.0124125	0.0371773	-0.00602808
1	-0.178228	-0.118695	0.120325
1	-0.200527	-0.134119	0.11446
1	-0.00414402	0.0898855	0.0230356
1	0.000446864	0.018389	0.000953073
1	-0.0792893	-0.0155919	-0.0425564
1	-0.0320277	0.0519482	-0.00218728
1	-0.132544	-0.062318	0.00393032
1	-0.0616235	-0.0181356	0.0162883
1	-0.177416	-0.114912	0.101958
1	-0.154683	-0.0673323	-0.270435
1	-0.0271282	0.0226359	-0.00142675
1	-0.0157814	0.026961	-0.00116732
1	-0.0853789	-0.00758849	0.0917109
1	-0.045088	0.0245614	-0.0508782
1	-0.0210428	0.0457241	0.0168869
1	0.00416018	0.0298755	-0.00998291
1	-0.0871501	-0.0568302	-0.227466
1	-0.111756	-0.0528546	-0.268599
1	-0.213405	-0.143576	0.120807
1	-0.0167679	0.0303032	-0.0181126
1	-0.0679171	-0.00462748	0.0925093
1	0.0100837	0.0456608	0.00596545
1	-0.0386603	0.0377626	-0.0565677
1	-0.121392	-0.0556634	-0.0202054
1	0.00912456	0.115347	0.0420786
1	0.00984419	0.0822765	0.023629
1	-0.00910044	0.0385795	-0.0195878
1	-0.0106236	0.0316772	-0.01426
1	-0.00745333	0.0401168	-0.0220833
1	-0.0351852	0.0290508	0.043089
1	-0.0399181	0.00465413	-0.00718373
1	0.00508478	0.0126699	-0.00322737
1	0.00183745	0.0252835	0.00014066
1	-0.0104545	0.0388375	-0.0175516
1	0.0195948	0.0130843	-0.01318
1	0.0194974	0.0179721	-0.000531854
1	-0.0106789	0.0334749	-0.0154794
1	0.010508	0.0190947	-0.000601191
1	-0.0364057	0.0245845	0.0439663
1	-0.0988062	-0.0248203	-0.182407
1	-0.00436647	0.0421644	0.00504424
1	-0.00468303	0.0440729	0.00475613
1	0.0712399	-0.0678358	-0.00518162
1	0.0444706	-0.0372013	0.0106666
1	0.0725586	-0.0686089	-0.00438844
1	0.0677086	-0.0670879	-0.000222447
1	0.0631083	-0.0579055	-0.00169835
1	0.0623175	-0.0542315	-0.00588966
1	0.0638659	-0.0559045	-0.00213693
1	0.061642	-0.0529036	-0.00410103
1	0.0565765	-0.0519124	-0.00886878
1	0.0625284	-0.0610998	0.0103382
1	0.0672933	-0.0553663	0.000919539
1	0.0726032	-0.0611765	-0.00331022
1	0.0653291	-0.0606385	0.00200028
1	0.0657675	-0.0658638	0.00370556
1	0.0629882	-0.0597777	0.00324888
1	0.0621974	-0.0642506	0.0040814
1	0.0707852	-0.0633845	-0.000911013
1	0.0650855	-0.064575	0.00890487
1	0.0652901	-0.0574154	-0.00609378
1	0.0588022	-0.0424444	-0.00181577
1	0.064465	-0.0599131	-0.00547081
1	0.0653506	-0.0519047	-0.00238924
1	0.0497237	-0.0574168	-0.0311208
1	0.0413101	-0.0345711	-0.00976379
1	0.0560341	-0.0441249	-0.0020492
1	0.0637645	-0.0651832	-0.0153891
1	0.0700755	-0.0678119	-0.012039
1	0.0495511	-0.0487617	-0.00553383
1	0.0565741	-0.0642521	0.0110487
1	0.0652055	-0.0576245	-0.00537347
1	0.0696032	-0.0618694	-0.000886392
1	0.0677222	-0.0668489	0.00695486
1	0.0608271	-0.0599082	0.00369646
1	0.0620244	-0.0631325	0.000300837
1	0.065324	-0.0616703	0.00119295
1	0.0493838	-0.0493862	-0.00448207
1	0.0459215	-0.0436404	-0.00719908
1	0.0390843	-0.04948	-0.0152508
1	-0.0051866	0.0301192	-0.0277894
1	-0.00777182	0.042942	-0.00574312
1	-0.00394558	0.040775	0.0146905
1	0.00257653	0.0484141	0.00768361
1	0.0155304	0.0245785	-0.00262745
1	-0.00492247	0.0452545	0.000350442
1	9.83E-05	0.0483583	-0.000326444
1	-0.0727107	-0.018233	-0.163725
1	0.0148437	0.0217777	-0.00654814
1	0.00236864	0.0369508	0.0241892
1	0.0308563	-0.0128822	-0.00868669
1	0.0174238	0.0170926	-0.000372369
1	-0.00666282	0.0458038	0.0118453
1	0.00516141	0.0180121	-0.0117049
1	0.0246896	-0.000686299	-0.0191676
1	-0.0854574	-0.0184187	-0.201619
1	-0.00614257	0.048899	-0.0364378
1	-0.0603906	0.00704501	0.0467267
1	-0.139976	-0.058862	-0.263122
1	-0.00207558	0.0616729	0.0344362
1	-0.00602775	0.062844	0.0198073
1	0.00897806	-0.0571124	-0.0889015
1	0.00149774	0.0839158	0.0582192
1	0.0309974	-0.000323191	0.00586626
1	-0.00793051	0.0672575	0.00795424
1	-0.0317629	0.0297692	-0.0257002
1	0.000613255	0.0380197	0.00534477
1	-0.0178343	0.0566499	0.0144119
1	-0.023194	0.072872	-0.0110302
1	0.0040059	0.0695266	0.0216508
1	0.00242264	0.0858991	0.0564026
1	0.00252566	0.0858672	0.0601395
1	-0.0230788	0.108737	0.00144979
1	-0.0175893	0.0902299	-0.00114617
1	-0.0519976	0.0179703	-0.00378729
1	0.00617371	0.0247658	-0.00145059
1	-0.00786128	0.0222877	-0.00481081
1	0.0111309	0.0247983	0.00227411
1	0.00248988	0.0268871	-0.0159996
1	0.0599739	-0.0496239	-0.00646996
1	0.0599514	-0.0563599	-0.00158133
1	0.06462	-0.0577953	0.00203378
1	0.0474568	-0.00550148	0.0171872
1	0.0618365	-0.0481682	-0.00352936
1	0.0507677	-0.0473283	0.0133669
1	-0.00467956	0.018059	-0.0145061
1	0.00667005	-0.0114469	0.0231135
1	-0.000680164	0.0210598	0.00123998
1	0.00271405	0.052452	-0.016719
1	0.0292189	-0.00125943	0.00144019
1	-0.0245094	0.0505887	0.0056338
1	0.0302942	0.00764764	-0.0191251
1	0.0313237	-0.00677322	-0.00940711
1	-0.00588152	0.0722041	0.0181867
1	0.00579787	0.095953	0.0384169
1	0.0413411	-0.0170008	-0.0081096
1	0.00452207	0.033538	-0.0309554
1	0.00835686	0.0155763	-0.00374058
1	-0.0203606	0.0449648	-0.00749833
1	-0.00534031	0.0200152	-0.0176997
1	0.00183703	0.020745	-0.00697139
1	-0.00632768	0.00781289	-0.00347281
1	0.000323505	0.0435151	-0.0200994
1	0.0210703	-0.00249718	-0.0175826
1	0.00187512	0.0326796	0.0140828
1	-0.00186878	0.0339295	0.0048387
1	-0.00641131	0.0299057	-0.00620213
1	-0.181058	-0.116404	0.00293484
1	-0.0568745	-0.0132938	-0.0248738
1	0.00401087	0.0291856	-0.0160595
1	0.00810664	0.0274447	0.0104953
1	0.0118023	0.00960954	-0.0109916
1	0.00130053	0.0318273	0.000219027
1	0.0168377	0.0027129	-0.0174682
1	-0.0467453	-0.0242305	0.128817
1	0.00439237	0.11213	0.0334906
1	-0.00322198	0.0473836	0.00745348
1	0.0107619	0.110467	0.051779
1	0.0403233	-0.0027162	-0.00760464
1	0.012595	0.112946	0.0586763
1	-0.143252	-0.0908162	0.179486
1	0.108003	-0.124119	0.0118655
1	0.105532	-0.122363	0.0118434
1	-0.00439281	-0.0424118	0.0186393
1	0.0780454	-0.070974	0.00666162
1	0.0879785	-0.100187	0.00175723
1	0.0858073	-0.0904932	0.00452519
1	-0.155625	-0.112029	0.166919
1	-0.183302	-0.132033	0.131819
1	-0.116946	-0.0679707	0.162599
1	0.0294864	0.0011907	-0.00927946
1	0.036354	-0.00882644	-0.00902535
1	-0.103652	-0.0703096	0.177749
1	-0.208661	-0.139755	0.112783
1	-0.183214	-0.133658	0.14469
1	0.0147096	0.0253377	-0.00827879
1	0.10419	-0.12629	0.0116661
1	0.0935965	-0.104389	0.00985193
1	0.0772902	-0.0702398	0.00906155
1	0.00980125	0.105418	0.0488191
1	0.00805919	0.109676	0.0443826
1	0.108759	-0.124733	0.0118272
1	0.0938483	-0.103997	0.0118442
1	0.0825343	-0.0934587	0.00127954
1	0.104791	-0.125606	0.00946585
1	0.0895572	-0.10385	0.00688706
1	0.0763284	-0.0727747	0.00508496
1	0.0686388	-0.0646389	2.16E-05
1	0.0459201	0.0350143	0.0350182
1	0.0349256	0.0609695	0.0454233
1	0.0352847	0.0545085	0.0393224
1	0.0370446	-0.00321532	0.0116289
1	-0.136254	-0.100142	0.133914
1	-0.0025833	0.0508082	-0.00300395
1	-0.0109893	0.092009	0.0368263
1	-0.0164076	0.10862	0.0348793
1	0.0156848	0.00961678	-0.000761886
1	-0.0317392	0.024034	-0.0332976
1	-0.0217207	0.0327739	0.00548874
1	-0.0229903	0.108276	0.0103868
1	-0.0102794	0.102237	0.0360141
1	0.00328515	0.0249232	0.00852634
1	-0.00135093	0.0292628	-0.0124855
1	-0.022748	0.0870539	0.0156164
1	-0.0165066	0.0637623	0.00633716
1	-0.00856953	0.0694645	0.000624508
1	-0.186511	-0.132842	0.114583
1	-0.0249997	0.0472156	0.00548247
1	0.00886645	0.0736497	0.0422708
1	0.0222853	0.0207953	-0.00921112
1	0.015005	-0.0011459	-0.0168988
1	0.0322747	0.00216409	0.000409045
1	-0.0447091	0.0197785	0.000441334
1	-0.0198564	0.0390023	-0.00605135
1	0.00472466	0.0595709	0.0371727
1	-0.000467202	0.0677826	0.0396217
1	-0.00573265	-0.00374373	-0.026315
1	0.00471119	0.0232654	-0.018489
1	0.0104443	0.0468397	-0.00355687
1	0.036443	-0.0140388	-0.00647601
1	0.0626695	-0.0547701	0.0036973
1	0.0573628	-0.0557912	0.00106317
1	0.0410365	-0.0473559	0.00706423
1	0.0225229	-0.0340894	0.00246762
1	0.0590536	-0.0630157	-0.00153266
1	0.0108283	-0.0585818	0.0134956
1	0.0578476	-0.0558854	-0.0034379
1	0.0576684	-0.0476221	-0.00750868
1	0.0244475	0.0105177	-0.00440145
1	0.00897088	0.0605832	0.00751949
1	-0.00425477	0.0606365	0.00835115
1	0.000106244	0.0637582	0.00478914
1	0.0087371	0.0499949	0.0148526
1	-0.0184686	0.0775637	0.0251134
1	0.0106145	0.0648988	0.00289976
1	0.0158753	0.0781867	0.0198123
1	-0.00497756	0.0621227	0.0014853
1	-0.0413	0.0532169	-0.011037
1	0.00331358	0.0292987	0.00538485
1	-0.000529672	0.0274008	0.01233
1	-0.00162144	0.0430913	-0.00973847
1	-0.0222134	0.0480198	-0.00478746
1	-0.015613	0.0627828	-0.0275665
1	0.000363248	0.0559816	0.0158981
