chr	rs	ps	n_miss	allele1	allele0	af	beta	se	logl_H1	l_remle	l_mle	p_wald	p_lrt	p_score
1	1-9229754	9277493	9	T	C	0.09	0.5609257	0.1147884	-213.5829	1e+05	1e+05	1.998004e-06	1.480502e-06	4.834095e-06
1	1-18323803	18648069	20	C	T	0.075	-0.4556539	0.09978491	-214.9863	1e+05	1e+05	8.332863e-06	6.394335e-06	1.623743e-05
1	1-18471732	18797977	18	T	C	0.086	-0.4492253	0.09790275	-214.8918	1e+05	1e+05	7.567467e-06	5.793339e-06	1.494956e-05
1	1-18475074	18801316	23	A	G	0.083	-0.4663127	0.09728077	-213.9989	1e+05	1e+05	3.048977e-06	2.282803e-06	6.898899e-06
1	1-18526368	18852975	21	T	C	0.087	-0.4375914	0.09334545	-214.4629	1e+05	1e+05	4.888031e-06	3.702279e-06	1.029277e-05
1	1-39721340	40077074	41	T	C	0.014	1.099275	0.2308998	-214.1432	1e+05	1e+05	3.530801e-06	2.653072e-06	7.809958e-06
1	1-55569485	56213370	8	T	C	0.026	0.7383757	0.1572192	-214.4254	1e+05	1e+05	4.705066e-06	3.560371e-06	9.964108e-06
1	1-55696432	56339574	18	A	G	0.017	1.123404	0.2369041	-214.226	1e+05	1e+05	3.84102e-06	2.892134e-06	8.387383e-06
1	1-55713461	56356562	34	G	C	0.024	0.7947891	0.174713	-215.0596	1e+05	1e+05	8.980678e-06	6.904063e-06	1.731585e-05
1	1-55861094	56466309	18	T	C	0.02	0.9339444	0.1986953	-214.4083	1e+05	1e+05	4.624016e-06	3.497552e-06	9.817976e-06
1	1-134050773	136411710	7	C	T	0.03	0.951346	0.1959872	-213.7287	1e+05	1e+05	2.316936e-06	1.723076e-06	5.474164e-06
1	1-141777179	144002988	32	T	C	0.034	0.819461	0.165346	-213.2685	1e+05	1e+05	1.452356e-06	1.067787e-06	3.702098e-06
1	1-163682054	165308503	25	T	A	0.028	0.8482117	0.1757298	-213.8508	1e+05	1e+05	2.622857e-06	1.956528e-06	6.076322e-06
1	1-178812700	180749288	16	T	C	0.015	1.301179	0.2874241	-215.1532	1e+05	1e+05	9.880914e-06	7.613882e-06	1.879866e-05
1	1-193273246	195599939	33	A	C	0.013	1.188612	0.2598455	-214.9524	1e+05	1e+05	8.049937e-06	6.172015e-06	1.576318e-05
1	1-211517203	214523370	12	G	A	0.017	0.8885811	0.1888752	-214.39	1e+05	1e+05	4.538339e-06	3.431175e-06	9.663129e-06
1	1-223378026	226860407	29	C	T	0.01	1.373773	0.2723634	-212.8657	1e+05	1e+05	9.655018e-07	7.027615e-07	2.636348e-06
1	1-230270114	233746156	31	A	C	0.226	0.2826305	0.06207666	-215.0434	1e+05	1e+05	8.833348e-06	6.788056e-06	1.707146e-05
1	1-230371137	233851708	34	C	G	0.037	0.6494752	0.1361008	-214.0939	1e+05	1e+05	3.357964e-06	2.5201e-06	7.485255e-06
1	1-230458508	233930857	5	A	C	0.021	0.9090802	0.194453	-214.5186	1e+05	1e+05	5.17324e-06	3.923744e-06	1.080187e-05
1	1-230508958	233981126	33	T	C	0.032	0.7805004	0.1480791	-211.7995	1e+05	1e+05	3.28402e-07	2.327735e-07	1.086977e-06
1	1-236479836	239911142	34	A	G	0.051	0.5292937	0.1162808	-215.048	1e+05	1e+05	8.874348e-06	6.820334e-06	1.713952e-05
1	1-237549921	240898858	19	A	G	0.015	1.102195	0.2051827	-211.3137	1e+05	1e+05	2.010886e-07	1.408198e-07	7.301565e-07
1	1-263665192	268438971	19	T	C	0.064	-0.5485002	0.120952	-215.1201	1e+05	1e+05	9.552433e-06	7.35469e-06	1.825962e-05
1	1-275063293	279887967	10	C	G	0.107	0.4076413	0.08927837	-214.988	1e+05	1e+05	8.347442e-06	6.405796e-06	1.626181e-05
1	1-275093349	279918025	23	T	C	0.101	0.4447149	0.09133338	-213.6614	1e+05	1e+05	2.16381e-06	1.606501e-06	5.168554e-06
1	1-275093353	279918029	23	T	C	0.101	0.4447149	0.09133338	-213.6614	1e+05	1e+05	2.16381e-06	1.606501e-06	5.168554e-06
1	1-275093636	279918312	15	C	T	0.087	0.4455975	0.09798887	-215.0668	1e+05	1e+05	9.046411e-06	6.955835e-06	1.742472e-05
1	1-288623633	293913612	30	T	C	0.076	0.4605609	0.1016599	-215.1389	1e+05	1e+05	9.737913e-06	7.501019e-06	1.856427e-05
1	1-288623679	293913658	8	A	G	0.077	0.442349	0.09564472	-214.7354	1e+05	1e+05	6.45236e-06	4.920443e-06	1.304287e-05
1	1-288623702	293913681	8	T	G	0.08	0.4323262	0.09493631	-215.0395	1e+05	1e+05	8.797896e-06	6.760149e-06	1.701258e-05
1	1-288627070	293917048	36	A	G	0.108	0.39123	0.08575609	-215.0043	1e+05	1e+05	8.487641e-06	6.516035e-06	1.649601e-05
1	1-295087655	300512752	13	T	G	0.197	0.3021663	0.06653922	-215.0933	1e+05	1e+05	9.294859e-06	7.1516e-06	1.783535e-05
2	2-19427654	20005315	25	A	G	0.01	1.625728	0.3291624	-213.3461	1e+05	1e+05	1.571197e-06	1.157394e-06	3.953331e-06
2	2-19669827	20255797	14	A	G	0.017	0.9578434	0.2109818	-215.0986	1e+05	1e+05	9.344944e-06	7.19108e-06	1.791796e-05
2	2-23780061	24456107	38	C	G	0.014	1.063494	0.2225997	-214.0692	1e+05	1e+05	3.274663e-06	2.456071e-06	7.327942e-06
2	2-83447006	84987407	31	G	T	0.303	-0.3007306	0.06211363	-213.7847	1e+05	1e+05	2.452356e-06	1.826329e-06	5.742031e-06
2	2-83448616	84989017	20	A	G	0.346	-0.2883133	0.05998411	-213.9412	1e+05	1e+05	2.875041e-06	2.149478e-06	6.56522e-06
2	2-83448632	84989033	21	G	A	0.29	-0.2932023	0.06107752	-213.9678	1e+05	1e+05	2.953964e-06	2.20995e-06	6.716967e-06
2	2-83449559	84989960	37	T	C	0.296	-0.290658	0.06371676	-215.006	1e+05	1e+05	8.50259e-06	6.527792e-06	1.652095e-05
2	2-83449647	84990048	32	A	G	0.344	-0.2805399	0.06171256	-215.0732	1e+05	1e+05	9.106079e-06	7.002839e-06	1.752346e-05
2	2-83451192	84991593	28	A	G	0.293	-0.299054	0.06213478	-213.9123	1e+05	1e+05	2.791931e-06	2.085841e-06	6.404792e-06
2	2-83452301	84992702	32	T	C	0.294	-0.2921487	0.06278856	-214.6147	1e+05	1e+05	5.705245e-06	4.337631e-06	1.174182e-05
2	2-83565568	85106233	10	A	G	0.237	-0.318215	0.06804152	-214.5111	1e+05	1e+05	5.134196e-06	3.893408e-06	1.07324e-05
2	2-83578934	85119597	24	A	G	0.261	-0.3082777	0.06697662	-214.8306	1e+05	1e+05	7.10986e-06	5.43472e-06	1.417178e-05
2	2-83579180	85119843	37	A	C	0.285	-0.3222274	0.06494674	-213.244	1e+05	1e+05	1.416767e-06	1.040988e-06	3.626276e-06
2	2-83579328	85119991	32	A	G	0.299	-0.2868631	0.06296406	-215.0304	1e+05	1e+05	8.717088e-06	6.696547e-06	1.687826e-05
2	2-83579344	85120007	31	T	C	0.305	-0.2978331	0.0623629	-214.0771	1e+05	1e+05	3.301276e-06	2.476523e-06	7.37826e-06
2	2-83579901	85120564	30	A	G	0.298	-0.2953553	0.06274851	-214.3796	1e+05	1e+05	4.49069e-06	3.394273e-06	9.576841e-06
2	2-83592528	85132725	31	T	C	0.334	-0.2879722	0.06157826	-214.5122	1e+05	1e+05	5.139927e-06	3.89786e-06	1.07426e-05
2	2-83593155	85133352	33	A	G	0.282	-0.2990205	0.06465608	-214.736	1e+05	1e+05	6.456098e-06	4.923364e-06	1.304933e-05
2	2-83646112	85186306	32	A	G	0.294	-0.2983896	0.06333528	-214.3608	1e+05	1e+05	4.405616e-06	3.328411e-06	9.422476e-06
2	2-83692698	85237427	38	A	G	0.32	-0.2899136	0.06303956	-214.8471	1e+05	1e+05	7.230539e-06	5.529241e-06	1.43775e-05
2	2-83692941	85237670	33	A	G	0.319	-0.284092	0.06220426	-214.9832	1e+05	1e+05	8.306734e-06	6.373795e-06	1.619372e-05
2	2-83698020	85242745	41	A	G	0.344	-0.2942832	0.06458284	-215.0275	1e+05	1e+05	8.690814e-06	6.675871e-06	1.683455e-05
2	2-83703474	85248199	30	T	G	0.264	-0.2938644	0.06404804	-214.8931	1e+05	1e+05	7.577275e-06	5.801031e-06	1.496617e-05
2	2-83703926	85248651	34	T	C	0.294	-0.2992091	0.06278133	-214.1209	1e+05	1e+05	3.451538e-06	2.592071e-06	7.661328e-06
2	2-83709663	85253730	29	G	A	0.263	-0.2960188	0.06390116	-214.703	1e+05	1e+05	6.242493e-06	4.756554e-06	1.267947e-05
2	2-83720249	85267753	9	T	G	0.304	-0.2633225	0.05736323	-214.8834	1e+05	1e+05	7.503156e-06	5.742907e-06	1.484062e-05
2	2-83721113	85268617	24	A	G	0.266	-0.2971355	0.06076517	-213.568	1e+05	1e+05	1.968154e-06	1.457844e-06	4.773463e-06
2	2-83722835	85270337	3	T	C	0.31	-0.2647438	0.05653309	-214.4841	1e+05	1e+05	4.994949e-06	3.785265e-06	1.048407e-05
2	2-83723654	85271156	16	T	C	0.441	-0.2749276	0.05986331	-214.8742	1e+05	1e+05	7.43315e-06	5.688021e-06	1.47219e-05
2	2-83734609	85282109	10	A	G	0.322	-0.2679218	0.05613466	-214.0902	1e+05	1e+05	3.345543e-06	2.51055e-06	7.461832e-06
2	2-83736126	85283626	10	A	G	0.389	-0.2501726	0.05454313	-214.8995	1e+05	1e+05	7.626837e-06	5.839906e-06	1.505003e-05
2	2-83738571	85286071	16	A	G	0.4	-0.2594326	0.05398754	-213.9459	1e+05	1e+05	2.88907e-06	2.160224e-06	6.592237e-06
2	2-83741267	85288766	12	T	G	0.273	-0.2821193	0.06037755	-214.5293	1e+05	1e+05	5.230268e-06	3.968063e-06	1.090322e-05
2	2-83741880	85289379	8	A	G	0.336	-0.3091418	0.06242675	-213.2866	1e+05	1e+05	1.479192e-06	1.088007e-06	3.75909e-06
2	2-86703782	88357179	18	T	C	0.032	0.8032496	0.1744967	-214.8286	1e+05	1e+05	7.095208e-06	5.423247e-06	1.414677e-05
2	2-108260528	110687211	27	C	T	0.015	0.925413	0.202608	-214.9814	1e+05	1e+05	8.291514e-06	6.361832e-06	1.616825e-05
2	2-108528992	110983942	9	A	G	0.057	0.5830956	0.1277586	-214.9961	1e+05	1e+05	8.417251e-06	6.460682e-06	1.637849e-05
2	2-108666082	111121478	38	T	C	0.098	0.4268065	0.09386079	-215.0676	1e+05	1e+05	9.054308e-06	6.962055e-06	1.743779e-05
2	2-109042679	111503415	23	A	G	0.134	0.4129362	0.08876947	-214.6195	1e+05	1e+05	5.733374e-06	4.359542e-06	1.17912e-05
2	2-122481485	125875599	10	G	A	0.505	-0.3024647	0.0633009	-214.0665	1e+05	1e+05	3.265865e-06	2.449311e-06	7.311295e-06
2	2-125266449	128736204	14	C	T	0.268	0.3330656	0.07352309	-215.1403	1e+05	1e+05	9.751697e-06	7.511896e-06	1.858688e-05
2	2-126071877	129565308	11	A	G	0.036	0.6262269	0.1374478	-215.0299	1e+05	1e+05	8.712388e-06	6.692848e-06	1.687044e-05
2	2-127229570	130730558	1	T	C	0.268	0.386081	0.08367036	-214.7811	1e+05	1e+05	6.759542e-06	5.16056e-06	1.357204e-05
2	2-127279802	130807773	23	T	A	0.04	0.5890241	0.1277563	-214.7973	1e+05	1e+05	6.872411e-06	5.248855e-06	1.37657e-05
2	2-127614212	131151703	9	A	T	0.033	0.6419941	0.1403696	-214.9554	1e+05	1e+05	8.074668e-06	6.191441e-06	1.580472e-05
2	2-128079985	131626055	10	G	A	0.246	0.2754957	0.05985499	-214.8308	1e+05	1e+05	7.111328e-06	5.43587e-06	1.417428e-05
2	2-128080266	131626336	22	G	A	0.246	0.2864611	0.06136261	-214.5478	1e+05	1e+05	5.329496e-06	4.045204e-06	1.107921e-05
2	2-128080324	131626394	24	C	T	0.236	0.3190576	0.06248601	-212.5773	1e+05	1e+05	7.209886e-07	5.210321e-07	2.070822e-06
2	2-128080326	131626396	24	C	T	0.231	0.3143364	0.0634375	-213.273	1e+05	1e+05	1.45896e-06	1.072762e-06	3.716137e-06
2	2-128080352	131626422	34	T	C	0.249	0.2861315	0.06216158	-214.8295	1e+05	1e+05	7.101706e-06	5.428335e-06	1.415786e-05
2	2-128988467	132532153	0	A	G	0.066	-0.5826289	0.1246279	-214.5191	1e+05	1e+05	5.175922e-06	3.925827e-06	1.080664e-05
2	2-130314704	133846883	17	G	T	0.395	-0.2760951	0.05874178	-214.4094	1e+05	1e+05	4.628886e-06	3.501326e-06	9.826767e-06
2	2-154869496	158853826	29	T	C	0.016	1.095488	0.2297402	-214.11	1e+05	1e+05	3.413278e-06	2.562637e-06	7.589416e-06
2	2-158250459	162214020	4	T	C	0.06	0.5907017	0.1255679	-214.3915	1e+05	1e+05	4.545492e-06	3.436716e-06	9.676072e-06
2	2-158200937	162250894	18	A	C	0.076	0.4892223	0.10601	-214.7787	1e+05	1e+05	6.743056e-06	5.147667e-06	1.354372e-05
2	2-158200941	162250898	18	T	C	0.071	0.5207401	0.108416	-213.9559	1e+05	1e+05	2.918553e-06	2.182813e-06	6.648953e-06
2	2-160321470	164330186	11	A	C	0.014	0.9668403	0.2047826	-214.3169	1e+05	1e+05	4.213152e-06	3.179527e-06	9.07176e-06
2	2-197183673	202906469	5	C	T	0.03	0.7350757	0.1527279	-213.9124	1e+05	1e+05	2.792113e-06	2.08598e-06	6.405144e-06
2	2-198231310	203991509	19	T	C	0.015	0.8923044	0.1972213	-215.1644	1e+05	1e+05	9.994725e-06	7.703735e-06	1.89849e-05
2	2-229032331	235422500	19	G	A	0.077	0.478225	0.1036096	-214.7753	1e+05	1e+05	6.720143e-06	5.129748e-06	1.350434e-05
2	2-230246019	236677255	29	G	A	0.036	0.7560016	0.162259	-214.5873	1e+05	1e+05	5.548171e-06	4.215329e-06	1.146555e-05
3	3-6987212	6151454	14	A	G	0.072	-0.6056219	0.1225134	-213.3264	1e+05	1e+05	1.540166e-06	1.13398e-06	3.888013e-06
3	3-18412802	17778535	40	G	A	0.025	0.862798	0.1869731	-214.78	1e+05	1e+05	6.752236e-06	5.154846e-06	1.355949e-05
3	3-21004349	20421786	41	A	G	0.047	0.6780656	0.1489533	-215.0465	1e+05	1e+05	8.861134e-06	6.809931e-06	1.711759e-05
3	3-61188269	61223605	24	G	A	0.041	0.5942248	0.1280111	-214.6619	1e+05	1e+05	5.986309e-06	4.556678e-06	1.223373e-05
3	3-61188312	61223648	23	G	T	0.04	0.5949098	0.1280576	-214.6461	1e+05	1e+05	5.890572e-06	4.482037e-06	1.206652e-05
3	3-63230060	63277994	3	A	G	0.011	1.700016	0.3128183	-211.0081	1e+05	1e+05	1.477541e-07	1.026866e-07	5.695514e-07
3	3-65043404	65176752	1	A	C	0.011	1.368632	0.2776438	-213.3893	1e+05	1e+05	1.641648e-06	1.210593e-06	4.100923e-06
3	3-113822116	114186690	30	T	C	0.092	0.492519	0.09897823	-213.1773	1e+05	1e+05	1.32409e-06	9.712769e-07	3.427458e-06
3	3-114079103	114403665	15	A	G	0.09	0.5282432	0.1090454	-213.7729	1e+05	1e+05	2.423225e-06	1.804105e-06	5.68459e-06
3	3-114278372	114616277	22	G	A	0.148	0.3408007	0.0748054	-215.0311	1e+05	1e+05	8.722787e-06	6.701032e-06	1.688774e-05
3	3-133478062	134104654	37	C	G	0.022	0.9005256	0.1959379	-214.8597	1e+05	1e+05	7.32409e-06	5.602541e-06	1.453667e-05
3	3-140473162	141350261	17	T	C	0.13	0.3742434	0.07931925	-214.3305	1e+05	1e+05	4.271932e-06	3.22498e-06	9.179096e-06
3	3-141395364	142238661	21	C	G	0.378	-0.2593656	0.05544009	-214.5045	1e+05	1e+05	5.099599e-06	3.866532e-06	1.067079e-05
3	3-141397971	142241268	24	C	T	0.355	-0.2626227	0.05683993	-214.7549	1e+05	1e+05	6.581769e-06	5.021566e-06	1.326618e-05
3	3-141476160	142273814	23	G	T	0.371	-0.2744875	0.05487366	-213.0577	1e+05	1e+05	1.172865e-06	8.577869e-07	3.098418e-06
3	3-141475234	142274740	11	A	G	0.35	-0.2552182	0.05469769	-214.558	1e+05	1e+05	5.38524e-06	4.088556e-06	1.117789e-05
3	3-141475000	142274974	15	T	C	0.359	-0.2580271	0.0555006	-214.6312	1e+05	1e+05	5.801824e-06	4.412871e-06	1.19112e-05
3	3-141474962	142275012	18	A	G	0.355	-0.2732165	0.05597173	-213.6066	1e+05	1e+05	2.046751e-06	1.51752e-06	4.932829e-06
3	3-141474780	142275194	32	C	T	0.384	-0.2619197	0.05652968	-214.6993	1e+05	1e+05	6.218793e-06	4.738054e-06	1.263834e-05
3	3-141474126	142275848	25	A	G	0.344	-0.281905	0.05745674	-213.4937	1e+05	1e+05	1.825067e-06	1.349356e-06	4.480919e-06
3	3-141473730	142276244	27	T	C	0.366	-0.2545294	0.05513728	-214.7726	1e+05	1e+05	6.701303e-06	5.115015e-06	1.347196e-05
3	3-141473679	142276295	18	G	A	0.362	-0.2672249	0.05377883	-213.2096	1e+05	1e+05	1.368154e-06	1.004407e-06	3.522238e-06
3	3-141473665	142276309	19	A	G	0.364	-0.2736959	0.05417665	-212.8286	1e+05	1e+05	9.299436e-07	6.762555e-07	2.555646e-06
3	3-141471844	142278130	4	G	A	0.394	0.2705713	0.05761473	-214.4265	1e+05	1e+05	4.71038e-06	3.564491e-06	9.973678e-06
3	3-141531458	142375819	35	T	C	0.234	0.3076799	0.06431184	-214.0401	1e+05	1e+05	3.179164e-06	2.382716e-06	7.14691e-06
3	3-141531466	142375827	33	T	C	0.25	0.2933015	0.06289479	-214.5693	1e+05	1e+05	5.447698e-06	4.137142e-06	1.12883e-05
3	3-141532476	142376837	25	C	T	0.309	0.2753503	0.05956098	-214.7437	1e+05	1e+05	6.506922e-06	4.963073e-06	1.313709e-05
3	3-144913691	145797013	12	G	A	0.163	-0.3134623	0.06867637	-214.9949	1e+05	1e+05	8.406382e-06	6.452135e-06	1.636033e-05
3	3-154134268	155506241	5	A	T	0.076	0.4552392	0.09851448	-214.7521	1e+05	1e+05	6.563102e-06	5.006976e-06	1.323401e-05
3	3-170131579	172712570	23	G	A	0.013	1.022313	0.2191823	-214.5657	1e+05	1e+05	5.427421e-06	4.121367e-06	1.125247e-05
3	3-171651684	174273328	46	T	A	0.046	0.7575609	0.1669883	-215.1127	1e+05	1e+05	9.48031e-06	7.297809e-06	1.814096e-05
3	3-176921237	179617707	33	T	C	0.354	0.3286981	0.07086005	-214.6761	1e+05	1e+05	6.073418e-06	4.624618e-06	1.238556e-05
3	3-176931058	179627527	41	A	G	0.308	-0.3296517	0.07142948	-214.7778	1e+05	1e+05	6.737239e-06	5.143118e-06	1.353373e-05
3	3-176933445	179629459	26	G	A	0.349	0.2565998	0.05579045	-214.8453	1e+05	1e+05	7.216841e-06	5.51851e-06	1.435417e-05
3	3-177069453	179776846	25	A	G	0.291	0.274666	0.0586935	-214.4986	1e+05	1e+05	5.068954e-06	3.84273e-06	1.061616e-05
3	3-177069472	179776865	31	G	A	0.282	0.2779642	0.05955655	-214.5526	1e+05	1e+05	5.355529e-06	4.065448e-06	1.112531e-05
3	3-186614908	189487013	10	T	C	0.156	0.399616	0.08607808	-214.6597	1e+05	1e+05	5.973038e-06	4.54633e-06	1.221057e-05
3	3-196809545	199775670	32	A	G	0.021	1.019028	0.2081095	-213.5379	1e+05	1e+05	1.908778e-06	1.412801e-06	4.652458e-06
3	3-228233595	232037524	28	G	A	0.013	1.058049	0.2220003	-214.1205	1e+05	1e+05	3.450238e-06	2.591071e-06	7.658887e-06
3	3-228636663	232475508	24	G	A	0.023	0.7594633	0.1666025	-215.0196	1e+05	1e+05	8.620969e-06	6.620914e-06	1.671829e-05
3	3-229172073	233000454	5	T	C	0.035	0.6846032	0.1458774	-214.4405	1e+05	1e+05	4.777999e-06	3.616922e-06	1.009532e-05
3	3-229172100	233000481	5	T	G	0.032	0.6918382	0.1500982	-214.8029	1e+05	1e+05	6.911402e-06	5.279365e-06	1.38325e-05
3	3-229174883	233003264	28	G	A	0.031	0.6882449	0.1514751	-215.083	1e+05	1e+05	9.19712e-06	7.074571e-06	1.767397e-05
3	3-229270798	233082765	32	A	G	0.175	0.3632074	0.0798621	-215.0646	1e+05	1e+05	9.026762e-06	6.940358e-06	1.739219e-05
3	3-229299127	233111092	37	T	G	0.038	0.735388	0.1560256	-214.3521	1e+05	1e+05	4.366944e-06	3.298483e-06	9.352175e-06
3	3-229299252	233111217	30	G	A	0.037	0.735488	0.1557641	-214.3147	1e+05	1e+05	4.203697e-06	3.172217e-06	9.054475e-06
4	4-31128891	32682397	29	C	T	0.367	-0.2623792	0.05696794	-214.8179	1e+05	1e+05	7.018163e-06	5.362925e-06	1.401517e-05
4	4-39091397	40759708	18	C	T	0.02	0.9132522	0.1875314	-213.6581	1e+05	1e+05	2.156693e-06	1.601088e-06	5.154276e-06
4	4-39159183	40830886	13	C	T	0.05	0.5362189	0.114934	-214.5603	1e+05	1e+05	5.397803e-06	4.098328e-06	1.120011e-05
4	4-41761868	43488193	14	T	C	0.152	0.4228648	0.08159708	-212.2196	1e+05	1e+05	5.020759e-07	3.596151e-07	1.537758e-06
4	4-64969890	67415887	10	A	G	0.014	0.9810755	0.2088053	-214.4165	1e+05	1e+05	4.662526e-06	3.527397e-06	9.887453e-06
4	4-107256181	111370987	6	G	C	0.012	1.457102	0.3162738	-214.8121	1e+05	1e+05	6.976605e-06	5.330395e-06	1.39441e-05
4	4-141879438	145076041	11	T	C	0.388	0.3022783	0.06465462	-214.5176	1e+05	1e+05	5.168344e-06	3.919939e-06	1.079317e-05
4	4-145146278	148458122	18	T	C	0.039	0.7210167	0.1570809	-214.8849	1e+05	1e+05	7.514417e-06	5.751737e-06	1.485971e-05
4	4-145639518	148968008	36	C	A	0.024	0.8670221	0.1822358	-214.1571	1e+05	1e+05	3.580827e-06	2.691589e-06	7.903528e-06
4	4-184069508	187307000	48	A	G	0.399	-0.2903132	0.06239649	-214.6155	1e+05	1e+05	5.709782e-06	4.341164e-06	1.174979e-05
4	4-184069509	187307001	48	C	T	0.408	-0.2910557	0.06237091	-214.5556	1e+05	1e+05	5.372132e-06	4.078361e-06	1.11547e-05
4	4-223748556	227589578	13	T	C	0.019	0.9967666	0.2187124	-215.0243	1e+05	1e+05	8.662413e-06	6.653522e-06	1.678729e-05
4	4-237862337	242569091	9	A	G	0.373	0.2591278	0.05584605	-214.6703	1e+05	1e+05	6.037619e-06	4.596694e-06	1.23232e-05
4	4-237862338	242569092	9	A	C	0.368	0.2623238	0.0556899	-214.3644	1e+05	1e+05	4.421947e-06	3.341053e-06	9.452141e-06
4	4-239964073	244809950	13	T	A	0.154	-0.3614296	0.07975296	-215.1328	1e+05	1e+05	9.676838e-06	7.452829e-06	1.846403e-05
5	5-29067534	29715538	33	T	C	0.013	1.149712	0.2474794	-214.6459	1e+05	1e+05	5.889363e-06	4.481094e-06	1.206441e-05
5	5-30186291	31082320	29	T	C	0.12	0.3777569	0.08233183	-214.8929	1e+05	1e+05	7.576078e-06	5.800093e-06	1.496414e-05
5	5-42134035	43362693	39	G	T	0.426	0.2755259	0.06039341	-215.004	1e+05	1e+05	8.485453e-06	6.514315e-06	1.649236e-05
5	5-45242450	46591202	5	T	C	0.016	0.9704007	0.209048	-214.6618	1e+05	1e+05	5.985748e-06	4.556241e-06	1.223275e-05
5	5-59496577	61281587	15	T	G	0.032	0.7389125	0.1375516	-211.3131	1e+05	1e+05	2.009686e-07	1.407337e-07	7.298046e-07
5	5-60001120	61801648	3	C	G	0.039	0.6138321	0.1319838	-214.6237	1e+05	1e+05	5.757901e-06	4.378648e-06	1.183422e-05
5	5-98543223	101002611	17	A	G	0.449	-0.2720487	0.05797999	-214.4444	1e+05	1e+05	4.796918e-06	3.631595e-06	1.012931e-05
5	5-137462196	140745884	17	T	C	0.017	0.9455182	0.2081883	-215.0913	1e+05	1e+05	9.275792e-06	7.136572e-06	1.780388e-05
5	5-148720867	152240494	22	A	C	0.018	0.9500455	0.1933108	-213.4566	1e+05	1e+05	1.757586e-06	1.298263e-06	4.341801e-06
5	5-148887920	152426441	6	A	G	0.019	1.124368	0.2405001	-214.5183	1e+05	1e+05	5.171882e-06	3.922689e-06	1.079946e-05
5	5-166141451	169999151	7	G	A	0.217	0.3167625	0.06710839	-214.3219	1e+05	1e+05	4.234589e-06	3.196102e-06	9.11093e-06
5	5-188539194	193526656	16	A	T	0.205	-0.3138992	0.06655618	-214.3388	1e+05	1e+05	4.307992e-06	3.252872e-06	9.244845e-06
5	5-200654577	206063056	16	T	C	0.032	0.6646105	0.1420792	-214.5069	1e+05	1e+05	5.112167e-06	3.876295e-06	1.069318e-05
5	5-201372048	206800876	17	C	T	0.282	0.2857432	0.05753399	-213.2208	1e+05	1e+05	1.383751e-06	1.01614e-06	3.555677e-06
5	5-201372051	206800879	16	G	A	0.302	0.2826817	0.05714544	-213.311	1e+05	1e+05	1.516258e-06	1.115949e-06	3.837555e-06
5	5-201370304	206802126	6	A	G	0.293	0.2664764	0.05566758	-214.028	1e+05	1e+05	3.140276e-06	2.35286e-06	7.072978e-06
5	5-201433765	206872387	22	A	T	0.286	0.2669169	0.05863441	-215.0464	1e+05	1e+05	8.860384e-06	6.80934e-06	1.711635e-05
5	5-201435095	206873717	14	T	C	0.28	0.264242	0.05741063	-214.8311	1e+05	1e+05	7.112954e-06	5.437143e-06	1.417706e-05
5	5-202703953	208092046	43	A	G	0.014	1.151536	0.2226888	-212.2728	1e+05	1e+05	5.298387e-07	3.800035e-07	1.607179e-06
5	5-215389454	221196916	27	A	T	0.049	0.5708716	0.1169284	-213.6025	1e+05	1e+05	2.03832e-06	1.511116e-06	4.915777e-06
6	6-44161196	45728368	11	T	C	0.033	0.6418697	0.1365983	-214.4146	1e+05	1e+05	4.653394e-06	3.520319e-06	9.870985e-06
6	6-45244100	46780791	27	T	C	0.026	0.800111	0.1535937	-212.0924	1e+05	1e+05	4.414901e-07	3.152204e-07	1.384005e-06
6	6-47621449	49180118	21	A	G	0.033	0.6511853	0.139775	-214.5891	1e+05	1e+05	5.558393e-06	4.223285e-06	1.148356e-05
6	6-47846960	49364278	13	A	G	0.034	0.6283976	0.1353112	-214.6527	1e+05	1e+05	5.930884e-06	4.513462e-06	1.213697e-05
6	6-49074401	50686494	7	A	G	0.028	0.6997304	0.141261	-213.2803	1e+05	1e+05	1.469759e-06	1.080899e-06	3.739076e-06
6	6-50465910	52848589	4	A	C	0.03	0.6756382	0.1390859	-213.7127	1e+05	1e+05	2.279487e-06	1.694549e-06	5.399699e-06
6	6-50557577	52945190	16	C	G	0.029	0.6964058	0.1414704	-213.4202	1e+05	1e+05	1.694004e-06	1.250166e-06	4.210001e-06
6	6-51307084	53713787	17	A	T	0.032	0.6742122	0.1396136	-213.8404	1e+05	1e+05	2.595263e-06	1.935442e-06	6.022434e-06
6	6-51319487	53726190	14	A	G	0.029	0.6763369	0.1465196	-214.7737	1e+05	1e+05	6.709246e-06	5.121227e-06	1.348561e-05
6	6-52219523	54646787	6	T	C	0.028	0.6970496	0.1413089	-213.3741	1e+05	1e+05	1.616524e-06	1.191615e-06	4.0484e-06
6	6-52222348	54649612	38	A	C	0.025	0.8052849	0.173835	-214.7029	1e+05	1e+05	6.241988e-06	4.75616e-06	1.26786e-05
6	6-53388138	55794846	12	A	G	0.026	0.7777385	0.1506055	-212.3056	1e+05	1e+05	5.47731e-07	3.931573e-07	1.651603e-06
6	6-55285796	57741863	4	A	G	0.012	1.153528	0.2546771	-215.1433	1e+05	1e+05	9.78144e-06	7.535369e-06	1.863566e-05
6	6-84741711	87696351	17	T	C	0.223	-0.304127	0.06594658	-214.7922	1e+05	1e+05	6.836736e-06	5.220944e-06	1.370453e-05
6	6-85589057	88169030	6	T	C	0.16	0.3347193	0.06843304	-213.5622	1e+05	1e+05	1.956526e-06	1.449021e-06	4.749808e-06
6	6-101889263	105024454	35	T	A	0.081	0.5448587	0.1163493	-214.4843	1e+05	1e+05	4.995654e-06	3.785812e-06	1.048533e-05
6	6-102930437	106012964	20	A	G	0.02	0.8185211	0.1773485	-214.7767	1e+05	1e+05	6.729574e-06	5.137123e-06	1.352055e-05
6	6-108972747	113466668	12	T	C	0.012	1.071215	0.230103	-214.604	1e+05	1e+05	5.643321e-06	4.289405e-06	1.163303e-05
6	6-123490313	127178116	10	A	G	0.078	0.4459736	0.0977426	-215.0017	1e+05	1e+05	8.465186e-06	6.498376e-06	1.645853e-05
6	6-146306893	150155030	31	A	G	0.032	0.6584737	0.1388915	-214.2309	1e+05	1e+05	3.859938e-06	2.906728e-06	8.422384e-06
6	6-161654439	165636827	25	C	T	0.015	0.9496396	0.1936284	-213.5025	1e+05	1e+05	1.841393e-06	1.361723e-06	4.514462e-06
7	7-7274340	7676903	17	A	C	0.096	0.4099595	0.08816812	-214.6283	1e+05	1e+05	5.784973e-06	4.39974e-06	1.188167e-05
7	7-25514319	26619584	20	C	T	0.197	0.3136547	0.06739018	-214.6086	1e+05	1e+05	5.669861e-06	4.310073e-06	1.167968e-05
7	7-25515614	26620879	24	A	G	0.185	0.3378849	0.06788002	-213.1698	1e+05	1e+05	1.314046e-06	9.637288e-07	3.405787e-06
7	7-25515623	26620888	26	C	G	0.179	0.3195955	0.06782587	-214.3576	1e+05	1e+05	4.391323e-06	3.31735e-06	9.396503e-06
7	7-25516895	26622284	9	A	G	0.165	0.3511931	0.07582	-214.7052	1e+05	1e+05	6.256665e-06	4.767617e-06	1.270406e-05
7	7-25516968	26622357	9	G	C	0.184	0.335577	0.06711808	-213.2196	13.07361	1e+05	1.185864e-06	1.014853e-06	3.552011e-06
7	7-25518574	26623963	35	C	T	0.156	0.3290712	0.07204309	-214.9805	1e+05	1e+05	8.284498e-06	6.356316e-06	1.61565e-05
7	7-25518575	26623964	35	A	G	0.137	0.3464713	0.07649764	-215.1442	1e+05	1e+05	9.789917e-06	7.542059e-06	1.864955e-05
7	7-25518688	26624077	15	C	T	0.165	0.3294016	0.07029881	-214.4722	1e+05	1e+05	4.934518e-06	3.738355e-06	1.037602e-05
7	7-25518727	26624116	15	A	G	0.16	0.3234725	0.07100209	-215.0311	1e+05	1e+05	8.723304e-06	6.701439e-06	1.68886e-05
7	7-25520173	26625562	9	A	G	0.175	0.3222347	0.07074215	-215.0344	1e+05	1e+05	8.752026e-06	6.724044e-06	1.693636e-05
7	7-25520344	26625733	8	A	G	0.176	0.3150196	0.06907014	-215.0149	361.6129	1e+05	8.534202e-06	6.588461e-06	1.664956e-05
7	7-25520964	26626353	16	A	G	0.127	0.3894662	0.08600461	-215.1473	1e+05	1e+05	9.821357e-06	7.566872e-06	1.870109e-05
7	7-25523422	26628811	32	C	T	0.169	0.3716116	0.07009548	-211.9884	5.948755	1e+05	2.831264e-07	2.830368e-07	1.270032e-06
7	7-25523469	26628858	35	G	A	0.196	0.3416706	0.07054314	-213.7983	87.4986	1e+05	2.432313e-06	1.852455e-06	5.809412e-06
7	7-25523507	26628896	36	A	T	0.2	0.353183	0.07023878	-213.322	5.316846	1e+05	1.038385e-06	1.128853e-06	3.873679e-06
7	7-25523649	26629038	15	G	T	0.184	0.3327313	0.06993323	-214.1564	1e+05	1e+05	3.578406e-06	2.689725e-06	7.899005e-06
7	7-25523659	26629048	14	T	C	0.184	0.3270876	0.069422	-214.3594	1e+05	1e+05	4.399456e-06	3.323644e-06	9.411284e-06
7	7-25526453	26631842	30	G	A	0.17	0.3297516	0.07231612	-215.3811	5.583068	1e+05	8.571415e-06	9.663699e-06	2.297674e-05
7	7-49580694	51154557	7	G	A	0.012	1.42401	0.2902477	-213.4946	1e+05	1e+05	1.82673e-06	1.350615e-06	4.484338e-06
7	7-86750951	89567861	11	A	G	0.021	0.9038008	0.1973652	-214.9309	1e+05	1e+05	7.875518e-06	6.035053e-06	1.546978e-05
8	8-16418804	16960129	32	G	A	0.021	1.264401	0.2325524	-210.9957	1e+05	1e+05	1.459135e-07	1.013761e-07	5.638407e-07
8	8-21758580	22462203	17	G	A	0.341	-0.2729044	0.05607194	-213.6708	1e+05	1e+05	2.184608e-06	1.622323e-06	5.21024e-06
8	8-23767937	24519706	44	A	G	0.034	0.8379076	0.1837029	-215.0082	1e+05	1e+05	8.521466e-06	6.542639e-06	1.655244e-05
8	8-27789094	28706986	14	T	C	0.017	1.000884	0.2126289	-214.3786	1e+05	1e+05	4.486327e-06	3.390896e-06	9.568936e-06
8	8-50903179	52000767	14	T	C	0.196	-0.3223853	0.0692066	-214.5913	1e+05	1e+05	5.570825e-06	4.232962e-06	1.150546e-05
8	8-71172425	72786561	7	T	G	0.019	0.8274393	0.1816813	-215.0374	1e+05	1e+05	8.779237e-06	6.745461e-06	1.698158e-05
8	8-71172427	72786563	7	T	C	0.019	0.8274393	0.1816813	-215.0374	1e+05	1e+05	8.779237e-06	6.745461e-06	1.698158e-05
8	8-71603020	73247104	34	T	C	0.011	1.302026	0.2679866	-213.7089	1e+05	1e+05	2.270716e-06	1.687868e-06	5.382232e-06
8	8-74830093	76718062	26	T	C	0.044	0.6272473	0.1356037	-214.7325	1e+05	1e+05	6.433345e-06	4.905588e-06	1.301001e-05
8	8-93050436	95344681	35	A	G	0.468	-0.3449039	0.07106849	-213.7332	1e+05	1e+05	2.327526e-06	1.731146e-06	5.495192e-06
8	8-102615013	105301626	7	A	C	0.093	0.5063681	0.1101314	-214.8517	1e+05	1e+05	7.264208e-06	5.555619e-06	1.443481e-05
8	8-103427553	106110727	14	A	G	0.027	0.7460507	0.1642644	-215.0908	1e+05	1e+05	9.271091e-06	7.132866e-06	1.779612e-05
8	8-103437685	106120858	9	A	G	0.026	0.8087658	0.1709264	-214.2715	1e+05	1e+05	4.02292e-06	3.032531e-06	8.72298e-06
8	8-103481309	106167063	7	A	G	0.021	0.8263118	0.1811348	-215.0054	1e+05	1e+05	8.497398e-06	6.523709e-06	1.651229e-05
8	8-103533142	106230524	19	A	G	0.022	0.8359356	0.1814215	-214.8095	1e+05	1e+05	6.958078e-06	5.315894e-06	1.391241e-05
8	8-103680499	106397795	26	A	C	0.021	0.9314459	0.1939376	-213.9575	1e+05	1e+05	2.923239e-06	2.186403e-06	6.65796e-06
8	8-107704062	110634914	31	C	A	0.403	-0.2871254	0.06147447	-214.5378	1e+05	1e+05	5.275326e-06	4.003087e-06	1.098319e-05
8	8-126073185	130396807	12	T	C	0.093	0.405735	0.08810235	-214.8199	1e+05	1e+05	7.032455e-06	5.374114e-06	1.403959e-05
8	8-126288591	130639222	6	T	C	0.093	0.4122918	0.08917772	-214.7426	1e+05	1e+05	6.499462e-06	4.957244e-06	1.312422e-05
8	8-126493314	130762902	10	G	A	0.095	0.413504	0.09101919	-215.0854	1e+05	1e+05	9.220029e-06	7.092624e-06	1.771181e-05
8	8-126540571	130825100	8	T	C	0.101	0.3990491	0.08729435	-214.9652	1e+05	1e+05	8.155585e-06	6.25501e-06	1.594051e-05
8	8-126539674	130825997	3	A	G	0.106	0.414039	0.08780506	-214.3426	1e+05	1e+05	4.324697e-06	3.265796e-06	9.27528e-06
8	8-126588307	130904050	7	T	C	0.145	0.3596916	0.07857011	-214.9367	1e+05	1e+05	7.922407e-06	6.071866e-06	1.554874e-05
8	8-126796824	131075602	8	A	G	0.134	0.350082	0.07689706	-215.0448	1e+05	1e+05	8.845658e-06	6.797747e-06	1.70919e-05
8	8-138444597	143047750	10	T	C	0.019	0.8532194	0.1862152	-214.9199	1e+05	1e+05	7.787876e-06	5.96626e-06	1.532204e-05
8	8-148441001	153388939	18	A	G	0.052	0.5261379	0.1149626	-214.9426	1e+05	1e+05	7.969787e-06	6.109068e-06	1.562846e-05
8	8-148494240	153443276	8	C	T	0.047	0.538188	0.1182941	-215.0577	1e+05	1e+05	8.962627e-06	6.889847e-06	1.728593e-05
8	8-148797551	153758549	14	T	C	0.266	0.2623638	0.05722685	-214.9083	1e+05	1e+05	7.695835e-06	5.894035e-06	1.516666e-05
8	8-149151059	154134240	34	T	C	0.19	0.330222	0.07183532	-214.8556	1e+05	1e+05	7.293525e-06	5.57859e-06	1.448469e-05
8	8-171143055	176834137	30	T	G	0.359	0.2553383	0.05438719	-214.4326	1e+05	1e+05	4.739579e-06	3.58713e-06	1.002623e-05
9	9-14881302	14589477	42	T	C	0.017	0.9199691	0.1943056	-214.2584	1e+05	1e+05	3.969607e-06	2.991366e-06	8.624839e-06
9	9-14882490	14590665	30	T	C	0.013	1.051124	0.2216418	-214.2242	1e+05	1e+05	3.833756e-06	2.88653e-06	8.373936e-06
9	9-14882514	14590689	27	A	C	0.013	1.050095	0.2215506	-214.236	1e+05	1e+05	3.88019e-06	2.922353e-06	8.459828e-06
9	9-14883295	14591470	34	A	G	0.016	0.9153628	0.1944091	-214.3732	1e+05	1e+05	4.461468e-06	3.371647e-06	9.523864e-06
9	9-26307295	26339454	29	A	G	0.208	0.3280111	0.06979422	-214.4114	1e+05	1e+05	4.638352e-06	3.508662e-06	9.84385e-06
9	9-26309611	26341769	7	A	G	0.194	0.3057791	0.06681157	-214.942	1e+05	1e+05	7.964983e-06	6.105296e-06	1.562038e-05
9	9-26310461	26342619	8	T	C	0.2	0.3105039	0.066677	-214.5976	1e+05	1e+05	5.606989e-06	4.261116e-06	1.156912e-05
9	9-26310557	26342715	9	T	C	0.212	0.3100124	0.06631756	-214.5203	1e+05	1e+05	5.182376e-06	3.930843e-06	1.081812e-05
9	9-28519103	28565533	25	G	C	0.092	0.4322561	0.09219576	-214.4603	1e+05	1e+05	4.875291e-06	3.692394e-06	1.026994e-05
9	9-28690767	28736639	11	A	G	0.452	0.2818524	0.05983395	-214.3638	1e+05	1e+05	4.41922e-06	3.338941e-06	9.447187e-06
9	9-28861033	28912804	7	A	G	0.357	0.2611161	0.05652244	-214.7579	1e+05	1e+05	6.602068e-06	5.037432e-06	1.330116e-05
9	9-28862267	28914038	3	A	G	0.296	-0.4635187	0.09452502	-213.506	1e+05	1e+05	1.847994e-06	1.366725e-06	4.528013e-06
9	9-28887471	28932445	5	T	G	0.273	0.3036709	0.06568009	-214.7416	1e+05	1e+05	6.493076e-06	4.952254e-06	1.311319e-05
9	9-28886650	28933266	13	T	C	0.339	0.2717845	0.05782753	-214.4104	1e+05	1e+05	4.633665e-06	3.505029e-06	9.835391e-06
9	9-28881833	28938082	7	A	G	0.294	0.3120514	0.06362428	-213.5018	1e+05	1e+05	1.840103e-06	1.360746e-06	4.511814e-06
9	9-28880821	28939094	11	A	G	0.419	-0.2494116	0.05415955	-214.8205	1e+05	1e+05	7.036866e-06	5.377567e-06	1.404713e-05
9	9-28916749	28965021	6	A	G	0.321	0.2761572	0.05920613	-214.5651	1e+05	1e+05	5.424472e-06	4.119073e-06	1.124726e-05
9	9-33881038	34253016	26	A	G	0.031	0.7776745	0.1483049	-211.9287	1e+05	1e+05	3.741665e-07	2.660655e-07	1.208966e-06
9	9-54151093	55332042	14	T	C	0.022	0.8189489	0.1733264	-214.3012	1e+05	1e+05	4.146245e-06	3.127808e-06	8.949337e-06
9	9-71412782	59500331	19	A	G	0.035	0.6846908	0.1486914	-214.822	1e+05	1e+05	7.047559e-06	5.385939e-06	1.40654e-05
9	9-70689528	60231863	8	T	C	0.019	0.8925674	0.1906546	-214.4902	1e+05	1e+05	5.025882e-06	3.809282e-06	1.053932e-05
9	9-64375751	66660013	8	A	G	0.012	1.248338	0.2632252	-214.2241	1e+05	1e+05	3.83331e-06	2.886186e-06	8.37311e-06
9	9-89633168	91985736	31	A	G	0.021	0.833953	0.1816723	-214.8835	1e+05	1e+05	7.50368e-06	5.743318e-06	1.484151e-05
9	9-95629596	98032166	30	A	G	0.029	0.8302661	0.1829607	-215.107	1e+05	1e+05	9.425606e-06	7.254674e-06	1.805089e-05
9	9-108227184	110798517	37	C	G	0.405	0.2688479	0.05708285	-214.3673	1e+05	1e+05	4.434843e-06	3.351035e-06	9.475553e-06
9	9-113837030	117166230	21	C	G	0.04	0.6258128	0.1299782	-213.9045	1e+05	1e+05	2.769775e-06	2.068885e-06	6.361912e-06
9	9-113837081	117166281	16	T	C	0.037	0.624423	0.1322645	-214.3182	1e+05	1e+05	4.218503e-06	3.183664e-06	9.081539e-06
9	9-113837085	117166285	15	G	C	0.034	0.6415603	0.1335144	-213.947	1e+05	1e+05	2.892209e-06	2.162629e-06	6.598278e-06
9	9-113837921	117167120	10	T	C	0.05	0.518685	0.1133137	-214.9391	1e+05	1e+05	7.941233e-06	6.086647e-06	1.558042e-05
9	9-113838767	117167966	13	T	C	0.046	0.5588196	0.11755	-214.1738	1e+05	1e+05	3.642353e-06	2.738979e-06	8.018363e-06
9	9-151092526	154011519	6	A	G	0.293	0.268222	0.05619739	-214.0902	1e+05	1e+05	3.345339e-06	2.510393e-06	7.461447e-06
9	9-155216841	158094225	24	A	G	0.107	0.4183686	0.08382556	-213.1091	1e+05	1e+05	1.235657e-06	9.048698e-07	3.235781e-06
9	9-155218086	158095470	24	A	G	0.109	0.384865	0.08467299	-215.0758	1e+05	1e+05	9.129872e-06	7.021584e-06	1.756282e-05
10	10-27472038	28217335	26	A	G	0.015	1.10986	0.2281534	-213.6821	1e+05	1e+05	2.209685e-06	1.641405e-06	5.260428e-06
10	10-32729542	33605519	22	T	C	0.01	1.085022	0.2369886	-214.935	1e+05	1e+05	7.908611e-06	6.061034e-06	1.552551e-05
10	10-32729538	33605523	22	T	C	0.01	1.085022	0.2369886	-214.935	1e+05	1e+05	7.908611e-06	6.061034e-06	1.552551e-05
10	10-39786336	40902875	13	T	C	0.048	0.5536564	0.1211558	-214.9717	1e+05	1e+05	8.209641e-06	6.297485e-06	1.603113e-05
10	10-79394581	78808956	16	A	G	0.02	0.8268463	0.1703561	-213.7309	1e+05	1e+05	2.322059e-06	1.726979e-06	5.484337e-06
10	10-79532724	78949415	41	C	T	0.022	0.8391202	0.1700777	-213.3698	1e+05	1e+05	1.609545e-06	1.186345e-06	4.033788e-06
10	10-106428642	107118925	27	A	G	0.031	0.8251047	0.1744915	-214.2848	1e+05	1e+05	4.07785e-06	3.07496e-06	8.823917e-06
10	10-114332899	115325492	12	A	G	0.045	0.8026405	0.1481138	-211.1714	22.01681	1e+05	1.594302e-07	1.215665e-07	6.503161e-07
10	10-114389824	115382411	15	G	C	0.051	0.5364177	0.117482	-214.988	1e+05	1e+05	8.347438e-06	6.405792e-06	1.62618e-05
10	10-119413921	120410396	24	A	G	0.028	0.7974496	0.168552	-214.2736	1e+05	1e+05	4.031626e-06	3.039255e-06	8.738991e-06
10	10-143951736	145213175	8	T	C	0.014	0.9085425	0.1945343	-214.5391	1e+05	1e+05	5.282306e-06	4.008513e-06	1.099557e-05
10	10-144072827	145356386	24	T	C	0.01	1.176366	0.2542487	-214.7272	1e+05	1e+05	6.398307e-06	4.87822e-06	1.294942e-05
10	10-148991824	150313857	13	A	G	0.041	0.6211803	0.1372721	-215.1611	1e+05	1e+05	9.960605e-06	7.676795e-06	1.892909e-05
