chr	rs	ps	n_miss	allele1	allele0	af	beta	se	logl_H1	l_remle	l_mle	p_wald	p_lrt	p_score
1	1-13229337	13552243	27	T	C	0.03	1.047551	0.2244209	-280.4649	1e+05	1e+05	5.525195e-06	4.124141e-06	1.192834e-05
1	1-13344043	13564309	19	T	C	0.029	1.032719	0.2251276	-280.8104	1e+05	1e+05	7.852685e-06	5.915302e-06	1.606448e-05
1	1-60268780	61046939	36	G	A	0.078	0.7245709	0.1502148	-279.7832	1e+05	1e+05	2.764308e-06	2.026439e-06	6.670679e-06
1	1-60268795	61046954	32	C	T	0.077	0.7095743	0.1501805	-280.2175	1e+05	1e+05	4.296317e-06	3.185933e-06	9.650352e-06
1	1-60269710	61047869	23	A	G	0.081	0.6243397	0.137363	-280.9889	1e+05	1e+05	9.419008e-06	7.12882e-06	1.875274e-05
1	1-76875460	78376688	19	G	A	0.045	0.9738221	0.1931686	-278.8005	1e+05	1e+05	1.021607e-06	7.296895e-07	2.928204e-06
1	1-76875644	78376872	18	A	G	0.063	0.7848419	0.1600078	-279.4195	1e+05	1e+05	1.911903e-06	1.388141e-06	4.909254e-06
1	1-76876088	78377316	18	C	T	0.05	0.9002025	0.1834238	-279.4072	1e+05	1e+05	1.888093e-06	1.370405e-06	4.858524e-06
1	1-76876366	78377594	36	A	G	0.061	0.8149539	0.1781078	-280.8599	1e+05	1e+05	8.258818e-06	6.2294e-06	1.676782e-05
1	1-76877897	78379125	34	A	G	0.06	0.8330579	0.1749946	-280.0614	1e+05	1e+05	3.666547e-06	2.707718e-06	8.448037e-06
1	1-90105799	92033639	27	T	A	0.395	0.466132	0.1020665	-280.8967	1e+05	1e+05	8.574698e-06	6.473975e-06	1.731169e-05
1	1-92253000	94344786	6	A	G	0.223	0.5355183	0.1040426	-278.3109	1e+05	1e+05	6.227726e-07	4.390951e-07	1.954657e-06
1	1-92251003	94346783	10	C	A	0.275	0.4433622	0.09216231	-279.8403	1e+05	1e+05	2.929268e-06	2.150616e-06	7.001329e-06
1	1-122235861	124158086	30	T	C	0.017	1.544027	0.328773	-280.3414	1e+05	1e+05	4.872915e-06	3.625383e-06	1.072921e-05
1	1-122247415	124169515	32	T	C	0.017	1.472131	0.2975651	-279.2291	1e+05	1e+05	1.576474e-06	1.138849e-06	4.18487e-06
1	1-126223161	128387092	17	T	C	0.013	1.637505	0.3455313	-280.1551	1e+05	1e+05	4.032539e-06	2.985395e-06	9.150067e-06
1	1-126495568	128676236	7	A	G	0.025	1.148446	0.2418428	-280.1129	1e+05	1e+05	3.863465e-06	2.857034e-06	8.826948e-06
1	1-128862960	131113456	25	A	G	0.014	1.625525	0.3457881	-280.3214	1e+05	1e+05	4.775045e-06	3.550692e-06	1.054742e-05
1	1-129910339	132223887	8	T	C	0.013	1.619879	0.3369398	-279.8537	1e+05	1e+05	2.969582e-06	2.180991e-06	7.081711e-06
1	1-131443141	133786284	14	T	G	0.013	1.824698	0.3976411	-280.8038	1e+05	1e+05	7.800196e-06	5.874738e-06	1.597323e-05
1	1-135424149	137589514	10	T	C	0.013	1.629496	0.3367486	-279.715	1e+05	1e+05	2.579692e-06	1.887695e-06	6.297128e-06
1	1-135711723	137865640	7	T	C	0.012	1.617368	0.3369429	-279.8869	1e+05	1e+05	3.071157e-06	2.257572e-06	7.283535e-06
1	1-137903892	140105934	7	T	C	0.012	1.614009	0.3431434	-280.3098	1e+05	1e+05	4.719044e-06	3.507972e-06	1.044316e-05
1	1-139175170	141402894	11	A	G	0.074	0.8421938	0.1656768	-278.6069	1e+05	1e+05	8.399191e-07	5.968523e-07	2.494449e-06
1	1-139443655	141678188	17	T	C	0.026	1.229685	0.2600835	-280.2034	1e+05	1e+05	4.23525e-06	3.139477e-06	9.53493e-06
1	1-141195553	143417167	10	C	T	0.028	1.055589	0.2281053	-280.6378	1e+05	1e+05	6.587472e-06	4.939609e-06	1.384062e-05
1	1-141195579	143417193	7	T	C	0.03	1.157951	0.2116023	-276.7576	1e+05	1e+05	1.300779e-07	8.802298e-08	5.563817e-07
1	1-141195695	143417309	10	C	G	0.03	1.113733	0.2245689	-279.174	1e+05	1e+05	1.490909e-06	1.075467e-06	3.996389e-06
1	1-141195697	143417311	10	A	C	0.03	1.06256	0.2276197	-280.4634	1e+05	1e+05	5.516874e-06	4.117768e-06	1.191317e-05
1	1-141195741	143417355	9	A	G	0.03	1.093435	0.2291694	-280.0139	1e+05	1e+05	3.493879e-06	2.576961e-06	8.113367e-06
1	1-141195755	143417369	11	A	G	0.03	1.091356	0.2294267	-280.0772	1e+05	1e+05	3.725767e-06	2.752601e-06	8.56229e-06
1	1-141195781	143417395	8	T	A	0.03	1.09507	0.2293779	-280.0016	1e+05	1e+05	3.450608e-06	2.544219e-06	8.029126e-06
1	1-141196228	143417842	31	C	T	0.037	1.100536	0.2125852	-278.1715	1e+05	1e+05	5.409993e-07	3.800361e-07	1.743497e-06
1	1-141196410	143418024	26	T	G	0.038	0.9595278	0.2109686	-280.9761	1e+05	1e+05	9.297256e-06	7.034292e-06	1.854601e-05
1	1-141196417	143418031	25	T	G	0.044	0.8954206	0.1969562	-280.9842	1e+05	1e+05	9.374013e-06	7.093882e-06	1.867638e-05
1	1-141196420	143418034	25	T	C	0.041	0.9149314	0.2012384	-280.9833	1e+05	1e+05	9.365482e-06	7.087258e-06	1.86619e-05
1	1-141201596	143423410	15	G	A	0.041	0.95531	0.2027195	-280.2712	1e+05	1e+05	4.537564e-06	3.369622e-06	1.010409e-05
1	1-141201853	143423667	10	T	C	0.051	0.8145285	0.1796352	-281.0346	1e+05	1e+05	9.868578e-06	7.478136e-06	1.951308e-05
1	1-144694427	146859948	31	T	C	0.017	1.37617	0.2986618	-280.7228	1e+05	1e+05	7.182745e-06	5.398111e-06	1.489348e-05
1	1-164388879	166013792	15	C	A	0.262	-0.4500541	0.09532859	-280.2337	1e+05	1e+05	4.367872e-06	3.240389e-06	9.7853e-06
1	1-167241568	168942300	7	G	T	0.488	-0.3700153	0.07896921	-280.3881	1e+05	1e+05	5.109805e-06	3.806329e-06	1.116715e-05
1	1-167275232	168966173	4	C	T	0.493	-0.3966293	0.08669069	-280.8616	1e+05	1e+05	8.273062e-06	6.240423e-06	1.67924e-05
1	1-167281609	168972550	9	C	T	0.457	-0.3622969	0.07969778	-280.9859	1e+05	1e+05	9.390562e-06	7.106731e-06	1.870447e-05
1	1-172302062	174128789	10	C	T	0.338	0.3979923	0.08629904	-280.7057	1e+05	1e+05	7.05894e-06	5.302668e-06	1.467551e-05
1	1-173300064	175218273	21	G	A	0.417	0.3945804	0.08315973	-280.1299	1e+05	1e+05	3.930681e-06	2.908047e-06	8.955642e-06
1	1-173331057	175257992	31	C	A	0.438	0.3884442	0.0817143	-280.0912	1e+05	1e+05	3.779151e-06	2.793076e-06	8.665059e-06
1	1-198153352	200579332	17	T	G	0.037	0.9120841	0.198703	-280.7979	1e+05	1e+05	7.753573e-06	5.838713e-06	1.589211e-05
1	1-198153461	200579441	17	G	A	0.042	0.8825827	0.1876319	-280.3089	1e+05	1e+05	4.714909e-06	3.504818e-06	1.043546e-05
1	1-198155441	200581421	17	A	C	0.042	0.8846517	0.1873673	-280.232	1e+05	1e+05	4.360102e-06	3.234474e-06	9.770662e-06
1	1-209684639	212669163	13	A	G	0.038	0.8919115	0.1965139	-281.0164	1e+05	1e+05	9.686846e-06	7.336879e-06	1.920628e-05
1	1-234012559	237577607	2	A	C	0.029	1.372466	0.29461	-280.5047	1e+05	1e+05	5.753174e-06	4.298833e-06	1.23427e-05
1	1-267845326	272588925	32	A	G	0.043	1.087042	0.222547	-279.5114	1e+05	1e+05	2.098405e-06	1.527258e-06	5.303365e-06
1	1-283266879	288293802	32	C	T	0.472	0.3915968	0.08508662	-280.9312	13.42482	1e+05	7.35523e-06	6.711644e-06	1.783717e-05
1	1-283266883	288293806	33	G	A	0.48	0.3902677	0.08563866	-281.2857	7.372434	1e+05	8.945528e-06	9.725379e-06	2.428765e-05
1	1-283266909	288293832	19	C	T	0.476	0.3841032	0.08432631	-280.9475	1e+05	1e+05	9.030094e-06	6.826981e-06	1.809115e-05
1	1-285134215	290198618	18	C	T	0.397	0.3646498	0.08004357	-280.9446	1e+05	1e+05	9.003691e-06	6.806502e-06	1.80461e-05
2	2-35169966	36105608	12	C	G	0.416	0.4015277	0.07954736	-278.7713	1e+05	1e+05	9.919093e-07	7.079313e-07	2.858232e-06
2	2-68955209	70101878	32	A	G	0.02	1.323798	0.2760266	-279.9055	1e+05	1e+05	3.129755e-06	2.301781e-06	7.399518e-06
2	2-83442681	84983082	26	A	C	0.288	-0.4338619	0.095658	-281.0295	1e+05	1e+05	9.81761e-06	7.438512e-06	1.942711e-05
2	2-83442975	84983376	26	T	G	0.321	-0.4508392	0.09107244	-279.2152	1e+05	1e+05	1.554379e-06	1.122473e-06	4.136356e-06
2	2-83443349	84983750	26	A	C	0.313	-0.4358714	0.09429923	-280.661	1e+05	1e+05	6.745158e-06	5.060964e-06	1.412073e-05
2	2-83448158	84988559	31	T	C	0.322	-0.4326009	0.09340064	-280.6205	1e+05	1e+05	6.472506e-06	4.851179e-06	1.363582e-05
2	2-83449948	84990349	35	A	G	0.315	-0.4463563	0.09458787	-280.243	1e+05	1e+05	4.40913e-06	3.271798e-06	9.862968e-06
2	2-83450063	84990464	32	T	C	0.352	-0.458474	0.08998482	-278.5529	1e+05	1e+05	7.953544e-07	5.643786e-07	2.38579e-06
2	2-83450076	84990477	31	T	C	0.319	-0.4372833	0.09310973	-280.3409	1e+05	1e+05	4.870821e-06	3.623785e-06	1.072533e-05
2	2-83450421	84990822	32	T	C	0.318	-0.4290825	0.0929017	-280.6762	1e+05	1e+05	6.850176e-06	5.141827e-06	1.430679e-05
2	2-83451192	84991593	27	A	G	0.296	-0.4302195	0.0933926	-280.728	1e+05	1e+05	7.220897e-06	5.427532e-06	1.496055e-05
2	2-83451356	84991757	28	T	C	0.333	-0.4304772	0.09166402	-280.3417	1e+05	1e+05	4.874666e-06	3.62672e-06	1.073246e-05
2	2-83451376	84991777	30	T	C	0.303	-0.4276057	0.09422781	-281.0192	1e+05	1e+05	9.714821e-06	7.358619e-06	1.925356e-05
2	2-83451422	84991823	32	T	C	0.304	-0.4602214	0.09327547	-279.289	1e+05	1e+05	1.675068e-06	1.211992e-06	4.400074e-06
2	2-83451489	84991890	32	C	T	0.304	-0.4298566	0.09374227	-280.8178	1e+05	1e+05	7.912305e-06	5.961386e-06	1.616803e-05
2	2-83451496	84991897	31	T	C	0.299	-0.4446533	0.09622423	-280.6662	1e+05	1e+05	6.780666e-06	5.088302e-06	1.418368e-05
2	2-83565814	85106479	18	A	G	0.276	-0.4889203	0.1014876	-279.8099	1e+05	1e+05	2.840242e-06	2.083576e-06	6.823236e-06
2	2-83574632	85115297	31	A	G	0.339	-0.4546819	0.0929411	-279.4773	1e+05	1e+05	2.027187e-06	1.474095e-06	5.153529e-06
2	2-83579344	85120007	31	T	C	0.316	-0.4242156	0.09283704	-280.886	1e+05	1e+05	8.481791e-06	6.402015e-06	1.7152e-05
2	2-83579570	85120233	35	T	G	0.312	-0.4315145	0.0949961	-281.0004	1e+05	1e+05	9.530706e-06	7.21557e-06	1.894208e-05
2	2-83579672	85120335	35	A	G	0.321	-0.481279	0.09356701	-278.3268	1e+05	1e+05	6.329044e-07	4.464272e-07	1.980479e-06
2	2-83579678	85120341	35	G	T	0.321	-0.4559531	0.09452837	-279.7836	1e+05	1e+05	2.765698e-06	2.027484e-06	6.673478e-06
2	2-83579761	85120424	36	A	G	0.334	-0.4370949	0.09147459	-279.983	1e+05	1e+05	3.385956e-06	2.495319e-06	7.902973e-06
2	2-83579889	85120552	31	T	C	0.305	-0.4577952	0.0946801	-279.7316	1e+05	1e+05	2.623461e-06	1.920566e-06	6.386041e-06
2	2-83579901	85120564	29	A	G	0.31	-0.4476448	0.09290759	-279.807	1e+05	1e+05	2.832145e-06	2.077482e-06	6.806998e-06
2	2-83592413	85132610	36	T	C	0.291	-0.4432563	0.09739028	-280.9628	1e+05	1e+05	9.172301e-06	6.93731e-06	1.833348e-05
2	2-83592485	85132682	30	T	C	0.362	-0.4177901	0.08820762	-280.1667	1e+05	1e+05	4.080308e-06	3.021686e-06	9.241004e-06
2	2-83592528	85132725	30	T	C	0.34	-0.4430768	0.09125315	-279.6413	1e+05	1e+05	2.393874e-06	1.748307e-06	5.917079e-06
2	2-83593075	85133272	34	T	C	0.299	-0.4362261	0.0928445	-280.3321	1e+05	1e+05	4.827384e-06	3.59063e-06	1.06447e-05
2	2-83593213	85133410	23	A	G	0.27	-0.4720031	0.1005942	-280.3595	1e+05	1e+05	4.963645e-06	3.69466e-06	1.089729e-05
2	2-83593339	85133536	27	A	G	0.279	-0.4636149	0.1000515	-280.6115	1e+05	1e+05	6.413668e-06	4.805937e-06	1.353082e-05
2	2-83593340	85133537	27	T	C	0.276	-0.4599254	0.09983676	-280.7271	1e+05	1e+05	7.21447e-06	5.422576e-06	1.494926e-05
2	2-83593737	85133934	35	A	G	0.355	-0.4398139	0.08911381	-279.2826	1e+05	1e+05	1.66427e-06	1.203976e-06	4.376604e-06
2	2-83642489	85182683	33	T	C	0.311	-0.456034	0.09617322	-280.1433	1e+05	1e+05	3.984354e-06	2.948798e-06	9.058181e-06
2	2-83642565	85182759	33	T	C	0.346	-0.4294915	0.09046665	-280.1183	1e+05	1e+05	3.884415e-06	2.872931e-06	8.867094e-06
2	2-83642674	85182868	32	A	G	0.429	-0.4371265	0.08798322	-279.1338	1e+05	1e+05	1.43141e-06	1.031449e-06	3.864326e-06
2	2-83644194	85184388	36	A	C	0.331	-0.4232393	0.09324929	-281.0159	1e+05	1e+05	9.681678e-06	7.332863e-06	1.919755e-05
2	2-83646112	85186306	32	A	G	0.31	-0.4530383	0.09283541	-279.5317	1e+05	1e+05	2.142025e-06	1.559843e-06	5.394753e-06
2	2-83646151	85186345	29	T	G	0.313	-0.4333922	0.09188679	-280.2533	1e+05	1e+05	4.455646e-06	3.307219e-06	9.950408e-06
2	2-83692941	85237670	33	A	G	0.334	-0.4496693	0.0911842	-279.3006	1e+05	1e+05	1.694817e-06	1.226658e-06	4.442942e-06
2	2-83693064	85237793	16	T	C	0.25	-0.4971438	0.1072726	-280.6088	1e+05	1e+05	6.395828e-06	4.792221e-06	1.349895e-05
2	2-83693074	85237803	15	A	C	0.241	-0.520223	0.1079138	-279.7957	1e+05	1e+05	2.799779e-06	2.053124e-06	6.742019e-06
2	2-83693086	85237815	16	T	C	0.24	-0.5112994	0.1087446	-280.3175	1e+05	1e+05	4.755933e-06	3.536111e-06	1.051186e-05
2	2-83693100	85237829	14	A	G	0.24	-0.5421982	0.1049659	-278.2251	1e+05	1e+05	5.710891e-07	4.017424e-07	1.821791e-06
2	2-83693809	85238538	15	A	G	0.412	-0.4535295	0.0941608	-279.8143	1e+05	1e+05	2.852967e-06	2.093156e-06	6.848743e-06
2	2-83694005	85238734	16	T	C	0.24	-0.532805	0.1077611	-279.2424	1e+05	1e+05	1.597863e-06	1.154706e-06	4.231729e-06
2	2-83694052	85238781	21	T	A	0.262	-0.5176384	0.1020442	-278.6561	1e+05	1e+05	8.827796e-07	6.281267e-07	2.598055e-06
2	2-83694059	85238788	21	T	C	0.265	-0.5551968	0.1002965	-276.4472	1e+05	1e+05	9.518716e-08	6.388631e-08	4.347958e-07
2	2-83694112	85238841	21	A	G	0.259	-0.4719281	0.1032543	-280.8814	1e+05	1e+05	8.442318e-06	6.371448e-06	1.708409e-05
2	2-83694230	85238959	36	A	G	0.32	-0.4264787	0.09263503	-280.7395	1e+05	1e+05	7.306502e-06	5.49356e-06	1.511086e-05
2	2-83694267	85238996	36	A	G	0.302	-0.45691	0.09285562	-279.3492	1e+05	1e+05	1.780434e-06	1.290284e-06	4.627894e-06
2	2-83698903	85243628	30	T	C	0.315	-0.411852	0.09085369	-281.0397	1e+05	1e+05	9.92023e-06	7.518296e-06	1.960015e-05
2	2-83698926	85243651	27	A	G	0.304	-0.4242033	0.09079504	-280.4463	1e+05	1e+05	5.421738e-06	4.044927e-06	1.173952e-05
2	2-83698990	85243715	20	A	G	0.274	-0.4186281	0.09201051	-280.9694	1e+05	1e+05	9.233997e-06	6.985191e-06	1.843847e-05
2	2-83710428	85252965	17	A	C	0.298	-0.4158896	0.09039172	-280.7519	1e+05	1e+05	7.398869e-06	5.564826e-06	1.527278e-05
2	2-83710107	85253286	12	G	C	0.23	-0.498215	0.108674	-280.8221	1e+05	1e+05	7.947555e-06	5.988637e-06	1.62292e-05
2	2-83718105	85265746	19	A	G	0.304	-0.4159001	0.09126259	-280.9381	1e+05	1e+05	8.944086e-06	6.760274e-06	1.794434e-05
2	2-83718173	85265814	20	T	A	0.303	-0.4167052	0.0909782	-280.8401	1e+05	1e+05	8.094067e-06	6.101934e-06	1.648307e-05
2	2-83720706	85268210	30	A	G	0.287	-0.4701648	0.1009216	-280.5041	1e+05	1e+05	5.749912e-06	4.296332e-06	1.233679e-05
2	2-83720743	85268247	28	T	A	0.264	-0.5071807	0.09982626	-278.6194	1e+05	1e+05	8.506537e-07	6.046813e-07	2.520478e-06
2	2-83721113	85268617	21	A	G	0.275	-0.4341363	0.08968633	-279.7075	1e+05	1e+05	2.560022e-06	1.872927e-06	6.257097e-06
2	2-83734034	85281534	6	C	T	0.257	-0.4581097	0.09393452	-279.5456	1e+05	1e+05	2.17247e-06	1.582596e-06	5.458369e-06
2	2-83742405	85289904	13	A	C	0.115	0.5896687	0.1248803	-280.2303	1e+05	1e+05	4.35264e-06	3.228794e-06	9.7566e-06
2	2-83745659	85293158	9	A	G	0.264	-0.4451538	0.09639086	-280.6782	1e+05	1e+05	6.863812e-06	5.152329e-06	1.433092e-05
2	2-83753863	85301362	9	A	G	0.286	-0.409554	0.0900541	-280.9775	1e+05	1e+05	9.310716e-06	7.04474e-06	1.856889e-05
2	2-83754604	85302103	5	T	C	0.271	-0.4303028	0.09162119	-280.3405	1e+05	1e+05	4.868378e-06	3.62192e-06	1.07208e-05
2	2-132829501	136361646	18	A	T	0.289	0.4144409	0.08873795	-280.4537	1e+05	1e+05	5.462574e-06	4.076189e-06	1.181411e-05
2	2-143121120	146932156	35	G	A	0.092	-0.6848067	0.135988	-278.8258	1e+05	1e+05	1.048112e-06	7.491224e-07	2.990375e-06
2	2-164513817	168580539	38	T	G	0.456	0.4031091	0.08641837	-280.4786	1e+05	1e+05	5.602745e-06	4.183544e-06	1.206955e-05
2	2-164515387	168582109	31	C	T	0.475	0.3858132	0.08407973	-280.8044	1e+05	1e+05	7.805151e-06	5.878568e-06	1.598185e-05
2	2-164515428	168582150	31	T	C	0.475	0.388708	0.08363095	-280.5507	1e+05	1e+05	6.029073e-06	4.510484e-06	1.284116e-05
2	2-164642128	168687483	29	T	C	0.483	-0.3965073	0.08349347	-280.1119	1e+05	1e+05	3.859463e-06	2.853997e-06	8.819274e-06
2	2-164642118	168687493	30	G	A	0.489	-0.3819634	0.08388702	-280.9545	1e+05	1e+05	9.094819e-06	6.877192e-06	1.820151e-05
2	2-164642116	168687495	30	G	A	0.489	-0.3819634	0.08388702	-280.9545	1e+05	1e+05	9.094819e-06	6.877192e-06	1.820151e-05
2	2-164642112	168687499	30	C	G	0.489	-0.3819634	0.08388702	-280.9545	1e+05	1e+05	9.094819e-06	6.877192e-06	1.820151e-05
2	2-164642111	168687500	30	C	T	0.489	-0.3819634	0.08388702	-280.9545	1e+05	1e+05	9.094819e-06	6.877192e-06	1.820151e-05
2	2-164587039	168715861	20	A	G	0.428	-0.3971607	0.08260912	-279.8534	1e+05	1e+05	2.968418e-06	2.180114e-06	7.079392e-06
2	2-164587679	168716501	27	T	G	0.467	-0.3751066	0.08176499	-280.8088	1e+05	1e+05	7.840459e-06	5.905854e-06	1.604323e-05
2	2-164587689	168716511	27	T	G	0.467	-0.3722348	0.0818991	-280.9895	1e+05	1e+05	9.424737e-06	7.133269e-06	1.876246e-05
2	2-164595559	168724381	31	C	T	0.449	-0.3966671	0.08531951	-280.5451	1e+05	1e+05	5.994892e-06	4.484249e-06	1.277958e-05
2	2-164595668	168724490	30	T	C	0.466	-0.3886555	0.08326663	-280.4658	1e+05	1e+05	5.529909e-06	4.127751e-06	1.193693e-05
2	2-164672959	168726981	10	T	C	0.422	-0.3873671	0.08402784	-280.7134	1e+05	1e+05	7.114342e-06	5.345373e-06	1.477311e-05
2	2-164672977	168726999	9	G	A	0.43	-0.3820881	0.08421776	-281.0238	1e+05	1e+05	9.760598e-06	7.394197e-06	1.933088e-05
2	2-164673823	168727845	13	G	A	0.421	-0.3872251	0.08406836	-280.7301	1e+05	1e+05	7.236464e-06	5.439537e-06	1.49879e-05
2	2-164674126	168728148	22	A	G	0.401	-0.3917125	0.08386797	-280.4529	1e+05	1e+05	5.457918e-06	4.072625e-06	1.180561e-05
2	2-164694589	168751548	11	A	T	0.424	-0.3848287	0.08266599	-280.5192	1e+05	1e+05	5.838601e-06	4.364339e-06	1.249739e-05
2	2-164706350	168763463	12	A	G	0.426	-0.3760438	0.08289765	-281.0266	1e+05	1e+05	9.788582e-06	7.415948e-06	1.937812e-05
2	2-164706387	168763500	23	G	A	0.419	-0.4005534	0.08431349	-280.104	1e+05	1e+05	3.828647e-06	2.830618e-06	8.760158e-06
2	2-164706423	168763536	30	C	T	0.433	-0.3995212	0.08453465	-280.2117	1e+05	1e+05	4.271392e-06	3.166969e-06	9.60327e-06
2	2-164708576	168765689	24	C	T	0.457	-0.3839161	0.08419662	-280.9272	1e+05	1e+05	8.845164e-06	6.683573e-06	1.777526e-05
2	2-164708587	168765700	24	C	A	0.465	-0.3836676	0.08427783	-280.9583	1e+05	1e+05	9.129916e-06	6.904422e-06	1.826131e-05
2	2-164708604	168765717	28	C	T	0.467	-0.3979238	0.08343582	-280.023	1e+05	1e+05	3.526391e-06	2.601569e-06	8.176562e-06
2	2-164708605	168765718	28	C	G	0.467	-0.3979238	0.08343582	-280.023	1e+05	1e+05	3.526391e-06	2.601569e-06	8.176562e-06
2	2-164708878	168765991	27	G	A	0.483	-0.4236787	0.08221128	-278.2809	1e+05	1e+05	6.041863e-07	4.256527e-07	1.907101e-06
2	2-164730131	168788620	28	G	A	0.428	-0.4053656	0.08743971	-280.6021	1e+05	1e+05	6.352762e-06	4.759117e-06	1.342199e-05
2	2-164740686	168799172	34	T	C	0.466	-0.3996667	0.08580492	-280.5078	1e+05	1e+05	5.771687e-06	4.313027e-06	1.237625e-05
2	2-164740699	168799185	34	T	C	0.468	-0.3937598	0.08532496	-280.6927	1e+05	1e+05	6.965964e-06	5.23102e-06	1.451148e-05
2	2-164741116	168799602	21	A	T	0.428	-0.3770618	0.08320461	-281.0456	1e+05	1e+05	9.979836e-06	7.564648e-06	1.970055e-05
2	2-164817571	168877023	20	T	G	0.426	-0.3884515	0.08388711	-280.6249	1e+05	1e+05	6.501498e-06	4.873475e-06	1.368751e-05
2	2-164818105	168877557	15	T	C	0.43	-0.3835255	0.08225931	-280.4882	1e+05	1e+05	5.657772e-06	4.225707e-06	1.216959e-05
2	2-164820653	168880105	13	G	C	0.413	-0.3841142	0.0829768	-280.6312	1e+05	1e+05	6.543389e-06	4.905696e-06	1.376215e-05
2	2-164895076	168954105	29	A	G	0.425	-0.4050633	0.08573704	-280.2189	1e+05	1e+05	4.302527e-06	3.190658e-06	9.662076e-06
2	2-182493188	187318305	5	T	C	0.039	0.898042	0.1980612	-281.0354	1e+05	1e+05	9.876402e-06	7.484219e-06	1.952628e-05
2	2-182509263	187334456	19	T	C	0.032	0.914945	0.2013887	-280.9973	1e+05	1e+05	9.500596e-06	7.192182e-06	1.889107e-05
2	2-182509470	187334663	26	C	A	0.036	0.9135459	0.1973911	-280.6358	1e+05	1e+05	6.574155e-06	4.929364e-06	1.381692e-05
2	2-182526603	187351796	16	T	A	0.034	0.928567	0.2036862	-280.9312	1e+05	1e+05	8.881303e-06	6.711592e-06	1.783706e-05
2	2-182526805	187351998	13	T	A	0.046	0.8616269	0.1763032	-279.4996	1e+05	1e+05	2.073419e-06	1.508601e-06	5.250886e-06
2	2-182529099	187354292	5	T	C	0.03	0.9186492	0.2012624	-280.9074	1e+05	1e+05	8.668234e-06	6.546442e-06	1.747222e-05
2	2-182529104	187354297	3	T	C	0.029	0.918567	0.2012724	-280.9101	1e+05	1e+05	8.692054e-06	6.564899e-06	1.751307e-05
2	2-182529377	187354570	5	C	A	0.032	0.921459	0.197135	-280.437	1e+05	1e+05	5.370609e-06	4.005793e-06	1.164603e-05
2	2-185495281	190435558	12	A	G	0.02	1.300068	0.2607144	-279.0508	1e+05	1e+05	1.31601e-06	9.46213e-07	3.605662e-06
2	2-236173465	243395250	5	T	C	0.034	0.9585811	0.2012444	-280.0492	1e+05	1e+05	3.621242e-06	2.673393e-06	8.36045e-06
3	3-3479326	2712686	5	G	A	0.017	1.597372	0.3489741	-280.8526	1e+05	1e+05	8.197668e-06	6.182081e-06	1.666222e-05
3	3-6684276	5850231	8	T	A	0.345	0.3670795	0.07840481	-280.4042	1e+05	1e+05	5.194083e-06	3.870757e-06	1.132226e-05
3	3-6685061	5851016	21	A	G	0.246	-0.424313	0.092449	-280.8	1e+05	1e+05	7.770054e-06	5.851448e-06	1.592079e-05
3	3-6685118	5851073	7	T	G	0.229	-0.4413901	0.09656892	-280.8807	1e+05	1e+05	8.435649e-06	6.366284e-06	1.707261e-05
3	3-14962157	14245277	11	A	G	0.023	1.185499	0.2544896	-280.5057	1e+05	1e+05	5.759359e-06	4.303574e-06	1.235391e-05
3	3-14968758	14251878	13	A	G	0.021	1.19216	0.262897	-281.0331	1e+05	1e+05	9.853493e-06	7.466408e-06	1.948765e-05
3	3-14968971	14252091	19	A	G	0.024	1.155017	0.2544785	-281.016	1e+05	1e+05	9.683116e-06	7.333981e-06	1.919998e-05
3	3-14971689	14254809	30	A	T	0.022	1.299189	0.2812721	-280.6749	1e+05	1e+05	6.841153e-06	5.134878e-06	1.429081e-05
3	3-14973455	14256627	0	A	G	0.017	1.333194	0.282759	-280.2604	1e+05	1e+05	4.488128e-06	3.33196e-06	1.001139e-05
3	3-14978748	14261920	18	G	A	0.021	1.20912	0.2627568	-280.7489	1e+05	1e+05	7.376472e-06	5.547544e-06	1.523355e-05
3	3-14979144	14262316	10	A	G	0.023	1.15237	0.2537744	-281.0069	1e+05	1e+05	9.593318e-06	7.264209e-06	1.904809e-05
3	3-14980706	14263878	9	C	T	0.02	1.193479	0.2629309	-281.0144	1e+05	1e+05	9.667554e-06	7.321888e-06	1.917367e-05
3	3-16655236	15992829	10	G	A	0.088	0.619824	0.1362937	-280.9782	1e+05	1e+05	9.317042e-06	7.049651e-06	1.857963e-05
3	3-16656101	15993694	27	G	T	0.083	0.6517453	0.1413685	-280.7122	1e+05	1e+05	7.105957e-06	5.338909e-06	1.475835e-05
3	3-16656741	15994334	30	G	A	0.065	0.8666172	0.1874382	-280.6556	1e+05	1e+05	6.708013e-06	5.032371e-06	1.405482e-05
3	3-27617601	27255083	13	A	G	0.026	1.094527	0.2397719	-280.9055	1e+05	1e+05	8.652019e-06	6.533877e-06	1.744441e-05
3	3-125388306	125794134	2	T	A	0.017	2.074364	0.3543055	-274.8413	1e+05	1e+05	1.897817e-08	1.220835e-08	1.242367e-07
3	3-150482095	151754548	23	T	C	0.014	2.193868	0.463641	-280.1868	1e+05	1e+05	4.164748e-06	3.085865e-06	9.40138e-06
3	3-155779854	157318660	31	T	C	0.071	-0.7320485	0.1587593	-280.7088	1e+05	1e+05	7.08117e-06	5.319802e-06	1.471469e-05
3	3-199338139	202352761	24	A	T	0.076	0.6957271	0.1460011	-280.0406	1e+05	1e+05	3.589884e-06	2.649643e-06	8.299735e-06
3	3-199338281	202352903	12	T	C	0.077	0.6655813	0.1375752	-279.7193	1e+05	1e+05	2.590919e-06	1.896125e-06	6.319956e-06
3	3-210607825	214151117	28	G	T	0.2	0.4391036	0.09674326	-281.0156	1e+05	1e+05	9.679142e-06	7.330892e-06	1.919326e-05
3	3-227059244	230882426	5	A	C	0.103	0.5517248	0.1203226	-280.8184	1e+05	1e+05	7.916967e-06	5.96499e-06	1.617612e-05
3	3-228862111	232693438	26	T	C	0.038	1.076284	0.2275372	-280.1942	1e+05	1e+05	4.195871e-06	3.109529e-06	9.460374e-06
3	3-229336360	233154506	23	A	T	0.141	-0.5287641	0.1161192	-280.9531	1e+05	1e+05	9.082105e-06	6.867328e-06	1.817984e-05
4	4-5498091	6269595	19	A	C	0.053	0.8106206	0.1760904	-280.7414	1e+05	1e+05	7.320052e-06	5.504013e-06	1.513463e-05
4	4-5499124	6270628	29	T	G	0.05	0.8624053	0.1839757	-280.3792	1e+05	1e+05	5.064071e-06	3.771378e-06	1.108282e-05
4	4-5500906	6272410	2	T	C	0.029	1.441303	0.2890527	-279.052	1e+05	1e+05	1.317593e-06	9.473808e-07	3.609234e-06
4	4-5521288	6291777	7	T	C	0.022	1.604744	0.3481771	-280.7176	1e+05	1e+05	7.145335e-06	5.369267e-06	1.482767e-05
4	4-5533427	6303915	9	T	C	0.04	0.960159	0.1889842	-278.6194	1e+05	1e+05	8.506641e-07	6.046888e-07	2.520503e-06
4	4-5534031	6304519	7	T	C	0.045	0.8698544	0.1879735	-280.6382	1e+05	1e+05	6.590357e-06	4.941829e-06	1.384575e-05
4	4-5548716	6345948	24	A	G	0.022	1.264996	0.2778479	-280.9565	1e+05	1e+05	9.113309e-06	6.891537e-06	1.823302e-05
4	4-5537892	6357181	32	A	G	0.045	0.9819612	0.1908234	-278.3164	1e+05	1e+05	6.262838e-07	4.416357e-07	1.963614e-06
4	4-5537043	6358030	19	A	T	0.05	0.7938727	0.1700197	-280.4584	1e+05	1e+05	5.488872e-06	4.096325e-06	1.18621e-05
4	4-26112442	27665342	22	T	C	0.032	1.064232	0.2336539	-280.9485	1e+05	1e+05	9.038867e-06	6.833786e-06	1.810611e-05
4	4-29375172	30891420	38	T	C	0.032	1.065518	0.225949	-280.257	1e+05	1e+05	4.47228e-06	3.319888e-06	9.981646e-06
4	4-29375178	30891426	39	T	C	0.127	0.6225327	0.1211439	-278.3496	1e+05	1e+05	6.476587e-07	4.571101e-07	2.017958e-06
4	4-29375192	30891440	37	T	C	0.029	1.083057	0.2313286	-280.4039	1e+05	1e+05	5.192976e-06	3.869911e-06	1.132022e-05
4	4-29375634	30891894	11	A	G	0.028	1.046125	0.2273783	-280.7526	1e+05	1e+05	7.404005e-06	5.56879e-06	1.528178e-05
4	4-29375648	30891908	12	C	T	0.145	0.5141937	0.1104881	-280.5251	1e+05	1e+05	5.874141e-06	4.391599e-06	1.256164e-05
4	4-29375721	30891981	12	A	G	0.031	0.981951	0.2142645	-280.8289	1e+05	1e+05	8.002817e-06	6.031364e-06	1.632503e-05
4	4-29376842	30893102	30	C	T	0.126	0.5564148	0.1167282	-280.0339	1e+05	1e+05	3.565355e-06	2.631068e-06	8.252188e-06
4	4-29376868	30893128	29	A	G	0.115	0.5718899	0.1245595	-280.7931	1e+05	1e+05	7.716219e-06	5.809855e-06	1.582707e-05
4	4-29377053	30893313	20	C	T	0.032	0.9825193	0.2142144	-280.8131	1e+05	1e+05	7.874614e-06	5.932252e-06	1.610258e-05
4	4-29378520	30894780	5	G	C	0.032	0.9528187	0.207925	-280.8306	1e+05	1e+05	8.016005e-06	6.041562e-06	1.634788e-05
4	4-29378537	30894797	5	A	G	0.03	0.9732601	0.2146064	-281.0315	1e+05	1e+05	9.837016e-06	7.453599e-06	1.945985e-05
4	4-29378632	30894892	14	A	G	0.108	0.572702	0.1194958	-279.9199	1e+05	1e+05	3.175716e-06	2.336471e-06	7.490266e-06
4	4-29379247	30895507	12	T	C	0.036	0.9506274	0.2042073	-280.5192	1e+05	1e+05	5.838992e-06	4.364639e-06	1.249809e-05
4	4-29380190	30896450	17	T	A	0.123	0.5700342	0.1139888	-278.9859	1e+05	1e+05	1.232404e-06	8.84581e-07	3.416012e-06
4	4-29380222	30896482	18	C	A	0.121	0.5973363	0.1147884	-278.0453	1e+05	1e+05	4.762634e-07	3.334459e-07	1.572432e-06
4	4-29381932	30898192	19	A	C	0.029	1.089606	0.2324548	-280.3802	1e+05	1e+05	5.068883e-06	3.775055e-06	1.10917e-05
4	4-29381959	30898219	19	G	A	0.029	1.186384	0.2399899	-279.2462	1e+05	1e+05	1.604005e-06	1.159261e-06	4.245168e-06
4	4-29385260	30901520	13	T	C	0.031	0.9807159	0.2148486	-280.9063	1e+05	1e+05	8.658931e-06	6.539233e-06	1.745626e-05
4	4-29386102	30902362	28	T	C	0.031	1.152037	0.2199205	-277.882	1e+05	1e+05	4.039093e-07	2.815703e-07	1.376352e-06
4	4-29386418	30902678	14	A	T	0.121	0.5220618	0.114225	-280.8817	1e+05	1e+05	8.44498e-06	6.37351e-06	1.708867e-05
4	4-29388395	30904764	4	A	G	0.027	1.044838	0.2273722	-280.7762	1e+05	1e+05	7.584137e-06	5.707841e-06	1.559675e-05
4	4-29389284	30905653	6	G	T	0.03	1.038182	0.2205641	-280.2953	1e+05	1e+05	4.649921e-06	3.45526e-06	1.031423e-05
4	4-29390166	30906535	32	C	A	0.034	0.9989924	0.2146499	-280.5242	1e+05	1e+05	5.868627e-06	4.387369e-06	1.255168e-05
4	4-29390171	30906540	34	T	C	0.034	1.001224	0.2148175	-280.4951	1e+05	1e+05	5.697229e-06	4.255947e-06	1.224123e-05
4	4-29390178	30906547	32	G	A	0.034	1.006665	0.2145166	-280.3571	1e+05	1e+05	4.951255e-06	3.685198e-06	1.087436e-05
4	4-29390182	30906551	35	A	G	0.035	1.003499	0.2146397	-280.4326	1e+05	1e+05	5.34655e-06	3.987382e-06	1.160199e-05
4	4-29390275	30906644	15	A	G	0.034	0.977454	0.2133295	-280.8332	1e+05	1e+05	8.037346e-06	6.058065e-06	1.638486e-05
4	4-29391983	30908352	8	T	C	0.025	1.209223	0.2416923	-278.9752	1e+05	1e+05	1.219051e-06	8.747476e-07	3.385536e-06
4	4-29393066	30909435	2	T	C	0.024	1.215369	0.2415316	-278.8435	1e+05	1e+05	1.067057e-06	7.630208e-07	3.034657e-06
4	4-29395150	30911519	20	T	C	0.032	0.9883039	0.2145809	-280.7315	1e+05	1e+05	7.24699e-06	5.447656e-06	1.500639e-05
4	4-29396926	30913295	31	T	C	0.034	0.9840383	0.2142471	-280.7859	1e+05	1e+05	7.659263e-06	5.765859e-06	1.572782e-05
4	4-29401004	30917371	29	C	T	0.034	1.004741	0.2136801	-280.3164	1e+05	1e+05	4.750793e-06	3.53219e-06	1.050229e-05
4	4-29401594	30917961	34	G	T	0.034	1.003773	0.2140455	-280.3709	1e+05	1e+05	5.021208e-06	3.738629e-06	1.10037e-05
4	4-29405215	30921583	21	T	C	0.035	1.076402	0.2165324	-279.1211	1e+05	1e+05	1.413136e-06	1.017939e-06	3.823593e-06
4	4-29405260	30921628	22	C	T	0.038	1.035854	0.2110336	-279.404	1e+05	1e+05	1.882023e-06	1.365885e-06	4.845578e-06
4	4-29405767	30922135	25	G	C	0.03	1.11575	0.225674	-279.2435	1e+05	1e+05	1.599584e-06	1.155983e-06	4.235495e-06
4	4-29405834	30922202	17	A	G	0.024	1.226299	0.2471418	-279.1627	1e+05	1e+05	1.473902e-06	1.06288e-06	3.958727e-06
4	4-29407386	30923754	10	A	G	0.018	1.918681	0.3955376	-279.662	1e+05	1e+05	2.444721e-06	1.786422e-06	6.021503e-06
4	4-29408823	30925191	18	T	C	0.029	1.056734	0.2270294	-280.5218	1e+05	1e+05	5.854239e-06	4.376333e-06	1.252567e-05
4	4-29413383	30929751	23	T	C	0.032	0.9864815	0.2140617	-280.7202	1e+05	1e+05	7.163644e-06	5.383383e-06	1.485989e-05
4	4-29422898	30939632	18	T	C	0.055	0.7987134	0.1762257	-281.0431	1e+05	1e+05	9.954482e-06	7.54493e-06	1.965785e-05
4	4-29423480	30940214	21	A	G	0.037	0.976758	0.2063465	-280.1792	1e+05	1e+05	4.132397e-06	3.061273e-06	9.339993e-06
4	4-29423882	30940616	20	A	T	0.029	1.115919	0.2219139	-278.8587	1e+05	1e+05	1.083579e-06	7.751463e-07	3.07317e-06
4	4-29424912	30941646	13	A	G	0.031	1.021576	0.2218489	-280.7354	1e+05	1e+05	7.275757e-06	5.469844e-06	1.505691e-05
4	4-29426144	30942877	37	A	G	0.047	0.9497546	0.2019497	-280.3127	1e+05	1e+05	4.733102e-06	3.518695e-06	1.046935e-05
4	4-29426374	30943107	28	T	A	0.022	1.261585	0.2530457	-279.0551	1e+05	1e+05	1.321841e-06	9.505152e-07	3.618816e-06
4	4-29426958	30943691	25	C	T	0.033	1.000282	0.2139866	-280.4359	1e+05	1e+05	5.364614e-06	4.001205e-06	1.163505e-05
4	4-29429646	30946379	23	T	C	0.032	0.9915599	0.2143071	-280.6413	1e+05	1e+05	6.611095e-06	4.957785e-06	1.388264e-05
4	4-29430085	30946818	19	A	G	0.029	1.193528	0.2410474	-279.2103	1e+05	1e+05	1.546651e-06	1.116747e-06	4.119362e-06
4	4-29434410	30951143	23	A	G	0.032	0.9915255	0.2144849	-280.6584	1e+05	1e+05	6.727373e-06	5.047273e-06	1.408918e-05
4	4-29439053	30955786	24	T	G	0.043	1.036861	0.1933281	-277.2866	1e+05	1e+05	2.215933e-07	1.520627e-07	8.498927e-07
4	4-29439152	30955885	22	G	A	0.032	1.174037	0.2217907	-277.6208	1e+05	1e+05	3.103519e-07	2.14861e-07	1.113211e-06
4	4-29439162	30955895	21	T	A	0.032	1.170561	0.2215484	-277.6679	1e+05	1e+05	3.25466e-07	2.256059e-07	1.156585e-06
4	4-29440823	30957556	16	T	C	0.023	1.256753	0.2708539	-280.5848	1e+05	1e+05	6.241985e-06	4.673989e-06	1.322367e-05
4	4-29442096	30958830	9	T	C	0.025	1.122082	0.2292213	-279.4637	1e+05	1e+05	1.999359e-06	1.453335e-06	5.094765e-06
4	4-29443074	30959807	7	T	C	0.03	0.992125	0.2141086	-280.6116	1e+05	1e+05	6.414012e-06	4.806201e-06	1.353143e-05
4	4-29443814	30960547	29	A	G	0.042	0.9342213	0.204337	-280.8754	1e+05	1e+05	8.390615e-06	6.331416e-06	1.699507e-05
4	4-29446040	30962773	10	T	G	0.02	1.436725	0.2943894	-279.5302	1e+05	1e+05	2.138736e-06	1.557385e-06	5.387871e-06
4	4-29446764	30963497	14	G	A	0.034	0.9573216	0.2099825	-280.9302	1e+05	1e+05	8.872089e-06	6.704448e-06	1.782131e-05
4	4-29447348	30964081	18	T	C	0.032	0.9988273	0.2139015	-280.4573	1e+05	1e+05	5.482366e-06	4.091343e-06	1.185023e-05
4	4-29448441	30965174	21	T	C	0.037	1.017478	0.2042393	-279.0725	1e+05	1e+05	1.34524e-06	9.677848e-07	3.671508e-06
4	4-29448489	30965222	21	A	G	0.032	0.9915065	0.2138461	-280.5995	1e+05	1e+05	6.336131e-06	4.746334e-06	1.339224e-05
4	4-29449006	30965739	24	G	C	0.033	1.028726	0.2235867	-280.7517	1e+05	1e+05	7.397393e-06	5.563688e-06	1.52702e-05
4	4-29449007	30965740	24	T	C	0.033	1.028726	0.2235867	-280.7517	1e+05	1e+05	7.397393e-06	5.563688e-06	1.52702e-05
4	4-29449164	30965897	18	T	A	0.026	1.110366	0.2448231	-281.0303	1e+05	1e+05	9.824899e-06	7.444179e-06	1.943941e-05
4	4-29450009	30966742	17	A	G	0.031	0.9788177	0.2142653	-280.8912	1e+05	1e+05	8.526403e-06	6.436566e-06	1.722871e-05
4	4-29450016	30966749	17	G	A	0.034	0.9781319	0.2109789	-280.6012	1e+05	1e+05	6.346748e-06	4.754494e-06	1.341123e-05
4	4-29450039	30966772	20	C	G	0.032	0.9819161	0.2143385	-280.8364	1e+05	1e+05	8.063584e-06	6.078357e-06	1.64303e-05
4	4-29451502	30968235	36	A	G	0.041	0.8912865	0.192163	-280.5925	1e+05	1e+05	6.290934e-06	4.711599e-06	1.331136e-05
4	4-29453978	30970711	31	A	G	0.031	1.070479	0.2271049	-280.2664	1e+05	1e+05	4.515213e-06	3.352593e-06	1.00622e-05
4	4-29458907	30975639	14	C	G	0.028	1.058431	0.2272245	-280.5068	1e+05	1e+05	5.765791e-06	4.308506e-06	1.236557e-05
4	4-29458917	30975649	14	T	C	0.028	1.058431	0.2272245	-280.5068	1e+05	1e+05	5.765791e-06	4.308506e-06	1.236557e-05
4	4-29459640	30976372	18	T	C	0.026	1.143613	0.2285284	-278.9701	1e+05	1e+05	1.21289e-06	8.702114e-07	3.371456e-06
4	4-29461289	30978021	20	T	C	0.032	0.9886918	0.2139889	-280.6693	1e+05	1e+05	6.801927e-06	5.104671e-06	1.422135e-05
4	4-29464139	30980870	24	T	C	0.03	1.063639	0.2277681	-280.4561	1e+05	1e+05	5.475961e-06	4.086439e-06	1.183855e-05
4	4-29465100	30981831	42	A	G	0.036	1.021249	0.2143202	-280.0413	1e+05	1e+05	3.59239e-06	2.651541e-06	8.30459e-06
4	4-29468446	30985177	38	C	T	0.026	1.167184	0.2489769	-280.3779	1e+05	1e+05	5.057079e-06	3.766035e-06	1.106992e-05
4	4-29470111	30986842	31	T	G	0.028	1.048882	0.2312595	-281.0297	1e+05	1e+05	9.818932e-06	7.43954e-06	1.942934e-05
4	4-29470540	30987271	20	A	C	0.04	1.060946	0.1961935	-277.0721	1e+05	1e+05	1.785279e-07	1.218173e-07	7.153606e-07
4	4-29477442	30994172	17	C	G	0.034	1.028242	0.2092256	-279.3769	1e+05	1e+05	1.831005e-06	1.327904e-06	4.73649e-06
4	4-29479389	30996119	20	T	C	0.032	0.9720412	0.2144119	-281.0381	1e+05	1e+05	9.903659e-06	7.505411e-06	1.957222e-05
4	4-29481397	30998126	23	T	C	0.032	0.9898333	0.2143615	-280.6808	1e+05	1e+05	6.882598e-06	5.166798e-06	1.436415e-05
4	4-29481867	30998595	23	T	C	0.032	0.9991878	0.2140187	-280.4611	1e+05	1e+05	5.503475e-06	4.107507e-06	1.188874e-05
4	4-29482572	30999300	21	A	C	0.032	1.003204	0.2139421	-280.3726	1e+05	1e+05	5.029955e-06	3.745311e-06	1.101985e-05
4	4-29483907	31000635	16	T	C	0.029	1.030701	0.2244149	-280.7866	1e+05	1e+05	7.664914e-06	5.770224e-06	1.573767e-05
4	4-29484651	31001379	12	T	C	0.036	0.9469268	0.205402	-280.7128	1e+05	1e+05	7.11035e-06	5.342296e-06	1.476609e-05
4	4-29486070	31002798	7	A	C	0.027	1.063379	0.2269107	-280.3847	1e+05	1e+05	5.092516e-06	3.793116e-06	1.113528e-05
4	4-29486867	31003595	20	C	T	0.032	0.986217	0.2140483	-280.7242	1e+05	1e+05	7.193274e-06	5.40623e-06	1.4912e-05
4	4-29487762	31004490	15	T	C	0.028	1.114382	0.2254282	-279.2466	1e+05	1e+05	1.604581e-06	1.159688e-06	4.246427e-06
4	4-29488068	31004796	19	A	G	0.032	0.9967576	0.2140302	-280.5111	1e+05	1e+05	5.791065e-06	4.327885e-06	1.241135e-05
4	4-29488168	31004896	18	A	G	0.032	0.988337	0.2140597	-280.6829	1e+05	1e+05	6.896994e-06	5.177886e-06	1.438961e-05
4	4-29488435	31005163	22	A	G	0.024	1.273168	0.2457486	-278.1534	1e+05	1e+05	5.312142e-07	3.72984e-07	1.717877e-06
4	4-29488554	31005282	18	T	C	0.029	1.087713	0.2329849	-280.4615	1e+05	1e+05	5.505782e-06	4.109274e-06	1.189295e-05
4	4-29489143	31005871	18	A	G	0.032	0.9933129	0.2139241	-280.5705	1e+05	1e+05	6.151744e-06	4.604671e-06	1.306177e-05
4	4-29493731	31010459	3	G	T	0.027	1.137333	0.2407512	-280.2206	1e+05	1e+05	4.309851e-06	3.196231e-06	9.6759e-06
4	4-29498562	31015289	9	C	G	0.03	0.9793786	0.2147143	-280.9206	1e+05	1e+05	8.78602e-06	6.637725e-06	1.767405e-05
4	4-29499569	31016296	17	A	G	0.031	0.9858119	0.2141386	-280.7406	1e+05	1e+05	7.314202e-06	5.4995e-06	1.512437e-05
4	4-29500597	31017324	15	A	G	0.034	1.008215	0.2093574	-279.8177	1e+05	1e+05	2.86302e-06	2.100724e-06	6.868881e-06
4	4-29502595	31019322	16	C	T	0.026	1.134936	0.2292321	-279.212	1e+05	1e+05	1.549408e-06	1.11879e-06	4.125427e-06
4	4-29503268	31019995	32	A	C	0.031	1.037008	0.2246317	-280.6856	1e+05	1e+05	6.915908e-06	5.192456e-06	1.442304e-05
4	4-29503728	31020455	37	T	C	0.029	1.150586	0.2287282	-278.8507	1e+05	1e+05	1.074813e-06	7.687119e-07	3.052747e-06
4	4-29503780	31020507	33	T	C	0.023	1.259867	0.2531799	-279.098	1e+05	1e+05	1.380477e-06	9.938064e-07	3.750587e-06
4	4-29504069	31020796	14	T	C	0.031	0.9857917	0.2144662	-280.771	1e+05	1e+05	7.544273e-06	5.677061e-06	1.552714e-05
4	4-29504134	31020861	14	C	G	0.031	0.9863936	0.2147186	-280.7821	1e+05	1e+05	7.629981e-06	5.743244e-06	1.567675e-05
4	4-29504187	31020914	19	A	G	0.026	1.130534	0.2292315	-279.2988	1e+05	1e+05	1.691687e-06	1.224333e-06	4.436152e-06
4	4-29504268	31020995	11	A	G	0.023	1.155627	0.2509331	-280.7333	1e+05	1e+05	7.260238e-06	5.457874e-06	1.502966e-05
4	4-29504280	31021007	11	T	C	0.023	1.158162	0.2508077	-280.6802	1e+05	1e+05	6.878417e-06	5.163578e-06	1.435675e-05
4	4-29504289	31021016	11	G	A	0.023	1.159449	0.2508341	-280.6603	1e+05	1e+05	6.740519e-06	5.057393e-06	1.41125e-05
4	4-29504447	31021174	14	A	G	0.031	0.981861	0.2144398	-280.8467	1e+05	1e+05	8.14855e-06	6.144079e-06	1.657732e-05
4	4-29510750	31027477	28	T	G	0.033	0.9763969	0.2147111	-280.9791	1e+05	1e+05	9.325777e-06	7.056433e-06	1.859447e-05
4	4-29510823	31027550	24	G	A	0.022	1.256636	0.2531218	-279.1508	1e+05	1e+05	1.456226e-06	1.049803e-06	3.919511e-06
4	4-29510834	31027561	25	T	G	0.027	1.114409	0.2359536	-280.2254	1e+05	1e+05	4.330914e-06	3.212259e-06	9.715639e-06
4	4-29510927	31027654	35	T	A	0.038	0.9823946	0.2073192	-280.1574	1e+05	1e+05	4.042068e-06	2.992633e-06	9.168219e-06
4	4-29511522	31028251	12	A	G	0.033	0.9679011	0.2095595	-280.6759	1e+05	1e+05	6.848109e-06	5.140235e-06	1.430313e-05
4	4-29511602	31028331	4	T	A	0.017	1.659367	0.348485	-280.0562	1e+05	1e+05	3.647318e-06	2.693148e-06	8.410882e-06
4	4-29512370	31029099	7	C	T	0.236	0.4979836	0.1092067	-280.9261	1e+05	1e+05	8.835566e-06	6.676132e-06	1.775884e-05
4	4-29513209	31029938	7	T	G	0.032	0.9754757	0.2076869	-280.3391	1e+05	1e+05	4.861621e-06	3.616762e-06	1.070826e-05
4	4-29513289	31030018	10	G	A	0.033	0.9714294	0.2070158	-280.3578	1e+05	1e+05	4.955151e-06	3.688172e-06	1.088157e-05
4	4-29514559	31031288	25	A	G	0.033	0.981645	0.21446	-280.8528	1e+05	1e+05	8.199502e-06	6.1835e-06	1.666539e-05
4	4-29515702	31032339	14	T	C	0.031	0.9756181	0.2146948	-280.993	1e+05	1e+05	9.458569e-06	7.159542e-06	1.881983e-05
4	4-29515858	31032495	10	T	C	0.03	0.9752203	0.2143323	-280.9683	1e+05	1e+05	9.223944e-06	6.977388e-06	1.842137e-05
4	4-29534390	31034127	15	A	G	0.018	1.74287	0.3437529	-278.6679	1e+05	1e+05	8.934022e-07	6.358839e-07	2.623603e-06
4	4-29533119	31046217	35	A	G	0.032	1.08405	0.2208775	-279.4065	1e+05	1e+05	1.886784e-06	1.36943e-06	4.855733e-06
4	4-29533215	31046312	22	T	G	0.027	1.212482	0.2542744	-280.0266	1e+05	1e+05	3.539294e-06	2.611337e-06	8.201619e-06
4	4-29535801	31047839	7	A	G	0.032	0.9610244	0.2090334	-280.7668	1e+05	1e+05	7.512296e-06	5.652374e-06	1.547126e-05
4	4-29542080	31054118	11	T	C	0.025	1.143096	0.2363638	-279.7272	1e+05	1e+05	2.611735e-06	1.911758e-06	6.362243e-06
4	4-29542131	31054169	2	G	A	0.015	1.816204	0.3621049	-278.9179	1e+05	1e+05	1.150432e-06	8.242593e-07	3.228057e-06
4	4-29542237	31054275	3	C	G	0.017	1.902616	0.3954879	-279.8397	1e+05	1e+05	2.927421e-06	2.149225e-06	6.997643e-06
4	4-29543778	31055816	8	T	C	0.03	0.9778735	0.2142168	-280.9055	1e+05	1e+05	8.65167e-06	6.533607e-06	1.744381e-05
4	4-29544325	31056363	10	T	C	0.023	1.238095	0.2484896	-279.0693	1e+05	1e+05	1.340966e-06	9.646298e-07	3.661895e-06
4	4-29546044	31058082	8	T	C	0.03	0.9798211	0.2142572	-280.8705	1e+05	1e+05	8.349182e-06	6.299341e-06	1.692368e-05
4	4-29546123	31058161	10	T	C	0.028	1.053011	0.2273276	-280.6185	1e+05	1e+05	6.459434e-06	4.841127e-06	1.36125e-05
4	4-29546427	31058465	3	A	C	0.012	2.251262	0.4577627	-279.3613	1e+05	1e+05	1.802356e-06	1.306589e-06	4.675028e-06
4	4-29546756	31058794	14	A	T	0.028	1.036903	0.2248085	-280.7031	1e+05	1e+05	7.040387e-06	5.288368e-06	1.46428e-05
4	4-29546918	31058956	17	A	G	0.024	1.264642	0.2440787	-278.151	1e+05	1e+05	5.299276e-07	3.720569e-07	1.714502e-06
4	4-29548946	31060984	8	T	C	0.025	1.120674	0.2290803	-279.4777	1e+05	1e+05	2.028038e-06	1.47473e-06	5.155324e-06
4	4-29548974	31061012	7	T	C	0.025	1.12724	0.2288495	-279.3266	1e+05	1e+05	1.739995e-06	1.260222e-06	4.540713e-06
4	4-29557256	31069294	9	A	T	0.033	0.9656913	0.2098856	-280.7516	1e+05	1e+05	7.396743e-06	5.563186e-06	1.526906e-05
4	4-29557282	31069320	10	A	G	0.028	1.113085	0.2235335	-279.0829	1e+05	1e+05	1.359501e-06	9.783144e-07	3.703553e-06
4	4-29558846	31070883	23	A	T	0.022	1.478554	0.2948416	-278.9222	1e+05	1e+05	1.155466e-06	8.279607e-07	3.23966e-06
4	4-29559359	31071396	27	A	G	0.028	1.128728	0.2293037	-279.3413	1e+05	1e+05	1.76614e-06	1.279656e-06	4.597113e-06
4	4-29560793	31072830	19	C	A	0.029	1.069756	0.2267681	-280.2498	1e+05	1e+05	4.439625e-06	3.295018e-06	9.920307e-06
4	4-29563720	31075757	6	C	T	0.027	1.139628	0.22382	-278.5682	1e+05	1e+05	8.077305e-07	5.733923e-07	2.416065e-06
4	4-29563757	31075794	5	A	G	0.027	1.134337	0.2238393	-278.6794	1e+05	1e+05	9.038141e-07	6.434897e-07	2.648596e-06
4	4-29563847	31075884	6	A	G	0.027	1.136882	0.2237424	-278.6168	1e+05	1e+05	8.483699e-07	6.030155e-07	2.514945e-06
4	4-29566002	31078037	14	T	C	0.031	0.9833643	0.2144053	-280.8137	1e+05	1e+05	7.879494e-06	5.936023e-06	1.611105e-05
4	4-29576855	31088173	8	T	C	0.028	1.105222	0.2256059	-279.447	1e+05	1e+05	1.965873e-06	1.428364e-06	5.023885e-06
4	4-29577174	31088492	10	A	C	0.035	0.9367103	0.2028545	-280.6806	1e+05	1e+05	6.880851e-06	5.165452e-06	1.436106e-05
4	4-29577393	31088711	18	T	C	0.029	1.098255	0.2261421	-279.6368	1e+05	1e+05	2.38296e-06	1.74013e-06	5.894624e-06
4	4-29577695	31089013	12	T	C	0.031	0.9743474	0.2147989	-281.0273	1e+05	1e+05	9.794928e-06	7.420881e-06	1.938884e-05
4	4-29579547	31090865	11	C	A	0.025	1.177276	0.2452479	-279.8859	1e+05	1e+05	3.068031e-06	2.255214e-06	7.277338e-06
4	4-29582705	31094023	13	A	G	0.031	0.9906164	0.2142781	-280.6575	1e+05	1e+05	6.720925e-06	5.04231e-06	1.407774e-05
4	4-29582733	31094051	12	C	T	0.033	0.9910664	0.2091722	-280.1597	1e+05	1e+05	4.051425e-06	2.999742e-06	9.186039e-06
4	4-29583409	31094727	21	A	T	0.032	0.9800683	0.2143995	-280.8785	1e+05	1e+05	8.417491e-06	6.352225e-06	1.704135e-05
4	4-29583423	31094741	24	G	A	0.033	0.9785275	0.2144269	-280.9115	1e+05	1e+05	8.704994e-06	6.574927e-06	1.753525e-05
4	4-29584622	31095940	35	C	G	0.029	1.063819	0.2315887	-280.7835	1e+05	1e+05	7.640642e-06	5.751478e-06	1.569535e-05
4	4-29584638	31095956	33	A	G	0.029	1.056916	0.231555	-280.9074	1e+05	1e+05	8.668511e-06	6.546656e-06	1.74727e-05
4	4-29584642	31095960	33	T	C	0.029	1.056916	0.231555	-280.9074	1e+05	1e+05	8.668511e-06	6.546656e-06	1.74727e-05
4	4-29584660	31095978	25	A	G	0.027	1.06092	0.2309695	-280.7845	1e+05	1e+05	7.648496e-06	5.757543e-06	1.570905e-05
4	4-29584684	31096002	26	T	C	0.027	1.053939	0.2311691	-280.9297	1e+05	1e+05	8.867596e-06	6.700964e-06	1.781362e-05
4	4-29618505	31114039	8	A	C	0.037	0.9255427	0.2011576	-280.7514	1e+05	1e+05	7.39527e-06	5.56205e-06	1.526648e-05
4	4-29620884	31116418	8	A	C	0.03	1.129705	0.2371381	-280.0463	1e+05	1e+05	3.610854e-06	2.665525e-06	8.340347e-06
4	4-29622288	31117823	30	T	G	0.042	0.9267128	0.1955812	-280.1588	1e+05	1e+05	4.047626e-06	2.996856e-06	9.178804e-06
4	4-29626098	31121628	24	C	T	0.038	0.9254072	0.2022269	-280.8579	1e+05	1e+05	8.242314e-06	6.216628e-06	1.673933e-05
4	4-29628100	31123630	22	C	T	0.046	0.9061924	0.1923093	-280.2726	1e+05	1e+05	4.54381e-06	3.374381e-06	1.011579e-05
4	4-29629715	31125201	26	A	G	0.033	0.9914057	0.2142764	-280.6415	1e+05	1e+05	6.612713e-06	4.959029e-06	1.388551e-05
4	4-29641201	31138286	24	A	T	0.043	0.9057171	0.1964931	-280.7158	1e+05	1e+05	7.132212e-06	5.359149e-06	1.480457e-05
4	4-29658349	31156479	28	T	G	0.036	0.9457648	0.2084317	-281.0212	1e+05	1e+05	9.734502e-06	7.373915e-06	1.928681e-05
4	4-29658368	31156498	26	T	C	0.033	0.977719	0.2146404	-280.9467	1e+05	1e+05	9.022884e-06	6.821388e-06	1.807885e-05
4	4-29659412	31157541	25	A	G	0.033	1.160424	0.2230835	-278.0549	1e+05	1e+05	4.80942e-07	3.368078e-07	1.584924e-06
4	4-29661086	31159215	26	G	A	0.033	0.9810394	0.2147871	-280.8944	1e+05	1e+05	8.554304e-06	6.458177e-06	1.727665e-05
4	4-29661631	31159760	28	A	T	0.031	1.085321	0.234681	-280.6505	1e+05	1e+05	6.673457e-06	5.005774e-06	1.399347e-05
4	4-29663407	31161536	27	T	C	0.033	1.104513	0.2226214	-279.1651	1e+05	1e+05	1.477473e-06	1.065523e-06	3.96664e-06
4	4-29670357	31168483	23	A	T	0.043	0.8810895	0.1936854	-280.9724	1e+05	1e+05	9.262334e-06	7.007185e-06	1.848666e-05
4	4-29598971	31181000	26	A	G	0.03	1.115868	0.2225368	-278.9242	1e+05	1e+05	1.157777e-06	8.296605e-07	3.244986e-06
4	4-29697294	31200972	25	T	C	0.06	0.951439	0.1776423	-277.3217	1e+05	1e+05	2.295709e-07	1.576833e-07	8.742567e-07
4	4-29697811	31201489	28	C	T	0.042	0.9467451	0.1965361	-279.8115	1e+05	1e+05	2.845108e-06	2.087239e-06	6.832992e-06
4	4-29704353	31208031	32	C	T	0.028	1.054715	0.2313142	-280.9276	1e+05	1e+05	8.848754e-06	6.686356e-06	1.77814e-05
4	4-29704963	31208641	0	A	T	0.026	1.179155	0.2544266	-280.6081	1e+05	1e+05	6.391393e-06	4.788812e-06	1.349103e-05
4	4-29709612	31213290	11	T	C	0.028	1.065541	0.224483	-280.122	1e+05	1e+05	3.899402e-06	2.884305e-06	8.895793e-06
4	4-29733422	31237099	21	T	A	0.032	0.9924727	0.21426	-280.6187	1e+05	1e+05	6.460514e-06	4.841957e-06	1.361443e-05
4	4-29746481	31250449	31	C	T	0.034	0.9934246	0.2149203	-280.6607	1e+05	1e+05	6.742914e-06	5.059236e-06	1.411675e-05
4	4-29747147	31251115	41	T	G	0.03	1.130331	0.2298829	-279.3657	1e+05	1e+05	1.810451e-06	1.312611e-06	4.692409e-06
4	4-29750219	31254187	22	G	A	0.027	1.20703	0.2442003	-279.2493	1e+05	1e+05	1.609068e-06	1.163016e-06	4.25624e-06
4	4-29753619	31257587	39	C	T	0.027	1.210597	0.2480144	-279.5266	1e+05	1e+05	2.130955e-06	1.551572e-06	5.371586e-06
4	4-29755921	31259889	31	C	T	0.02	1.348177	0.2826432	-280.0201	1e+05	1e+05	3.515879e-06	2.593612e-06	8.156138e-06
4	4-29765284	31269252	29	T	A	0.036	0.9779788	0.2088477	-280.4003	1e+05	1e+05	5.173861e-06	3.855295e-06	1.128507e-05
4	4-29766372	31270340	33	A	G	0.037	0.9659541	0.2093358	-280.6946	1e+05	1e+05	6.979625e-06	5.241545e-06	1.45356e-05
4	4-29767026	31270994	27	G	C	0.033	0.9846124	0.2144085	-280.7892	1e+05	1e+05	7.685227e-06	5.785914e-06	1.577308e-05
4	4-29768974	31272942	40	C	T	0.033	1.129264	0.2247207	-278.8744	1e+05	1e+05	1.100906e-06	7.878684e-07	3.113459e-06
4	4-29785269	31289472	28	T	C	0.025	1.341069	0.2654416	-278.7504	1e+05	1e+05	9.710895e-07	6.926877e-07	2.808973e-06
4	4-29793883	31298084	30	A	T	0.028	1.132599	0.2293644	-279.271	1e+05	1e+05	1.644813e-06	1.189535e-06	4.334252e-06
4	4-29802276	31306475	31	C	G	0.04	1.077823	0.2145715	-278.8838	1e+05	1e+05	1.111391e-06	7.955689e-07	3.137788e-06
4	4-34944208	36540093	5	A	G	0.015	1.958778	0.4285537	-280.8809	1e+05	1e+05	8.437652e-06	6.367835e-06	1.707606e-05
4	4-49736747	51863001	8	C	T	0.185	0.5319792	0.1146467	-280.584	1e+05	1e+05	6.236717e-06	4.669941e-06	1.321423e-05
4	4-76182638	78984719	11	A	G	0.036	0.9517777	0.2099674	-281.0404	1e+05	1e+05	9.926855e-06	7.523447e-06	1.961131e-05
4	4-76184596	78986677	42	T	C	0.018	1.568527	0.3404283	-280.7239	1e+05	1e+05	7.191365e-06	5.404758e-06	1.490864e-05
4	4-88046086	91482485	12	A	G	0.015	2.012947	0.4369829	-280.7284	1e+05	1e+05	7.224147e-06	5.430038e-06	1.496626e-05
4	4-103280755	100860568	4	T	C	0.015	1.900139	0.3979973	-280.0009	1e+05	1e+05	3.448077e-06	2.542304e-06	8.024193e-06
4	4-96380406	101784784	18	T	G	0.332	-0.4075422	0.08924372	-280.8981	1e+05	1e+05	8.58673e-06	6.483295e-06	1.733235e-05
4	4-96367510	101797680	6	C	A	0.386	-0.4076018	0.0894601	-280.9421	1e+05	1e+05	8.980408e-06	6.788444e-06	1.800636e-05
4	4-106442798	110541720	4	T	C	0.012	1.783371	0.359125	-279.1448	1e+05	1e+05	1.447388e-06	1.043265e-06	3.899875e-06
4	4-127172544	130164743	34	A	G	0.011	2.397037	0.513204	-280.4523	1e+05	1e+05	5.454448e-06	4.069968e-06	1.179927e-05
4	4-132076466	135098995	20	T	C	0.027	1.475309	0.2931023	-278.8367	1e+05	1e+05	1.059657e-06	7.575916e-07	3.017377e-06
4	4-140775869	143917915	32	T	C	0.111	0.6632203	0.1449743	-280.8636	1e+05	1e+05	8.290304e-06	6.253768e-06	1.682215e-05
4	4-166248734	169178375	19	A	G	0.04	0.9564146	0.2020997	-280.1844	1e+05	1e+05	4.154312e-06	3.077932e-06	9.381584e-06
4	4-166248737	169178378	19	T	C	0.04	0.8950388	0.1971914	-281.0153	1e+05	1e+05	9.675828e-06	7.328317e-06	1.918766e-05
4	4-200112433	204237588	9	T	C	0.018	1.315149	0.2901416	-281.0412	1e+05	1e+05	9.935197e-06	7.529934e-06	1.962537e-05
4	4-213341357	216816181	36	T	A	0.02	1.576017	0.3356966	-280.3482	1e+05	1e+05	4.906673e-06	3.651155e-06	1.07918e-05
4	4-217999351	221600696	28	T	G	0.019	1.57478	0.3270227	-279.8188	1e+05	1e+05	2.866273e-06	2.103173e-06	6.875394e-06
5	5-2325667	2405877	23	G	A	0.189	0.5177796	0.1019706	-278.6328	1e+05	1e+05	8.622538e-07	6.131444e-07	2.548545e-06
5	5-2325681	2405891	24	G	C	0.185	0.5253817	0.1028678	-278.4958	1e+05	1e+05	7.50718e-07	5.319003e-07	2.275937e-06
5	5-2325740	2405950	27	T	A	0.191	0.4923316	0.1009698	-279.5495	1e+05	1e+05	2.181127e-06	1.589068e-06	5.476435e-06
5	5-6682213	6939363	15	A	G	0.026	1.095388	0.2410641	-280.994	1e+05	1e+05	9.468305e-06	7.167102e-06	1.883634e-05
5	5-6682265	6939415	23	C	G	0.03	1.006992	0.2196893	-280.8255	1e+05	1e+05	7.97451e-06	6.009476e-06	1.627595e-05
5	5-14305165	14738080	9	T	C	0.073	0.7262002	0.1547203	-280.3531	1e+05	1e+05	4.931295e-06	3.669955e-06	1.083741e-05
5	5-55092107	56771314	19	T	C	0.016	1.584762	0.3477587	-280.9386	1e+05	1e+05	8.948231e-06	6.763489e-06	1.795142e-05
5	5-108853380	111485426	6	A	G	0.017	1.548801	0.3342056	-280.6093	1e+05	1e+05	6.399195e-06	4.79481e-06	1.350497e-05
5	5-184398984	188993853	37	A	C	0.453	-0.4180434	0.08931336	-280.4094	1e+05	1e+05	5.22188e-06	3.892013e-06	1.137334e-05
5	5-184400464	188995333	24	T	C	0.435	-0.411146	0.087922	-280.4283	1e+05	1e+05	5.32346e-06	3.969715e-06	1.15597e-05
5	5-213389818	219216337	13	C	T	0.333	0.4032445	0.08705738	-280.6193	1e+05	1e+05	6.464881e-06	4.845315e-06	1.362222e-05
5	5-213703945	219533513	15	G	C	0.047	-0.7885263	0.172444	-280.8725	1e+05	1e+05	8.365713e-06	6.312138e-06	1.695217e-05
6	6-6259127	6608677	8	A	C	0.087	0.5983444	0.1305526	-280.8278	1e+05	1e+05	7.993276e-06	6.023986e-06	1.630849e-05
6	6-34230115	35746582	10	T	G	0.381	-0.3729667	0.081737	-280.9134	1e+05	1e+05	8.721771e-06	6.587929e-06	1.7564e-05
6	6-132443667	136399401	19	A	G	0.5	-0.3589014	0.07910349	-281.023	1e+05	1e+05	9.751976e-06	7.387495e-06	1.931632e-05
6	6-146419749	150265602	9	A	G	0.018	1.305869	0.2703509	-279.7534	1e+05	1e+05	2.682079e-06	1.96461e-06	6.504771e-06
7	7-81719198	84578422	12	T	C	0.015	1.574952	0.3169437	-279.1297	1e+05	1e+05	1.425554e-06	1.027119e-06	3.851281e-06
7	7-81844222	84703860	10	T	G	0.015	1.607757	0.3241855	-279.1743	1e+05	1e+05	1.491264e-06	1.07573e-06	3.997175e-06
7	7-82058248	84877687	15	A	T	0.013	1.537625	0.3216684	-279.9749	1e+05	1e+05	3.358307e-06	2.474413e-06	7.848915e-06
7	7-91471634	94368718	17	C	T	0.435	0.3927436	0.084605	-280.5757	1e+05	1e+05	6.184422e-06	4.629769e-06	1.312043e-05
7	7-91526823	94431044	6	A	G	0.059	0.970601	0.2068662	-280.3605	1e+05	1e+05	4.968538e-06	3.698397e-06	1.090634e-05
7	7-124544451	128558991	12	G	A	0.171	-0.4649801	0.1009059	-280.7216	1e+05	1e+05	7.174364e-06	5.391649e-06	1.487874e-05
7	7-124544606	128559146	6	A	G	0.193	-0.4401206	0.09514485	-280.6457	1e+05	1e+05	6.64063e-06	4.980511e-06	1.393515e-05
7	7-124544712	128559252	11	G	C	0.17	-0.4797506	0.1008233	-280.0708	1e+05	1e+05	3.701774e-06	2.734414e-06	8.516032e-06
7	7-124544718	128559258	9	T	A	0.178	-0.4744861	0.09891946	-279.902	1e+05	1e+05	3.118783e-06	2.293501e-06	7.377824e-06
7	7-124544742	128559282	10	G	A	0.179	-0.4536486	0.09898343	-280.8282	1e+05	1e+05	7.996383e-06	6.026389e-06	1.631387e-05
7	7-124544764	128559304	8	A	G	0.17	-0.4753079	0.1008069	-280.2601	1e+05	1e+05	4.486448e-06	3.330679e-06	1.000824e-05
7	7-124545325	128559865	22	A	C	0.156	-0.4981112	0.1037878	-279.8904	1e+05	1e+05	3.082226e-06	2.265921e-06	7.305468e-06
7	7-124545675	128560215	33	T	C	0.157	-0.5421632	0.1118582	-279.6796	1e+05	1e+05	2.48861e-06	1.819337e-06	6.111372e-06
7	7-124545717	128560257	25	G	A	0.153	-0.5467591	0.1095101	-279.0225	1e+05	1e+05	1.278849e-06	9.188062e-07	3.521613e-06
7	7-124573167	128587705	17	C	G	0.162	-0.4766915	0.1025905	-280.5565	1e+05	1e+05	6.064857e-06	4.537954e-06	1.290557e-05
7	7-124573363	128587901	15	A	G	0.184	-0.4800697	0.09976822	-279.835	1e+05	1e+05	2.913751e-06	2.138927e-06	6.970346e-06
7	7-124573379	128587917	15	A	G	0.176	-0.4859883	0.1010656	-279.8492	1e+05	1e+05	2.955994e-06	2.170752e-06	7.054637e-06
7	7-124573490	128588028	10	C	T	0.174	-0.5090191	0.1005907	-278.7132	1e+05	1e+05	9.35255e-07	6.664707e-07	2.723783e-06
7	7-124574881	128589419	4	C	T	0.164	-0.4831038	0.1023574	-280.2394	1e+05	1e+05	4.393269e-06	3.259722e-06	9.833122e-06
7	7-124575404	128589942	14	T	C	0.178	-0.4679477	0.09922599	-280.256	1e+05	1e+05	4.467685e-06	3.316388e-06	9.973018e-06
7	7-124584360	128600138	12	G	A	0.173	-0.4622693	0.1005923	-280.7753	1e+05	1e+05	7.577726e-06	5.702891e-06	1.558556e-05
7	7-124584403	128600181	12	T	C	0.176	-0.4557195	0.09890921	-280.7242	1e+05	1e+05	7.193194e-06	5.406168e-06	1.491185e-05
7	7-124584645	128600423	15	T	C	0.174	-0.4881359	0.1009999	-279.7411	1e+05	1e+05	2.648922e-06	1.939693e-06	6.437659e-06
7	7-124584659	128600437	13	A	G	0.177	-0.4843065	0.1000405	-279.7053	1e+05	1e+05	2.554303e-06	1.868634e-06	6.245449e-06
7	7-131536169	135533948	8	T	C	0.018	1.374984	0.2883901	-280.0293	1e+05	1e+05	3.548923e-06	2.618626e-06	8.220309e-06
7	7-131537006	135534785	7	T	A	0.017	1.38689	0.2903363	-279.9895	1e+05	1e+05	3.408438e-06	2.512321e-06	7.94688e-06
7	7-169487606	175014436	10	C	T	0.056	0.8358677	0.1816322	-280.7476	1e+05	1e+05	7.366476e-06	5.539831e-06	1.521603e-05
8	8-36289119	37347627	26	T	G	0.17	0.5895852	0.1286353	-280.8268	1e+05	1e+05	7.985701e-06	6.018129e-06	1.629536e-05
8	8-51789919	52804646	21	T	G	0.016	1.60903	0.3333397	-279.7679	1e+05	1e+05	2.721939e-06	1.994576e-06	6.585289e-06
8	8-71493413	73135605	11	C	T	0.355	0.4110129	0.09041892	-280.9869	1e+05	1e+05	9.399968e-06	7.114035e-06	1.872043e-05
8	8-71493632	73135824	15	T	C	0.231	0.4606162	0.09986299	-280.7027	1e+05	1e+05	7.037462e-06	5.286114e-06	1.463764e-05
8	8-86283493	88553871	8	A	G	0.045	0.9760835	0.193052	-278.7327	1e+05	1e+05	9.538685e-07	6.800854e-07	2.768099e-06
8	8-123073293	126922756	27	G	T	0.088	-0.6711672	0.1460219	-280.7716	1e+05	1e+05	7.549042e-06	5.680743e-06	1.553547e-05
8	8-125632729	129945880	5	T	C	0.089	0.6391242	0.1390878	-280.7769	1e+05	1e+05	7.589523e-06	5.712e-06	1.560616e-05
8	8-125817978	130144767	24	G	A	0.098	0.6508296	0.1399774	-280.5437	1e+05	1e+05	5.985997e-06	4.477422e-06	1.276354e-05
8	8-125905479	130180726	5	A	C	0.049	1.226805	0.2591723	-280.1793	1e+05	1e+05	4.132971e-06	3.061709e-06	9.341081e-06
8	8-125981729	130312103	19	T	C	0.063	0.9356267	0.1874728	-279.0318	1e+05	1e+05	1.290949e-06	9.277276e-07	3.549022e-06
8	8-126020910	130351289	6	C	G	0.092	0.6651262	0.1366801	-279.627	69.7944	1e+05	2.279412e-06	1.722483e-06	5.846106e-06
8	8-126104964	130441978	34	C	A	0.075	0.698085	0.1537182	-281.0052	1e+05	1e+05	9.576546e-06	7.251179e-06	1.901971e-05
8	8-126407098	130743916	21	A	G	0.094	0.705724	0.1401481	-278.9722	16.95155	1e+05	1.04923e-06	8.720478e-07	3.377157e-06
8	8-126414750	130751568	18	G	C	0.105	0.6023399	0.1267031	-280.0901	1e+05	1e+05	3.774756e-06	2.789744e-06	8.656607e-06
8	8-126491799	130761387	7	T	C	0.085	0.6538519	0.1423777	-280.7926	573.2776	1e+05	7.680241e-06	5.806749e-06	1.582007e-05
8	8-126493798	130763386	5	G	A	0.103	0.6223112	0.1292449	-279.8212	1e+05	1e+05	2.873136e-06	2.10834e-06	6.889134e-06
8	8-126509411	130778741	18	G	C	0.082	0.6411179	0.139179	-280.7286	1e+05	1e+05	7.225419e-06	5.43102e-06	1.49685e-05
8	8-126510594	130779922	35	G	A	0.081	0.7797242	0.166755	-280.43	1e+05	1e+05	5.332619e-06	3.976722e-06	1.157647e-05
8	8-126522363	130791691	6	C	T	0.089	0.633077	0.1387133	-280.9095	1e+05	1e+05	8.687332e-06	6.56124e-06	1.750497e-05
8	8-126522932	130792260	4	T	C	0.118	0.6015193	0.1181287	-278.8052	10.40998	1e+05	8.063981e-07	7.332624e-07	2.939657e-06
8	8-126523685	130793013	2	C	T	0.097	0.6146805	0.132719	-280.6214	1e+05	1e+05	6.478888e-06	4.856087e-06	1.36472e-05
8	8-126556494	130803977	7	A	C	0.095	0.5996792	0.1315322	-280.9296	1e+05	1e+05	8.867127e-06	6.700601e-06	1.781282e-05
8	8-126540477	130825194	3	G	A	0.093	0.6128537	0.1332458	-280.7585	1e+05	1e+05	7.448789e-06	5.603353e-06	1.536018e-05
8	8-126539674	130825997	3	A	G	0.107	0.6175479	0.1320324	-280.4241	1e+05	1e+05	5.300403e-06	3.952074e-06	1.151744e-05
8	8-126720372	130972805	22	A	G	0.126	0.5830696	0.1250857	-280.4927	1e+05	1e+05	5.683577e-06	4.245484e-06	1.221645e-05
8	8-126771927	131050705	37	T	G	0.129	0.6045536	0.1307257	-280.6508	1e+05	1e+05	6.675427e-06	5.00729e-06	1.399697e-05
8	8-128228209	132594264	29	C	T	0.092	0.6263398	0.1290087	-279.6433	1e+05	1e+05	2.398733e-06	1.751949e-06	5.927074e-06
8	8-134626296	139052708	16	G	A	0.01	1.76508	0.3823063	-280.6837	1e+05	1e+05	6.902499e-06	5.182127e-06	1.439934e-05
8	8-137796855	142339366	6	C	T	0.421	0.3851775	0.08225631	-280.5018	23.83559	1e+05	5.175802e-06	4.285838e-06	1.231198e-05
8	8-148342009	153364422	20	C	T	0.322	-0.4318572	0.09184875	-280.3175	1e+05	1e+05	4.756068e-06	3.536214e-06	1.051211e-05
9	9-24963619	24934488	20	C	T	0.032	0.9771262	0.2132857	-280.8357	1e+05	1e+05	8.058111e-06	6.074124e-06	1.642082e-05
9	9-24964703	24935572	6	G	A	0.03	0.9896466	0.2145445	-280.7014	1e+05	1e+05	7.028293e-06	5.279048e-06	1.462147e-05
9	9-24964764	24935633	7	T	C	0.03	0.9942617	0.2144505	-280.6005	1e+05	1e+05	6.342235e-06	4.751025e-06	1.340316e-05
9	9-112639504	115960469	26	A	G	0.025	1.58283	0.3075575	-278.3139	1e+05	1e+05	6.247e-07	4.404896e-07	1.959575e-06
9	9-148610357	151403208	19	A	T	0.354	-0.385162	0.08454148	-280.9436	1e+05	1e+05	8.993931e-06	6.798932e-06	1.802945e-05
9	9-148610355	151403210	21	A	T	0.361	-0.3862619	0.08435604	-280.8457	1e+05	1e+05	8.140742e-06	6.138039e-06	1.656382e-05
10	10-15307318	15634334	18	A	G	0.026	1.30251	0.2780269	-280.3912	1e+05	1e+05	5.126224e-06	3.818879e-06	1.119739e-05
10	10-19250457	19679277	17	A	G	0.291	0.4042839	0.08806446	-280.7954	1e+05	1e+05	7.733907e-06	5.82352e-06	1.585787e-05
10	10-22130321	22664928	6	A	G	0.255	-0.4073417	0.08979042	-281.0252	1e+05	1e+05	9.774213e-06	7.404779e-06	1.935387e-05
10	10-22726174	23177397	18	A	G	0.016	1.336383	0.288875	-280.6441	1e+05	1e+05	6.630027e-06	4.972352e-06	1.39163e-05
10	10-42337702	43513293	14	G	A	0.021	1.840879	0.3602401	-278.4828	1e+05	1e+05	7.409434e-07	5.247947e-07	2.251737e-06
10	10-54974701	55768448	14	A	T	0.013	1.617343	0.3457884	-280.424	1e+05	1e+05	5.30002e-06	3.951781e-06	1.151674e-05
10	10-68647601	67872828	31	T	C	0.011	1.848336	0.4043724	-280.88	1e+05	1e+05	8.430167e-06	6.36204e-06	1.706317e-05
10	10-122281688	123330789	11	A	G	0.124	-0.5676729	0.1152534	-279.3277	1e+05	1e+05	1.741975e-06	1.261693e-06	4.544989e-06
