chr	rs	ps	n_miss	allele1	allele0	af	beta	se	logl_H1	l_remle	l_mle	p_wald	p_lrt	p_score
1	1-3029375	3131323	9	C	T	0.188	0.1613143	0.03453859	-80.05163	4.179429	1e+05	5.264644e-06	4.897373e-06	1.293905e-05
1	1-6828392	6823456	42	C	T	0.456	-0.1570964	0.03134106	-78.31772	15.07266	1e+05	1.114453e-06	8.05431e-07	2.928472e-06
1	1-6828411	6823475	41	A	G	0.448	-0.1494412	0.03116257	-79.29579	16.56371	1e+05	3.012655e-06	2.22681e-06	6.728106e-06
1	1-12445287	12641416	41	T	C	0.05	0.3026284	0.06567493	-80.12788	1e+05	1e+05	6.933556e-06	5.303285e-06	1.382916e-05
1	1-29243014	29496612	16	A	T	0.182	0.184109	0.03821888	-79.46194	3.744688	1e+05	2.731491e-06	2.647585e-06	7.761725e-06
1	1-29243019	29496617	15	A	G	0.179	0.1823244	0.03796464	-79.57139	3.474214	1e+05	2.919743e-06	2.967447e-06	8.530046e-06
1	1-29258925	29512523	20	G	A	0.27	0.1504916	0.03305874	-80.59281	3.938864	1e+05	8.839665e-06	8.622432e-06	2.079483e-05
1	1-35408578	36307247	32	T	C	0.079	0.2811853	0.06143849	-80.26181	1e+05	1e+05	7.948389e-06	6.099745e-06	1.554731e-05
1	1-85714743	87460085	22	A	C	0.037	0.3379199	0.07113473	-79.5085	1e+05	1e+05	3.689804e-06	2.779189e-06	8.07951e-06
1	1-85728440	87473087	10	T	C	0.028	0.3806912	0.07993724	-79.45581	1e+05	1e+05	3.497261e-06	2.630724e-06	7.720833e-06
1	1-88459288	90433973	9	A	G	0.056	0.2666016	0.0586119	-80.51667	5.087042	1e+05	8.98103e-06	7.962221e-06	1.94458e-05
1	1-88460738	90435423	17	C	A	0.056	0.279628	0.06017425	-80.01811	6.888054	1e+05	5.842142e-06	4.728979e-06	1.25666e-05
1	1-88461442	90436127	23	C	T	0.025	0.5783529	0.1262861	-80.24896	1e+05	1e+05	7.844896e-06	6.018403e-06	1.537342e-05
1	1-104356722	106919770	22	A	G	0.048	0.3481779	0.07346162	-79.71385	4.273435	1e+05	3.873029e-06	3.442629e-06	9.64825e-06
1	1-164818039	166462092	4	T	C	0.05	0.3487178	0.07666812	-80.50388	4.886162	1e+05	8.988223e-06	7.856414e-06	1.922815e-05
1	1-166042488	167746252	19	T	A	0.19	-0.1688824	0.03687883	-80.94889	2.102745	1e+05	7.855817e-06	1.251891e-05	2.849711e-05
1	1-167589694	169296285	9	A	C	0.033	0.3876727	0.0801768	-79.13249	1e+05	1e+05	2.517614e-06	1.878683e-06	5.849213e-06
1	1-171198288	173124020	18	T	C	0.331	0.1802056	0.03780184	-79.50463	6.501868	1e+05	3.423721e-06	2.76801e-06	8.052608e-06
1	1-171889482	173724006	16	T	C	0.354	-0.146295	0.03208611	-80.51483	4.449932	1e+05	8.567648e-06	7.946913e-06	1.941434e-05
1	1-171889485	173724009	15	A	G	0.348	-0.1483985	0.03197084	-80.20728	4.036972	1e+05	5.979762e-06	5.761903e-06	1.48228e-05
1	1-171890453	173724977	17	C	T	0.52	0.1328863	0.0285844	-79.93665	22.9823	1e+05	5.792464e-06	4.343464e-06	1.170629e-05
1	1-171890919	173725443	14	A	G	0.368	0.1519824	0.03256946	-79.9519	6.271698	1e+05	5.361941e-06	4.413154e-06	1.186263e-05
1	1-171892214	173726738	13	T	C	0.368	0.1562229	0.03388776	-80.14919	8.335856	1e+05	6.872017e-06	5.422668e-06	1.408899e-05
1	1-171893106	173727630	29	G	A	0.368	0.1621759	0.03433678	-79.81157	4.43634	1e+05	4.168977e-06	3.812008e-06	1.0501e-05
1	1-171867683	173739944	40	A	C	0.409	-0.1496296	0.03060144	-78.87551	23.06588	1e+05	1.964938e-06	1.437946e-06	4.696956e-06
1	1-171813876	173792843	41	C	A	0.53	0.1365513	0.02977212	-80.21788	375.4152	1e+05	7.614136e-06	5.82609e-06	1.496092e-05
1	1-171811347	173795371	15	G	A	0.505	0.1404175	0.02819711	-78.47014	15.44875	1e+05	1.296874e-06	9.43561e-07	3.330324e-06
1	1-171811336	173795382	20	A	G	0.505	0.1339331	0.02924569	-80.2395	16.30692	1e+05	7.848984e-06	5.959185e-06	1.524661e-05
1	1-171811305	173795413	20	G	A	0.52	0.1317076	0.02884169	-80.34664	7.648302	1e+05	8.306606e-06	6.665231e-06	1.674713e-05
1	1-171811150	173795568	20	T	C	0.371	0.1520849	0.03323752	-80.36915	5.744099	1e+05	7.983048e-06	6.823938e-06	1.708116e-05
1	1-171810095	173796623	34	T	C	0.439	0.1474207	0.0313171	-79.74019	7.500158	1e+05	4.471723e-06	3.538485e-06	9.870832e-06
1	1-171809892	173796826	29	T	A	0.456	-0.1369151	0.02998061	-80.29295	45.22632	1e+05	8.298712e-06	6.301476e-06	1.597712e-05
1	1-171943443	173843152	28	T	C	0.353	0.153898	0.03398643	-80.46161	13.89836	1e+05	9.809008e-06	7.516612e-06	1.852629e-05
1	1-171944058	173843767	11	G	T	0.519	0.1311672	0.02884098	-80.42025	8.011561	1e+05	9.006282e-06	7.198421e-06	1.786494e-05
1	1-171955670	173855379	14	C	T	0.512	0.1367166	0.0288493	-79.60018	7.649337	1e+05	3.883358e-06	3.057864e-06	8.744833e-06
1	1-171955824	173855533	3	C	A	0.516	0.1333856	0.02833137	-79.7414	7.527097	1e+05	4.457908e-06	3.542975e-06	9.881236e-06
1	1-171956787	173856496	14	G	A	0.452	-0.1319763	0.02857445	-80.0899	10.43774	1e+05	6.615704e-06	5.097059e-06	1.337825e-05
1	1-171956795	173856504	16	G	A	0.539	0.1324205	0.02879935	-80.16501	13.6052	1e+05	7.241607e-06	5.512987e-06	1.428501e-05
1	1-171957943	173857652	15	A	G	0.502	0.1362675	0.02921763	-79.95692	6.555454	1e+05	5.422212e-06	4.43635e-06	1.191459e-05
1	1-171958165	173857874	15	A	C	0.355	0.1592985	0.03391729	-79.8047	6.908901	1e+05	4.689156e-06	3.78479e-06	1.043861e-05
1	1-172837851	174751402	24	A	G	0.379	0.1661063	0.03291893	-78.46451	3.713266	1e+05	9.533347e-07	9.380548e-07	3.314508e-06
1	1-209373847	212344891	34	T	C	0.194	0.1787627	0.03901726	-80.6452	2.966999	1e+05	7.779338e-06	9.108314e-06	2.177829e-05
1	1-225848873	229442879	11	T	C	0.04	0.349137	0.0708478	-79.20344	2.653033	1e+05	1.647882e-06	2.022677e-06	6.215669e-06
1	1-225949514	229528252	13	A	G	0.036	0.3367518	0.07371221	-81.04423	2.088754	1e+05	8.238316e-06	1.383463e-05	3.101814e-05
1	1-225969531	229558642	22	A	G	0.035	0.3417686	0.07386047	-80.92447	1.889578	1e+05	6.372468e-06	1.220254e-05	2.788567e-05
1	1-225969691	229558802	33	T	G	0.045	0.3270934	0.07028372	-80.66235	2.102541	1e+05	5.666428e-06	9.273253e-06	2.211043e-05
1	1-225969986	229559097	25	C	T	0.038	0.318924	0.06996094	-80.93472	2.371178	1e+05	8.599303e-06	1.233434e-05	2.814066e-05
1	1-225971146	229560257	19	T	C	0.039	0.3590984	0.06958774	-78.52205	1.884475	1e+05	5.55541e-07	9.958305e-07	3.479693e-06
1	1-225971152	229560263	18	A	C	0.037	0.3411941	0.07162319	-80.24444	2.001918	1e+05	3.47596e-06	5.989996e-06	1.531261e-05
1	1-225971278	229560389	19	A	T	0.039	0.3321602	0.06958901	-80.14156	2.109832	1e+05	3.331796e-06	5.37962e-06	1.39954e-05
1	1-226035426	229629855	44	T	C	0.042	0.3322805	0.07267121	-80.96108	2.187723	1e+05	8.099152e-06	1.26798e-05	2.880726e-05
1	1-226035068	229630213	23	A	G	0.053	0.2983331	0.0648653	-80.77811	2.316529	1e+05	7.202658e-06	1.046813e-05	2.449292e-05
1	1-226061440	229631083	20	T	C	0.04	0.3189456	0.06976207	-80.98414	2.155774	1e+05	8.115945e-06	1.298996e-05	2.940363e-05
1	1-226061513	229631156	14	G	A	0.046	0.3170556	0.06746338	-80.5383	2.014994	1e+05	4.627164e-06	8.144396e-06	1.981958e-05
1	1-226061554	229631197	19	A	G	0.044	0.321463	0.06858434	-80.61299	1.980036	1e+05	4.892221e-06	8.806432e-06	2.116816e-05
1	1-226061567	229631210	22	A	G	0.045	0.3232479	0.06855988	-80.5019	1.96657	1e+05	4.325512e-06	7.840098e-06	1.919455e-05
1	1-226061731	229631374	22	T	C	0.033	0.3393162	0.07463713	-80.97258	2.394019	1e+05	9.074179e-06	1.283357e-05	2.910317e-05
1	1-226062067	229631710	17	T	C	0.039	0.3167213	0.069868	-81.15075	2.151362	1e+05	9.602624e-06	1.546961e-05	3.410638e-05
1	1-226062114	229631757	18	G	A	0.039	0.318917	0.06977394	-81.00638	2.127148	1e+05	8.157992e-06	1.329631e-05	2.999079e-05
1	1-226062935	229632578	14	A	G	0.034	0.3354227	0.07099267	-80.42122	1.987915	1e+05	4.138338e-06	7.205722e-06	1.788016e-05
1	1-226068112	229637815	20	T	C	0.032	0.3612009	0.07801468	-80.35783	3.250603	1e+05	6.297578e-06	6.743643e-06	1.691231e-05
1	1-226069213	229638916	13	A	T	0.033	0.3402819	0.07515587	-81.20882	2.099066	1e+05	9.831806e-06	1.644127e-05	3.592081e-05
1	1-226069909	229639612	20	G	A	0.04	0.329252	0.06974192	-80.33779	2.166143	1e+05	4.20804e-06	6.603833e-06	1.66176e-05
1	1-226071388	229641089	23	A	G	0.04	0.3269691	0.06981365	-80.34397	2.495275	1e+05	4.972347e-06	6.646647e-06	1.670794e-05
1	1-226072182	229641883	13	T	C	0.036	0.345413	0.07148118	-79.99367	1.93843	1e+05	2.552111e-06	4.60982e-06	1.230185e-05
1	1-226072397	229642097	6	A	G	0.039	0.3314563	0.06810363	-79.77699	2.027289	1e+05	2.179428e-06	3.676945e-06	1.019072e-05
1	1-226072517	229642217	8	T	C	0.037	0.3216035	0.06966917	-80.82347	2.111041	1e+05	6.68953e-06	1.097736e-05	2.549656e-05
1	1-226072539	229642239	6	G	A	0.037	0.3233037	0.06965955	-80.69948	2.137088	1e+05	5.992609e-06	9.640844e-06	2.284771e-05
1	1-226072732	229642432	10	A	G	0.04	0.3345517	0.06806727	-79.59978	1.95332	1e+05	1.749103e-06	3.056577e-06	8.741783e-06
1	1-226072768	229642468	13	C	T	0.043	0.3128504	0.06853323	-81.14785	1.919657	1e+05	8.36547e-06	1.542261e-05	3.401825e-05
1	1-226083223	229652841	20	A	G	0.03	0.3788843	0.08129648	-80.18809	3.453284	1e+05	5.503145e-06	5.647566e-06	1.457621e-05
1	1-226083339	229652957	20	A	G	0.032	0.343036	0.07578328	-80.91642	2.75596	1e+05	9.880508e-06	1.210012e-05	2.768724e-05
1	1-241557292	245141158	12	T	G	0.06	0.2779162	0.05758334	-79.45121	3.529707	1e+05	2.62121e-06	2.618133e-06	7.690273e-06
1	1-242908328	246462746	10	T	C	0.028	0.5318098	0.1159835	-80.22539	1e+05	1e+05	7.658513e-06	5.871978e-06	1.505953e-05
1	1-263709693	268495399	11	A	G	0.498	0.147047	0.02989279	-79.39167	2.26972	1e+05	1.71625e-06	2.460673e-06	7.306062e-06
1	1-263709758	268495464	8	G	A	0.495	0.1398417	0.02911381	-79.78509	2.560099	1e+05	2.90927e-06	3.70816e-06	1.026258e-05
1	1-263711473	268497179	19	G	T	0.5	0.1506412	0.0295628	-78.815	1.901276	1e+05	7.548092e-07	1.35025e-06	4.461179e-06
1	1-263715943	268501650	15	A	G	0.413	-0.1354897	0.0285049	-79.69946	4.035264	1e+05	3.644008e-06	3.391352e-06	9.528792e-06
1	1-265837289	270578714	25	A	G	0.096	0.2516428	0.05337587	-79.92761	3.667644	1e+05	4.330994e-06	4.302658e-06	1.161457e-05
1	1-265845990	270587415	17	A	G	0.098	0.2315086	0.04978022	-80.16478	4.002858	1e+05	5.749097e-06	5.511696e-06	1.428221e-05
1	1-265903552	270651818	22	A	G	0.095	0.2362273	0.05210619	-80.7357	3.479642	1e+05	9.584533e-06	1.001336e-05	2.359088e-05
1	1-265904022	270652288	23	A	G	0.09	0.2417889	0.05202566	-80.19523	3.837522	1e+05	5.828719e-06	5.689848e-06	1.466748e-05
1	1-265915833	270664098	33	T	C	0.077	0.2870624	0.05889212	-79.23871	3.497204	1e+05	2.106745e-06	2.098322e-06	6.406486e-06
1	1-265941848	270689317	4	T	G	0.415	0.1371679	0.02809414	-79.36406	2.857153	1e+05	2.030603e-06	2.390922e-06	7.134634e-06
1	1-265968280	270715745	6	T	C	0.072	0.3022935	0.05856638	-77.69778	6.370865	1e+05	5.524181e-07	4.23381e-07	1.742506e-06
1	1-265979955	270727419	36	A	G	0.091	0.2469646	0.05180622	-79.87417	2.796578	1e+05	3.424139e-06	4.069317e-06	1.108753e-05
1	1-265993559	270741023	20	T	C	0.158	0.2010236	0.03997131	-78.33413	6.042716	1e+05	1.030856e-06	8.192708e-07	2.969241e-06
1	1-265997497	270744960	40	G	A	0.327	0.1670858	0.03285727	-78.24848	3.756678	1e+05	7.928365e-07	7.495635e-07	2.762641e-06
1	1-266008459	270755922	27	G	A	0.354	0.1512363	0.03139134	-79.48651	3.626839	1e+05	2.724784e-06	2.71624e-06	7.927809e-06
1	1-266008902	270756365	23	C	T	0.359	0.1440693	0.03140691	-80.53413	3.402102	1e+05	7.593098e-06	8.108947e-06	1.974694e-05
1	1-266040499	270787040	27	C	T	0.364	0.1528468	0.03039547	-78.97911	2.240377	1e+05	1.033708e-06	1.601546e-06	5.130616e-06
1	1-266082083	270828665	31	T	C	0.107	0.2241774	0.04937609	-80.6085	4.255521	1e+05	9.313606e-06	8.765084e-06	2.108436e-05
1	1-266089351	270835932	11	A	G	0.085	0.2524255	0.05055044	-78.6547	3.822502	1e+05	1.217091e-06	1.143001e-06	3.893389e-06
1	1-266089606	270836187	28	C	T	0.399	0.1511582	0.03018252	-78.53679	4.398488	1e+05	1.137198e-06	1.011202e-06	3.523363e-06
1	1-266107285	270854599	28	A	G	0.106	0.2360462	0.0503831	-80.07178	3.549831	1e+05	4.937795e-06	5.001498e-06	1.316839e-05
1	1-267059823	271809731	39	C	T	0.317	0.1650937	0.03543775	-80.02234	5.364288	1e+05	5.547725e-06	4.749882e-06	1.261294e-05
1	1-269294596	273948430	19	T	C	0.069	0.3005395	0.06487954	-80.00733	24.42002	1e+05	6.232632e-06	4.676012e-06	1.244904e-05
1	1-285205424	290269818	26	A	G	0.102	0.2177585	0.04766221	-80.42523	5.152148	1e+05	8.226796e-06	7.236043e-06	1.794335e-05
1	1-286524857	291610622	7	T	C	0.14	0.20443	0.03927403	-77.68292	3.730787	1e+05	4.485102e-07	4.169106e-07	1.721088e-06
1	1-286549463	291635228	14	A	G	0.123	0.2147403	0.04177087	-78.21577	2.611164	1e+05	6.093317e-07	7.245414e-07	2.687678e-06
1	1-286560818	291646582	9	C	T	0.207	0.1614999	0.03542472	-80.35765	8.512965	1e+05	8.585854e-06	6.742427e-06	1.690975e-05
1	1-286573039	291658800	11	T	A	0.057	0.3012209	0.06088588	-78.80633	4.281459	1e+05	1.507567e-06	1.338138e-06	4.428416e-06
1	1-286579029	291664790	6	T	C	0.051	0.3148251	0.06589797	-79.51713	4.921094	1e+05	3.268111e-06	2.804286e-06	8.139839e-06
1	1-289288681	294613989	19	G	A	0.195	0.1586736	0.03502607	-80.60248	4.818317	1e+05	9.727234e-06	8.710085e-06	2.097282e-05
2	2-6187468	6140364	5	T	C	0.47	0.2170646	0.04445159	-78.93061	8.683797	1e+05	2.02383e-06	1.522757e-06	4.922726e-06
2	2-10706761	10819746	28	T	C	0.147	0.1959854	0.04265185	-80.29104	5.169502	1e+05	7.338262e-06	6.288934e-06	1.595046e-05
2	2-84255893	85871165	30	G	A	0.341	-0.1748304	0.0337757	-77.93695	3.094098	1e+05	5.151498e-07	5.425357e-07	2.12737e-06
2	2-84393301	86013057	5	A	G	0.286	-0.1607574	0.03465691	-79.99365	11.37544	1e+05	6.06313e-06	4.609742e-06	1.230168e-05
2	2-84919272	86566514	4	G	A	0.427	-0.1454946	0.03088415	-79.68306	10.66439	1e+05	4.400178e-06	3.333836e-06	9.394467e-06
2	2-85110505	86757806	44	T	C	0.396	-0.1625388	0.03430969	-80.0417	2.723815	1e+05	3.911048e-06	4.846894e-06	1.282761e-05
2	2-85130607	86777905	28	T	C	0.418	-0.1602097	0.03408687	-80.00048	3.496404	1e+05	4.61951e-06	4.64273e-06	1.237507e-05
2	2-85148623	86794760	29	A	G	0.459	0.1502395	0.03197399	-80.04393	3.265776	1e+05	4.645034e-06	4.858171e-06	1.285252e-05
2	2-85187320	86835832	38	G	A	0.462	0.1485544	0.03230463	-80.43329	3.506149	1e+05	7.225506e-06	7.297241e-06	1.807078e-05
2	2-86072953	87718627	40	A	G	0.308	-0.159248	0.03428446	-80.35635	3.063229	1e+05	5.89563e-06	6.733217e-06	1.689036e-05
2	2-113705201	116359314	2	A	G	0.03	0.4362629	0.09479966	-80.13894	30.66525	1e+05	7.118907e-06	5.364933e-06	1.396344e-05
2	2-188032017	192993252	22	T	A	0.03	0.385177	0.08253377	-80.04861	4.366671	1e+05	5.350298e-06	4.881987e-06	1.29051e-05
3	3-37827445	37579677	26	A	G	0.156	0.1756227	0.03879745	-80.46668	15.26112	1e+05	9.875537e-06	7.556606e-06	1.860913e-05
3	3-48981199	48773626	15	C	T	0.283	0.1599197	0.03301959	-79.51974	2.890824	1e+05	2.428343e-06	2.811943e-06	8.15823e-06
3	3-60574006	60611172	9	A	G	0.174	0.1715951	0.03645513	-79.72349	8.393103	1e+05	4.478363e-06	3.477411e-06	9.729123e-06
3	3-113441073	113856608	38	T	C	0.399	0.1426451	0.0305322	-79.84406	74.74208	1e+05	5.232016e-06	3.943426e-06	1.080129e-05
3	3-121943497	122239939	28	A	G	0.075	0.2684937	0.05890388	-80.37523	7.556653	1e+05	8.615511e-06	6.867438e-06	1.717252e-05
3	3-138275796	138962295	9	A	G	0.092	0.2978792	0.06026403	-78.68586	6.933934	1e+05	1.538478e-06	1.18062e-06	3.997651e-06
3	3-138275798	138962297	8	T	C	0.1	0.2590049	0.05576015	-80.01156	6.757601	1e+05	5.893569e-06	4.69674e-06	1.249507e-05
3	3-138275805	138962304	10	T	C	0.104	0.2776565	0.05874546	-79.67466	6.195694	1e+05	4.107408e-06	3.304751e-06	9.326403e-06
3	3-138302422	138988944	4	T	C	0.103	0.2736666	0.06015083	-80.59459	3.999928	1e+05	8.939026e-06	8.638482e-06	2.082744e-05
3	3-231402111	235629758	8	T	C	0.044	0.3570757	0.07672073	-80.14267	4.09565	1e+05	5.658257e-06	5.385866e-06	1.400898e-05
4	4-4841380	5625546	17	C	T	0.227	0.1598794	0.03364742	-80.44893	1.825067	1e+05	3.670185e-06	7.417608e-06	1.832096e-05
4	4-16787740	17925865	44	T	C	0.025	0.4343493	0.09161182	-79.54909	1e+05	1e+05	3.845349e-06	2.899265e-06	8.367404e-06
4	4-21341672	22585930	26	G	A	0.298	0.1502036	0.03287094	-80.42093	5.201261	1e+05	8.201487e-06	7.203546e-06	1.787563e-05
4	4-21341675	22585933	26	A	G	0.301	0.1493885	0.03292053	-80.54046	5.46478	1e+05	9.40873e-06	8.162804e-06	1.985728e-05
4	4-28825418	30325812	32	C	T	0.358	0.1448641	0.03142816	-80.33349	3.862016	1e+05	6.891272e-06	6.57422e-06	1.655506e-05
4	4-28858524	30358213	7	T	G	0.265	0.1506094	0.03184126	-79.94798	3.24072	1e+05	4.042404e-06	4.395121e-06	1.182221e-05
4	4-81850919	84807881	30	T	C	0.323	-0.1503821	0.03281675	-80.22991	14.55658	1e+05	7.750509e-06	5.899766e-06	1.511919e-05
4	4-99285518	104923229	1	A	G	0.054	0.3802793	0.08170229	-79.91228	20.0322	1e+05	5.652657e-06	4.234379e-06	1.146081e-05
4	4-198503579	202627388	21	G	A	0.139	0.1830114	0.04041668	-80.57518	5.451867	1e+05	9.813476e-06	8.464796e-06	2.047411e-05
4	4-201062538	205286776	13	T	C	0.024	0.535031	0.116659	-80.2836	6.510424	1e+05	7.6231e-06	6.2402e-06	1.584678e-05
4	4-205434733	209787215	5	G	A	0.389	-0.1404921	0.03104452	-80.51866	7.396653	1e+05	9.924758e-06	7.978794e-06	1.947986e-05
4	4-228056513	232484499	22	C	G	0.058	0.2928779	0.06335072	-80.04869	16.67096	1e+05	6.488215e-06	4.882372e-06	1.290595e-05
5	5-29010107	29771982	8	T	C	0.336	-0.1783291	0.03926834	-80.78899	2.94725	1e+05	9.269534e-06	1.058801e-05	2.472979e-05
5	5-49821477	51255001	7	A	G	0.033	0.4509913	0.09958008	-80.46489	1e+05	1e+05	9.778918e-06	7.542449e-06	1.857982e-05
5	5-56400127	58173630	23	T	C	0.329	0.1489207	0.03166802	-79.78402	6.417373	1e+05	4.568162e-06	3.704033e-06	1.025309e-05
5	5-56400128	58173631	23	C	A	0.312	0.1563583	0.03258964	-79.38678	5.766017	1e+05	2.982157e-06	2.448171e-06	7.275393e-06
5	5-56400133	58173636	25	C	G	0.312	0.1571389	0.0324479	-79.1884	5.747933	1e+05	2.432418e-06	1.991259e-06	6.136082e-06
5	5-56884207	58673181	8	A	G	0.213	0.161263	0.03496776	-80.11161	1e+05	1e+05	6.819515e-06	5.213954e-06	1.363416e-05
5	5-85653575	87906463	29	G	T	0.016	0.6474312	0.1411372	-80.3698	4.178113	1e+05	7.591071e-06	6.828589e-06	1.709093e-05
5	5-85653603	87906491	32	T	C	0.016	0.6463487	0.1411342	-80.3991	4.209612	1e+05	7.845981e-06	7.041033e-06	1.753627e-05
5	5-85653615	87906503	34	A	C	0.016	0.6468032	0.1414086	-80.46286	3.861464	1e+05	8.042225e-06	7.526471e-06	1.854672e-05
5	5-128694647	132108060	14	A	G	0.067	0.2273574	0.04978051	-80.37073	5.730349	1e+05	8.283891e-06	6.83525e-06	1.710492e-05
5	5-189880356	194939141	10	T	C	0.068	0.267492	0.05528358	-79.17005	7.334824	1e+05	2.479964e-06	1.953579e-06	6.040363e-06
5	5-192261427	197587860	12	C	T	0.029	0.4326587	0.08803459	-79.04546	3.635633	1e+05	1.752091e-06	1.716006e-06	5.429677e-06
5	5-193159847	198512237	13	A	G	0.029	0.4018196	0.08782641	-80.43734	4.560245	1e+05	8.001868e-06	7.32822e-06	1.813522e-05
5	5-193320658	198669461	30	A	G	0.06	0.2999407	0.06387862	-79.87761	5.200064	1e+05	4.714091e-06	4.083908e-06	1.112062e-05
6	6-28981861	30454726	6	T	C	0.215	0.1909257	0.03724888	-78.36002	2.527684	1e+05	6.549469e-07	8.415918e-07	3.034744e-06
6	6-69823221	72536927	3	A	G	0.064	0.3409545	0.07082901	-79.22065	13.79992	1e+05	2.774541e-06	2.059241e-06	6.308045e-06
6	6-130138665	134038760	19	C	G	0.17	0.1795366	0.03856593	-80.56221	2.241475	1e+05	5.631131e-06	8.350664e-06	2.024136e-05
6	6-130138970	134039065	28	A	C	0.162	0.2006085	0.03999072	-79.22802	1.831665	1e+05	1.094388e-06	2.075108e-06	6.348048e-06
6	6-139059652	143242642	15	C	T	0.121	0.1916756	0.04181083	-80.48848	3.534769	1e+05	7.6875e-06	7.730876e-06	1.896937e-05
6	6-140054641	143954636	28	G	A	0.052	0.3050484	0.06453925	-79.82422	4.006593	1e+05	4.105155e-06	3.862647e-06	1.061689e-05
7	7-695497	55000	23	G	A	0.158	0.22606	0.0417124	-77.80225	1.347608	1e+05	1.584487e-07	4.718103e-07	1.901011e-06
7	7-672207	77234	6	A	G	0.153	0.1989827	0.04188416	-80.77041	1.47951	1e+05	3.68376e-06	1.038399e-05	2.432645e-05
7	7-669786	79655	13	A	G	0.189	0.1908716	0.03634897	-78.33625	1.611512	1e+05	3.598597e-07	8.210746e-07	2.974545e-06
7	7-667986	81455	16	T	C	0.15	0.2235861	0.04338626	-78.84424	1.582777	1e+05	5.742896e-07	1.391937e-06	4.573564e-06
7	7-663473	85968	13	A	G	0.127	0.2711666	0.0463451	-74.86646	2.257957	1e+05	1.784472e-08	2.271568e-08	1.753533e-07
7	7-594505	158498	10	T	G	0.146	0.2050432	0.04279942	-79.8392	2.535447	1e+05	3.077748e-06	3.923513e-06	1.075589e-05
7	7-593167	159836	7	T	C	0.149	0.2034195	0.04147314	-79.85171	1.703154	1e+05	1.832637e-06	3.975029e-06	1.087327e-05
7	7-588551	164451	7	A	C	0.13	0.2378096	0.04602208	-78.55466	1.759386	1e+05	5.375267e-07	1.030148e-06	3.577035e-06
7	7-587475	165527	6	T	C	0.134	0.2381414	0.04325761	-77.10247	1.623238	1e+05	1.036481e-07	2.285377e-07	1.064506e-06
7	7-564350	188649	20	A	G	0.153	0.1919672	0.04212513	-81.55488	1.529391	1e+05	8.656666e-06	2.364569e-05	4.898719e-05
7	7-558213	194784	36	A	C	0.151	0.2193024	0.04600714	-81.21141	1.193944	1e+05	3.429981e-06	1.648603e-05	3.600405e-05
7	7-558180	194817	35	A	G	0.147	0.2190674	0.04609737	-80.54538	1.684607	1e+05	3.65928e-06	8.204979e-06	1.994362e-05
7	7-554872	198125	26	A	G	0.128	0.2180616	0.04635385	-81.20366	1.355918	1e+05	4.533289e-06	1.635253e-05	3.575569e-05
7	7-553745	199252	15	T	C	0.152	0.2212666	0.04213642	-78.54542	1.433848	1e+05	3.596683e-07	1.020307e-06	3.549177e-06
7	7-553429	199568	24	C	T	0.136	0.2305403	0.04339422	-78.44455	1.311407	1e+05	2.671353e-07	9.188073e-07	3.259096e-06
7	7-552258	200739	5	A	G	0.143	0.1921368	0.04224026	-81.1226	2.044999	1e+05	8.978191e-06	1.501944e-05	3.326065e-05
7	7-551707	201289	6	A	G	0.132	0.1966198	0.04299352	-81.45006	1.547458	1e+05	8.068875e-06	2.11798e-05	4.458252e-05
7	7-551319	201677	36	T	C	0.148	0.2216102	0.04583047	-79.99068	1.912698	1e+05	2.51521e-06	4.595459e-06	1.226988e-05
7	7-521584	230368	25	A	G	0.175	0.1975127	0.04023377	-80.46524	1.175641	1e+05	1.797025e-06	7.545214e-06	1.858554e-05
7	7-517958	233989	6	G	A	0.141	0.2292367	0.04245238	-77.812	1.466249	1e+05	1.745166e-07	4.766037e-07	1.916535e-06
7	7-515790	236157	11	A	G	0.142	0.2514885	0.04287217	-75.39614	1.49117	1e+05	1.650842e-08	3.921329e-08	2.670499e-07
7	7-471081	251790	7	A	G	0.135	0.2295421	0.04286331	-77.97852	1.458446	1e+05	2.17173e-07	5.66437e-07	2.202648e-06
7	7-469035	253836	20	A	G	0.153	0.2361556	0.04215443	-76.38326	1.873836	1e+05	6.376537e-08	1.086307e-07	5.911861e-07
7	7-468124	254747	9	C	G	0.127	0.2447043	0.04599439	-77.48469	2.347022	1e+05	2.574354e-07	3.39498e-07	1.459784e-06
7	7-467212	255659	5	A	G	0.145	0.1941913	0.04283085	-81.71518	1.476498	1e+05	9.570555e-06	2.798641e-05	5.660303e-05
7	7-458655	264431	5	T	C	0.141	0.2073184	0.04246265	-80.09889	1.54114	1e+05	2.031217e-06	5.145137e-06	1.348361e-05
7	7-451203	271883	8	A	G	0.157	0.1978597	0.04214846	-80.79178	1.673968	1e+05	4.737745e-06	1.061898e-05	2.479092e-05
7	7-444692	278394	12	A	G	0.162	0.1919408	0.04225855	-81.75606	1.401353	1e+05	9.239001e-06	2.92163e-05	5.873288e-05
7	7-441477	281608	12	T	C	0.15	0.1953086	0.04160972	-80.83643	1.622855	1e+05	4.748928e-06	1.112736e-05	2.579098e-05
7	7-438872	284213	10	A	G	0.16	0.1935128	0.04026478	-80.6285	1.383715	1e+05	2.873602e-06	8.950541e-06	2.145977e-05
7	7-420947	302138	30	T	G	0.172	0.1962516	0.04281061	-81.34013	1.594726	1e+05	7.693288e-06	1.887071e-05	4.039741e-05
7	7-483081	337220	20	T	C	0.153	0.2106285	0.04360182	-80.63888	1.33691	1e+05	2.569458e-06	9.04824e-06	2.16571e-05
7	7-408660	343654	11	A	G	0.147	0.202835	0.04203874	-80.01155	1.953669	1e+05	2.637583e-06	4.696702e-06	1.249499e-05
7	7-401717	350827	17	C	G	0.163	0.1893455	0.04119598	-80.97267	1.956118	1e+05	7.2996e-06	1.283481e-05	2.910556e-05
7	7-385112	371364	22	A	G	0.155	0.2260978	0.04335298	-78.61816	1.512479	1e+05	4.274206e-07	1.100407e-06	3.774637e-06
7	7-379410	377066	25	T	C	0.152	0.2033807	0.04277295	-80.489	1.713211	1e+05	3.616631e-06	7.73501e-06	1.89779e-05
7	7-255778	395406	14	T	C	0.156	0.1962397	0.04171447	-80.79769	1.623722	1e+05	4.531778e-06	1.068489e-05	2.492094e-05
7	7-264200	403828	14	A	G	0.154	0.2173464	0.04106635	-78.1311	1.624874	1e+05	2.945285e-07	6.635903e-07	2.503144e-06
7	7-268643	408271	21	C	T	0.167	0.1941215	0.04192688	-80.67405	2.284843	1e+05	6.29503e-06	9.387572e-06	2.234016e-05
7	7-271308	410936	11	A	G	0.149	0.1989715	0.04292414	-81.2774	1.548349	1e+05	6.146817e-06	1.766814e-05	3.819164e-05
7	7-277781	417408	14	T	C	0.142	0.2383892	0.04548156	-77.41605	4.510793	1e+05	3.769472e-07	3.161979e-07	1.379076e-06
7	7-332085	438191	32	T	C	0.134	0.2452554	0.04806829	-78.16111	3.671022	1e+05	7.316978e-07	6.845864e-07	2.567033e-06
7	7-291616	458939	32	C	G	0.111	0.2920277	0.04953321	-74.65552	2.270725	1e+05	1.415e-08	1.827959e-08	1.484726e-07
7	7-299154	466477	18	G	A	0.137	0.2797883	0.04345801	-71.3626	3.633304	1e+05	7.654631e-10	6.20759e-10	1.194829e-08
7	7-305235	472559	7	T	C	0.156	0.2250862	0.041695	-76.72337	3.937038	1e+05	1.757696e-07	1.543947e-07	7.799872e-07
7	7-305989	473313	6	G	A	0.148	0.2270779	0.04221792	-76.88858	3.439872	1e+05	1.935927e-07	1.831636e-07	8.929514e-07
7	7-308067	475391	5	A	G	0.161	0.201799	0.04019032	-78.7526	2.684965	1e+05	1.070633e-06	1.265431e-06	4.230702e-06
7	7-308324	475648	9	G	A	0.176	0.1827616	0.03967234	-80.5167	2.928342	1e+05	6.970059e-06	7.962467e-06	1.944631e-05
7	7-311532	478856	21	C	T	0.139	0.2453628	0.04555224	-77.16039	2.36369	1e+05	1.864262e-07	2.426572e-07	1.11652e-06
7	7-198475	547587	10	A	G	0.137	0.214203	0.04348636	-79.08369	3.101887	1e+05	1.664913e-06	1.785637e-06	5.610009e-06
7	7-196518	549544	9	A	G	0.153	0.2213792	0.04233201	-77.54035	3.874843	1e+05	3.990482e-07	3.596491e-07	1.528765e-06
7	7-177084	568975	33	C	G	0.116	0.226785	0.04721826	-79.59367	3.269894	1e+05	2.914101e-06	3.037193e-06	8.695817e-06
7	7-176238	569821	28	T	C	0.131	0.2435538	0.04510214	-76.65271	4.51338	1e+05	1.743485e-07	1.435168e-07	7.362395e-07
7	7-159919	587076	15	T	C	0.143	0.2539186	0.04322955	-74.6929	2.406889	1e+05	1.585843e-08	1.899702e-08	1.529091e-07
7	7-127669	619843	18	A	C	0.132	0.238292	0.0461522	-77.92351	3.463967	1e+05	5.481615e-07	5.350223e-07	2.103585e-06
7	7-124332	623180	19	T	C	0.096	0.2356868	0.05143623	-80.32271	5.77398	1e+05	7.762827e-06	6.500565e-06	1.639934e-05
7	7-120802	626710	18	A	G	0.135	0.2350227	0.04684062	-78.83173	2.513161	1e+05	1.088679e-06	1.373936e-06	4.525104e-06
7	7-116033	631579	26	T	C	0.12	0.2307119	0.04421582	-77.44676	5.909905	1e+05	4.221592e-07	3.264167e-07	1.414603e-06
7	7-43258	719144	22	A	G	0.128	0.258438	0.04754571	-76.74727	2.842114	1e+05	1.463726e-07	1.58259e-07	7.953826e-07
7	7-38685	724525	8	A	G	0.166	0.2184837	0.0413932	-77.30247	3.891357	1e+05	3.156528e-07	2.811093e-07	1.25541e-06
7	7-37567	725643	15	T	C	0.138	0.2421398	0.04456879	-76.66223	3.251656	1e+05	1.482806e-07	1.449358e-07	7.419819e-07
7	7-37487	725723	14	T	A	0.13	0.2463778	0.04302593	-75.64909	2.028083	1e+05	3.39497e-08	5.090299e-08	3.269208e-07
7	7-5571857	5925258	31	C	A	0.065	0.2804377	0.05942162	-80.24402	2.356489	1e+05	4.23719e-06	5.987373e-06	1.5307e-05
7	7-54037701	55911879	4	T	C	0.124	0.2564795	0.0531187	-79.81494	2.20876	1e+05	2.596458e-06	3.825449e-06	1.053178e-05
7	7-54478828	56324755	40	A	G	0.159	0.1896323	0.04025545	-80.62625	1.682307	1e+05	4.405257e-06	8.929473e-06	2.141718e-05
7	7-58875342	60473427	13	T	A	0.026	0.3920035	0.08569876	-80.27246	1e+05	1e+05	8.035192e-06	6.167989e-06	1.569294e-05
7	7-63650826	68827881	42	A	G	0.144	0.2240861	0.04762138	-79.9036	4.180495	1e+05	4.507244e-06	4.196201e-06	1.137467e-05
7	7-106171597	109413119	40	C	T	0.478	-0.1399414	0.02981661	-79.75826	1e+05	1e+05	4.757716e-06	3.605822e-06	1.002664e-05
7	7-173506316	177433569	16	G	C	0.024	0.4140133	0.0894056	-80.06203	8.105593	1e+05	6.274877e-06	4.95088e-06	1.305699e-05
7	7-173937131	179421842	24	T	A	0.417	0.1404375	0.03018695	-79.96012	8.868216	1e+05	5.707549e-06	4.451169e-06	1.194776e-05
7	7-175776742	181273094	34	T	C	0.271	0.1751886	0.03770553	-79.95044	14.49378	1e+05	5.861262e-06	4.406439e-06	1.184758e-05
7	7-175780051	181276399	7	C	T	0.321	0.1478629	0.03156418	-80.14312	3.146431	1e+05	4.949071e-06	5.388408e-06	1.401451e-05
8	8-38510144	39615364	9	G	A	0.296	-0.1477169	0.03171218	-79.9119	1e+05	1e+05	5.563627e-06	4.232719e-06	1.145707e-05
8	8-38705676	39847093	23	C	A	0.322	-0.14362	0.03030777	-79.56161	11.70264	1e+05	3.888114e-06	2.93736e-06	8.458347e-06
8	8-38969715	40138163	4	T	C	0.266	-0.1799779	0.03872236	-79.94158	24.01189	1e+05	5.818095e-06	4.365889e-06	1.175664e-05
8	8-78059547	79980439	7	A	G	0.053	0.305067	0.06738227	-81.10913	2.249646	1e+05	9.8435e-06	1.480883e-05	3.286381e-05
8	8-103797736	106559398	15	C	T	0.034	0.4125793	0.0893177	-80.06311	18.03668	1e+05	6.599768e-06	4.956425e-06	1.30692e-05
8	8-103797761	106559423	12	T	C	0.036	0.3973894	0.08669849	-80.21686	15.84412	1e+05	7.713493e-06	5.819856e-06	1.494752e-05
8	8-149427146	154457025	4	G	A	0.381	0.1390351	0.02865574	-79.33459	3.453937	1e+05	2.333827e-06	2.31864e-06	6.956147e-06
8	8-149652357	154680445	25	A	C	0.401	-0.1310187	0.02892659	-80.46527	10.8005	1e+05	9.761232e-06	7.545449e-06	1.858603e-05
8	8-154080353	159326826	32	A	G	0.079	-0.2393602	0.05265603	-80.72154	3.364046	1e+05	9.093066e-06	9.866082e-06	2.329753e-05
8	8-154095852	159338998	19	A	G	0.071	-0.2587726	0.056551	-80.56881	3.505824	1e+05	7.975488e-06	8.40853e-06	2.035942e-05
9	9-8736199	8429497	16	A	G	0.51	-0.1347911	0.02938757	-80.97998	1.986368	1e+05	7.610238e-06	1.293353e-05	2.929528e-05
9	9-24000305	23879167	21	T	C	0.244	0.1721677	0.03695424	-79.99037	5.992417	1e+05	5.541703e-06	4.593952e-06	1.226652e-05
