chr	rs	ps	n_miss	allele1	allele0	af	beta	se	logl_H1	l_remle	l_mle	p_wald	p_lrt	p_score
1	1-4713460	4837288	19	T	C	0.041	0.7677838	0.1563879	-186.931	2.24475	1e+05	1.849395e-06	1.71137e-06	5.693955e-06
1	1-5573432	5652364	20	A	G	0.318	0.2485879	0.05316486	-188.2688	1.541293	1e+05	5.276743e-06	6.906486e-06	1.79582e-05
1	1-5576387	5655319	9	T	C	0.039	0.6047865	0.1218578	-187.1549	1.327677	1e+05	1.446749e-06	2.160583e-06	6.885769e-06
1	1-5584094	5663026	17	G	C	0.031	0.6755566	0.1420757	-188.256	1.218822	1e+05	3.715647e-06	6.814812e-06	1.775946e-05
1	1-5646523	5722824	12	A	C	0.043	0.5852858	0.1256929	-188.8656	1.110441	1e+05	5.744907e-06	1.28994e-05	3.029806e-05
1	1-5647023	5723324	9	G	C	0.044	0.5806787	0.1172953	-187.1882	1.380799	1e+05	1.532184e-06	2.236751e-06	7.083511e-06
1	1-13167911	13489087	19	T	C	0.028	0.7366986	0.1570828	-187.7271	3.357409	1e+05	4.95897e-06	3.922339e-06	1.123501e-05
1	1-13193417	13515365	28	A	G	0.024	0.7112605	0.1568874	-188.6119	2.164318	1e+05	9.805792e-06	9.888882e-06	2.423763e-05
1	1-13212075	13534023	26	T	C	0.035	0.6428637	0.1323468	-186.8728	4.896842	1e+05	2.343548e-06	1.610793e-06	5.420236e-06
1	1-13223534	13546438	19	A	G	0.026	0.6507192	0.1433809	-188.7406	1.796491	1e+05	9.604123e-06	1.131606e-05	2.713948e-05
1	1-13229337	13552243	28	T	C	0.03	0.6350654	0.1399802	-188.681	1.931425	1e+05	9.669393e-06	1.063068e-05	2.575294e-05
1	1-13229546	13552452	30	G	A	0.027	0.6497239	0.1433664	-188.7101	1.906571	1e+05	9.876145e-06	1.095985e-05	2.642042e-05
1	1-13229547	13552453	30	G	A	0.025	0.6970554	0.1531353	-188.4965	2.257226	1e+05	9.060685e-06	8.764102e-06	2.190766e-05
1	1-13344043	13564309	19	T	C	0.028	0.7093683	0.1381703	-186.2447	1.577585	1e+05	6.5241e-07	8.386017e-07	3.197332e-06
1	1-13352111	13572377	18	A	G	0.018	0.9261799	0.1954596	-187.9371	1.673787	1e+05	3.997873e-06	4.883559e-06	1.346658e-05
1	1-13365871	13586137	36	T	A	0.037	0.6198499	0.1347516	-188.8441	1.335566	1e+05	7.356253e-06	1.261189e-05	2.972881e-05
1	1-36805142	37167483	4	T	C	0.014	0.9428983	0.1961641	-187.7888	1.456285	1e+05	2.946647e-06	4.183159e-06	1.184826e-05
1	1-76873482	78374710	7	A	G	0.056	0.4897003	0.1054722	-187.8147	9.482312	1e+05	6.096648e-06	4.297889e-06	1.211609e-05
1	1-82331589	83998320	14	T	C	0.389	0.2477184	0.05244589	-187.7711	2.161235	1e+05	4.276494e-06	4.106676e-06	1.166907e-05
1	1-94938642	97153527	14	T	C	0.076	0.5024582	0.1022828	-187.3693	1.440064	1e+05	1.824585e-06	2.70106e-06	8.266358e-06
1	1-96219980	98480562	11	A	G	0.07	0.4246645	0.09277165	-188.0959	10.00151	1e+05	8.109059e-06	5.764903e-06	1.545285e-05
1	1-97534557	99796393	31	T	C	0.014	0.9954235	0.213469	-187.8995	3.076929	1e+05	5.58044e-06	4.695538e-06	1.303593e-05
1	1-98694778	101013121	13	A	G	0.02	0.8776568	0.1862373	-187.7745	2.540159	1e+05	4.485172e-06	4.121548e-06	1.170395e-05
1	1-99495372	101846520	32	G	A	0.017	0.9491204	0.1989767	-187.3453	3.824592	1e+05	3.473272e-06	2.63451e-06	8.099011e-06
1	1-110251259	112743426	9	A	G	0.022	0.7636699	0.1607285	-187.6323	2.395272	1e+05	3.775812e-06	3.553294e-06	1.035606e-05
1	1-116377143	117988750	9	C	A	0.012	1.008968	0.2134264	-187.6147	3.098794	1e+05	4.198232e-06	3.488646e-06	1.020063e-05
1	1-120882692	122722836	11	A	C	0.015	0.9949463	0.2010848	-186.6584	2.919009	1e+05	1.551129e-06	1.288799e-06	4.522946e-06
1	1-121778892	123679789	9	A	G	0.02	0.8136601	0.1657234	-186.8844	2.586007	1e+05	1.847161e-06	1.630329e-06	5.473623e-06
1	1-121812863	123713759	35	T	C	0.141	0.3418143	0.07431491	-188.0553	3.931366	1e+05	7.369218e-06	5.525403e-06	1.491803e-05
1	1-122132477	124063508	35	T	C	0.014	1.024005	0.2129886	-187.2644	3.087832	1e+05	2.931965e-06	2.42158e-06	7.558802e-06
1	1-122445672	124368684	43	T	C	0.021	0.8579298	0.1863361	-188.0435	1e+05	1e+05	7.220946e-06	5.457625e-06	1.476604e-05
1	1-122461843	124384986	30	T	C	0.014	1.204506	0.2368342	-186.1881	2.203444	1e+05	8.180652e-07	7.906949e-07	3.04966e-06
1	1-123703608	125625901	7	A	G	0.024	0.7052974	0.1473358	-187.6035	2.07155	1e+05	3.218776e-06	3.447898e-06	1.010243e-05
1	1-124218612	126181064	3	T	C	0.014	0.888598	0.1947925	-188.2243	1e+05	1e+05	8.681993e-06	6.592803e-06	1.72765e-05
1	1-126111034	128260233	7	T	C	0.02	0.8482781	0.1702315	-186.444	3.258196	1e+05	1.319153e-06	1.031438e-06	3.777501e-06
1	1-126907292	129098792	14	A	G	0.013	1.010478	0.2132389	-187.5754	3.037333	1e+05	3.993577e-06	3.348482e-06	9.862043e-06
1	1-127171620	129501547	7	T	A	0.015	1.020621	0.2187886	-187.7645	64.0532	1e+05	5.536735e-06	4.078667e-06	1.160332e-05
1	1-127951887	130261615	30	A	G	0.014	1.157863	0.2375685	-186.9378	3.218315	1e+05	2.175643e-06	1.723528e-06	5.726854e-06
1	1-129005629	131279596	38	A	G	0.023	0.6910202	0.1507571	-188.1312	1e+05	1e+05	7.895736e-06	5.98125e-06	1.593304e-05
1	1-129873382	132187370	23	T	C	0.05	0.5249208	0.1095085	-187.1733	5.356825	1e+05	3.127438e-06	2.202357e-06	6.99436e-06
1	1-129910339	132223887	8	T	C	0.012	1.096672	0.207943	-185.0863	3.297016	1e+05	3.352353e-07	2.523337e-07	1.228637e-06
1	1-130542671	132875848	5	T	C	0.022	0.7010905	0.1525159	-188.3137	2.290366	1e+05	7.456395e-06	7.238268e-06	1.867418e-05
1	1-130686065	133038190	4	T	G	0.012	1.012068	0.2130019	-187.5129	3.08627	1e+05	3.773355e-06	3.137308e-06	9.347565e-06
1	1-131193774	133562624	9	A	G	0.012	1.15151	0.2435291	-187.6652	2.743636	1e+05	4.180491e-06	3.677216e-06	1.065275e-05
1	1-132981176	135398485	2	A	G	0.014	1.066981	0.2276193	-187.8847	2.524707	1e+05	5.009747e-06	4.62388e-06	1.28711e-05
1	1-133647006	136056492	5	A	G	0.014	0.9257862	0.2034756	-188.4127	2.851806	1e+05	9.140511e-06	8.02813e-06	2.035945e-05
1	1-133934725	136343523	19	A	G	0.018	0.8455005	0.1774968	-187.3957	3.517711	1e+05	3.576259e-06	2.7764e-06	8.454997e-06
1	1-134437507	136852609	10	C	T	0.012	0.9873382	0.2111437	-187.8384	3.01924	1e+05	5.268634e-06	4.405689e-06	1.236672e-05
1	1-134766385	137022124	1	G	T	0.012	1.298615	0.280924	-188.0773	2.868542	1e+05	6.662412e-06	5.653618e-06	1.520478e-05
1	1-135424149	137589514	10	T	C	0.012	1.100986	0.2078601	-184.9797	3.280169	1e+05	3.003181e-07	2.259576e-07	1.126289e-06
1	1-135682794	137836719	24	G	A	0.016	0.9677065	0.1991826	-187.08	2.767262	1e+05	2.333257e-06	1.998393e-06	6.46076e-06
1	1-135711723	137865640	7	T	C	0.012	1.095842	0.2079422	-185.1047	3.30158	1e+05	3.416871e-07	2.571938e-07	1.247262e-06
1	1-135712888	137866805	13	A	G	0.025	0.6999422	0.1482356	-187.7198	2.54231	1e+05	4.304882e-06	3.892561e-06	1.116459e-05
1	1-136093922	138268420	19	A	G	0.023	0.8729935	0.1774402	-187.0061	1.980945	1e+05	1.763186e-06	1.850532e-06	6.068241e-06
1	1-137867301	140067011	3	T	C	0.024	0.69419	0.1482885	-187.8967	2.537713	1e+05	5.149117e-06	4.682077e-06	1.3005e-05
1	1-137991652	140197164	7	A	G	0.015	0.9279186	0.2025092	-188.2383	2.969792	1e+05	7.949447e-06	6.689688e-06	1.748756e-05
1	1-139317327	141543268	21	T	C	0.013	0.9704182	0.2099714	-187.9053	8.662307	1e+05	6.691241e-06	4.724062e-06	1.310143e-05
1	1-140902556	143138338	11	T	C	0.017	0.8132786	0.1775232	-188.2625	2.891111	1e+05	7.978979e-06	6.861242e-06	1.786017e-05
1	1-142724090	144851729	17	T	C	0.018	0.9174321	0.1852258	-186.4778	4.512192	1e+05	1.514856e-06	1.068248e-06	3.88596e-06
1	1-143838926	146024248	4	T	C	0.031	0.645935	0.1414354	-188.3377	2.704412	1e+05	8.487633e-06	7.422109e-06	1.906877e-05
1	1-144340027	146506774	10	A	G	0.012	0.95766	0.210082	-188.1749	8.268245	1e+05	8.805368e-06	6.261113e-06	1.655031e-05
1	1-144402221	146566789	12	G	T	0.02	0.8692122	0.1775353	-187.1311	2.028457	1e+05	1.966737e-06	2.107695e-06	6.747786e-06
1	1-144406307	146570870	21	A	G	0.013	1.006997	0.207115	-186.9159	1e+05	1e+05	2.295148e-06	1.684608e-06	5.621396e-06
1	1-146069010	148297995	18	A	G	0.015	0.8677504	0.1841925	-187.7078	2.928728	1e+05	4.514435e-06	3.844168e-06	1.104997e-05
1	1-146989042	148595006	35	T	C	0.014	1.012979	0.2133903	-187.5521	2.958776	1e+05	3.847682e-06	3.267965e-06	9.666514e-06
1	1-149954356	151860634	29	T	C	0.016	1.004966	0.216292	-187.8296	33.67903	1e+05	6.006209e-06	4.365491e-06	1.227337e-05
1	1-159688743	161101129	38	T	G	0.02	0.825762	0.1801628	-188.0929	26.43581	1e+05	7.904209e-06	5.746501e-06	1.541188e-05
1	1-183941383	185980127	25	A	G	0.067	0.4832265	0.1052656	-188.6278	1.563331	1e+05	7.663263e-06	1.005518e-05	2.457873e-05
1	1-208485906	211393147	32	C	T	0.017	0.8684809	0.184365	-187.6961	3.028762	1e+05	4.523364e-06	3.797795e-06	1.093992e-05
1	1-226035068	229630213	24	A	G	0.061	0.539385	0.1045056	-186.1225	1.500738	1e+05	5.735232e-07	7.386708e-07	2.887456e-06
1	1-226070486	229640189	35	G	C	0.031	0.6488182	0.1427833	-188.3606	3.163787	1e+05	9.37165e-06	7.602132e-06	1.945377e-05
1	1-226242407	229770343	21	A	G	0.045	0.5755109	0.1139807	-187.0131	1.177141	1e+05	9.708682e-07	1.863928e-06	6.104014e-06
1	1-226242857	229770793	17	C	G	0.046	0.5359481	0.1104722	-187.3554	1.831513	1e+05	2.407978e-06	2.662197e-06	8.168715e-06
1	1-226242935	229770871	22	T	C	0.042	0.6002541	0.1108347	-184.776	1.727873	1e+05	1.684865e-07	1.830306e-07	9.544503e-07
1	1-226242942	229770878	21	G	A	0.042	0.6033119	0.1107375	-184.6124	1.737065	1e+05	1.437545e-07	1.545309e-07	8.359403e-07
1	1-226243027	229770963	20	C	T	0.034	0.6233364	0.1242533	-186.4585	2.227582	1e+05	1.129376e-06	1.047106e-06	3.823748e-06
1	1-226243390	229771326	28	C	T	0.043	0.5347665	0.1123883	-188.015	1.447242	1e+05	3.661349e-06	5.297742e-06	1.440635e-05
1	1-226275217	229808484	10	G	A	0.052	0.5067377	0.106759	-187.8596	1.739362	1e+05	3.856521e-06	4.504212e-06	1.259494e-05
1	1-226276552	229809819	12	G	C	0.058	0.4929544	0.1057256	-188.3588	1.499501	1e+05	5.592686e-06	7.587928e-06	1.942344e-05
1	1-237115650	240471362	27	A	G	0.168	0.3021133	0.06657601	-188.799	1.597287	1e+05	9.625883e-06	1.203022e-05	2.857146e-05
1	1-237115667	240471379	28	T	G	0.166	0.3033248	0.06671172	-188.8474	1.48364	1e+05	9.262238e-06	1.26559e-05	2.981607e-05
1	1-237115721	240471433	27	A	G	0.216	0.2797918	0.06024901	-188.2223	1.942871	1e+05	6.070214e-06	6.578797e-06	1.724595e-05
1	1-237115844	240471556	25	A	T	0.134	0.332485	0.06955856	-187.6208	1.859887	1e+05	3.322468e-06	3.510779e-06	1.02539e-05
1	1-237717337	241078338	6	T	A	0.056	0.5136579	0.1115043	-188.6015	1.458459	1e+05	7.145449e-06	9.782091e-06	2.401814e-05
1	1-237717652	241078653	10	T	G	0.057	0.5439972	0.1150826	-188.1282	1.403302	1e+05	4.206759e-06	5.962515e-06	1.589156e-05
1	1-241447831	245037511	8	A	G	0.044	0.7119091	0.1494085	-189.0939	0.7523244	1e+05	3.554293e-06	1.638764e-05	3.70742e-05
1	1-241449382	245039062	22	T	C	0.076	0.4459908	0.096512	-190.1887	0.620354	1e+05	6.708121e-06	5.185391e-05	9.90549e-05
1	1-241460525	245050205	24	T	C	0.069	0.4642731	0.09621976	-188.9627	0.7030541	1e+05	2.71173e-06	1.428204e-05	3.30113e-05
1	1-253696265	257896591	10	T	C	0.223	0.2634469	0.05808842	-189.49	1.031159	1e+05	9.734243e-06	2.484131e-05	5.275383e-05
1	1-253696436	257896762	11	C	T	0.286	0.2408691	0.0521806	-188.924	1.255209	1e+05	6.856957e-06	1.371354e-05	3.190039e-05
1	1-253706898	257907229	17	G	T	0.231	0.2613264	0.05675507	-189.026	1.141129	1e+05	7.213014e-06	1.526187e-05	3.491164e-05
1	1-253773702	257974220	3	A	T	0.208	0.2748057	0.05689937	-188.4547	0.9144083	1e+05	2.656684e-06	8.388817e-06	2.112071e-05
1	1-253773744	257974262	15	T	C	0.223	0.2696397	0.05687974	-188.652	1.027793	1e+05	3.961549e-06	1.031279e-05	2.510551e-05
1	1-253773749	257974267	14	C	T	0.225	0.2632557	0.056503	-188.9611	1.05107	1e+05	5.677892e-06	1.425813e-05	3.296471e-05
1	1-253774304	257974822	9	A	G	0.286	0.230635	0.050878	-189.0752	1.403965	1e+05	9.82585e-06	1.60698e-05	3.646579e-05
1	1-253774324	257974842	9	C	T	0.227	0.2623684	0.05667084	-189.2058	0.9655133	1e+05	6.460664e-06	1.843116e-05	4.094851e-05
1	1-253774325	257974843	9	G	A	0.288	0.2326837	0.05116602	-189.1891	1.245315	1e+05	9.229387e-06	1.810998e-05	4.034367e-05
1	1-253774682	257975200	24	A	C	0.285	0.2434086	0.0522271	-188.7666	1.21437	1e+05	5.642175e-06	1.162829e-05	2.776709e-05
1	1-260591959	265109889	18	A	G	0.021	0.8803244	0.1914595	-188.627	1.551861	1e+05	7.419807e-06	1.004674e-05	2.456144e-05
1	1-267845326	272588925	33	A	G	0.042	0.7539892	0.1384335	-184.1834	3.886995	1e+05	1.448518e-07	9.919075e-08	5.91715e-07
1	1-281466214	286484947	16	A	G	0.163	0.4188421	0.09047202	-187.8818	17.01528	1e+05	6.465448e-06	4.609928e-06	1.283896e-05
1	1-282018434	287063702	6	C	T	0.022	0.773801	0.1701262	-189.068	1.284208	1e+05	9.198626e-06	1.594912e-05	3.623434e-05
1	1-282024690	287069958	39	A	C	0.023	0.7675734	0.1684317	-188.9595	1.328996	1e+05	8.856e-06	1.423349e-05	3.291667e-05
1	1-282029679	287074947	27	T	C	0.03	0.7326958	0.161174	-189.4228	0.9800343	1e+05	9.294498e-06	2.314759e-05	4.967918e-05
1	1-282050976	287096232	22	A	G	0.013	1.248991	0.2750974	-188.5547	2.200268	1e+05	9.530577e-06	9.313737e-06	2.305136e-05
1	1-282058125	287103380	37	A	G	0.029	0.7621915	0.1654156	-188.7689	1.318964	1e+05	7.110741e-06	1.165625e-05	2.782317e-05
1	1-282059835	287105090	28	T	C	0.022	0.8587394	0.1852686	-188.556	1.415269	1e+05	6.309338e-06	9.326839e-06	2.30785e-05
1	1-282097239	287146472	28	T	C	0.022	0.7712245	0.1674191	-188.8041	1.292273	1e+05	7.147576e-06	1.20939e-05	2.869856e-05
1	1-282112732	287161965	41	A	G	0.029	0.7721484	0.1652563	-188.5216	1.29676	1e+05	5.355538e-06	8.997384e-06	2.239433e-05
1	1-282381710	287498699	35	T	C	0.025	0.8842742	0.1808773	-187.6332	1.265397	1e+05	2.032203e-06	3.556522e-06	1.036382e-05
1	1-282469979	287530100	11	T	A	0.03	0.7609628	0.1565299	-187.9228	1.116765	1e+05	2.301062e-06	4.811161e-06	1.330107e-05
1	1-286216377	291295410	8	A	G	0.022	0.9922886	0.2062147	-187.1139	4.088113	1e+05	2.878012e-06	2.070282e-06	6.649826e-06
2	2-11754924	12040400	35	A	G	0.042	0.6056743	0.13137	-188.791	1.338078	1e+05	7.027228e-06	1.192921e-05	2.836968e-05
2	2-18599883	19185221	29	A	G	0.019	1.037927	0.2094629	-187.8121	1.033609	1e+05	1.500033e-06	4.286416e-06	1.208935e-05
2	2-19148370	19717553	36	T	G	0.02	0.7708168	0.1675941	-188.0644	1e+05	1e+05	7.376647e-06	5.57834e-06	1.503655e-05
2	2-33147541	34008813	14	C	T	0.02	0.7174116	0.1576323	-188.5881	2.03533	1e+05	9.088942e-06	9.64588e-06	2.373768e-05
2	2-59540594	61071725	24	A	G	0.101	0.4274712	0.08923254	-187.39	2.370787	1e+05	3.168293e-06	2.759969e-06	8.413929e-06
2	2-83446909	84987310	26	A	G	0.333	-0.2631779	0.05526598	-188.0078	1.42161	1e+05	3.599434e-06	5.257803e-06	1.431623e-05
2	2-83446956	84987357	31	A	G	0.445	-0.2541843	0.05430677	-188.4971	1.316447	1e+05	5.167825e-06	8.769031e-06	2.191796e-05
2	2-83574632	85115297	31	A	G	0.334	-0.294894	0.05781841	-186.145	1.880174	1e+05	7.643526e-07	7.560931e-07	2.941999e-06
2	2-83642705	85182899	31	A	G	0.409	-0.262651	0.05725668	-188.6065	1.736069	1e+05	7.773617e-06	9.833125e-06	2.412307e-05
2	2-83740218	85287717	14	A	G	0.467	0.253129	0.05357247	-188.0122	1.667682	1e+05	4.244951e-06	5.281994e-06	1.437083e-05
2	2-84128917	85744074	9	T	C	0.227	-0.3274687	0.06657778	-188.4143	0.7685606	1e+05	1.774033e-06	8.041638e-06	2.038805e-05
2	2-84142231	85757291	12	T	G	0.302	-0.257853	0.05664827	-188.7063	1.658139	1e+05	9.063377e-06	1.091654e-05	2.633276e-05
2	2-84145867	85760927	29	A	G	0.391	-0.251115	0.05403384	-188.3405	1.613535	1e+05	5.9793e-06	7.443818e-06	1.911528e-05
2	2-84146603	85761663	21	T	C	0.306	-0.2502097	0.0551701	-189.1251	1.265207	1e+05	9.735575e-06	1.693396e-05	3.811616e-05
2	2-84157720	85772995	4	T	C	0.279	-0.2478043	0.05365485	-188.63	1.368557	1e+05	6.78485e-06	1.00784e-05	2.462629e-05
2	2-84369848	85989606	4	A	G	0.325	-0.2427297	0.05297361	-189.1322	1.115986	1e+05	7.950106e-06	1.705949e-05	3.835492e-05
2	2-84649119	86264124	16	T	C	0.166	0.4024027	0.08393831	-188.1721	1.116759	1e+05	3.118958e-06	6.242416e-06	1.650921e-05
2	2-84833441	86480340	11	A	G	0.423	0.2986023	0.06517244	-188.9799	1.144956	1e+05	7.962552e-06	1.454169e-05	3.35166e-05
2	2-109609062	112094861	23	C	T	0.275	0.3408997	0.07414882	-188.1419	2.792878	1e+05	7.4347e-06	6.04884e-06	1.608251e-05
2	2-111075758	113605595	39	T	C	0.014	1.324957	0.2793415	-187.5816	2.615388	1e+05	3.915602e-06	3.370298e-06	9.91489e-06
2	2-122578256	125972183	22	A	T	0.318	0.2726794	0.05981212	-188.4996	2.097001	1e+05	8.789149e-06	8.792052e-06	2.196607e-05
2	2-123526130	126941228	10	T	C	0.344	0.2679875	0.05833096	-188.3944	2.007464	1e+05	7.540518e-06	7.876267e-06	2.003742e-05
2	2-125259559	128729313	28	C	T	0.28	0.2757447	0.05988507	-188.8009	1.300707	1e+05	7.209659e-06	1.20531e-05	2.861714e-05
2	2-125723884	129201275	22	T	G	0.318	0.2594577	0.05618585	-188.1923	2.315028	1e+05	6.803863e-06	6.375652e-06	1.680172e-05
2	2-125723885	129201276	22	G	C	0.321	0.2587893	0.056284	-188.2803	2.304001	1e+05	7.421352e-06	6.990208e-06	1.813935e-05
2	2-126797947	130279615	11	A	G	0.172	0.3484844	0.07264305	-188.5899	0.9141935	1e+05	3.074662e-06	9.663865e-06	2.377475e-05
2	2-126871048	130328852	4	T	C	0.202	0.2939971	0.06408007	-189.6793	0.7946837	1e+05	7.749707e-06	3.031385e-05	6.250975e-05
2	2-127021330	130474940	23	A	G	0.148	0.3461044	0.07511227	-188.7338	1.428576	1e+05	7.107855e-06	1.123503e-05	2.697619e-05
2	2-161347950	165327572	42	A	G	0.053	0.6797163	0.1374803	-187.6369	1.01151	1e+05	1.57839e-06	3.570305e-06	1.039689e-05
2	2-178056460	182825534	18	T	C	0.015	0.8074266	0.1780887	-188.7041	1.935488	1e+05	9.794274e-06	1.089079e-05	2.628064e-05
2	2-187951345	192943162	31	T	C	0.028	0.7173845	0.1435037	-186.9734	1.43518	1e+05	1.225258e-06	1.788621e-06	5.902335e-06
2	2-221465680	227583979	3	A	C	0.206	0.4175589	0.07931466	-185.9924	1.198435	1e+05	3.505776e-07	6.453876e-07	2.591266e-06
2	2-221903675	228078178	10	C	T	0.5	-0.251235	0.05137952	-188.3322	0.7958923	1e+05	2.023127e-06	7.379881e-06	1.897827e-05
3	3-3026342	2276662	22	A	C	0.011	1.307869	0.2534129	-185.6373	3.019517	1e+05	5.742824e-07	4.465492e-07	1.931131e-06
3	3-3479326	2712686	6	G	A	0.017	1.018047	0.2149664	-187.7889	2.177802	1e+05	4.044936e-06	4.183554e-06	1.184918e-05
3	3-3479398	2712758	5	A	G	0.017	1.133357	0.2443364	-188.2609	2.033437	1e+05	6.215978e-06	6.849755e-06	1.783526e-05
3	3-12729038	11997047	11	A	G	0.02	0.9254354	0.1817239	-186.2878	1.834199	1e+05	7.928735e-07	8.769864e-07	3.314562e-06
3	3-13572776	12872619	26	C	G	0.081	0.4184498	0.09059479	-188.573	1.667633	1e+05	6.772146e-06	9.493805e-06	2.342388e-05
3	3-13598921	12898761	17	C	T	0.077	0.4367778	0.09068621	-188.0103	1.313509	1e+05	2.821017e-06	5.271668e-06	1.434753e-05
3	3-13598959	12898799	16	T	A	0.089	0.4521824	0.08266836	-184.9822	1.326996	1e+05	1.291883e-07	2.265628e-07	1.128663e-06
3	3-13688891	12973371	7	A	G	0.073	0.434447	0.0901093	-187.8303	1.449163	1e+05	2.758559e-06	4.368502e-06	1.228037e-05
3	3-13690155	12974633	3	G	A	0.038	0.8163021	0.1710642	-188.1958	1.3013	1e+05	3.443932e-06	6.399336e-06	1.685362e-05
3	3-13690179	12974657	2	C	T	0.036	0.9474346	0.17723	-185.5389	1.352093	1e+05	2.369346e-07	4.032435e-07	1.780652e-06
3	3-13691512	12975990	20	T	C	0.073	0.4650478	0.09269684	-187.2092	1.236137	1e+05	1.128291e-06	2.286268e-06	7.211461e-06
3	3-13691515	12975993	22	G	A	0.076	0.4668196	0.09408187	-187.5036	1.187542	1e+05	1.4548e-06	3.107012e-06	9.273305e-06
3	3-13691677	12976155	22	C	T	0.074	0.4710977	0.09421906	-187.4219	1.141024	1e+05	1.219834e-06	2.853404e-06	8.646943e-06
3	3-13692637	12977115	8	C	T	0.071	0.4960249	0.09299667	-185.7477	1.221594	1e+05	2.511247e-07	5.00708e-07	2.115534e-06
3	3-13693147	12977625	22	C	T	0.089	0.3860913	0.08474384	-188.7169	1.714152	1e+05	8.902026e-06	1.103847e-05	2.657942e-05
3	3-13693163	12977641	16	T	G	0.092	0.3827728	0.08204109	-188.2352	1.757544	1e+05	5.518441e-06	6.668201e-06	1.744079e-05
3	3-13693231	12977709	21	T	C	0.094	0.3797897	0.08237598	-188.4547	1.78907	1e+05	7.027291e-06	8.388511e-06	2.112006e-05
3	3-13693237	12977715	22	G	T	0.095	0.3848002	0.08225461	-188.1783	1.764762	1e+05	5.222026e-06	6.283091e-06	1.659861e-05
3	3-13693836	12978314	34	G	A	0.084	0.4103646	0.09002147	-188.7307	1.676226	1e+05	8.804875e-06	1.119895e-05	2.690344e-05
3	3-14465966	13761132	34	C	G	0.025	0.8583699	0.1841754	-188.8247	1.107443	1e+05	5.641434e-06	1.235837e-05	2.922534e-05
3	3-14818502	14091010	37	T	C	0.02	0.8727693	0.1890657	-188.6789	1.459547	1e+05	6.852314e-06	1.060721e-05	2.570525e-05
3	3-14842285	14114793	20	T	C	0.023	0.7856571	0.1653361	-188.5899	1.110074	1e+05	3.766114e-06	9.664018e-06	2.377506e-05
3	3-14958910	14242030	6	T	C	0.032	0.6314761	0.1301877	-187.4868	1.627031	1e+05	2.418073e-06	3.053016e-06	9.140661e-06
3	3-14958920	14242040	7	A	T	0.037	0.6177713	0.1257438	-187.7974	1.092416	1e+05	1.820456e-06	4.221129e-06	1.193702e-05
3	3-14960816	14243936	17	C	T	0.018	0.9674143	0.1766846	-184.809	1.364262	1e+05	1.25709e-07	1.893869e-07	9.803603e-07
3	3-14960847	14243967	15	A	G	0.018	0.9720882	0.1765513	-184.6466	1.371732	1e+05	1.080642e-07	1.600987e-07	8.594154e-07
3	3-14960928	14244048	8	T	C	0.017	0.9693718	0.1765222	-184.679	1.408837	1e+05	1.16089e-07	1.655457e-07	8.822228e-07
3	3-14961642	14244762	7	C	T	0.017	0.9462238	0.1766067	-185.2584	1.487673	1e+05	2.235153e-07	3.015382e-07	1.414224e-06
3	3-14961687	14244807	9	T	C	0.015	0.9411466	0.1851334	-186.4575	1.594512	1e+05	8.267145e-07	1.045982e-06	3.820436e-06
3	3-14961784	14244904	8	A	G	0.017	0.9196416	0.1935224	-188.5734	1.053372	1e+05	3.762101e-06	9.498623e-06	2.343383e-05
3	3-14962157	14245277	11	A	G	0.022	0.8069459	0.1551484	-186.0936	1.388204	1e+05	4.747707e-07	7.168587e-07	2.81884e-06
3	3-14964311	14247431	16	A	G	0.023	0.8400114	0.1532754	-184.7142	1.403925	1e+05	1.226266e-07	1.716964e-07	9.077965e-07
3	3-14964325	14247445	14	A	G	0.025	0.8074431	0.1491269	-184.9361	1.513718	1e+05	1.69555e-07	2.159906e-07	1.087014e-06
3	3-14964456	14247576	34	T	C	0.02	0.9309159	0.1777802	-185.8159	1.506177	1e+05	4.013849e-07	5.374024e-07	2.23835e-06
3	3-14964485	14247605	34	T	C	0.017	0.9654598	0.1849452	-185.8766	1.523944	1e+05	4.334252e-07	5.722754e-07	2.353637e-06
3	3-14964534	14247654	29	A	G	0.019	0.8494347	0.1800257	-187.8957	1.969837	1e+05	4.370643e-06	4.676865e-06	1.299302e-05
3	3-14966711	14249831	10	T	C	0.02	0.9196654	0.1734996	-185.9568	1.125402	1e+05	2.947046e-07	6.219272e-07	2.515581e-06
3	3-14966720	14249840	11	T	G	0.022	0.883011	0.1691197	-186.4685	1.03445	1e+05	4.31424e-07	1.057992e-06	3.855809e-06
3	3-14967200	14250320	18	T	C	0.023	0.7589987	0.1556296	-187.6762	1.297871	1e+05	2.144726e-06	3.719639e-06	1.075395e-05
3	3-14968758	14251878	13	A	G	0.02	0.8638901	0.1589692	-185.0064	1.362773	1e+05	1.53836e-07	2.322916e-07	1.151072e-06
3	3-14968765	14251885	15	T	G	0.018	0.8716524	0.1804336	-188.0211	1.185846	1e+05	2.642386e-06	5.331715e-06	1.448291e-05
3	3-14968766	14251886	15	T	A	0.015	0.9493484	0.1848743	-186.218	1.593866	1e+05	6.490737e-07	8.156384e-07	3.126743e-06
3	3-14968971	14252091	20	A	G	0.023	0.8214419	0.1544415	-185.5668	1.360014	1e+05	2.700306e-07	4.15071e-07	1.82204e-06
3	3-14969121	14252241	11	C	T	0.02	0.9956427	0.1894997	-186.3109	1.009639	1e+05	3.68728e-07	8.982573e-07	3.379128e-06
3	3-14969130	14252250	9	T	C	0.022	0.8443116	0.1692467	-187.3214	1.180535	1e+05	1.285724e-06	2.569485e-06	7.934829e-06
3	3-14969153	14252273	9	T	C	0.02	0.9338514	0.1735438	-185.7514	1.018555	1e+05	1.995921e-07	5.025866e-07	2.121861e-06
3	3-14969322	14252442	9	T	C	0.02	0.8026907	0.1728656	-189.3197	0.9175178	1e+05	6.083196e-06	2.077187e-05	4.531495e-05
3	3-14969758	14252878	11	G	A	0.02	0.7933336	0.173354	-188.9641	1.283618	1e+05	8.149485e-06	1.430277e-05	3.305169e-05
3	3-14971663	14254783	37	T	C	0.017	1.044655	0.1986954	-185.7776	1.422081	1e+05	3.625773e-07	5.164738e-07	2.1685e-06
3	3-14971689	14254809	31	A	T	0.022	0.9503355	0.174587	-184.1261	5.033614	1e+05	1.471806e-07	9.348395e-08	5.651172e-07
3	3-14972663	14255783	4	A	G	0.014	1.034707	0.1986742	-185.9832	1.454829	1e+05	4.593486e-07	6.392171e-07	2.57141e-06
3	3-14973455	14256627	0	A	G	0.017	0.9630165	0.1724035	-184.1882	1.44082	1e+05	7.263622e-08	9.968443e-08	5.940007e-07
3	3-14973619	14256791	5	T	C	0.019	0.8671791	0.1762303	-187.8026	1.056716	1e+05	1.756867e-06	4.244105e-06	1.199067e-05
3	3-14973668	14256840	6	A	C	0.019	0.8654038	0.1762238	-187.839	1.062687	1e+05	1.838112e-06	4.408094e-06	1.23723e-05
3	3-14973830	14257002	8	T	C	0.022	0.8385262	0.1566902	-185.9379	1.000941	1e+05	2.304723e-07	6.098614e-07	2.476453e-06
3	3-14973983	14257155	5	T	C	0.017	0.8524884	0.1776449	-188.0863	1.248743	1e+05	3.052382e-06	5.707261e-06	1.532445e-05
3	3-14974167	14257339	9	T	C	0.032	0.6552972	0.1342516	-187.9905	1.068667	1e+05	2.104573e-06	5.163558e-06	1.410318e-05
3	3-14974333	14257505	11	G	A	0.022	0.8364879	0.1533561	-184.6777	1.597928	1e+05	1.392897e-07	1.653276e-07	8.813124e-07
3	3-14974957	14258129	24	A	G	0.013	1.025287	0.2173615	-188.0789	1.608587	1e+05	4.398631e-06	5.66304e-06	1.522581e-05
3	3-14974979	14258151	25	T	C	0.013	1.02056	0.2174188	-188.1974	1.584659	1e+05	4.86985e-06	6.409532e-06	1.687596e-05
3	3-14975289	14258461	27	C	G	0.016	0.9519714	0.184809	-186.1925	1.530606	1e+05	6.018375e-07	7.943416e-07	3.060956e-06
3	3-14975290	14258462	26	A	G	0.019	0.8798592	0.1784837	-187.1465	1.620179	1e+05	1.6866e-06	2.141759e-06	6.836723e-06
3	3-14976191	14259363	14	G	T	0.015	0.9620621	0.1845431	-185.8783	1.561319	1e+05	4.48218e-07	5.733343e-07	2.357117e-06
3	3-14976898	14260070	26	A	C	0.016	1.175272	0.20026	-182.4425	1.874408	1e+05	1.723413e-08	1.647173e-08	1.497572e-07
3	3-14977226	14260398	9	C	T	0.025	0.7238259	0.1537649	-188.9578	0.9558914	1e+05	4.590103e-06	1.420858e-05	3.286811e-05
3	3-14977425	14260597	3	T	C	0.024	0.7651005	0.1512162	-186.9002	1.239459	1e+05	9.246932e-07	1.657443e-06	5.547543e-06
3	3-14977457	14260629	4	T	C	0.022	0.8525327	0.1531396	-184.3881	1.318912	1e+05	7.97862e-08	1.225537e-07	6.975346e-07
3	3-14977644	14260816	6	C	A	0.015	0.9494069	0.1848445	-186.2252	1.577655	1e+05	6.455837e-07	8.21751e-07	3.145567e-06
3	3-14978313	14261485	17	G	A	0.023	0.8064608	0.1552703	-186.1288	1.380519	1e+05	4.913268e-07	7.435143e-07	2.902642e-06
3	3-14978385	14261557	17	T	C	0.023	0.8068854	0.1540961	-186.4248	1.030845	1e+05	4.015416e-07	1.011099e-06	3.717283e-06
3	3-14978748	14261920	18	G	A	0.021	0.8715586	0.158916	-184.7588	1.366933	1e+05	1.202331e-07	1.798049e-07	9.412328e-07
3	3-14979001	14262173	19	C	T	0.018	0.9094705	0.1818374	-187.2291	1.197368	1e+05	1.211213e-06	2.333998e-06	7.334361e-06
3	3-14979144	14262316	11	A	G	0.022	0.839876	0.1546988	-184.5475	2.188736	1e+05	1.578251e-07	1.444989e-07	7.932062e-07
3	3-14979665	14262837	8	C	A	0.02	0.85734	0.15917	-185.2405	1.360421	1e+05	1.945517e-07	2.96012e-07	1.393691e-06
3	3-14979693	14262865	6	T	G	0.019	0.8603982	0.1590738	-185.1372	1.355682	1e+05	1.743243e-07	2.659748e-07	1.280741e-06
3	3-14979700	14262872	7	A	G	0.024	0.7687081	0.1515681	-186.5214	1.586275	1e+05	8.740802e-07	1.117819e-06	4.030987e-06
3	3-14980509	14263681	10	G	A	0.02	0.8692848	0.1712453	-186.7984	1.254436	1e+05	8.55677e-07	1.490822e-06	5.089883e-06
3	3-14980605	14263777	9	T	C	0.017	0.8386951	0.1778984	-188.4376	1.263617	1e+05	4.447764e-06	8.239621e-06	2.080642e-05
3	3-14980686	14263858	7	T	C	0.017	0.8458612	0.177644	-188.2448	1.255445	1e+05	3.607015e-06	6.735495e-06	1.758719e-05
3	3-14980706	14263878	9	C	T	0.02	0.8608586	0.1591011	-185.1056	1.377247	1e+05	1.726574e-07	2.57421e-07	1.248131e-06
3	3-14980951	14264123	16	G	A	0.015	0.9543924	0.1847335	-186.1066	1.552048	1e+05	5.600516e-07	7.265765e-07	2.849456e-06
3	3-14981256	14264428	27	A	G	0.024	0.827287	0.154741	-185.2799	1.553545	1e+05	2.363889e-07	3.083239e-07	1.439338e-06
3	3-14981361	14264533	27	T	C	0.022	0.8513014	0.1596334	-185.5199	1.342068	1e+05	2.522676e-07	3.953791e-07	1.753006e-06
3	3-14981411	14264583	23	A	C	0.024	0.7261109	0.1575712	-188.5077	1.705592	1e+05	7.098051e-06	8.866639e-06	2.21218e-05
3	3-14981544	14264716	14	G	A	0.025	0.7517955	0.1525167	-187.8236	1.043803	1e+05	1.689437e-06	4.338164e-06	1.220984e-05
3	3-14981748	14264920	19	T	C	0.016	0.9520328	0.1848452	-186.1778	1.555909	1e+05	6.037688e-07	7.822957e-07	3.023606e-06
3	3-14982524	14265696	23	T	C	0.021	0.8624825	0.1591283	-185.0794	1.361893	1e+05	1.649911e-07	2.505384e-07	1.22174e-06
3	3-14982539	14265711	23	A	G	0.019	0.9393868	0.1907354	-187.2324	1.549221	1e+05	1.722138e-06	2.341977e-06	7.354864e-06
3	3-14982594	14265766	19	A	T	0.034	0.6828923	0.1359549	-186.7361	1.590398	1e+05	1.096983e-06	1.397274e-06	4.829122e-06
3	3-19835569	19238124	9	A	C	0.022	0.8923337	0.1650145	-184.7787	1.768453	1e+05	1.753432e-07	1.835308e-07	9.564954e-07
3	3-24129028	23621099	25	T	C	0.011	1.510067	0.3090002	-186.7239	9.187034	1e+05	2.049503e-06	1.379764e-06	4.779987e-06
3	3-25590813	25111914	32	G	C	0.178	0.3088515	0.06503835	-187.4484	3.594705	1e+05	3.818863e-06	2.933322e-06	8.845264e-06
3	3-29542309	29158871	34	A	G	0.048	0.6280065	0.1339684	-188.8189	1.082959	1e+05	5.006334e-06	1.228371e-05	2.907679e-05
3	3-36921104	36646484	10	G	A	0.22	0.350593	0.06908453	-186.2953	2.009473	1e+05	8.613498e-07	8.837604e-07	3.335154e-06
3	3-49900054	49698199	9	G	A	0.012	1.206993	0.2472422	-186.8272	1e+05	1e+05	2.097791e-06	1.536211e-06	5.215383e-06
3	3-51276429	51107354	25	T	G	0.013	1.447496	0.280833	-186.2555	1.420148	1e+05	5.928485e-07	8.480467e-07	3.226265e-06
3	3-94350793	104834103	24	T	C	0.077	0.423648	0.09071538	-187.9291	2.45376	1e+05	5.411275e-06	4.843064e-06	1.337405e-05
3	3-127635557	128155515	33	G	A	0.042	0.5668539	0.1240003	-189.4881	0.9381631	1e+05	8.327566e-06	2.479295e-05	5.266644e-05
3	3-135022598	135677896	12	A	G	0.015	1.038093	0.2038067	-186.4738	1.508039	1e+05	7.892377e-07	1.063857e-06	3.873058e-06
3	3-146555790	147648167	18	T	C	0.028	0.8377016	0.1802847	-188.2067	1.959575	1e+05	6.000792e-06	6.472576e-06	1.701393e-05
3	3-150482095	151754548	24	T	C	0.013	1.382456	0.2857226	-187.4294	1.942078	1e+05	2.553491e-06	2.875777e-06	8.702552e-06
3	3-155587722	157077286	8	A	G	0.029	0.720121	0.1490419	-187.7611	1.319715	1e+05	2.632939e-06	4.064138e-06	1.156918e-05
3	3-155777881	157316687	2	T	G	0.069	-0.4236127	0.0931457	-188.4831	2.361249	1e+05	9.220265e-06	8.641728e-06	2.16516e-05
3	3-165908898	168486609	28	G	A	0.049	0.5556107	0.1201296	-187.8986	6.502974	1e+05	6.591799e-06	4.69109e-06	1.302571e-05
3	3-186455806	189329235	20	C	T	0.029	0.8674136	0.1841966	-187.5864	4.296115	1e+05	4.553246e-06	3.386958e-06	9.955212e-06
3	3-197454027	200442557	8	C	G	0.147	0.3067695	0.06452001	-187.3682	4.524429	1e+05	3.72001e-06	2.698118e-06	8.258973e-06
3	3-220932916	224588531	13	C	T	0.028	0.6584308	0.1444512	-188.4585	2.401504	1e+05	8.818824e-06	8.421917e-06	2.119032e-05
3	3-230755352	234990121	16	T	C	0.077	0.4038132	0.08913968	-189.622	0.973122	1e+05	9.952796e-06	2.854004e-05	5.9375e-05
3	3-230755419	234990188	20	C	T	0.068	0.4423544	0.09244662	-188.2108	1.148218	1e+05	3.248257e-06	6.4999e-06	1.707367e-05
3	3-230755482	234990251	15	A	G	0.066	0.4408974	0.09579679	-189.0279	1.151517	1e+05	7.277224e-06	1.529154e-05	3.496892e-05
3	3-230758265	234993033	4	A	C	0.072	0.436809	0.08972107	-188.1258	1.027933	1e+05	2.228465e-06	5.947424e-06	1.585814e-05
3	3-230758334	234993102	5	T	C	0.072	0.4180741	0.08821858	-188.3087	1.272417	1e+05	3.987248e-06	7.200597e-06	1.859314e-05
3	3-230775013	235009780	24	A	C	0.048	0.5344417	0.1143752	-187.9347	2.384277	1e+05	5.348997e-06	4.871247e-06	1.343846e-05
3	3-230789858	235024624	30	T	A	0.038	0.6943436	0.1447216	-187.4523	2.192795	1e+05	3.066751e-06	2.945147e-06	8.874532e-06
3	3-230789958	235024724	30	A	G	0.049	0.5268962	0.1152379	-188.4638	2.060255	1e+05	8.296815e-06	8.469289e-06	2.128988e-05
3	3-230806260	235041637	37	A	G	0.034	0.6584328	0.1431023	-188.3938	1.893673	1e+05	7.318201e-06	7.871294e-06	2.002686e-05
3	3-230806986	235042363	19	T	G	0.052	0.5626666	0.117647	-187.3553	2.983388	1e+05	3.281924e-06	2.661902e-06	8.167974e-06
4	4-133464	294744	32	T	A	0.025	0.8140683	0.1760463	-188.1062	2.592801	1e+05	6.618426e-06	5.826852e-06	1.559062e-05
4	4-1965131	2514942	38	G	A	0.017	0.777022	0.1714639	-188.4324	2.944383	1e+05	9.88551e-06	8.195067e-06	2.07124e-05
4	4-1981621	2531706	22	G	A	0.016	0.7863238	0.1711967	-188.183	2.863157	1e+05	7.578536e-06	6.314292e-06	1.666712e-05
4	4-1981674	2531759	24	T	A	0.016	0.777905	0.1713635	-188.4192	2.817376	1e+05	9.558469e-06	8.08266e-06	2.047486e-05
4	4-1981836	2531921	13	T	C	0.02	0.7537606	0.1607705	-187.7341	3.155257	1e+05	4.990794e-06	3.9513e-06	1.130341e-05
4	4-1982237	2532322	14	A	G	0.02	0.7871211	0.1677436	-188.0506	1.841924	1e+05	4.903805e-06	5.498117e-06	1.485688e-05
4	4-1983927	2534012	13	G	T	0.023	0.6696552	0.1470256	-188.526	2.142725	1e+05	8.952088e-06	9.03863e-06	2.248018e-05
4	4-1983988	2534073	13	G	A	0.015	0.7855283	0.1712185	-188.2019	2.888394	1e+05	7.752889e-06	6.440219e-06	1.694314e-05
4	4-1999992	2550077	13	T	G	0.015	0.9001314	0.1935999	-188.0997	2.169917	1e+05	5.92509e-06	5.787367e-06	1.550283e-05
4	4-2923193	3494451	31	T	C	0.017	0.8504622	0.1876715	-188.6154	2.16674	1e+05	9.88716e-06	9.925526e-06	2.431286e-05
4	4-4796457	5580631	36	A	C	0.026	0.8254784	0.1642673	-186.5716	1.996423	1e+05	1.08543e-06	1.177644e-06	4.204519e-06
4	4-9551686	10400781	32	A	C	0.086	0.5197202	0.1146785	-188.4738	2.638081	1e+05	9.873532e-06	8.557808e-06	2.14757e-05
4	4-14778060	15876778	11	A	G	0.231	0.3659322	0.07841014	-187.9815	2.400583	1e+05	5.487552e-06	5.11536e-06	1.399398e-05
4	4-15605691	16708928	15	C	T	0.168	0.3444781	0.07386685	-188.3386	1.575551	1e+05	5.570201e-06	7.4293e-06	1.908418e-05
4	4-18018333	19171046	25	A	G	0.158	0.3964917	0.0746846	-187.8955	0.4336925	1e+05	2.832666e-07	4.676271e-06	1.299165e-05
4	4-75736474	78482974	38	T	C	0.04	0.6037068	0.128612	-187.8125	2.646964	1e+05	4.869024e-06	4.28801e-06	1.209307e-05
4	4-76000153	78793033	16	A	G	0.036	0.5875658	0.1261436	-188.226	1.930104	1e+05	5.708708e-06	6.604194e-06	1.730134e-05
4	4-76000105	78793081	16	T	C	0.038	0.5845344	0.1239833	-187.9642	1.958165	1e+05	4.444644e-06	5.02399e-06	1.378655e-05
4	4-76000026	78793160	13	G	A	0.043	0.540288	0.1167067	-188.0336	3.072604	1e+05	6.467416e-06	5.401575e-06	1.464013e-05
4	4-76000023	78793163	13	T	C	0.043	0.540288	0.1167067	-188.0336	3.072604	1e+05	6.467416e-06	5.401575e-06	1.464013e-05
4	4-75999968	78793218	10	T	A	0.017	0.8006267	0.1763782	-188.5382	2.419001	1e+05	9.568416e-06	9.15439e-06	2.272083e-05
4	4-75999950	78793236	8	A	G	0.042	0.5489621	0.116607	-187.6794	3.19431	1e+05	4.581051e-06	3.73209e-06	1.078362e-05
4	4-75999942	78793244	7	C	T	0.044	0.528616	0.1154134	-188.2208	3.251712	1e+05	8.015615e-06	6.568158e-06	1.722274e-05
4	4-75999939	78793247	7	A	C	0.044	0.5451676	0.1142983	-187.3883	3.332844	1e+05	3.47819e-06	2.754985e-06	8.401464e-06
4	4-75997915	78795271	12	T	A	0.04	0.5840672	0.1230531	-187.7345	2.206642	1e+05	3.858145e-06	3.95272e-06	1.130676e-05
4	4-75997878	78795308	9	A	G	0.042	0.5601027	0.1166652	-187.5438	2.080915	1e+05	3.023647e-06	3.240062e-06	9.598575e-06
4	4-76041815	78843373	11	A	G	0.027	0.6365038	0.1359947	-188.0211	2.116025	1e+05	5.171687e-06	5.3314e-06	1.448221e-05
4	4-76041820	78843378	10	C	T	0.025	0.6428413	0.1407532	-188.6287	1.853879	1e+05	8.481936e-06	1.006432e-05	2.459745e-05
4	4-76041826	78843384	11	T	C	0.027	0.6335734	0.1360585	-188.124	2.112688	1e+05	5.741109e-06	5.936643e-06	1.583426e-05
4	4-76182638	78984719	12	A	G	0.035	0.601398	0.1286515	-188.3598	1.586856	1e+05	5.303944e-06	7.59626e-06	1.944123e-05
4	4-76182896	78984977	8	A	G	0.017	0.8300213	0.1719187	-186.9999	9.764098	1e+05	2.677049e-06	1.838643e-06	6.036455e-06
4	4-76183006	78985087	15	T	G	0.018	0.8248541	0.1720946	-187.1543	9.39448	1e+05	3.133021e-06	2.159049e-06	6.881776e-06
4	4-76183159	78985240	32	T	C	0.047	0.5456847	0.1177634	-188.1919	2.317933	1e+05	6.347263e-06	6.372882e-06	1.679565e-05
4	4-76184596	78986677	42	T	C	0.018	1.023922	0.2129348	-187.1535	1e+05	1e+05	2.92105e-06	2.157283e-06	6.877177e-06
4	4-79817823	82656024	10	T	C	0.015	0.9314869	0.205138	-188.4654	2.700768	1e+05	9.505787e-06	8.482789e-06	2.131824e-05
4	4-94194977	97742438	15	C	T	0.013	0.9928359	0.2110177	-187.6306	3.670046	1e+05	4.638419e-06	3.546782e-06	1.034043e-05
4	4-101544565	99092990	5	C	T	0.014	1.167427	0.2465117	-187.3844	7.455703	1e+05	4.04592e-06	2.743923e-06	8.373784e-06
4	4-106442798	110541720	4	T	C	0.012	1.098251	0.226334	-186.9591	1e+05	1e+05	2.397973e-06	1.762056e-06	5.830852e-06
4	4-109631564	113103593	8	A	C	0.012	0.9252813	0.2033118	-188.2698	1e+05	1e+05	9.093963e-06	6.913805e-06	1.797405e-05
4	4-116627609	120281913	15	A	G	0.01	1.152669	0.2540798	-188.4696	2.679359	1e+05	9.677047e-06	8.520495e-06	2.139741e-05
4	4-126564987	129540096	5	C	G	0.338	0.2804063	0.05669895	-186.7936	2.259635	1e+05	1.56807e-06	1.48337e-06	5.069217e-06
4	4-176252079	179252260	5	T	C	0.027	0.8324168	0.1737298	-187.158	6.161677	1e+05	3.155305e-06	2.167581e-06	6.903985e-06
4	4-176675317	179677053	23	A	G	0.013	0.9747158	0.2047022	-187.3307	35.85314	1e+05	3.605805e-06	2.594528e-06	7.998139e-06
4	4-199095676	203236170	18	T	G	0.018	0.8875708	0.192245	-188.0714	3.305106	1e+05	6.832877e-06	5.618788e-06	1.512698e-05
4	4-202847944	206997931	20	T	C	0.021	1.055711	0.2158855	-186.9126	2.738175	1e+05	2.019892e-06	1.678885e-06	5.605852e-06
4	4-220127901	223905946	6	A	G	0.022	0.941928	0.2070655	-188.2787	1e+05	1e+05	9.177103e-06	6.978632e-06	1.811432e-05
4	4-230722908	235221513	24	T	C	0.027	0.6970992	0.1509857	-188.4578	1.653204	1e+05	6.829392e-06	8.416332e-06	2.117858e-05
5	5-3321189	3404041	11	G	A	0.09	0.4120908	0.08368237	-187.1929	1.622958	1e+05	1.726991e-06	2.247597e-06	7.111575e-06
5	5-13731337	14083461	19	G	T	0.085	0.3928634	0.08521774	-188.1159	3.035949	1e+05	7.037429e-06	5.886659e-06	1.572342e-05
5	5-14323452	14748866	6	A	G	0.187	0.3104234	0.06304267	-186.6823	3.716052	1e+05	1.730496e-06	1.321288e-06	4.615098e-06
5	5-55641227	57394523	33	A	T	0.025	1.043503	0.2169092	-187.3852	2.38083	1e+05	2.892771e-06	2.746298e-06	8.379728e-06
5	5-71084466	73028509	31	T	C	0.428	0.2729338	0.05400053	-186.0164	4.585199	1e+05	9.481373e-07	6.616252e-07	2.643356e-06
5	5-100764906	103256747	9	T	C	0.012	0.9716112	0.210493	-188.1544	2.582405	1e+05	6.862421e-06	6.128044e-06	1.625735e-05
5	5-114912222	117763933	30	A	G	0.022	1.001353	0.2003048	-186.7679	1.734787	1e+05	1.224819e-06	1.444319e-06	4.960621e-06
5	5-123340176	126473081	16	T	C	0.026	0.8169281	0.1668793	-187.096	2.029373	1e+05	1.972782e-06	2.031896e-06	6.549013e-06
5	5-124652685	127839883	15	A	G	0.015	0.9141824	0.1933181	-187.5043	1e+05	1e+05	4.171666e-06	3.109101e-06	9.27843e-06
5	5-125748584	128955499	14	T	C	0.018	0.9103921	0.1911907	-187.3605	1e+05	1e+05	3.604719e-06	2.676549e-06	8.204801e-06
5	5-125785795	128992921	4	C	T	0.053	0.5837098	0.1215489	-187.1575	45.80148	1e+05	3.00572e-06	2.166245e-06	6.900509e-06
5	5-126835450	129946050	7	C	T	0.015	1.010141	0.2047827	-186.598	1e+05	1e+05	1.662736e-06	1.210394e-06	4.298863e-06
5	5-176913114	180907724	21	C	A	0.013	0.9938812	0.2013456	-186.8396	2.17253	1e+05	1.636659e-06	1.556167e-06	5.270358e-06
5	5-189605919	194632477	25	T	G	0.011	1.447722	0.312261	-188.1784	2.113002	1e+05	6.277656e-06	6.283866e-06	1.660031e-05
5	5-190495060	195589297	34	T	C	0.014	0.9517419	0.2091992	-188.4937	2.367771	1e+05	9.156736e-06	8.737668e-06	2.185239e-05
5	5-191847969	197165311	10	T	C	0.275	0.2371863	0.05236412	-189.7986	0.8758682	1e+05	9.976787e-06	3.437229e-05	6.959546e-05
5	5-197785573	203004549	30	A	G	0.06	0.5996967	0.1275636	-188.3986	1.366476	1e+05	4.717672e-06	7.910583e-06	2.011027e-05
5	5-205340946	210914786	20	G	A	0.018	0.8880879	0.1783054	-186.9438	1.562458	1e+05	1.333669e-06	1.734367e-06	5.75615e-06
5	5-210788655	216596632	29	T	C	0.366	-0.2692607	0.05280935	-186.3328	1.780942	1e+05	7.701663e-07	9.189307e-07	3.44162e-06
5	5-211600215	217372484	6	C	G	0.087	0.3972544	0.08266834	-187.9476	1.30728	1e+05	2.96366e-06	4.93737e-06	1.358935e-05
5	5-213412998	219239516	13	T	C	0.284	0.2595145	0.05549086	-187.7314	1e+05	1e+05	5.255562e-06	3.940098e-06	1.127696e-05
6	6-70359976	73160021	0	G	A	0.37	0.4614479	0.09974706	-187.8811	6.703448	1e+05	6.560602e-06	4.606277e-06	1.283055e-05
6	6-143505855	147397203	13	A	G	0.028	0.9359457	0.1707564	-184.0346	3.415228	1e+05	1.221615e-07	8.505248e-08	5.251903e-07
6	6-146963495	150813973	27	A	C	0.016	0.9715359	0.1971305	-186.6177	1e+05	1e+05	1.696239e-06	1.235414e-06	4.370637e-06
7	7-727715	1104177	28	A	G	0.125	0.3278068	0.07212242	-188.9273	1.481369	1e+05	9.328629e-06	1.376104e-05	3.199346e-05
7	7-12539142	12958139	14	G	A	0.018	1.093717	0.2134819	-185.7239	1e+05	1e+05	6.864033e-07	4.884595e-07	2.07417e-06
7	7-16378132	16933208	9	T	G	0.03	0.7616302	0.1595001	-189.4319	0.7052601	1e+05	3.394956e-06	2.337107e-05	5.008654e-05
7	7-16394851	16949925	32	A	G	0.031	0.685008	0.1510283	-188.9397	1.457098	1e+05	9.719399e-06	1.3941e-05	3.234564e-05
7	7-16422895	16979968	32	A	C	0.025	0.7463908	0.1627312	-188.5731	1.644915	1e+05	7.794148e-06	9.49534e-06	2.342705e-05
7	7-16448941	17006007	28	T	G	0.03	0.6874384	0.1508799	-188.8256	1.495071	1e+05	8.893739e-06	1.236974e-05	2.924795e-05
7	7-16555139	17112095	25	A	G	0.032	0.6906029	0.147959	-188.0516	1.898086	1e+05	5.472365e-06	5.504123e-06	1.487034e-05
7	7-16848862	17399863	32	A	G	0.025	0.7432849	0.1616138	-188.6791	1.428247	1e+05	7.381946e-06	1.061031e-05	2.571155e-05
7	7-16848864	17399865	32	T	A	0.028	0.7100636	0.154834	-188.8485	1.302085	1e+05	7.817218e-06	1.266991e-05	2.984384e-05
7	7-16848876	17399877	34	C	G	0.025	0.744943	0.1615645	-188.6127	1.449681	1e+05	7.016049e-06	9.897315e-06	2.425494e-05
7	7-16857121	17408121	30	A	C	0.033	0.6628159	0.1414445	-188.3972	1.345601	1e+05	5.043452e-06	7.898859e-06	2.008539e-05
7	7-16863226	17413738	22	C	T	0.029	0.6545545	0.1444145	-188.9071	1.498496	1e+05	9.852468e-06	1.34734e-05	3.14292e-05
7	7-16863230	17413742	21	T	G	0.029	0.6559514	0.1443964	-188.8643	1.498566	1e+05	9.426929e-06	1.288208e-05	3.026382e-05
7	7-16863231	17413743	21	C	T	0.029	0.7180334	0.1527367	-188.0945	1.646111	1e+05	4.718531e-06	5.756205e-06	1.543348e-05
7	7-16917074	17457661	24	T	C	0.019	0.8546833	0.1881798	-188.8429	1.536288	1e+05	9.462403e-06	1.259612e-05	2.969754e-05
7	7-25801946	26908585	14	T	C	0.018	0.9219289	0.1914271	-188.5006	0.8866	1e+05	2.824572e-06	8.801702e-06	2.198623e-05
7	7-26467948	27539569	7	A	G	0.063	0.4662051	0.1001849	-188.1299	2.038944	1e+05	5.821869e-06	5.973025e-06	1.591484e-05
7	7-66829704	65578055	1	T	C	0.175	0.3590358	0.07810192	-189.4057	0.9535632	1e+05	7.450601e-06	2.273605e-05	4.892766e-05
7	7-64020944	68442802	12	T	C	0.098	0.4292447	0.09375772	-188.598	1.729036	1e+05	8.084162e-06	9.746047e-06	2.394398e-05
7	7-81719198	84578422	12	T	C	0.015	0.9964711	0.196877	-186.2852	2.186456	1e+05	9.172109e-07	8.745538e-07	3.30716e-06
7	7-81844222	84703860	10	T	G	0.015	0.9361914	0.2022686	-188.1649	2.417294	1e+05	6.495618e-06	6.195451e-06	1.640587e-05
7	7-81860966	84726451	9	T	C	0.042	0.7857565	0.1576863	-186.5877	2.491061	1e+05	1.319454e-06	1.197598e-06	4.262054e-06
7	7-84586336	87447775	17	A	G	0.028	0.6480713	0.1406062	-188.2584	2.289762	1e+05	7.067886e-06	6.831608e-06	1.77959e-05
7	7-86616264	89426786	11	G	A	0.338	-0.2800887	0.05897592	-187.5936	2.600869	1e+05	3.811293e-06	3.412625e-06	1.001727e-05
7	7-91396332	94293102	16	T	C	0.184	0.2948143	0.06496753	-188.3678	3.489464	1e+05	9.625862e-06	7.659443e-06	1.957604e-05
7	7-91399269	94296040	6	C	T	0.126	0.3664865	0.0785335	-187.7925	3.775752	1e+05	5.494138e-06	4.199282e-06	1.188596e-05
7	7-91400517	94297288	5	C	T	0.229	0.2837243	0.06206415	-188.1334	5.573613	1e+05	8.324806e-06	5.995118e-06	1.596373e-05
7	7-91400532	94297303	3	T	C	0.16	0.3281971	0.06929533	-187.4547	4.408661	1e+05	4.03835e-06	2.952591e-06	8.892948e-06
7	7-91400542	94297313	3	A	T	0.156	0.335037	0.07172907	-187.7324	4.526153	1e+05	5.392528e-06	3.944059e-06	1.128632e-05
7	7-91404231	94301002	13	T	C	0.171	0.301095	0.06483728	-187.835	5.200641	1e+05	6.072016e-06	4.389918e-06	1.233011e-05
7	7-91405086	94301856	13	A	G	0.183	0.3175088	0.06350836	-186.5006	2.449967	1e+05	1.222912e-06	1.093902e-06	3.961158e-06
7	7-91462586	94349785	4	A	G	0.353	0.2347498	0.05172612	-188.2654	6.527275	1e+05	9.607194e-06	6.882111e-06	1.790539e-05
7	7-91461379	94350991	11	G	A	0.361	0.2344997	0.05108875	-188.0881	4.361172	1e+05	7.679889e-06	5.718046e-06	1.534849e-05
7	7-91461201	94351169	14	G	A	0.172	0.2965888	0.06410565	-187.8881	7.208289	1e+05	6.549662e-06	4.640331e-06	1.290897e-05
7	7-91471634	94368718	18	C	T	0.443	0.2384032	0.05241381	-188.3586	3.141623	1e+05	9.195248e-06	7.58647e-06	1.942033e-05
7	7-91480086	94377170	4	T	A	0.075	0.6099498	0.1206858	-185.9885	6.153223	1e+05	9.492389e-07	6.427424e-07	2.582758e-06
7	7-91524797	94429018	32	G	A	0.378	0.2467923	0.05101345	-186.978	5.658753	1e+05	2.561172e-06	1.797046e-06	5.924968e-06
7	7-93668413	96604978	32	A	G	0.019	0.8767251	0.1896606	-188.2804	1.886205	1e+05	6.664049e-06	6.990901e-06	1.814084e-05
7	7-97541237	100553150	7	A	G	0.02	0.8083716	0.1729454	-187.6644	9.994269	1e+05	5.315298e-06	3.674162e-06	1.064546e-05
7	7-103427671	106648620	24	T	C	0.019	1.094106	0.234751	-188.0999	1.990503	1e+05	5.638955e-06	5.789039e-06	1.550655e-05
7	7-105633287	108871399	15	T	C	0.013	1.28276	0.2751551	-188.7968	1.152514	1e+05	5.608238e-06	1.200166e-05	2.851444e-05
7	7-128464683	132506705	8	A	G	0.02	0.7669976	0.1549386	-187.3925	1.182411	1e+05	1.533868e-06	2.767167e-06	8.431923e-06
7	7-128464754	132506776	15	A	G	0.023	0.7554623	0.1503466	-186.9275	1.280097	1e+05	1.087488e-06	1.70506e-06	5.676864e-06
7	7-128466983	132509005	24	A	G	0.019	0.8178289	0.1763184	-188.5101	1.409731	1e+05	6.219967e-06	8.889545e-06	2.216959e-05
7	7-128479259	132521281	26	T	C	0.013	1.001541	0.2076689	-187.6836	1.435492	1e+05	2.740696e-06	3.748396e-06	1.082245e-05
7	7-128479348	132521370	14	T	C	0.013	1.005885	0.2074754	-187.618	1.383156	1e+05	2.443266e-06	3.500417e-06	1.022897e-05
7	7-128479734	132521756	15	A	G	0.018	0.9476109	0.1817027	-185.7733	1.656967	1e+05	4.440416e-07	5.141439e-07	2.160692e-06
7	7-128485659	132527659	24	T	G	0.011	1.27939	0.2551255	-186.497	2.114177	1e+05	1.139446e-06	1.089817e-06	3.949204e-06
7	7-128565108	132548995	40	A	G	0.012	1.484176	0.3037942	-187.2119	1.690487	1e+05	2.063342e-06	2.292558e-06	7.22768e-06
7	7-128544861	132574390	43	A	G	0.021	0.87551	0.1888852	-188.0906	2.396395	1e+05	6.308258e-06	5.732856e-06	1.538148e-05
7	7-128580624	132634663	29	A	G	0.019	0.9488584	0.1818906	-185.7153	1.742464	1e+05	4.409389e-07	4.841451e-07	2.059554e-06
7	7-128581259	132635297	33	A	G	0.02	0.9393279	0.1819514	-185.9395	1.797437	1e+05	5.7022e-07	6.109064e-07	2.479848e-06
7	7-128581780	132635818	8	A	C	0.017	0.9470221	0.1818533	-185.7837	1.698228	1e+05	4.603264e-07	5.197256e-07	2.179387e-06
7	7-128581828	132635866	7	T	C	0.02	0.8320686	0.1747547	-187.8436	1.668903	1e+05	3.610266e-06	4.429709e-06	1.242243e-05
7	7-128581855	132635893	6	G	A	0.019	0.8289539	0.174829	-187.9275	1.673252	1e+05	3.944137e-06	4.834972e-06	1.335554e-05
7	7-128585778	132639813	22	T	A	0.021	0.9025683	0.1627917	-185.4873	0.7830352	1e+05	8.934446e-08	3.822464e-07	1.706606e-06
7	7-128586907	132640942	31	A	G	0.014	0.9487616	0.207625	-188.8126	1.440564	1e+05	8.392782e-06	1.220174e-05	2.891356e-05
7	7-151999298	157333751	1	T	C	0.384	0.4905934	0.1051673	-188.2674	1.513603	1e+05	5.5364e-06	6.896543e-06	1.793666e-05
8	8-13275213	13624517	41	A	C	0.015	1.224111	0.2373406	-186.2185	1.456496	1e+05	5.836132e-07	8.160658e-07	3.12806e-06
8	8-19726150	20412827	41	T	C	0.012	1.790961	0.3251977	-184.7891	1.215952	1e+05	1.073631e-07	1.855293e-07	9.646568e-07
8	8-51789919	52804646	21	T	G	0.016	1.076929	0.2107286	-186.4204	1.463618	1e+05	7.287641e-07	1.006481e-06	3.70358e-06
8	8-75114059	77007716	11	A	G	0.025	0.8628999	0.1613034	-185.8516	1.024719	1e+05	2.326604e-07	5.576688e-07	2.305512e-06
8	8-75337367	77216373	31	A	G	0.017	1.104575	0.2255909	-186.6968	5.83127	1e+05	1.963436e-06	1.341336e-06	4.671768e-06
8	8-75994990	77887586	11	G	A	0.022	0.8408453	0.1709742	-187.2551	1.492524	1e+05	1.779076e-06	2.398039e-06	7.498607e-06
8	8-76563701	78466432	7	G	C	0.015	1.117125	0.2312005	-187.252	2.305229	1e+05	2.630849e-06	2.390441e-06	7.47916e-06
8	8-77556302	79482627	14	T	C	0.02	0.7999505	0.1744854	-188.0443	7.939103	1e+05	7.862877e-06	5.46224e-06	1.47764e-05
8	8-85103037	87236933	37	A	G	0.017	0.9907923	0.2137926	-188.2699	1.798238	1e+05	6.329909e-06	6.914527e-06	1.797561e-05
8	8-99374807	101854737	25	T	C	0.011	1.214247	0.257612	-187.891	1.972692	1e+05	4.467322e-06	4.654196e-06	1.294088e-05
8	8-124726067	128624170	36	A	C	0.011	1.25288	0.2713712	-188.2843	1.985774	1e+05	6.833602e-06	7.01898e-06	1.820152e-05
8	8-145765317	150595032	6	T	C	0.051	0.5137315	0.1115014	-188.6896	1.526669	1e+05	7.121186e-06	1.072671e-05	2.594798e-05
8	8-145836785	150678350	11	A	G	0.05	0.5625604	0.1179308	-188.1554	1.30357	1e+05	3.469362e-06	6.134264e-06	1.627106e-05
8	8-145836844	150678409	12	A	G	0.052	0.5266995	0.1126744	-189.0298	1.02716	1e+05	5.306258e-06	1.532316e-05	3.502993e-05
8	8-145983760	150796896	39	A	G	0.058	0.4950907	0.1062835	-188.1346	2.074113	1e+05	5.701336e-06	6.002537e-06	1.598015e-05
8	8-148198777	153154038	16	A	G	0.125	0.3282164	0.06810249	-187.0686	4.55038	1e+05	2.782092e-06	1.974762e-06	6.398366e-06
8	8-148198787	153154048	15	C	T	0.043	0.6048369	0.1176321	-185.577	6.143466	1e+05	6.289828e-07	4.194741e-07	1.837391e-06
8	8-148198817	153154078	16	T	A	0.051	0.5522283	0.1116392	-186.4937	5.099101	1e+05	1.560779e-06	1.086132e-06	3.938414e-06
8	8-148199087	153154348	5	A	T	0.058	0.5048317	0.100041	-186.0512	4.760211	1e+05	9.843001e-07	6.859501e-07	2.720955e-06
8	8-148199088	153154349	4	A	C	0.058	0.5031099	0.100081	-186.1403	4.730979	1e+05	1.076337e-06	7.524022e-07	2.930463e-06
8	8-148199158	153154419	8	T	C	0.066	0.4526438	0.09551354	-187.5834	2.729084	1e+05	3.987561e-06	3.376436e-06	9.929749e-06
8	8-148199254	153154515	4	A	G	0.065	0.4360598	0.09576259	-188.4494	2.512241	1e+05	8.996029e-06	8.341935e-06	2.102204e-05
8	8-148202864	153158125	30	T	C	0.14	0.3182518	0.06854902	-187.92	3.338883	1e+05	6.103145e-06	4.797487e-06	1.326976e-05
8	8-148203035	153158296	20	C	A	0.052	0.5136693	0.1100539	-187.8941	2.792948	1e+05	5.474627e-06	4.669479e-06	1.297603e-05
8	8-148203739	153159000	14	A	G	0.058	0.5024142	0.1020863	-186.7115	3.243309	1e+05	1.75083e-06	1.361985e-06	4.729985e-06
8	8-148203791	153159052	10	T	C	0.062	0.5032376	0.09967076	-186.0902	3.646565	1e+05	9.717598e-07	7.143293e-07	2.810859e-06
8	8-148204196	153159457	7	G	A	0.144	0.2905262	0.06300975	-188.0578	3.271545	1e+05	7.015932e-06	5.539991e-06	1.495071e-05
8	8-148204367	153159628	7	T	C	0.059	0.4811741	0.1016944	-187.4277	6.843054	1e+05	4.122544e-06	2.87054e-06	8.689541e-06
8	8-148205039	153160300	17	C	T	0.059	0.5126316	0.1014131	-185.9999	5.182686	1e+05	9.454754e-07	6.50386e-07	2.607326e-06
8	8-148206325	153161584	19	T	A	0.052	0.5413458	0.1129716	-187.2977	3.098857	1e+05	3.149257e-06	2.506954e-06	7.776299e-06
8	8-148206335	153161594	15	G	A	0.051	0.5461656	0.1129023	-187.0992	3.064988	1e+05	2.564458e-06	2.038729e-06	6.56698e-06
8	8-148207737	153162996	23	C	T	0.061	0.5206	0.1018195	-185.8092	3.456835	1e+05	7.203567e-07	5.336335e-07	2.225809e-06
8	8-148209240	153164499	18	A	G	0.064	0.4655252	0.1002757	-187.8149	7.561056	1e+05	6.109549e-06	4.298839e-06	1.21183e-05
8	8-148209412	153164671	25	A	G	0.059	0.5407154	0.105686	-185.724	4.832643	1e+05	7.093468e-07	4.885208e-07	2.074377e-06
8	8-148210714	153165973	11	T	C	0.067	0.452425	0.09854144	-188.0924	4.074527	1e+05	7.640989e-06	5.743573e-06	1.540536e-05
8	8-148210899	153166158	7	A	C	0.059	0.4773292	0.09981562	-187.2966	3.565708	1e+05	3.290176e-06	2.504168e-06	7.76922e-06
8	8-148211203	153166462	26	T	C	0.054	0.6206839	0.1029256	-181.162	12.00817	1e+05	7.415596e-09	4.412878e-09	5.604509e-08
8	8-148211627	153166886	5	G	C	0.053	0.5376609	0.1096469	-186.7907	3.2084	1e+05	1.900001e-06	1.478961e-06	5.05698e-06
8	8-151788976	156913699	21	G	A	0.092	0.4079401	0.08437395	-187.0368	1e+05	1e+05	2.594741e-06	1.910496e-06	6.228036e-06
8	8-151789077	156913800	17	G	A	0.1	0.3884307	0.0794517	-186.7955	1e+05	1e+05	2.031419e-06	1.486383e-06	5.077574e-06
8	8-157263913	162541775	11	T	C	0.047	0.5571071	0.1189683	-187.6691	5.598425	1e+05	5.115854e-06	3.692105e-06	1.068829e-05
8	8-162080169	167539415	18	C	T	0.015	0.8849397	0.192023	-187.9516	5.54542	1e+05	7.086762e-06	4.958068e-06	1.363652e-05
8	8-162082441	167541687	6	A	G	0.146	0.4010691	0.07786227	-185.5372	5.708919	1e+05	6.021295e-07	4.025171e-07	1.778103e-06
8	8-170623288	176313792	15	C	T	0.038	0.6971184	0.1449593	-187.4963	2.035862	1e+05	2.915231e-06	3.083482e-06	9.21555e-06
9	9-7451156	7045292	10	T	C	0.025	0.7348734	0.1507741	-187.3436	1.680308	1e+05	2.173708e-06	2.629839e-06	8.087239e-06
9	9-15981484	15720907	8	C	G	0.012	0.921262	0.2033695	-188.5896	2.256364	1e+05	9.958267e-06	9.660184e-06	2.376716e-05
9	9-17170280	16909242	11	A	G	0.015	0.8858027	0.1893183	-188.4975	1.393434	1e+05	5.204853e-06	8.772912e-06	2.192607e-05
9	9-17174014	16912976	13	T	C	0.018	0.9389584	0.20181	-187.932	2.843612	1e+05	5.841304e-06	4.857677e-06	1.340745e-05
9	9-96740284	99133920	6	A	T	0.017	1.078916	0.2376885	-188.4079	2.911263	1e+05	9.570901e-06	7.988164e-06	2.027479e-05
9	9-102488748	104960703	15	A	G	0.081	0.3985237	0.08567305	-187.7706	7.976631	1e+05	5.867126e-06	4.104782e-06	1.166462e-05
9	9-102490441	104962394	24	A	G	0.04	0.5858133	0.1188535	-186.5913	45.81527	1e+05	1.692511e-06	1.201996e-06	4.274713e-06
9	9-102565524	105039159	29	C	T	0.09	0.4149601	0.08117727	-185.7683	135.285	1e+05	7.244086e-07	5.114861e-07	2.151776e-06
9	9-102664396	105138630	21	T	C	0.097	0.3742711	0.08176358	-188.1074	5.741788	1e+05	8.11065e-06	5.83433e-06	1.560724e-05
9	9-126065421	127844319	2	C	T	0.24	-0.273025	0.05999004	-188.4673	2.446739	1e+05	9.088965e-06	8.499913e-06	2.13542e-05
9	9-127571559	129492438	30	T	C	0.308	0.258596	0.05642477	-189.3569	0.9261041	1e+05	7.91785e-06	2.159868e-05	4.684105e-05
9	9-150253523	153122353	13	T	C	0.43	-0.2421489	0.05034473	-188.336	0.9582672	1e+05	2.905399e-06	7.408919e-06	1.904051e-05
9	9-150623393	153524409	35	G	A	0.028	0.6662761	0.1434079	-188.2861	1.720342	1e+05	6.014677e-06	7.032633e-06	1.823102e-05
9	9-154791457	157691734	2	A	G	0.124	-0.4964688	0.1032054	-187.0976	5.768864	1e+05	2.896541e-06	2.03536e-06	6.558122e-06
9	9-156294838	159105015	8	A	G	0.056	0.5234673	0.1114952	-187.7048	3.181248	1e+05	4.848469e-06	3.832348e-06	1.102194e-05
9	9-156360356	159172477	18	G	T	0.067	0.4547736	0.0989195	-188.3597	2.058661	1e+05	7.437798e-06	7.595088e-06	1.943873e-05
9	9-156363855	159175976	11	T	C	0.117	0.4455688	0.0875552	-186.0146	2.752097	1e+05	8.061021e-07	6.604301e-07	2.63953e-06
9	9-156562722	159364931	5	A	G	0.138	0.3444927	0.07507798	-188.4185	2.100707	1e+05	7.732855e-06	8.077133e-06	2.046317e-05
9	9-156647578	159449745	10	G	A	0.129	0.3482545	0.07402424	-187.6735	3.215406	1e+05	4.646379e-06	3.709239e-06	1.072916e-05
9	9-156838823	159663946	26	G	C	0.148	0.3588675	0.0715989	-186.1748	12.04971	1e+05	1.153009e-06	7.798834e-07	3.016114e-06
10	10-16610977	16813673	12	T	C	0.015	1.132841	0.2314359	-186.7688	1e+05	1e+05	1.977148e-06	1.44567e-06	4.964387e-06
10	10-42337702	43513293	14	G	A	0.02	1.070025	0.2240086	-188.0314	1.437522	1e+05	3.370662e-06	5.389126e-06	1.461214e-05
10	10-53837024	54639018	12	T	C	0.013	0.9828661	0.2110765	-187.9369	2.936548	1e+05	5.745673e-06	4.882484e-06	1.346412e-05
10	10-55528404	56361403	6	T	C	0.058	0.5064818	0.1031528	-187.1897	1.726068	1e+05	1.844922e-06	2.240295e-06	7.092685e-06
10	10-57494171	58392945	43	A	G	0.021	1.015619	0.1940377	-185.3362	2.890038	1e+05	4.056252e-07	3.268365e-07	1.507322e-06
10	10-66084976	65275625	31	A	C	0.144	0.3679809	0.07667247	-188.3391	1.046826	1e+05	3.044814e-06	7.433166e-06	1.909246e-05
10	10-71302309	70426624	16	T	C	0.054	0.5018849	0.1095322	-189.5355	0.8978915	1e+05	7.950435e-06	2.606072e-05	5.495018e-05
10	10-71710723	70822012	11	A	C	0.045	0.5162112	0.1099138	-188.9933	0.9296897	1e+05	4.815656e-06	1.474716e-05	3.391558e-05
10	10-71712450	70823739	14	T	A	0.043	0.5203377	0.1107928	-188.1724	1.495589	1e+05	4.816065e-06	6.244563e-06	1.651393e-05
10	10-71713228	70824517	40	T	C	0.035	0.6324123	0.1259783	-186.6114	1.667674	1e+05	1.111965e-06	1.227364e-06	4.347571e-06
10	10-71715799	70827088	17	G	A	0.046	0.5371089	0.1164316	-189.1947	0.9936964	1e+05	6.946782e-06	1.821697e-05	4.054531e-05
10	10-71783047	70837754	41	A	C	0.044	0.6000691	0.1235701	-187.9664	1.074455	1e+05	2.357552e-06	5.035401e-06	1.381248e-05
10	10-71782997	70837804	29	T	G	0.036	0.643747	0.1327976	-187.8962	1.148766	1e+05	2.450283e-06	4.67935e-06	1.299873e-05
10	10-71782963	70837838	30	G	A	0.041	0.591934	0.1229752	-187.902	1.283368	1e+05	2.858364e-06	4.707955e-06	1.306445e-05
10	10-71782942	70837859	29	A	G	0.036	0.662372	0.1331541	-187.3153	1.174113	1e+05	1.372575e-06	2.553242e-06	7.893711e-06
10	10-71782929	70837872	27	T	C	0.041	0.5921047	0.1211042	-187.3697	1.446326	1e+05	2.028409e-06	2.702285e-06	8.269431e-06
10	10-71768880	70851909	4	T	C	0.022	0.9397551	0.2012303	-188.7945	1.102634	1e+05	5.412016e-06	1.197345e-05	2.845809e-05
10	10-71763515	70857274	10	A	G	0.045	0.5368169	0.1153174	-189.3203	0.8504184	1e+05	5.779095e-06	2.078444e-05	4.533822e-05
10	10-71756907	70863882	33	T	C	0.036	0.685805	0.1325319	-186.2679	1.289127	1e+05	5.384022e-07	8.589902e-07	3.259717e-06
10	10-71753312	70867477	22	C	A	0.034	0.6403358	0.1274893	-186.7723	1.491804	1e+05	1.098364e-06	1.450859e-06	4.978841e-06
10	10-71753311	70867478	21	A	C	0.039	0.5960504	0.1235489	-187.2365	2.530534	1e+05	2.720605e-06	2.352061e-06	7.380761e-06
10	10-71753131	70867658	21	T	C	0.037	0.6065175	0.1252491	-187.7356	1.305193	1e+05	2.507327e-06	3.957568e-06	1.131821e-05
10	10-71752242	70868547	14	T	C	0.043	0.5644152	0.1224562	-188.9423	1.150451	1e+05	7.067949e-06	1.397886e-05	3.241965e-05
10	10-71748674	70872113	17	C	T	0.044	0.5541579	0.1155921	-188.4498	0.9738212	1e+05	3.118248e-06	8.346214e-06	2.103105e-05
10	10-71748656	70872131	15	C	T	0.048	0.5243298	0.1088955	-188.1305	1.10126	1e+05	2.838614e-06	5.976863e-06	1.592333e-05
10	10-71729150	70891636	20	C	A	0.029	0.7523074	0.1623882	-188.0122	2.821165	1e+05	6.374116e-06	5.28212e-06	1.437111e-05
10	10-71728932	70891854	19	T	C	0.044	0.565573	0.1227856	-189.1039	1.054006	1e+05	7.159061e-06	1.656167e-05	3.740662e-05
10	10-71724361	70896421	0	G	A	0.033	0.6643435	0.1452354	-189.2031	1.086241	1e+05	8.224953e-06	1.837812e-05	4.084872e-05
10	10-71719574	70901206	8	C	T	0.034	0.6904684	0.1493449	-189.2372	0.9523879	1e+05	6.643356e-06	1.904875e-05	4.210755e-05
10	10-71986224	71102734	43	A	G	0.056	0.4993233	0.1083523	-189.2073	0.9900265	1e+05	7.092328e-06	1.846033e-05	4.100338e-05
10	10-72274596	71394061	14	T	C	0.033	0.7543375	0.1513701	-187.0461	1.402514	1e+05	1.317241e-06	1.929071e-06	6.277366e-06
10	10-72538033	71666170	29	C	T	0.279	0.3273388	0.06756764	-187.0163	3.69547	1e+05	2.483422e-06	1.870201e-06	6.120752e-06
10	10-72639388	71767522	24	A	T	0.04	0.5939941	0.118082	-187.1199	1.136247	1e+05	1.059821e-06	2.083099e-06	6.683418e-06
10	10-72644004	71772137	39	T	G	0.029	0.7954056	0.1730641	-189.0434	1.122515	1e+05	7.483057e-06	1.554249e-05	3.545272e-05
10	10-72697737	71827478	9	C	A	0.052	0.5172061	0.1058834	-188.4688	0.8035978	1e+05	2.070766e-06	8.513246e-06	2.138219e-05
10	10-72701471	71831019	12	T	A	0.045	0.5687386	0.1134888	-187.566	0.9392983	1e+05	1.157212e-06	3.315817e-06	9.782812e-06
10	10-72704075	71833623	9	T	C	0.042	0.5807732	0.1164701	-187.1976	1.200874	1e+05	1.29878e-06	2.258707e-06	7.140303e-06
10	10-72721723	71851271	15	T	C	0.051	0.5059575	0.1082066	-189.3198	0.8120703	1e+05	5.275546e-06	2.07731e-05	4.531724e-05
10	10-72721763	71851311	14	G	A	0.048	0.5183356	0.1128264	-189.5326	0.864307	1e+05	7.545826e-06	2.597987e-05	5.480498e-05
10	10-72734865	71864499	11	A	G	0.045	0.5323105	0.1166029	-189.3116	1.047687	1e+05	8.555531e-06	2.059507e-05	4.498757e-05
10	10-72734920	71864554	14	T	C	0.04	0.5929504	0.1268921	-188.6581	1.178541	1e+05	5.345107e-06	1.037923e-05	2.524106e-05
10	10-72736534	71866168	1	T	G	0.043	0.5320759	0.1165407	-189.3329	1.027598	1e+05	8.539848e-06	2.106278e-05	4.585283e-05
10	10-72736551	71866185	1	T	C	0.055	0.5111903	0.1084039	-188.9043	0.903096	1e+05	4.425234e-06	1.343355e-05	3.13509e-05
10	10-72764556	71894279	9	A	G	0.047	0.5302756	0.1123829	-188.7109	1.013315	1e+05	4.369399e-06	1.096893e-05	2.643879e-05
10	10-72772225	71901953	39	T	C	0.032	0.7145396	0.1371183	-185.9101	1.506054	1e+05	4.52705e-07	5.925483e-07	2.420059e-06
10	10-72775671	71905263	15	A	C	0.028	0.7055191	0.151621	-188.6838	1.22211	1e+05	5.828728e-06	1.066234e-05	2.581727e-05
10	10-72778133	71907357	17	C	T	0.036	0.6589759	0.1383873	-187.6205	1.975043	1e+05	3.602682e-06	3.509701e-06	1.025131e-05
10	10-72778303	71907527	9	T	C	0.039	0.5621333	0.1218395	-189.1692	1.001738	1e+05	6.927587e-06	1.773503e-05	3.963568e-05
10	10-72805777	71934820	22	T	G	0.055	0.4861014	0.1059383	-190.0973	0.7302738	1e+05	7.730571e-06	4.708802e-05	9.116692e-05
10	10-72954860	72094572	13	G	T	0.038	0.632352	0.138592	-189.2141	1.117521	1e+05	8.647505e-06	1.859121e-05	4.124938e-05
10	10-72971315	72108385	36	A	G	0.043	0.6069434	0.1270678	-188.3849	1.054555	1e+05	3.373386e-06	7.798079e-06	1.987127e-05
10	10-73294398	72426361	33	T	C	0.089	0.3824001	0.08345467	-188.7462	1.50426	1e+05	7.94863e-06	1.138188e-05	2.727199e-05
10	10-122281688	123330789	11	A	G	0.122	-0.3643294	0.07105303	-185.9312	2.250145	1e+05	6.72529e-07	6.05648e-07	2.462756e-06
10	10-132537342	133740150	7	G	A	0.146	0.3005221	0.06594341	-190.3833	0.6895369	1e+05	8.852481e-06	6.367708e-05	0.0001182624
10	10-138096211	139346620	17	T	C	0.054	0.4811691	0.1053335	-188.6246	1.761478	1e+05	8.448875e-06	1.002085e-05	2.450837e-05
