chr	rs	ps	n_miss	allele1	allele0	af	beta	se	logl_H1	l_remle	l_mle	p_wald	p_lrt	p_score
1	1-3428145	3528394	26	A	G	0.234	-0.9141606	0.1857628	-428.8203	0.1240759	1e+05	1.753634e-06	7.051997e-05	0.0001291802
1	1-13741588	13966349	30	G	A	0.31	0.864605	0.1647893	-423.3388	3.911172	1e+05	3.819008e-07	2.303673e-07	1.143557e-06
1	1-22875273	23252779	6	T	C	0.133	-0.9998981	0.2151191	-427.0432	0.7105917	1e+05	5.959682e-06	1.087592e-05	2.625052e-05
1	1-22891343	23268846	21	C	A	0.202	-0.9323143	0.193999	-425.4039	11.18193	1e+05	2.95875e-06	1.964331e-06	6.370783e-06
1	1-22891350	23268853	23	T	C	0.196	-0.936552	0.1978258	-425.6923	7.469472	1e+05	4.074099e-06	2.652348e-06	8.143932e-06
1	1-22891351	23268854	22	A	G	0.197	-0.9391414	0.1954376	-425.4352	17.54648	1e+05	2.964655e-06	2.029387e-06	6.542412e-06
1	1-22909969	23292508	24	G	T	0.168	-0.9216704	0.1976947	-425.9881	3.11925	1e+05	5.604883e-06	3.61039e-06	1.049296e-05
1	1-22909970	23292509	24	T	C	0.146	-1.093005	0.2073058	-423.2054	4.119352	1e+05	3.376175e-07	2.006717e-07	1.025941e-06
1	1-26696068	26898631	9	T	A	0.406	0.6542714	0.1444579	-427.4042	0.7521213	1e+05	9.994318e-06	1.587765e-05	3.609716e-05
1	1-38335663	38705132	26	T	C	0.102	1.147318	0.2527542	-426.9895	1.288464	1e+05	9.56824e-06	1.028139e-05	2.50414e-05
1	1-38547533	38909746	18	C	T	0.093	1.155286	0.2522198	-426.6457	1.546886	1e+05	8.005899e-06	7.174481e-06	1.853691e-05
1	1-44612761	44798791	18	T	C	0.023	2.874513	0.6324015	-426.5459	2.457979	1e+05	9.31863e-06	6.463909e-06	1.699498e-05
1	1-69887761	71154910	11	A	G	0.085	1.257539	0.2582714	-425.2305	2.265063	1e+05	2.22305e-06	1.639912e-06	5.499773e-06
1	1-76872832	78374060	24	T	C	0.059	1.501189	0.329548	-426.5334	2.527396	1e+05	8.92835e-06	6.379943e-06	1.681113e-05
1	1-76873399	78374627	9	C	T	0.054	1.513789	0.3224434	-426.253	1.498368	1e+05	4.85345e-06	4.760118e-06	1.318414e-05
1	1-76873441	78374669	8	T	C	0.051	1.541777	0.329319	-426.0942	1.92091	1e+05	5.140819e-06	4.032861e-06	1.149563e-05
1	1-76873461	78374689	9	T	C	0.052	1.539014	0.3295921	-426.119	2.009016	1e+05	5.426238e-06	4.138778e-06	1.174434e-05
1	1-76873482	78374710	7	A	G	0.056	1.532195	0.3200978	-425.6157	1.972269	1e+05	3.223961e-06	2.448844e-06	7.628395e-06
1	1-76874138	78375366	19	G	T	0.054	1.639925	0.3372985	-425.2267	2.358232	1e+05	2.295998e-06	1.63347e-06	5.482197e-06
1	1-76874282	78375510	18	G	A	0.062	1.472095	0.3238957	-426.5692	2.537561	1e+05	9.335847e-06	6.622928e-06	1.734218e-05
1	1-76874436	78375664	10	T	C	0.054	1.503867	0.3294385	-426.4877	2.568417	1e+05	8.563624e-06	6.082365e-06	1.615656e-05
1	1-76874945	78376173	16	C	T	0.059	1.617547	0.3237433	-424.5781	2.712503	1e+05	1.240535e-06	8.32408e-07	3.178327e-06
1	1-76875005	78376233	22	A	G	0.061	1.559115	0.3228608	-425.3001	3.146524	1e+05	2.664077e-06	1.763082e-06	5.833617e-06
1	1-76875359	78376587	19	T	G	0.057	1.604428	0.3334407	-425.348	4.280968	1e+05	2.880427e-06	1.853162e-06	6.075266e-06
1	1-76875375	78376603	18	A	G	0.057	1.57917	0.3337978	-425.7078	3.92322	1e+05	4.13449e-06	2.695674e-06	8.25284e-06
1	1-76875429	78376657	16	T	C	0.054	1.58934	0.3377023	-425.8829	2.534115	1e+05	4.610818e-06	3.235253e-06	9.586856e-06
1	1-76875460	78376688	21	G	A	0.045	1.799853	0.3685248	-425.2892	1.705772	1e+05	2.077705e-06	1.743253e-06	5.780146e-06
1	1-76875644	78376872	19	A	G	0.062	1.469803	0.3052171	-425.4411	2.236445	1e+05	2.830759e-06	2.0419e-06	6.575316e-06
1	1-76875833	78377061	5	G	A	0.056	1.510722	0.3251255	-426.1334	2.636548	1e+05	5.999882e-06	4.201534e-06	1.189123e-05
1	1-76875859	78377087	5	A	G	0.072	1.268116	0.2758353	-426.4602	1.896839	1e+05	7.439287e-06	5.909865e-06	1.57749e-05
1	1-76875885	78377113	5	C	G	0.053	1.498386	0.3289038	-426.5448	2.462992	1e+05	8.913009e-06	6.456333e-06	1.69784e-05
1	1-76876088	78377316	19	C	T	0.049	1.738873	0.3492732	-424.7041	2.348365	1e+05	1.347061e-06	9.488036e-07	3.531481e-06
1	1-76876231	78377459	9	G	C	0.052	1.599528	0.3385374	-425.807	2.544201	1e+05	4.248017e-06	2.989134e-06	8.983242e-06
1	1-76876249	78377477	8	G	A	0.051	1.605713	0.3378822	-425.6785	2.62391	1e+05	3.759318e-06	2.614522e-06	8.048615e-06
1	1-76876280	78377508	27	T	C	0.057	1.584772	0.3398088	-426.0257	3.116873	1e+05	5.564874e-06	3.754979e-06	1.083812e-05
1	1-76876308	78377536	16	T	C	0.054	1.605886	0.3381017	-425.6785	2.736841	1e+05	3.802666e-06	2.61463e-06	8.048886e-06
1	1-76876310	78377538	16	A	G	0.054	1.605886	0.3381017	-425.6785	2.736841	1e+05	3.802666e-06	2.61463e-06	8.048886e-06
1	1-76876326	78377554	22	T	A	0.061	1.541332	0.3287602	-425.9633	2.510977	1e+05	4.99319e-06	3.51813e-06	1.027158e-05
1	1-76876366	78377594	37	A	G	0.06	1.664168	0.3381333	-424.8725	3.363698	1e+05	1.749499e-06	1.130236e-06	4.067134e-06
1	1-76877897	78379125	35	A	G	0.059	1.530236	0.3347144	-426.5216	2.120768	1e+05	8.314132e-06	6.301997e-06	1.664013e-05
1	1-144176812	146328245	26	G	C	0.027	2.995809	0.5995993	-424.5056	7.017944	1e+05	1.24074e-06	7.721051e-07	2.991927e-06
1	1-171303915	173192204	7	A	C	0.022	-2.738429	0.5435821	-429.6086	1e-05	1e+05	1.024016e-06	0.0001626046	0.0002676404
1	1-204837793	207628805	32	A	G	0.028	2.734375	0.5643432	-425.8715	0.9839991	1e+05	2.476429e-06	3.197092e-06	9.493765e-06
1	1-219053728	222087303	32	T	C	0.014	3.458968	0.7333624	-426.3546	1.114681	1e+05	4.406046e-06	5.292581e-06	1.439471e-05
1	1-229244265	232676226	19	T	C	0.013	2.841611	0.626517	-426.6442	2.13917	1e+05	9.721861e-06	7.16334e-06	1.851292e-05
1	1-238165954	241661278	3	A	G	0.077	1.506442	0.3296673	-426.8253	1.343924	1e+05	8.393084e-06	8.657904e-06	2.168548e-05
1	1-267845326	272588925	33	A	G	0.042	1.967505	0.4339786	-426.5621	9.275077	1e+05	9.802763e-06	6.574184e-06	1.723589e-05
1	1-272518970	277212067	9	G	C	0.187	-0.8902677	0.1825905	-425.5754	1.066146	1e+05	2.156406e-06	2.348254e-06	7.370987e-06
1	1-287060506	292174457	16	C	T	0.26	-0.7925626	0.170111	-427.9719	0.4023323	1e+05	5.679209e-06	2.882629e-05	5.988255e-05
1	1-294784666	300243248	23	A	G	0.347	0.7888571	0.1596222	-425.0442	1.360218	1e+05	1.593463e-06	1.351065e-06	4.699217e-06
1	1-294786732	300245313	13	A	G	0.332	0.7167103	0.1573329	-427.3356	0.8210332	1e+05	8.925389e-06	1.477566e-05	3.397085e-05
1	1-296074987	301485831	22	G	A	0.097	1.251385	0.2639573	-425.7308	2.353604	1e+05	3.955587e-06	2.761e-06	8.416505e-06
2	2-15425127	15769515	37	T	C	0.04	2.466732	0.4913924	-425.0926	1.153041	1e+05	1.112625e-06	1.420859e-06	4.895141e-06
2	2-39172184	40109800	3	C	A	0.06	1.617485	0.352893	-426.7737	1.230739	1e+05	7.901477e-06	8.202583e-06	2.072826e-05
2	2-59850360	61390365	29	G	A	0.208	0.895192	0.1844136	-427.7227	0.3153562	1e+05	2.377273e-06	2.218215e-05	4.791327e-05
2	2-59851097	61391102	16	T	C	0.202	0.8513166	0.1822718	-427.6364	0.4283186	1e+05	5.399163e-06	2.025976e-05	4.436563e-05
2	2-59851101	61391106	17	T	C	0.2	0.8707318	0.183822	-427.4395	0.4065369	1e+05	4.027354e-06	1.647791e-05	3.724668e-05
2	2-68730951	69949663	7	G	C	0.015	2.574963	0.5647556	-427.1284	1.007036	1e+05	8.770308e-06	1.189149e-05	2.829427e-05
2	2-68731729	69950441	8	T	C	0.015	2.564774	0.5650259	-427.2279	0.9938621	1e+05	9.570258e-06	1.319749e-05	3.088636e-05
2	2-68732152	69950864	5	A	G	0.014	2.568721	0.5647219	-427.1857	0.9952393	1e+05	9.188595e-06	1.262753e-05	2.975983e-05
2	2-68743685	69962397	23	C	T	0.019	2.693316	0.5683708	-425.9381	1.42751	1e+05	3.994528e-06	3.426989e-06	1.005196e-05
2	2-68819032	70042980	4	A	G	0.014	2.563827	0.5649607	-427.2251	1.000304	1e+05	9.617938e-06	1.315964e-05	3.081176e-05
2	2-68832965	70054901	16	T	C	0.015	2.569509	0.565229	-427.1802	1.004998	1e+05	9.295757e-06	1.255494e-05	2.961583e-05
2	2-68838835	70060770	20	T	G	0.016	2.575915	0.5648523	-427.1458	0.9917498	1e+05	8.736064e-06	1.21097e-05	2.873006e-05
2	2-68838944	70060879	22	T	C	0.016	2.590254	0.564718	-427.0157	1.000505	1e+05	7.788682e-06	1.056698e-05	2.562343e-05
2	2-68841399	70063334	29	C	G	0.011	3.114728	0.6819973	-426.932	1.15095	1e+05	8.48508e-06	9.680524e-06	2.380907e-05
2	2-68955657	70101430	5	T	C	0.014	2.561643	0.5650539	-427.2385	1.0045	1e+05	9.811065e-06	1.334501e-05	3.11768e-05
2	2-68955209	70101878	32	A	G	0.019	2.459469	0.5329654	-426.5627	1.279602	1e+05	6.898334e-06	6.578427e-06	1.724514e-05
2	2-68954925	70102162	21	A	G	0.013	3.222319	0.6380072	-424.9443	1.026383	1e+05	9.645406e-07	1.217775e-06	4.320063e-06
2	2-71768194	73011041	10	T	C	0.022	2.123031	0.4670051	-427.1236	0.9478975	1e+05	9.292009e-06	1.183105e-05	2.817334e-05
2	2-71773114	73015961	40	C	T	0.096	1.346165	0.2475903	-422.5131	1.974018	1e+05	1.517797e-07	9.809386e-08	5.866279e-07
2	2-71773117	73015964	41	C	T	0.099	1.255876	0.2442119	-423.9392	1.825952	1e+05	6.266192e-07	4.290303e-07	1.870603e-06
2	2-71777953	73020800	17	T	C	0.031	1.972363	0.4310046	-427.2471	0.7622883	1e+05	8.155812e-06	1.346565e-05	3.141397e-05
2	2-71932255	73182933	13	G	A	0.035	2.025178	0.4192293	-425.9739	0.9652417	1e+05	2.644281e-06	3.557373e-06	1.036586e-05
2	2-87400637	89155805	12	T	C	0.033	-2.290905	0.4652672	-426.004	0.4398198	1e+05	1.731865e-06	3.670871e-06	1.06376e-05
2	2-87493023	89248180	5	T	C	0.024	-2.49726	0.5336726	-428.9772	0.1347359	1e+05	5.193866e-06	8.324962e-05	0.000149171
2	2-87530209	89285505	18	A	G	0.039	-1.793344	0.3824603	-426.4846	0.77788	1e+05	4.978881e-06	6.062906e-06	1.611359e-05
2	2-87569216	89324510	16	A	T	0.041	-1.921193	0.3698704	-426.2671	0.18742	1e+05	4.905916e-07	4.830662e-06	1.334569e-05
2	2-100189878	102443928	10	C	T	0.027	-2.020742	0.4345327	-428.6656	0.1839443	1e+05	5.900722e-06	5.988806e-05	0.0001121577
2	2-101603143	103856212	31	C	G	0.03	-1.978299	0.4359092	-426.9494	0.8880652	1e+05	9.606941e-06	9.858319e-06	2.417485e-05
2	2-176832524	181405226	32	G	A	0.042	1.963407	0.4106174	-425.5787	43.59537	1e+05	3.297731e-06	2.356283e-06	7.391599e-06
2	2-182526805	187351998	13	T	A	0.045	1.593897	0.337512	-426.2326	1.139035	1e+05	4.292137e-06	4.659893e-06	1.295399e-05
2	2-222813024	229126290	25	T	G	0.155	1.036366	0.2284158	-426.9256	1.367735	1e+05	9.654096e-06	9.616178e-06	2.367645e-05
2	2-222816116	229129382	22	T	A	0.184	0.8998823	0.1959871	-426.3125	3.799366	1e+05	7.630255e-06	5.065442e-06	1.388073e-05
2	2-222816175	229129441	18	G	T	0.18	0.8730872	0.1904237	-426.3605	2.886524	1e+05	7.851133e-06	5.325779e-06	1.446954e-05
2	2-232990441	239222531	34	A	G	0.132	-1.168988	0.2534164	-427.2744	0.5686631	1e+05	6.951981e-06	1.385791e-05	3.218311e-05
2	2-236173465	243395250	5	T	C	0.034	1.776128	0.3846105	-426.495	1.440526	1e+05	6.799558e-06	6.129202e-06	1.62599e-05
3	3-3479326	2712686	6	G	A	0.017	3.145067	0.6535226	-426.0081	1.049455	1e+05	2.870724e-06	3.68644e-06	1.067477e-05
3	3-3479398	2712758	5	A	G	0.017	3.681134	0.7419754	-425.1761	1.214893	1e+05	1.458702e-06	1.54967e-06	5.252473e-06
3	3-14964311	14247431	16	A	G	0.023	2.194905	0.4828207	-426.5593	2.239118	1e+05	9.294062e-06	6.554965e-06	1.719394e-05
3	3-36921104	36646484	10	G	A	0.22	1.136175	0.2109216	-422.7792	1.983003	1e+05	1.941723e-07	1.291385e-07	7.265825e-07
3	3-41741509	41313088	18	G	T	0.034	-1.828945	0.4033801	-430.1274	0.1033257	1e+05	9.785713e-06	0.0002825592	0.000435754
3	3-49900054	49698199	9	G	A	0.012	3.473472	0.766478	-426.692	1e+05	1e+05	9.88392e-06	7.530352e-06	1.930043e-05
3	3-53403672	53295555	20	G	A	0.036	-1.830202	0.4001562	-431.0585	0.02753784	1e+05	8.244008e-06	0.0007666073	0.001063189
3	3-54195807	54081051	34	C	T	0.053	-1.669816	0.3589614	-428.6166	0.219337	1e+05	5.864078e-06	5.686602e-05	0.0001072556
3	3-54195874	54081118	31	T	G	0.047	-1.9097	0.403616	-427.5472	0.3337135	1e+05	4.124195e-06	1.844953e-05	4.098306e-05
3	3-55875139	55818552	8	A	T	0.012	4.14431	0.8650057	-426.0635	1.004071	1e+05	3.160523e-06	3.90575e-06	1.119579e-05
3	3-94584039	104590389	41	A	G	0.14	1.020908	0.2155586	-428.655	0.2140876	1e+05	4.040235e-06	5.921662e-05	0.0001110712
3	3-94514909	104672548	28	G	A	0.177	1.095093	0.2220251	-425.7913	0.7089618	1e+05	1.666183e-06	2.940735e-06	8.863615e-06
3	3-150482095	151754548	24	T	C	0.013	4.472388	0.8643285	-424.4909	0.9577897	1e+05	5.390006e-07	7.604009e-07	2.95545e-06
3	3-186455806	189329235	20	C	T	0.029	2.56594	0.5624284	-426.6932	1.613242	1e+05	8.663809e-06	7.540318e-06	1.932173e-05
3	3-190627826	193476216	2	G	C	0.317	0.7470115	0.1607128	-426.7015	1.046766	1e+05	5.959711e-06	7.605783e-06	1.946156e-05
3	3-224579638	228247036	18	G	A	0.046	1.65595	0.3519878	-428.0917	0.4362547	1e+05	4.647085e-06	3.269996e-05	6.668951e-05
3	3-224579833	228247231	22	G	A	0.037	1.912477	0.3945027	-426.1537	0.8050315	1e+05	2.447645e-06	4.291204e-06	1.210051e-05
3	3-224582678	228250076	30	C	T	0.049	1.624529	0.3551835	-428.3592	0.4929447	1e+05	8.242042e-06	4.334505e-05	8.490303e-05
3	3-224587368	228254765	16	A	G	0.023	3.254032	0.7040288	-428.5092	0.4237842	1e+05	6.681109e-06	5.077109e-05	9.727082e-05
3	3-224587512	228254909	29	T	C	0.022	3.289526	0.7058065	-428.3783	0.3959468	1e+05	5.640132e-06	4.422398e-05	8.637975e-05
3	3-224587904	228255301	26	G	C	0.027	3.054974	0.662628	-428.8404	0.3549846	1e+05	7.028894e-06	7.203654e-05	0.0001315826
3	3-224588063	228255460	21	A	G	0.018	3.762577	0.7613718	-425.5049	0.8802019	1e+05	1.594842e-06	2.182011e-06	6.941516e-06
3	3-224588064	228255461	21	T	C	0.016	3.950502	0.8330172	-426.4402	0.8545593	1e+05	3.928579e-06	5.787927e-06	1.550408e-05
3	3-224589542	228256939	19	G	A	0.049	1.589274	0.3466303	-428.635	0.4226224	1e+05	7.852722e-06	5.797834e-05	0.0001090635
3	3-224589585	228256982	23	C	T	0.05	1.60815	0.3469063	-428.352	0.433075	1e+05	6.293249e-06	4.3015e-05	8.434755e-05
3	3-224590716	228258113	23	A	G	0.048	1.768424	0.3657102	-426.8735	0.5623333	1e+05	2.586757e-06	9.104977e-06	2.261816e-05
3	3-224591171	228258568	27	T	C	0.054	1.633048	0.3574732	-429.0315	0.3532877	1e+05	8.439609e-06	8.81683e-05	0.0001567981
3	3-224591463	228258860	23	T	C	0.048	1.612477	0.3529378	-428.7558	0.4164383	1e+05	8.424202e-06	6.587072e-05	0.0001217768
3	3-224605698	228273761	39	A	G	0.038	1.980686	0.4267888	-426.6912	1.134615	1e+05	6.151122e-06	7.524098e-06	1.928705e-05
3	3-224656022	228323049	7	A	G	0.032	1.854377	0.4085647	-427.8017	0.7057267	1e+05	9.589095e-06	2.410328e-05	5.141762e-05
4	4-1981836	2531921	13	T	C	0.02	2.379525	0.4918304	-425.1956	4.475863	1e+05	2.557577e-06	1.581538e-06	5.340079e-06
4	4-1983927	2534012	13	G	T	0.023	2.132747	0.4489317	-425.5973	3.213812	1e+05	3.785693e-06	2.402399e-06	7.509762e-06
4	4-10252684	11115473	27	T	C	0.016	-3.803633	0.7977943	-430.9468	1e-05	1e+05	3.509525e-06	0.0006797227	0.0009540717
4	4-29513294	31030023	8	G	C	0.039	1.665444	0.3532228	-425.9315	2.032568	1e+05	4.437252e-06	3.403327e-06	9.994797e-06
4	4-29620884	31116418	9	A	C	0.03	2.086399	0.4589523	-426.76	1.472404	1e+05	9.294117e-06	8.08579e-06	2.048148e-05
4	4-29628100	31123630	23	C	T	0.045	1.68628	0.3683779	-426.6041	1.511712	1e+05	8.10701e-06	6.868993e-06	1.787697e-05
4	4-29697294	31200972	25	T	C	0.059	1.596039	0.3464124	-426.4509	1.633496	1e+05	7.123066e-06	5.85328e-06	1.564933e-05
4	4-32275739	33814963	32	G	A	0.044	1.661503	0.3559461	-425.9807	4.744949	1e+05	5.464623e-06	3.582876e-06	1.042704e-05
4	4-75736474	78482974	38	T	C	0.04	1.818831	0.3946614	-426.6182	1.248343	1e+05	7.084438e-06	6.971278e-06	1.809842e-05
4	4-76000153	78793033	16	A	G	0.036	1.820091	0.3828519	-426.2131	1.099719	1e+05	3.730094e-06	4.565717e-06	1.273702e-05
4	4-76000105	78793081	16	T	C	0.038	1.871938	0.3749375	-425.1373	1.117593	1e+05	1.262056e-06	1.488482e-06	5.083394e-06
4	4-75999968	78793218	10	T	A	0.017	2.490317	0.538393	-426.5705	1.302186	1e+05	6.58119e-06	6.632246e-06	1.736248e-05
4	4-75999942	78793244	7	C	T	0.044	1.615662	0.3499366	-426.6172	1.309259	1e+05	6.828713e-06	6.964041e-06	1.808276e-05
4	4-75999939	78793247	7	A	C	0.044	1.610019	0.3481948	-426.5519	1.325844	1e+05	6.626248e-06	6.504496e-06	1.708372e-05
4	4-75997878	78795308	9	A	G	0.042	1.682437	0.3544851	-426.287	1.066228	1e+05	3.863644e-06	4.932278e-06	1.357774e-05
4	4-75997692	78795494	14	T	A	0.038	1.728973	0.3668213	-426.2311	1.265219	1e+05	4.468922e-06	4.652656e-06	1.293734e-05
4	4-75997655	78795531	16	T	C	0.033	1.901068	0.3902546	-425.641	1.137889	1e+05	2.200008e-06	2.514384e-06	7.795169e-06
4	4-75997623	78795563	15	T	C	0.018	2.678656	0.5282802	-424.3171	1.98113	1e+05	8.789186e-07	6.348618e-07	2.557373e-06
4	4-76041805	78843363	14	G	A	0.02	2.378289	0.4792625	-425.2646	1.108757	1e+05	1.451125e-06	1.699164e-06	5.660885e-06
4	4-76041815	78843373	11	A	G	0.027	2.216345	0.4111664	-423.0679	1.331962	1e+05	1.907314e-07	1.740607e-07	9.175781e-07
4	4-76041820	78843378	10	C	T	0.025	2.210557	0.4258649	-424.1418	1.173258	1e+05	4.98782e-07	5.293311e-07	2.211473e-06
4	4-76041826	78843384	11	T	C	0.027	2.21005	0.4113208	-423.1526	1.328539	1e+05	2.075368e-07	1.899989e-07	9.828458e-07
4	4-76041840	78843398	11	A	G	0.03	1.883963	0.3927738	-425.9831	1.075564	1e+05	3.083736e-06	3.591649e-06	1.044807e-05
4	4-76041866	78843424	11	T	C	0.02	2.540757	0.5109289	-425.1344	1.173833	1e+05	1.383109e-06	1.48398e-06	5.070909e-06
4	4-76164366	78966447	26	T	C	0.013	2.96504	0.6439726	-426.7278	1.221331	1e+05	7.218161e-06	7.817755e-06	1.99131e-05
4	4-76164390	78966471	29	A	G	0.014	2.970916	0.6438657	-426.6823	1.225456	1e+05	6.91346e-06	7.454299e-06	1.913772e-05
4	4-76166053	78968134	24	G	A	0.016	2.887594	0.6121465	-426.1592	1.347013	1e+05	4.394851e-06	4.316048e-06	1.215837e-05
4	4-76178359	78980440	5	A	G	0.022	2.872121	0.6077958	-426.2948	1.148619	1e+05	4.235749e-06	4.972272e-06	1.366887e-05
4	4-76181756	78983837	40	A	G	0.041	1.790657	0.3791883	-427.0226	0.7298863	1e+05	4.294994e-06	1.064348e-05	2.577897e-05
4	4-76182638	78984719	12	A	G	0.035	1.85248	0.390822	-426.6843	0.8105953	1e+05	3.971556e-06	7.470359e-06	1.91721e-05
4	4-76183159	78985240	32	T	C	0.047	1.640009	0.3584033	-426.8656	1.243304	1e+05	8.167277e-06	9.030447e-06	2.246316e-05
4	4-101616358	99164496	11	A	T	0.015	3.221947	0.6861685	-426.3239	1.233813	1e+05	4.835921e-06	5.125605e-06	1.401721e-05
4	4-201296556	205512115	8	A	G	0.012	4.046038	0.8433276	-427.4402	0.4203831	1e+05	3.067892e-06	1.648894e-05	3.726775e-05
4	4-202847944	206997931	20	T	C	0.021	3.290054	0.6646048	-424.8121	1.853741	1e+05	1.533444e-06	1.061433e-06	3.865931e-06
4	4-213341357	216816181	37	T	A	0.02	3.486258	0.6312364	-422.1491	2.033662	1e+05	9.937111e-08	6.73582e-08	4.385327e-07
4	4-214193498	217718641	3	T	C	0.022	3.202946	0.6266178	-424.5659	0.9248031	1e+05	7.254076e-07	8.219423e-07	3.146156e-06
4	4-219770356	223543307	7	A	G	0.02	2.33354	0.5050636	-427.0618	0.8159773	1e+05	6.731676e-06	1.108998e-05	2.668349e-05
4	4-219917618	223685426	4	T	C	0.019	2.354507	0.5046787	-426.8756	0.8135745	1e+05	5.52486e-06	9.125133e-06	2.266005e-05
4	4-219960664	223728322	6	G	A	0.019	2.351598	0.5048945	-426.9112	0.8127962	1e+05	5.71648e-06	9.471514e-06	2.337782e-05
4	4-223739501	227580523	6	T	A	0.017	3.534338	0.7248929	-425.977	0.8178984	1e+05	2.157304e-06	3.568881e-06	1.039347e-05
4	4-224200106	227974393	5	G	T	0.014	3.215449	0.6733294	-426.1132	1.063167	1e+05	3.389794e-06	4.113583e-06	1.168527e-05
4	4-232278384	236820860	15	T	C	0.132	1.021984	0.2239925	-428.7331	0.3301249	1e+05	8.651448e-06	6.430943e-05	0.0001192769
5	5-2325740	2405950	28	T	A	0.188	0.9069896	0.1927165	-426.3008	0.9602965	1e+05	4.61069e-06	5.003575e-06	1.374012e-05
5	5-13627100	13969236	4	A	C	0.043	1.618183	0.349947	-426.4856	1.402269	1e+05	6.621123e-06	6.068853e-06	1.612672e-05
5	5-13686502	14043611	38	T	A	0.066	1.39507	0.3029313	-427.4027	0.682538	1e+05	7.188637e-06	1.585326e-05	3.605034e-05
5	5-13731337	14083461	19	G	T	0.085	1.206026	0.2585891	-426.5058	1.0573	1e+05	5.561159e-06	6.19858e-06	1.641276e-05
5	5-13731378	14083502	15	G	A	0.094	1.13558	0.2428237	-426.4225	1.092937	1e+05	5.258897e-06	5.681774e-06	1.526761e-05
5	5-13731445	14083569	25	A	G	0.051	1.679124	0.3271271	-425.1672	0.5707322	1e+05	6.557196e-07	1.53546e-06	5.213311e-06
5	5-13731447	14083571	25	A	G	0.056	1.448358	0.3139424	-427.3839	0.5812384	1e+05	6.935694e-06	1.554346e-05	3.545458e-05
5	5-13731491	14083615	31	T	G	0.058	1.574303	0.3133365	-425.7379	0.554797	1e+05	1.089941e-06	2.781412e-06	8.467516e-06
5	5-13731512	14083636	27	A	C	0.084	1.238486	0.26238	-427.0714	0.631865	1e+05	4.336002e-06	1.120222e-05	2.691003e-05
5	5-13731530	14083654	29	A	T	0.087	1.24138	0.2641733	-426.7622	0.8150339	1e+05	4.760577e-06	8.104416e-06	2.052087e-05
5	5-13731573	14083697	39	C	A	0.075	1.466168	0.278921	-423.8863	1.011047	1e+05	3.643166e-07	4.061588e-07	1.790875e-06
5	5-13731801	14083925	36	T	C	0.082	1.229788	0.2688177	-427.202	0.8723402	1e+05	8.205322e-06	1.284431e-05	3.018912e-05
5	5-13731849	14083973	29	G	A	0.09	1.191072	0.2552546	-426.5593	1.075468	1e+05	5.504218e-06	6.555267e-06	1.71946e-05
5	5-13813020	14167773	20	G	A	0.062	1.361259	0.2929863	-426.7027	1.005029	1e+05	6.011163e-06	7.615364e-06	1.948201e-05
5	5-14323452	14748866	6	A	G	0.187	1.00302	0.1926079	-423.5781	3.194854	1e+05	4.604133e-07	2.951225e-07	1.390379e-06
5	5-71084466	73028509	31	T	C	0.428	0.8943953	0.1636204	-422.4939	1.526379	1e+05	1.314711e-07	9.616783e-08	5.776667e-07
5	5-72711259	74810646	12	T	G	0.04	-1.643519	0.3579508	-431.5653	1e-05	1e+05	7.632664e-06	0.001325302	0.001745143
5	5-74491643	76659201	35	G	C	0.014	3.152298	0.6736481	-426.0722	1.871915	1e+05	5.19256e-06	3.941571e-06	1.128044e-05
5	5-92430940	94750554	38	T	C	0.014	2.921183	0.6432538	-426.9248	1.247484	1e+05	9.486227e-06	9.60722e-06	2.365798e-05
5	5-105196131	107762851	8	A	C	0.032	1.962326	0.4133609	-426.0197	1.322896	1e+05	3.844688e-06	3.731302e-06	1.078175e-05
5	5-105290358	107862522	10	A	G	0.017	2.566041	0.5408646	-426.1688	1.152071	1e+05	3.894953e-06	4.359653e-06	1.22598e-05
5	5-105463634	108051946	27	C	T	0.027	2.339193	0.4904366	-425.5611	2.730732	1e+05	3.479407e-06	2.313595e-06	7.281876e-06
5	5-123340176	126473081	16	T	C	0.026	2.452645	0.5137984	-425.9258	1.20254	1e+05	3.418616e-06	3.383172e-06	9.946051e-06
5	5-130958462	134416705	34	A	G	0.02	2.747579	0.6054276	-426.5004	4.957665	1e+05	9.610382e-06	6.163419e-06	1.633532e-05
5	5-131167640	134627790	38	T	C	0.034	1.869116	0.3852278	-425.2459	2.082824	1e+05	2.402007e-06	1.666447e-06	5.572043e-06
5	5-143208272	146524946	20	G	C	0.083	-1.408959	0.3086635	-426.4142	3.825423	1e+05	8.572238e-06	5.632894e-06	1.51585e-05
5	5-155093311	158849926	14	T	A	0.03	-2.513429	0.5362281	-425.8457	3.378955	1e+05	5.017015e-06	3.11216e-06	9.285931e-06
5	5-162854387	166702055	36	G	A	0.114	1.071108	0.2294402	-426.4997	1.194007	1e+05	5.452569e-06	6.159428e-06	1.632653e-05
5	5-212251002	218050225	38	T	C	0.19	0.8788806	0.1935548	-427.6294	0.7043355	1e+05	9.507836e-06	2.011103e-05	4.40893e-05
5	5-212291144	218090463	9	C	T	0.507	0.6961673	0.1474997	-427.2895	0.5673533	1e+05	4.343964e-06	1.407831e-05	3.261391e-05
5	5-213961478	219782032	26	T	C	0.347	0.740548	0.1608935	-427.1347	0.5984627	1e+05	7.267762e-06	1.197033e-05	2.845185e-05
5	5-214107190	219929951	19	G	A	0.119	1.039499	0.2288526	-427.681	0.6703547	1e+05	9.446935e-06	2.123228e-05	4.616576e-05
5	5-214110599	219933360	28	T	C	0.076	1.267444	0.272242	-427.4363	0.5254944	1e+05	5.767518e-06	1.642255e-05	3.714092e-05
5	5-214110655	219933416	24	C	T	0.09	1.293296	0.2464051	-424.5816	0.5760689	1e+05	3.783911e-07	8.354864e-07	3.187776e-06
5	5-214110675	219933436	20	G	A	0.094	1.224275	0.2452913	-425.4438	0.7341629	1e+05	1.271195e-06	2.047523e-06	6.590092e-06
5	5-214112023	219934784	18	C	T	0.088	1.270377	0.2581827	-425.4553	0.9374349	1e+05	1.758932e-06	2.072185e-06	6.654817e-06
5	5-214112033	219934794	17	G	C	0.09	1.279602	0.2564799	-424.8902	1.176164	1e+05	1.283061e-06	1.151235e-06	4.128112e-06
5	5-214112207	219934968	36	T	A	0.077	1.323849	0.2831373	-426.4046	1.006443	1e+05	5.280225e-06	5.576821e-06	1.503315e-05
5	5-214112631	219935392	42	T	C	0.097	1.253599	0.2607704	-425.8213	1.078158	1e+05	2.938595e-06	3.033961e-06	9.093763e-06
5	5-214113082	219935843	13	T	C	0.09	1.227637	0.2463288	-426.0724	0.5118646	1e+05	1.315222e-06	3.942234e-06	1.128201e-05
5	5-214113134	219935895	14	A	C	0.083	1.330619	0.262767	-424.7094	1.025925	1e+05	9.066449e-07	9.540922e-07	3.547337e-06
5	5-214113389	219936150	23	G	A	0.09	1.265374	0.2515	-424.9276	0.9572843	1e+05	1.055132e-06	1.196811e-06	4.259788e-06
5	5-214113796	219936557	14	T	C	0.086	1.322366	0.244705	-424.0944	0.4885522	1e+05	1.785319e-07	5.039616e-07	2.126489e-06
5	5-214114488	219937248	18	A	C	0.082	1.288294	0.2660441	-425.559	1.172205	1e+05	2.508287e-06	2.308419e-06	7.268549e-06
5	5-214114923	219937683	24	C	T	0.085	1.209716	0.2646632	-427.2975	0.7478046	1e+05	8.349864e-06	1.419676e-05	3.284505e-05
5	5-214115580	219938340	17	C	A	0.09	1.238591	0.2551051	-425.9276	0.7830973	1e+05	2.366981e-06	3.389835e-06	9.962169e-06
5	5-214115973	219938733	25	T	A	0.094	1.286178	0.2483126	-424.6139	0.7087652	1e+05	5.257121e-07	8.640003e-07	3.275006e-06
5	5-214116031	219938791	18	A	G	0.082	1.361596	0.2486884	-423.3489	0.6169136	1e+05	1.258733e-07	2.327977e-07	1.153046e-06
5	5-214116372	219939132	25	A	G	0.088	1.281082	0.2625201	-425.7446	0.855419	1e+05	2.115857e-06	2.80106e-06	8.516559e-06
5	5-214117929	219940844	29	C	T	0.093	1.249651	0.2600503	-425.9844	0.9271927	1e+05	2.963382e-06	3.596663e-06	1.046008e-05
5	5-214120613	219943528	23	A	G	0.093	1.286151	0.2533009	-424.8247	0.8629876	1e+05	8.504556e-07	1.075422e-06	3.907019e-06
5	5-214123573	219946488	10	G	A	0.094	1.172932	0.2414098	-426.1625	0.680302	1e+05	2.330206e-06	4.330936e-06	1.219302e-05
5	5-214123943	219946858	12	A	T	0.08	1.289019	0.2715032	-427.0004	0.5142148	1e+05	3.836763e-06	1.039954e-05	2.528249e-05
5	5-214123952	219946867	9	A	G	0.079	1.275735	0.2684178	-426.8001	0.5936887	1e+05	3.750793e-06	8.432295e-06	2.121214e-05
5	5-214123964	219946879	10	A	G	0.079	1.284164	0.2680796	-426.6674	0.5820543	1e+05	3.172499e-06	7.339008e-06	1.889059e-05
5	5-214124196	219947111	13	T	G	0.085	1.246247	0.253068	-425.9279	0.6635885	1e+05	1.726266e-06	3.390864e-06	9.964659e-06
5	5-214124222	219947137	12	G	A	0.095	1.251739	0.2397966	-424.5616	0.6278115	1e+05	4.339367e-07	8.183274e-07	3.135027e-06
5	5-214125414	219948329	31	G	T	0.182	0.9561871	0.210888	-426.6775	1.732892	1e+05	9.783584e-06	7.417525e-06	1.905895e-05
5	5-214125429	219948344	30	G	A	0.181	0.9720196	0.2114613	-426.4015	1.758885	1e+05	7.461568e-06	5.558582e-06	1.499233e-05
5	5-214125477	219948392	32	A	G	0.197	0.967566	0.2017414	-425.807	1.123282	1e+05	3.09051e-06	2.989333e-06	8.983733e-06
6	6-94387249	96944205	26	A	G	0.011	3.702745	0.7745696	-425.6971	1.590307	1e+05	3.315613e-06	2.665723e-06	8.177583e-06
6	6-104150792	107322009	4	A	C	0.433	0.7294406	0.1553389	-426.4112	0.986883	1e+05	4.830823e-06	5.614961e-06	1.511843e-05
6	6-109206930	113705950	37	T	A	0.2	0.8852865	0.1873345	-425.9566	1.31408	1e+05	4.231428e-06	3.493896e-06	1.021327e-05
6	6-144900558	148788488	15	T	C	0.386	0.7304349	0.1542503	-426.3789	0.8930453	1e+05	4.053114e-06	5.428866e-06	1.470146e-05
6	6-145904308	149797465	3	A	G	0.072	-1.520254	0.3244996	-428.665	0.2485837	1e+05	5.068635e-06	5.984731e-05	0.0001120918
7	7-91393479	94290249	6	T	C	0.357	0.72102	0.1511382	-425.829	1.441376	1e+05	3.464078e-06	3.05868e-06	9.154594e-06
7	7-91398906	94295677	10	C	T	0.24	0.8485068	0.1838566	-426.3149	1.94402	1e+05	6.887568e-06	5.078039e-06	1.390932e-05
7	7-91398929	94295700	9	G	A	0.394	0.7015483	0.1544408	-426.906	1.230223	1e+05	9.435402e-06	9.420852e-06	2.327308e-05
7	7-91398958	94295729	12	G	A	0.385	0.7199699	0.1536893	-426.1218	1.589735	1e+05	5.076243e-06	4.150975e-06	1.177292e-05
7	7-91400404	94297175	8	C	T	0.397	0.6970925	0.1538745	-427.0757	1.120469	1e+05	9.946375e-06	1.125261e-05	2.701164e-05
7	7-91400525	94297296	4	G	A	0.416	0.808189	0.1572484	-423.975	1.960007	1e+05	6.355417e-07	4.452502e-07	1.926658e-06
7	7-91404251	94301022	11	A	G	0.139	1.092927	0.2298734	-425.5977	3.494238	1e+05	3.722764e-06	2.403472e-06	7.512509e-06
7	7-91404538	94301309	4	C	T	0.399	0.7572925	0.1548886	-425.2779	1.481192	1e+05	2.027885e-06	1.722773e-06	5.724811e-06
7	7-91404559	94301330	6	C	T	0.342	0.8505543	0.1764749	-425.3426	2.617194	1e+05	2.779067e-06	1.842786e-06	6.047535e-06
7	7-91404574	94301345	6	G	A	0.4	0.7632104	0.1554561	-425.2147	1.424711	1e+05	1.849307e-06	1.613146e-06	5.426672e-06
7	7-91434671	94341707	16	G	A	0.355	0.7148707	0.155845	-426.4498	1.976192	1e+05	7.780167e-06	5.846254e-06	1.563373e-05
7	7-91462750	94349621	3	G	A	0.421	0.7454552	0.1580646	-426.0188	1.505345	1e+05	4.414783e-06	3.727804e-06	1.077341e-05
7	7-91462678	94349693	4	G	A	0.406	0.7237204	0.1576412	-426.5143	1.607051	1e+05	7.650343e-06	6.253708e-06	1.653403e-05
7	7-91462586	94349785	4	A	G	0.353	0.7247557	0.1568376	-426.3424	1.741472	1e+05	6.709146e-06	5.225775e-06	1.42439e-05
7	7-91458932	94353438	17	G	T	0.362	0.7277526	0.1546526	-426.0108	1.642832	1e+05	4.623306e-06	3.696825e-06	1.069956e-05
7	7-91471608	94368692	12	T	A	0.407	0.7427786	0.1546396	-426.0117	1.109467	1e+05	2.991935e-06	3.700379e-06	1.070803e-05
7	7-91471634	94368718	18	C	T	0.443	0.8300305	0.1581517	-423.5522	1.621427	1e+05	3.790087e-07	2.873166e-07	1.361231e-06
7	7-91480050	94377134	7	A	G	0.39	-0.9200032	0.1973473	-426.9808	0.6801242	1e+05	5.610827e-06	1.018782e-05	2.48502e-05
7	7-91524502	94428723	8	C	T	0.395	0.6918144	0.149884	-426.5569	1.298121	1e+05	6.868947e-06	6.538896e-06	1.715886e-05
7	7-91530149	94434370	10	G	A	0.369	0.7116532	0.1536038	-426.3887	1.511097	1e+05	6.3665e-06	5.484954e-06	1.482736e-05
7	7-104432651	107675058	31	A	G	0.039	1.93858	0.4000379	-425.3528	1.758168	1e+05	2.467974e-06	1.862476e-06	6.100137e-06
7	7-122442870	126283813	28	C	T	0.03	2.449912	0.5170254	-425.741	2.127731	1e+05	3.997828e-06	2.79054e-06	8.490307e-06
7	7-142916976	147831982	14	A	G	0.04	-1.774265	0.3473984	-429.3911	1e-05	1e+05	7.398316e-07	0.0001290711	0.0002186
7	7-143222259	148137108	22	A	G	0.045	-1.788962	0.3508076	-428.0172	0.07040021	1e+05	7.672056e-07	3.023198e-05	6.236561e-05
8	8-35331676	36306417	33	G	A	0.137	-1.100955	0.2388356	-429.2592	0.2189106	1e+05	7.050762e-06	0.0001122259	0.000193459
8	8-51789919	52804646	21	T	G	0.016	3.160744	0.649686	-425.2128	1.887606	1e+05	2.26402e-06	1.610038e-06	5.41817e-06
8	8-71601203	73245287	10	A	G	0.032	2.260931	0.4800389	-426.0723	1.419853	1e+05	4.538786e-06	3.942013e-06	1.128148e-05
8	8-71789718	73441127	2	T	C	0.024	2.761668	0.591923	-426.0181	2.707384	1e+05	5.51932e-06	3.725033e-06	1.076681e-05
8	8-116199273	119492187	34	G	A	0.506	-0.9394706	0.1963659	-426.3445	0.6519828	1e+05	3.258258e-06	5.237391e-06	1.427014e-05
8	8-123073293	126922756	27	G	T	0.086	-1.386895	0.2727414	-425.5583	0.4074247	1e+05	8.212906e-07	2.306856e-06	7.264525e-06
8	8-123073305	126922768	26	A	G	0.097	-1.216541	0.2596322	-426.9202	0.5568898	1e+05	5.052721e-06	9.561688e-06	2.356405e-05
8	8-123073388	126922851	32	C	T	0.058	-1.532361	0.3256098	-427.8028	0.2855942	1e+05	4.615119e-06	2.413123e-05	5.146831e-05
8	8-139250009	143873809	24	T	C	0.077	1.310822	0.2837394	-426.6445	1.0343	1e+05	6.745814e-06	7.165937e-06	1.851852e-05
8	8-139250011	143873811	23	A	G	0.077	1.366958	0.2829676	-426.0164	0.8461586	1e+05	2.643355e-06	3.718536e-06	1.075133e-05
8	8-148199171	153154432	8	G	C	0.294	-0.7883492	0.1717344	-426.7164	1.071452	1e+05	7.664332e-06	7.725049e-06	1.971585e-05
8	8-148202886	153158147	36	C	T	0.29	-0.9029539	0.1749276	-424.8946	0.6036565	1e+05	5.719735e-07	1.156433e-06	4.143173e-06
8	8-148203119	153158380	18	C	T	0.286	-0.8108297	0.1736522	-426.1586	1.404093	1e+05	5.430489e-06	4.313418e-06	1.215225e-05
8	8-148204720	153159981	8	C	T	0.279	-0.8041904	0.1756689	-426.8149	1.030835	1e+05	8.096725e-06	8.563705e-06	2.148807e-05
8	8-148209451	153164710	19	T	A	0.303	-0.8596697	0.1682689	-424.8665	0.7495092	1e+05	7.34249e-07	1.123258e-06	4.046828e-06
8	8-148211078	153166337	10	T	C	0.29	-0.7782893	0.1689114	-427.106	0.7509832	1e+05	7.112481e-06	1.161519e-05	2.77408e-05
8	8-148211188	153166447	28	G	C	0.323	-0.8608362	0.1735287	-425.573	0.7319284	1e+05	1.461995e-06	2.342332e-06	7.355777e-06
8	8-148211197	153166456	26	T	C	0.336	-0.8460344	0.1723799	-425.2908	1.091523	1e+05	1.862269e-06	1.74619e-06	5.788072e-06
8	8-148211518	153166777	3	T	C	0.287	-0.7745993	0.1689159	-426.8361	0.9591312	1e+05	7.825959e-06	8.755583e-06	2.188985e-05
8	8-148211813	153167072	11	A	G	0.291	-0.7892864	0.169697	-426.5195	0.9803529	1e+05	5.880788e-06	6.288066e-06	1.660954e-05
8	8-148213684	153168943	35	C	G	0.302	-0.8464859	0.1777614	-426.7638	0.5660277	1e+05	3.601092e-06	8.117581e-06	2.054871e-05
8	8-148216187	153171446	28	A	G	0.304	-0.7962044	0.1722387	-427.2709	0.606081	1e+05	6.661717e-06	1.380577e-05	3.208106e-05
8	8-148216643	153171902	20	T	C	0.302	-0.7914315	0.1714704	-426.7977	0.8914961	1e+05	6.872213e-06	8.410962e-06	2.116729e-05
8	8-148216683	153171942	14	A	C	0.295	-0.8221744	0.1701402	-426.2007	0.6556231	1e+05	2.625022e-06	4.507229e-06	1.260192e-05
8	8-148216770	153172029	14	A	G	0.293	-0.8471249	0.1695374	-425.1432	0.884301	1e+05	1.238822e-06	1.497586e-06	5.108627e-06
8	8-148216772	153172031	14	A	G	0.295	-0.8758968	0.1694201	-424.3535	0.8673975	1e+05	5.504568e-07	6.593331e-07	2.636017e-06
8	8-148216896	153172155	14	G	C	0.29	-0.8044001	0.1732985	-426.5963	1.024188	1e+05	6.129616e-06	6.813278e-06	1.775613e-05
8	8-148305305	153254275	6	T	C	0.155	-1.356784	0.2877799	-426.4903	0.8979027	1e+05	4.443889e-06	6.099052e-06	1.619339e-05
8	8-148305318	153254288	6	T	C	0.146	-1.399912	0.2886068	-425.9872	0.8275646	1e+05	2.417188e-06	3.606932e-06	1.048468e-05
8	8-148324862	153272799	13	C	T	0.284	-0.8069132	0.1730255	-426.2754	1.268086	1e+05	5.568946e-06	4.872514e-06	1.344135e-05
8	8-148325525	153273462	18	G	A	0.307	-0.8132581	0.1708953	-426.0104	1.037972	1e+05	3.651484e-06	3.6953e-06	1.069592e-05
8	8-148423414	153282872	8	T	C	0.284	-0.8189741	0.1681829	-425.7034	0.8781092	1e+05	2.218145e-06	2.683208e-06	8.221533e-06
8	8-148423368	153282918	7	T	C	0.288	-0.7738462	0.1691673	-426.8409	1.027272	1e+05	8.218181e-06	8.800214e-06	2.198312e-05
8	8-148423332	153282954	7	A	G	0.29	-0.7722789	0.1682494	-426.828	0.9480953	1e+05	7.678623e-06	8.68178e-06	2.173547e-05
8	8-148423203	153283083	6	A	G	0.282	-0.7728064	0.1692873	-426.9437	0.9556616	1e+05	8.559239e-06	9.799394e-06	2.405373e-05
8	8-148422978	153283308	13	A	C	0.294	-0.7765698	0.1688824	-426.656	1.104171	1e+05	7.409474e-06	7.25228e-06	1.87043e-05
8	8-148421275	153285011	5	G	A	0.295	-0.789918	0.166758	-426.1776	1.030987	1e+05	4.025742e-06	4.399873e-06	1.235322e-05
8	8-148420628	153285658	25	A	G	0.316	-0.8193681	0.1690732	-425.7802	0.9383355	1e+05	2.465255e-06	2.907003e-06	8.780049e-06
8	8-148420626	153285660	26	T	C	0.315	-0.8154746	0.1698663	-426.0022	0.919111	1e+05	3.02711e-06	3.664089e-06	1.06214e-05
8	8-148342178	153364253	19	G	A	0.303	-0.8230972	0.1736751	-426.0517	1.125011	1e+05	3.983328e-06	3.858114e-06	1.108302e-05
8	8-148342009	153364422	20	C	T	0.323	-0.8536413	0.1691283	-424.5922	1.281141	1e+05	9.794812e-07	8.446994e-07	3.216018e-06
8	8-156411665	161712379	9	G	A	0.012	3.198946	0.6379483	-425.0888	1.041657	1e+05	1.141131e-06	1.415231e-06	4.879405e-06
8	8-162082441	167541687	6	A	G	0.146	1.127856	0.2407289	-425.9062	3.12267	1e+05	5.063007e-06	3.315057e-06	9.780965e-06
8	8-163168691	168618381	19	T	C	0.155	1.002143	0.2093138	-428.0388	0.2770202	1e+05	3.208002e-06	3.092723e-05	6.358813e-05
8	8-163169367	168619057	33	A	G	0.472	0.7178731	0.1577161	-427.4649	0.7706518	1e+05	9.069066e-06	1.692146e-05	3.809237e-05
8	8-163170057	168619747	22	C	T	0.476	0.7116706	0.1517929	-426.7526	0.7913794	1e+05	4.990643e-06	8.023599e-06	2.034985e-05
9	9-4897289	4500438	29	C	A	0.505	-0.72285	0.1589308	-426.5924	2.039248	1e+05	9.206164e-06	6.785511e-06	1.769586e-05
9	9-14805699	14509809	12	A	T	0.46	-0.7786332	0.1654591	-426.2535	1.106954	1e+05	4.619839e-06	4.762426e-06	1.318943e-05
9	9-17170280	16909242	11	A	G	0.015	2.704713	0.5809576	-426.223	1.614641	1e+05	5.766726e-06	4.613262e-06	1.284664e-05
9	9-26327026	26359180	14	C	A	0.035	-1.751225	0.3859066	-429.7809	0.1362611	1e+05	9.622587e-06	0.0001953186	0.0003144571
9	9-26394536	26426719	12	G	A	0.035	-1.849683	0.3996878	-429.4627	0.117682	1e+05	6.513724e-06	0.0001392646	0.0002336375
9	9-26396131	26428313	10	T	C	0.054	-1.428257	0.3149845	-431.2235	1e-05	1e+05	9.772076e-06	0.0009158548	0.001248332
9	9-138020960	140332036	27	A	G	0.281	0.8583031	0.1674777	-425.5085	0.5607837	1e+05	6.81108e-07	2.190289e-06	6.963025e-06
9	9-138020935	140332061	29	A	C	0.284	0.8223027	0.1677026	-426.0229	0.7287673	1e+05	1.901993e-06	3.74402e-06	1.081203e-05
10	10-2217155	1770729	35	T	C	0.042	-1.88227	0.4115191	-428.1274	0.3464595	1e+05	8.23559e-06	3.395348e-05	6.886943e-05
10	10-2228050	1781624	27	A	G	0.065	-1.442427	0.2906216	-425.8659	0.4862495	1e+05	1.445437e-06	3.178551e-06	9.448472e-06
10	10-18564951	18865873	21	T	C	0.191	0.9692885	0.1995188	-425.2737	1e+05	1e+05	2.335974e-06	1.715349e-06	5.704724e-06
10	10-19743252	20208492	31	T	C	0.271	-0.8397468	0.1762219	-425.6399	1.962528	1e+05	3.547434e-06	2.511415e-06	7.787629e-06
10	10-19801545	20234204	32	C	T	0.286	-0.7945786	0.1729716	-426.3381	2.21048	1e+05	7.559048e-06	5.20218e-06	1.419056e-05
10	10-42431271	43603955	22	T	C	0.011	3.686498	0.7730113	-425.62	2.207726	1e+05	3.488831e-06	2.459984e-06	7.656791e-06
10	10-66808943	66018427	42	A	C	0.359	0.7871495	0.1730091	-426.9567	1.124175	1e+05	9.1446e-06	9.933732e-06	2.43297e-05
10	10-71713228	70824517	40	T	C	0.035	1.862405	0.3887709	-425.5003	2.315922	1e+05	3.168801e-06	2.171603e-06	6.91445e-06
10	10-72538033	71666170	29	C	T	0.279	1.05794	0.206395	-423.9703	2.627109	1e+05	6.781542e-07	4.431026e-07	1.919259e-06
10	10-90793323	91008693	42	T	C	0.029	-2.960347	0.6446712	-427.1489	0.6369321	1e+05	7.614084e-06	1.214952e-05	2.880948e-05
10	10-122281607	123330708	15	C	T	0.157	-0.9127737	0.1937964	-429.4435	0.0999955	1e+05	4.537337e-06	0.0001364544	0.0002295041
10	10-122281688	123330789	11	A	G	0.122	-1.163849	0.2103623	-424.551	0.2397903	1e+05	9.470533e-08	8.093798e-07	3.107442e-06
10	10-123368761	124385869	9	A	G	0.069	-1.36991	0.297073	-428.2427	0.2980742	1e+05	6.999252e-06	3.833656e-05	7.641392e-05
10	10-127896656	129000103	18	C	G	0.021	2.538329	0.5414449	-425.918	2.640687	1e+05	4.998733e-06	3.356071e-06	9.880433e-06
10	10-132692183	133866993	30	C	T	0.044	2.149458	0.4341914	-425.0862	1.391016	1e+05	1.53279e-06	1.411442e-06	4.868803e-06
