chr	rs	ps	n_miss	allele1	allele0	af	beta	se	logl_H1	l_remle	l_mle	p_wald	p_lrt	p_score
1	1-8623787	8673503	15	G	T	0.204	-0.1070048	0.02206359	53.3535	1e+05	1e+05	2.362524e-06	1.757819e-06	5.564582e-06
1	1-33463802	33788590	39	C	T	0.06	-0.1682578	0.03703017	52.01924	1e+05	1e+05	9.189655e-06	7.068689e-06	1.766164e-05
1	1-33463840	33788628	33	A	G	0.064	-0.1793066	0.03848861	52.51182	1e+05	1e+05	5.561251e-06	4.22551e-06	1.14886e-05
1	1-33463887	33788675	23	A	G	0.081	-0.1543384	0.0323429	53.00719	1e+05	1e+05	3.359073e-06	2.520953e-06	7.487346e-06
1	1-33465251	33790039	19	G	C	0.106	-0.1264438	0.02694951	52.60549	35.05906	1e+05	4.802007e-06	3.832068e-06	1.059168e-05
1	1-33476290	33801078	25	C	G	0.066	-0.1621103	0.03512376	52.32503	1e+05	1e+05	6.727244e-06	5.135301e-06	1.351655e-05
1	1-33476339	33801127	27	C	T	0.062	-0.1662469	0.03573578	52.48333	1e+05	1e+05	5.72502e-06	4.353034e-06	1.177654e-05
1	1-33638492	33953816	38	A	C	0.101	-0.1336175	0.027495	53.39769	1e+05	1e+05	2.258839e-06	1.678824e-06	5.358566e-06
1	1-33638494	33953818	38	A	C	0.098	-0.1356121	0.02804239	53.29152	1e+05	1e+05	2.516046e-06	1.874939e-06	5.867278e-06
1	1-33638518	33953842	32	G	A	0.095	-0.1342726	0.02809627	53.03846	1e+05	1e+05	3.253962e-06	2.440166e-06	7.288765e-06
1	1-33638526	33953850	31	T	C	0.097	-0.1278864	0.02761507	52.39233	1e+05	1e+05	6.281267e-06	4.786823e-06	1.274673e-05
1	1-33638536	33953860	28	A	G	0.096	-0.1289739	0.02792503	52.33868	1e+05	1e+05	6.63429e-06	5.062621e-06	1.335665e-05
1	1-33661522	33970713	14	A	G	0.072	-0.1430523	0.03003661	52.96595	1e+05	1e+05	3.502945e-06	2.63163e-06	7.757777e-06
1	1-92882235	95015966	29	A	C	0.177	0.1084632	0.02351888	52.30932	1e+05	1e+05	6.835853e-06	5.220252e-06	1.370301e-05
1	1-188845471	190979112	28	T	C	0.168	-0.09693906	0.02106434	52.26769	1e+05	1e+05	7.132288e-06	5.452284e-06	1.421004e-05
1	1-188854540	190985602	16	T	G	0.124	-0.1111878	0.02437892	52.09155	1e+05	1e+05	8.535906e-06	6.553997e-06	1.657652e-05
1	1-214100144	217177132	10	T	A	0.04	0.1770132	0.03857707	52.20992	1e+05	1e+05	7.565014e-06	5.791416e-06	1.494541e-05
1	1-235639355	239027682	13	T	C	0.036	0.1827346	0.04028454	51.98656	1e+05	1e+05	9.501309e-06	7.31437e-06	1.817552e-05
1	1-236967843	240362190	41	G	A	0.117	-0.1349896	0.02915961	52.29097	18.87788	1e+05	6.328462e-06	5.321271e-06	1.392416e-05
1	1-236976655	240371002	23	T	G	0.093	-0.1522807	0.03107394	53.58156	1e+05	1e+05	1.874184e-06	1.386573e-06	4.581703e-06
1	1-237145540	240508995	15	T	G	0.432	0.07294793	0.01608188	51.98629	1e+05	1e+05	9.503975e-06	7.316472e-06	1.817991e-05
1	1-237146582	240510037	34	T	C	0.463	0.07913049	0.01588817	53.94433	1e+05	1e+05	1.29718e-06	9.510577e-07	3.369343e-06
1	1-237146631	240510086	33	G	C	0.447	0.0748718	0.0162524	52.28815	1e+05	1e+05	6.985054e-06	5.337008e-06	1.395856e-05
1	1-237149880	240513335	13	A	T	0.416	0.07344855	0.01498406	53.58693	1e+05	1e+05	1.863995e-06	1.378851e-06	4.560829e-06
1	1-237226344	240547279	21	T	C	0.448	0.07291624	0.01533649	52.92996	1e+05	1e+05	3.633553e-06	2.7322e-06	8.001956e-06
1	1-237225653	240547970	18	A	G	0.401	0.06862679	0.01510245	52.02042	1e+05	1e+05	9.178562e-06	7.059948e-06	1.764331e-05
1	1-237223511	240550111	8	A	G	0.399	0.07080423	0.01507488	52.67759	1e+05	1e+05	4.697437e-06	3.554458e-06	9.950369e-06
1	1-237223507	240550115	6	A	G	0.423	0.0729744	0.01480871	53.66723	46.35149	1e+05	1.654162e-06	1.268414e-06	4.260104e-06
1	1-237221159	240552463	8	C	G	0.418	0.06814059	0.01505206	51.94802	1e+05	1e+05	9.882582e-06	7.615198e-06	1.880139e-05
1	1-237213951	240559670	21	A	G	0.41	0.07295465	0.01537239	52.88067	148.338	1e+05	3.776277e-06	2.876205e-06	8.349149e-06
1	1-237213942	240559679	23	G	A	0.409	0.07730058	0.01545175	54.03696	184.0042	1e+05	1.169958e-06	8.638246e-07	3.116104e-06
1	1-237213921	240559700	28	C	A	0.409	0.07921454	0.01557917	54.42445	1e+05	1e+05	7.975453e-07	5.777893e-07	2.250729e-06
1	1-237213490	240560131	5	G	T	0.306	0.08422704	0.01819203	52.38737	1e+05	1e+05	6.31314e-06	4.811709e-06	1.280198e-05
1	1-247443427	251401321	2	A	G	0.023	0.2748491	0.0605284	52.00662	1e+05	1e+05	9.308761e-06	7.162558e-06	1.785828e-05
1	1-258615829	263195749	25	A	G	0.301	0.08390805	0.01813142	52.37825	1e+05	1e+05	6.372061e-06	4.857721e-06	1.290401e-05
2	2-3553306	3550852	16	A	T	0.137	0.1131371	0.02409633	52.65905	151.1921	1e+05	4.731704e-06	3.623856e-06	1.011139e-05
2	2-3553321	3550867	12	T	C	0.127	0.1159085	0.02480869	52.56992	1e+05	1e+05	5.241702e-06	3.976949e-06	1.092352e-05
2	2-3553326	3550872	11	C	T	0.124	0.1181401	0.02513851	52.68948	1e+05	1e+05	4.640895e-06	3.510632e-06	9.848437e-06
2	2-3553336	3550882	11	T	G	0.131	0.1178418	0.02461652	53.07423	1e+05	1e+05	3.137736e-06	2.35091e-06	7.068144e-06
2	2-3553434	3550980	14	T	A	0.143	0.1123061	0.02415894	52.27513	10.01163	1e+05	5.8134e-06	5.41007e-06	1.411804e-05
2	2-3553779	3551325	3	T	C	0.135	0.1119633	0.02386923	52.65082	1e+05	1e+05	4.827233e-06	3.655109e-06	1.018374e-05
2	2-3553784	3551330	4	T	C	0.136	0.1123247	0.02387241	52.71412	1e+05	1e+05	4.52595e-06	3.42158e-06	9.640706e-06
2	2-3557362	3554907	29	T	C	0.109	0.1196513	0.02592433	52.2601	27.59102	1e+05	6.727144e-06	5.495672e-06	1.430449e-05
2	2-3557799	3555344	15	G	C	0.107	0.1306544	0.02661523	53.61959	1e+05	1e+05	1.803238e-06	1.332823e-06	4.436e-06
2	2-3559380	3556925	37	A	G	0.073	0.1375207	0.03027325	52.01434	1e+05	1e+05	9.235756e-06	7.105018e-06	1.773779e-05
2	2-72013043	73263682	18	T	C	0.017	-0.3454033	0.07517526	52.23595	1e+05	1e+05	7.366845e-06	5.636048e-06	1.460933e-05
2	2-73337133	74671915	21	T	C	0.12	-0.141251	0.0295972	52.31936	3.17279	1e+05	3.351498e-06	5.165811e-06	1.358357e-05
2	2-73939812	75256697	34	T	C	0.12	-0.1557656	0.03328345	52.60416	1e+05	1e+05	5.062098e-06	3.837405e-06	1.060394e-05
2	2-74681318	76042769	1	A	G	0.091	-0.1738071	0.03407085	54.50213	1e+05	1e+05	7.372268e-07	5.330589e-07	2.109224e-06
2	2-75361520	76751188	27	G	T	0.111	-0.1621148	0.03420629	52.3732	4.394163	1e+05	3.887535e-06	4.8834e-06	1.296089e-05
2	2-75641112	77061400	34	T	C	0.12	-0.1262258	0.02744146	52.25814	1e+05	1e+05	7.20208e-06	5.506947e-06	1.432902e-05
2	2-76384867	77820333	20	C	A	0.107	-0.1345916	0.02869352	51.08901	1.521947	1e+05	4.827941e-06	1.873148e-05	4.027276e-05
2	2-78838466	80259605	7	A	G	0.136	-0.1341077	0.0279123	52.6771	4.34121	1e+05	2.899611e-06	3.556256e-06	9.954548e-06
2	2-79096816	80565925	39	T	G	0.121	-0.1486458	0.0310801	53.05462	1e+05	1e+05	3.200939e-06	2.399437e-06	7.188255e-06
2	2-79096796	80565945	38	A	G	0.126	-0.1383942	0.02985873	52.40927	1e+05	1e+05	6.173781e-06	4.702925e-06	1.256016e-05
2	2-79148642	80580907	40	A	G	0.116	-0.1476342	0.03013844	53.57229	1e+05	1e+05	1.891897e-06	1.400001e-06	4.617956e-06
2	2-79184693	80615785	15	T	C	0.053	-0.2588254	0.0536037	53.25819	1e+05	1e+05	2.602698e-06	1.941123e-06	6.036962e-06
2	2-79281758	80723763	18	A	G	0.101	-0.1483358	0.03256552	52.06678	1e+05	1e+05	8.754439e-06	6.725943e-06	1.694037e-05
2	2-79281832	80723837	20	C	T	0.104	-0.1473478	0.03159537	52.53303	1e+05	1e+05	5.442423e-06	4.133038e-06	1.127898e-05
2	2-79291263	80733150	23	C	T	0.071	-0.2295177	0.04899928	52.62212	1e+05	1e+05	4.97034e-06	3.76616e-06	1.044009e-05
2	2-79308083	80749970	23	T	G	0.093	-0.142131	0.03102618	52.17762	1e+05	1e+05	7.818409e-06	5.990225e-06	1.537353e-05
2	2-79327600	80769487	14	A	G	0.162	-0.1090688	0.02283884	53.02329	1e+05	1e+05	3.304546e-06	2.479036e-06	7.38444e-06
2	2-79369406	80811375	41	C	T	0.097	-0.1820261	0.03828333	52.93119	1e+05	1e+05	3.628996e-06	2.72869e-06	7.993456e-06
2	2-79865896	81367729	15	T	C	0.15	-0.136079	0.02683939	54.35705	1e+05	1e+05	8.538663e-07	6.196304e-07	2.381337e-06
2	2-84445243	86066006	13	T	C	0.091	-0.1729748	0.03600053	53.15266	1e+05	1e+05	2.89732e-06	2.166544e-06	6.608115e-06
2	2-84658090	86273094	21	A	G	0.105	-0.1538412	0.03372466	52.09523	1e+05	1e+05	8.503979e-06	6.528885e-06	1.652327e-05
2	2-86048396	87693012	15	A	G	0.083	-0.1821022	0.03805701	53.06485	1e+05	1e+05	3.1678e-06	2.37399e-06	7.125319e-06
2	2-86178884	87811986	36	A	G	0.154	0.1332172	0.0271692	53.59354	1e+05	1e+05	1.851537e-06	1.36941e-06	4.535282e-06
2	2-130777397	134369296	5	T	G	0.016	0.2651493	0.05790632	52.16879	1e+05	1e+05	7.889139e-06	6.045746e-06	1.549272e-05
2	2-156723449	160798932	19	T	G	0.131	-0.1078674	0.02272131	52.89907	1e+05	1e+05	3.749538e-06	2.821585e-06	8.217789e-06
2	2-164041866	168100707	17	T	C	0.02	0.3097272	0.06603659	52.64882	1e+05	1e+05	4.83704e-06	3.662717e-06	1.020134e-05
2	2-174414815	178623849	34	G	A	0.064	0.1511442	0.03296664	52.19369	1e+05	1e+05	7.691331e-06	5.890501e-06	1.515905e-05
2	2-198559712	204404068	45	A	G	0.017	0.2999352	0.06605497	52.00603	1e+05	1e+05	9.31434e-06	7.166956e-06	1.786749e-05
2	2-198678886	204521834	12	A	G	0.057	-0.1454472	0.03123664	52.50146	1e+05	1e+05	5.62028e-06	4.271464e-06	1.159251e-05
2	2-198678932	204521880	12	G	T	0.06	-0.1474705	0.03193262	52.33696	1e+05	1e+05	6.645963e-06	5.071747e-06	1.337675e-05
2	2-198678933	204521881	12	A	T	0.055	-0.1503776	0.0322228	52.54699	1e+05	1e+05	5.365555e-06	4.073246e-06	1.114306e-05
2	2-198679048	204521996	16	G	C	0.054	-0.1634307	0.03413219	53.07896	1e+05	1e+05	3.122679e-06	2.339353e-06	7.039481e-06
2	2-198679197	204522145	13	G	A	0.06	-0.1429029	0.03089772	52.36646	1e+05	1e+05	6.449128e-06	4.917918e-06	1.303728e-05
2	2-203382623	209321514	30	C	A	0.312	-0.08751282	0.01835354	52.99054	1e+05	1e+05	3.416437e-06	2.565067e-06	7.595357e-06
2	2-203382632	209321523	38	C	T	0.393	-0.08142965	0.01734763	52.66519	1e+05	1e+05	4.757097e-06	3.600714e-06	1.005774e-05
3	3-61984530	62038182	14	G	A	0.034	0.1888155	0.04112099	52.22339	1e+05	1e+05	7.461807e-06	5.710487e-06	1.477052e-05
3	3-62119532	62166935	10	G	A	0.05	0.1963313	0.04252314	52.3321	1e+05	1e+05	6.678988e-06	5.097567e-06	1.343358e-05
3	3-206254704	209655665	18	T	C	0.042	-0.2035293	0.04412799	52.31148	1e+05	1e+05	6.820821e-06	5.208493e-06	1.367723e-05
3	3-216476142	219960120	6	A	G	0.153	0.12836	0.02690264	53.00427	1e+05	1e+05	3.369072e-06	2.528641e-06	7.506191e-06
3	3-221706736	225389289	12	A	C	0.215	-0.09658825	0.02091335	52.33833	1e+05	1e+05	6.636673e-06	5.064483e-06	1.336076e-05
3	3-222971226	226645849	9	A	G	0.071	-0.1972841	0.04247179	52.45285	1e+05	1e+05	5.905593e-06	4.493746e-06	1.209278e-05
4	4-24438411	25993482	9	T	C	0.116	0.1085238	0.02386546	52.03415	1e+05	1e+05	9.050838e-06	6.959323e-06	1.743205e-05
4	4-24665245	26164589	28	G	A	0.298	0.08476663	0.01768212	53.03967	27.36723	1e+05	3.042865e-06	2.437085e-06	7.281171e-06
4	4-24772205	26318860	22	A	T	0.106	0.1165116	0.0249825	52.53364	1e+05	1e+05	5.439007e-06	4.130381e-06	1.127294e-05
4	4-24889782	26434871	20	A	C	0.02	0.3111072	0.0624332	53.9561	1e+05	1e+05	1.281788e-06	9.394971e-07	3.336019e-06
4	4-25095532	26653043	23	T	G	0.076	0.138757	0.02983305	52.47903	1e+05	1e+05	5.750197e-06	4.372647e-06	1.182071e-05
4	4-131413364	134426307	3	T	C	0.365	0.1139842	0.02470132	52.32115	1e+05	1e+05	6.753963e-06	5.156197e-06	1.356246e-05
4	4-149194330	152559765	4	T	C	0.025	0.208033	0.04550759	52.1366	1e+05	1e+05	8.152543e-06	6.25262e-06	1.593541e-05
4	4-156675535	160168020	22	C	G	0.025	0.2418754	0.04542064	55.56283	1e+05	1e+05	2.523267e-07	1.77693e-07	8.774303e-07
4	4-179674063	182594421	24	C	T	0.404	-0.08232134	0.0171284	53.15863	1e+05	1e+05	2.87977e-06	2.1531e-06	6.574329e-06
5	5-1817777	1879684	10	G	A	0.351	0.08955331	0.01777643	54.20739	1e+05	1e+05	9.936252e-07	7.237424e-07	2.699849e-06
5	5-88048373	90308025	11	A	G	0.152	-0.1303048	0.02863102	52.05054	1e+05	1e+05	8.900706e-06	6.841087e-06	1.718326e-05
5	5-121259279	124357612	18	T	C	0.015	0.4085378	0.08522247	53.10382	1e+05	1e+05	3.044759e-06	2.279567e-06	6.890839e-06
5	5-123354907	126487740	40	T	C	0.033	0.2272408	0.04060191	56.89603	1e+05	1e+05	6.581461e-08	4.483561e-08	2.98522e-07
5	5-124154070	127294665	8	T	C	0.026	0.2477205	0.04979952	53.91641	1e+05	1e+05	1.334424e-06	9.79044e-07	3.449728e-06
5	5-164053531	167889625	8	A	C	0.136	-0.1004643	0.0221612	51.97488	1e+05	1e+05	9.615333e-06	7.404306e-06	1.836301e-05
5	5-213227064	219012438	18	T	A	0.367	0.07262501	0.01591314	52.10441	1e+05	1e+05	8.424702e-06	6.46654e-06	1.639093e-05
5	5-214931450	220761863	12	A	G	0.033	-0.2404476	0.05205846	52.33964	1e+05	1e+05	6.627861e-06	5.057595e-06	1.334558e-05
6	6-37345667	39094963	43	T	A	0.185	0.1029718	0.02077136	53.83906	1e+05	1e+05	1.443303e-06	1.060969e-06	3.682837e-06
6	6-57291271	59756467	33	G	T	0.019	-0.3396168	0.07231938	52.67424	1e+05	1e+05	4.713474e-06	3.56689e-06	9.97925e-06
6	6-91806622	94244259	5	T	C	0.484	0.07329148	0.01590251	52.29666	1e+05	1e+05	6.924658e-06	5.289739e-06	1.38552e-05
6	6-103456092	106478110	12	A	G	0.22	0.08780918	0.019267	52.0774	1e+05	1e+05	8.660115e-06	6.651714e-06	1.678346e-05
6	6-157455822	161388844	31	A	G	0.092	0.1435024	0.02694649	55.56393	1e+05	1e+05	2.520469e-07	1.774911e-07	8.766411e-07
6	6-157455863	161388885	26	G	A	0.097	0.1272121	0.0259181	53.61607	1e+05	1e+05	1.809683e-06	1.337703e-06	4.449271e-06
6	6-160206312	164177733	36	T	A	0.035	0.1956963	0.03852767	54.39995	1e+05	1e+05	8.175705e-07	5.92658e-07	2.297328e-06
6	6-160206322	164177743	33	C	G	0.032	0.1926362	0.03924876	53.6154	1e+05	1e+05	1.810914e-06	1.338636e-06	4.451804e-06
7	7-21135201	22104095	4	C	G	0.283	0.08302524	0.01826871	52.02291	1e+05	1e+05	9.155279e-06	7.041602e-06	1.760482e-05
7	7-22239756	23292149	15	A	G	0.068	-0.1371492	0.03013665	52.04941	1e+05	1e+05	8.911004e-06	6.849196e-06	1.720034e-05
7	7-29754151	30940900	9	T	C	0.134	-0.1049807	0.02283266	52.24961	1e+05	1e+05	7.264936e-06	5.55619e-06	1.443605e-05
7	7-29758378	30967588	28	T	C	0.109	-0.1134577	0.02448357	52.31984	20.92735	1e+05	6.199102e-06	5.16323e-06	1.35779e-05
7	7-29943765	31016050	11	T	C	0.14	-0.1024772	0.02251415	52.05268	1e+05	1e+05	8.881278e-06	6.825791e-06	1.715102e-05
7	7-30053803	31128844	6	G	A	0.1	-0.1350157	0.02783218	53.359	1e+05	1e+05	2.349361e-06	1.747786e-06	5.538501e-06
7	7-60993164	58086688	18	A	G	0.034	0.1879516	0.04098686	52.1975	1e+05	1e+05	7.661499e-06	5.867097e-06	1.510864e-05
7	7-143785559	148698003	18	G	T	0.382	-0.08456336	0.01727596	53.55571	1e+05	1e+05	1.924005e-06	1.424349e-06	4.683541e-06
7	7-151419999	156744414	11	A	T	0.269	0.0899299	0.01852705	53.37203	1e+05	1e+05	2.318457e-06	1.724235e-06	5.477185e-06
7	7-151421147	156745562	29	A	T	0.159	0.1194013	0.0225053	55.46782	1e+05	1e+05	2.777282e-07	1.960442e-07	9.484651e-07
7	7-151421298	156745713	12	C	G	0.151	0.1283116	0.02187329	58.26686	1e+05	1e+05	1.65887e-08	1.092213e-08	1.011981e-07
7	7-151422597	156747012	29	G	A	0.263	0.08698795	0.0188488	52.32347	1e+05	1e+05	6.737986e-06	5.143702e-06	1.353501e-05
7	7-151422626	156747041	23	A	G	0.114	0.126585	0.0234247	55.94392	1e+05	1e+05	1.71775e-07	1.198253e-07	6.429775e-07
7	7-151423292	156747707	34	G	A	0.067	0.1445969	0.03108201	52.48332	1e+05	1e+05	5.725082e-06	4.353082e-06	1.177664e-05
7	7-151423308	156747723	33	C	T	0.061	0.1529166	0.03216887	52.92611	1e+05	1e+05	3.647784e-06	2.743163e-06	8.028487e-06
7	7-151423382	156747797	20	C	T	0.062	0.1491482	0.03058582	53.47256	1e+05	1e+05	2.093477e-06	1.553023e-06	5.027149e-06
7	7-151423396	156747811	20	A	G	0.06	0.1472867	0.03129099	52.72194	1e+05	1e+05	4.490079e-06	3.3938e-06	9.575734e-06
7	7-151440928	156772794	36	T	C	0.059	0.1513247	0.03234005	52.60068	1e+05	1e+05	5.080041e-06	3.851341e-06	1.063593e-05
7	7-151440930	156772796	35	G	A	0.046	0.1795424	0.03687212	53.44085	1e+05	1e+05	2.161964e-06	1.605097e-06	5.164851e-06
7	7-151440950	156772816	34	C	T	0.147	0.1284135	0.02303054	56.79111	1e+05	1e+05	7.314687e-08	4.996088e-08	3.24649e-07
7	7-151440990	156772856	27	T	C	0.044	0.1674287	0.03680716	52.04048	1e+05	1e+05	8.992588e-06	6.913442e-06	1.733558e-05
7	7-153768463	159061221	27	C	A	0.412	-0.07855136	0.0168352	52.54306	1e+05	1e+05	5.387097e-06	4.090001e-06	1.118118e-05
8	8-17151605	17702796	4	T	C	0.265	0.1255927	0.02677179	52.65317	1e+05	1e+05	4.815702e-06	3.646165e-06	1.016305e-05
8	8-22689667	23393006	4	C	T	0.161	-0.1147463	0.02224747	54.76591	1e+05	1e+05	5.645305e-07	4.055172e-07	1.693099e-06
8	8-38437186	39492635	16	C	T	0.434	0.08955537	0.01908329	52.51307	12.88916	1e+05	4.780903e-06	4.220018e-06	1.147617e-05
8	8-63599940	65235146	23	T	A	0.359	0.0763209	0.01666053	52.17735	1e+05	1e+05	7.820553e-06	5.991907e-06	1.537715e-05
8	8-63577897	65260570	36	T	C	0.389	0.07827312	0.01708635	52.17775	1e+05	1e+05	7.817414e-06	5.989443e-06	1.537186e-05
8	8-63573976	65264491	13	A	G	0.356	0.08056053	0.01721593	52.60175	1e+05	1e+05	5.074537e-06	3.847066e-06	1.062612e-05
8	8-80668853	82652951	6	A	G	0.242	0.09822893	0.02168655	51.95856	1e+05	1e+05	9.776795e-06	7.531703e-06	1.862804e-05
8	8-82017409	84082733	19	T	C	0.381	0.07540192	0.01637928	52.27389	1e+05	1e+05	7.087303e-06	5.417057e-06	1.413328e-05
8	8-82017699	84083023	14	G	A	0.37	0.07973241	0.01588404	54.12402	1e+05	1e+05	1.081198e-06	7.891658e-07	2.895849e-06
8	8-82033054	84098266	19	G	A	0.376	0.07444416	0.01620424	52.23371	1e+05	1e+05	7.383754e-06	5.649301e-06	1.463805e-05
8	8-82045202	84110414	8	A	G	0.296	0.08337593	0.01828823	52.08378	1e+05	1e+05	8.603858e-06	6.607452e-06	1.668978e-05
8	8-82045459	84110671	18	A	C	0.268	0.09785097	0.01878006	55.01422	1e+05	1e+05	4.391796e-07	3.135302e-07	1.378076e-06
8	8-82047815	84113021	8	T	G	0.251	0.08287332	0.01782877	52.46682	1e+05	1e+05	5.822177e-06	4.428731e-06	1.194685e-05
8	8-82090672	84155000	12	T	G	0.249	0.08306397	0.01767033	52.6947	1e+05	1e+05	4.616338e-06	3.491602e-06	9.804115e-06
8	8-82122538	84186752	17	T	A	0.252	0.08819539	0.01857903	52.89744	1e+05	1e+05	3.755765e-06	2.826385e-06	8.22935e-06
8	8-82202976	84271853	26	A	C	0.226	0.09633852	0.02026964	52.92299	1e+05	1e+05	3.659388e-06	2.752104e-06	8.050111e-06
8	8-82296540	84299890	22	G	A	0.246	0.08379357	0.01795244	52.55013	1e+05	1e+05	5.348434e-06	4.05993e-06	1.111275e-05
8	8-82271317	84307575	24	T	C	0.269	0.08320502	0.01830252	52.02897	1e+05	1e+05	9.098824e-06	6.997123e-06	1.751146e-05
8	8-82336131	84413548	35	T	C	0.301	0.08810541	0.01844831	53.02423	1e+05	1e+05	3.301373e-06	2.476597e-06	7.378443e-06
8	8-82345096	84421723	10	T	C	0.242	0.08333865	0.01826952	52.09497	1e+05	1e+05	8.506171e-06	6.530609e-06	1.652693e-05
8	8-82412121	84465876	16	T	G	0.251	0.08212236	0.01804697	52.04758	1e+05	1e+05	8.927624e-06	6.862283e-06	1.72279e-05
8	8-82381750	84481595	36	C	G	0.284	0.08962346	0.01823692	53.64393	1e+05	1e+05	1.759231e-06	1.299507e-06	4.3452e-06
8	8-82462740	84543254	41	A	G	0.286	0.08465265	0.01846514	52.19238	1e+05	1e+05	7.701608e-06	5.898564e-06	1.517641e-05
8	8-82959127	85068486	21	A	G	0.375	0.08040084	0.01605802	54.0654	1e+05	1e+05	1.147371e-06	8.386886e-07	3.042332e-06
8	8-82985434	85095360	16	T	C	0.371	0.07448283	0.01566249	52.93463	1e+05	1e+05	3.616328e-06	2.718932e-06	7.969822e-06
8	8-83036642	85147121	17	A	G	0.238	0.1106004	0.02295136	53.21543	1e+05	1e+05	2.71827e-06	2.029479e-06	6.262042e-06
8	8-83244681	85377180	6	T	C	0.244	0.08275212	0.01813491	52.10143	1e+05	1e+05	8.450311e-06	6.486678e-06	1.64337e-05
8	8-108079245	111022021	37	T	A	0.068	0.1420792	0.03106377	52.14683	1e+05	1e+05	8.067874e-06	6.186104e-06	1.579331e-05
8	8-134692113	139102057	23	C	T	0.056	-0.1694776	0.03742974	51.95179	1e+05	1e+05	9.844645e-06	7.585253e-06	1.873925e-05
8	8-163938772	169395559	23	T	C	0.258	0.08567282	0.01766156	53.35784	1e+05	1e+05	2.352117e-06	1.749886e-06	5.543964e-06
8	8-163939511	169396298	18	T	G	0.357	0.07854766	0.01659385	52.83814	1e+05	1e+05	3.989305e-06	3.006574e-06	8.66112e-06
8	8-163939707	169396494	36	G	A	0.341	0.08331793	0.01753434	52.91794	1e+05	1e+05	3.678228e-06	2.766621e-06	8.0852e-06
8	8-163940174	169396961	19	A	G	0.351	0.08243513	0.01651816	53.99058	1e+05	1e+05	1.23776e-06	9.064478e-07	3.240363e-06
8	8-163940183	169396970	20	G	A	0.348	0.0832372	0.01660529	54.092	1e+05	1e+05	1.116853e-06	8.158406e-07	2.974942e-06
8	8-163940207	169396994	19	T	C	0.351	0.08243104	0.01651026	54.00038	1e+05	1e+05	1.225528e-06	8.972705e-07	3.213695e-06
8	8-163940314	169397101	28	T	C	0.298	0.08145718	0.01784787	52.10498	1e+05	1e+05	8.419786e-06	6.462675e-06	1.638272e-05
8	8-163941848	169398634	16	T	C	0.344	0.088925	0.0168099	55.39376	1e+05	1e+05	2.992958e-07	2.116582e-07	1.007904e-06
8	8-164128106	169577459	32	T	C	0.061	0.1679131	0.03245442	54.84159	1e+05	1e+05	5.2293e-07	3.749274e-07	1.589961e-06
8	8-164163567	169608224	13	G	C	0.058	0.1560972	0.03327013	52.65569	1e+05	1e+05	4.803333e-06	3.636571e-06	1.014083e-05
8	8-164163579	169608236	12	G	A	0.06	0.1573653	0.03274468	53.15728	1e+05	1e+05	2.883721e-06	2.156127e-06	6.581938e-06
8	8-164163686	169608343	12	G	C	0.057	0.1571893	0.03319423	52.84647	1e+05	1e+05	3.95565e-06	2.980591e-06	8.599116e-06
8	8-164163796	169608453	13	T	C	0.06	0.1568452	0.03300809	52.91803	1e+05	1e+05	3.677889e-06	2.76636e-06	8.084569e-06
8	8-164163810	169608467	13	G	C	0.06	0.1583545	0.03312397	53.04574	1e+05	1e+05	3.22997e-06	2.421735e-06	7.243314e-06
8	8-164163826	169608483	11	T	A	0.067	0.1558708	0.03212458	53.3635	1e+05	1e+05	2.338628e-06	1.739606e-06	5.517219e-06
8	8-164163835	169608492	12	A	G	0.06	0.1588305	0.03313001	53.10549	1e+05	1e+05	3.039589e-06	2.275602e-06	6.880959e-06
8	8-164163841	169608498	12	G	A	0.144	0.1121849	0.02443295	52.22269	1e+05	1e+05	7.467155e-06	5.71468e-06	1.477959e-05
8	8-164163842	169608499	11	T	G	0.062	0.1580985	0.0326944	53.29007	1e+05	1e+05	2.519732e-06	1.877753e-06	5.874513e-06
8	8-164163897	169608554	13	A	G	0.058	0.15713	0.03343999	52.68644	1e+05	1e+05	4.655314e-06	3.521807e-06	9.874446e-06
8	8-164163898	169608555	12	T	C	0.057	0.1562465	0.03345521	52.56223	1e+05	1e+05	5.282949e-06	4.009013e-06	1.099671e-05
8	8-164163935	169608592	14	A	G	0.06	0.1483697	0.03256722	52.07019	1e+05	1e+05	8.72401e-06	6.701995e-06	1.688977e-05
8	8-164164418	169609075	22	T	C	0.063	0.1516312	0.03295724	52.26255	1e+05	1e+05	7.169771e-06	5.48164e-06	1.427396e-05
8	8-164164428	169609085	23	C	T	0.061	0.1566361	0.0312159	54.11562	1e+05	1e+05	1.090435e-06	7.960739e-07	2.916376e-06
8	8-164164476	169609133	23	T	C	0.061	0.1534078	0.03334053	52.26424	1e+05	1e+05	7.15743e-06	5.471975e-06	1.425292e-05
8	8-164164514	169609171	27	A	G	0.07	0.1463898	0.03083393	52.90027	1e+05	1e+05	3.744944e-06	2.818043e-06	8.209258e-06
8	8-164164563	169609220	31	A	G	0.063	0.156653	0.03326116	52.73412	1e+05	1e+05	4.434745e-06	3.350959e-06	9.475376e-06
8	8-164164568	169609225	32	G	A	0.061	0.1584344	0.03459651	52.17117	1e+05	1e+05	7.870054e-06	6.030764e-06	1.546058e-05
8	8-164164786	169609443	15	G	C	0.058	0.1565234	0.03316953	52.77393	1e+05	1e+05	4.258658e-06	3.214714e-06	9.154875e-06
8	8-164164795	169609452	18	G	A	0.096	0.1379345	0.02592849	55.5367	1e+05	1e+05	2.590708e-07	1.82561e-07	8.964054e-07
8	8-164164854	169609511	19	T	A	0.059	0.154332	0.03330961	52.4019	1e+05	1e+05	6.220348e-06	4.739268e-06	1.264104e-05
8	8-164165114	169609771	12	A	T	0.062	0.1504139	0.03269332	52.26215	1e+05	1e+05	7.172684e-06	5.483922e-06	1.427893e-05
8	8-164165183	169609840	12	C	G	0.065	0.1473819	0.03127903	52.74311	1e+05	1e+05	4.394352e-06	3.319693e-06	9.402008e-06
8	8-164165200	169609857	10	G	A	0.062	0.1547215	0.03268592	52.83832	1e+05	1e+05	3.988557e-06	3.005997e-06	8.659744e-06
8	8-164165220	169609877	12	T	C	0.065	0.1512009	0.03100519	53.47367	1e+05	1e+05	2.091105e-06	1.551221e-06	5.022369e-06
8	8-164165284	169609941	13	A	G	0.055	0.1608338	0.0331848	53.33907	1e+05	1e+05	2.397403e-06	1.784412e-06	5.633593e-06
8	8-164165294	169609951	13	A	C	0.06	0.1539702	0.03270516	52.72555	1e+05	1e+05	4.473615e-06	3.381052e-06	9.545891e-06
8	8-164165354	169610011	14	G	A	0.058	0.1518975	0.03277812	52.40559	1e+05	1e+05	6.196982e-06	4.721031e-06	1.260046e-05
8	8-164165364	169610021	15	T	G	0.061	0.1555242	0.03208574	53.34145	1e+05	1e+05	2.391608e-06	1.779993e-06	5.622136e-06
8	8-164165388	169610045	14	T	C	0.058	0.1601475	0.03280219	53.4988	1e+05	1e+05	2.038446e-06	1.511211e-06	4.91603e-06
8	8-164165397	169610054	12	C	G	0.057	0.1537535	0.03277608	52.65228	1e+05	1e+05	4.820067e-06	3.649551e-06	1.017088e-05
8	8-164165417	169610074	6	A	G	0.053	0.1586521	0.03211004	53.764	1e+05	1e+05	1.557478e-06	1.147041e-06	3.924478e-06
8	8-164165487	169610144	10	T	C	0.057	0.1547977	0.03290828	52.70846	1e+05	1e+05	4.552087e-06	3.441824e-06	9.688002e-06
8	8-164165503	169610160	13	T	C	0.065	0.1440085	0.03111355	52.38132	1e+05	1e+05	6.352183e-06	4.842196e-06	1.28696e-05
8	8-164165531	169610188	39	T	C	0.069	0.1523236	0.03288693	52.39534	1e+05	1e+05	6.262037e-06	4.771811e-06	1.271338e-05
8	8-164165561	169610218	23	T	C	0.066	0.1560538	0.03131385	53.95839	1e+05	1e+05	1.278826e-06	9.372724e-07	3.329599e-06
8	8-164165869	169610526	15	T	G	0.063	0.141677	0.03102257	52.11745	1e+05	1e+05	8.31331e-06	6.378964e-06	1.620472e-05
8	8-164165978	169610635	8	C	A	0.054	0.1583713	0.0332849	52.94592	1e+05	1e+05	3.575048e-06	2.687139e-06	7.892728e-06
8	8-164166051	169610708	8	A	G	0.063	0.1416187	0.03128747	51.94539	1e+05	1e+05	9.90921e-06	7.63622e-06	1.884499e-05
8	8-164166069	169610726	7	T	C	0.061	0.1488625	0.03145286	52.83521	1e+05	1e+05	4.001208e-06	3.015765e-06	8.683034e-06
8	8-164166135	169610792	7	T	G	0.056	0.1562781	0.03346792	52.55863	1e+05	1e+05	5.302362e-06	4.024106e-06	1.103113e-05
8	8-164166446	169611103	5	T	G	0.044	0.1776375	0.03752177	52.84125	1e+05	1e+05	3.976681e-06	2.996828e-06	8.637871e-06
8	8-164172303	169616960	4	G	A	0.092	0.1216521	0.02621962	52.42985	1e+05	1e+05	6.045632e-06	4.602944e-06	1.233716e-05
8	8-164177860	169622517	27	T	C	0.108	0.1201046	0.02525213	52.93783	1e+05	1e+05	3.604579e-06	2.709882e-06	7.947892e-06
8	8-164177879	169622536	21	A	G	0.105	0.1207395	0.02531457	52.9967	1e+05	1e+05	3.395113e-06	2.548667e-06	7.555237e-06
9	9-17445711	17202472	34	C	T	0.102	0.1206908	0.02616898	52.31031	1e+05	1e+05	6.828954e-06	5.214856e-06	1.369118e-05
9	9-23287220	23149081	19	A	G	0.366	-0.08150755	0.01764428	52.3426	1e+05	1e+05	6.607886e-06	5.04198e-06	1.331118e-05
9	9-44517325	45301954	7	T	C	0.379	-0.09335258	0.01855722	54.17405	1e+05	1e+05	1.027752e-06	7.492217e-07	2.776534e-06
9	9-125828996	127620130	28	T	C	0.044	0.2311327	0.05000982	52.35232	1e+05	1e+05	6.542751e-06	4.991071e-06	1.319891e-05
9	9-134804854	136923894	6	A	G	0.377	0.07644445	0.01629116	52.6582	1e+05	1e+05	4.791086e-06	3.627073e-06	1.011884e-05
9	9-147166809	149908416	27	A	T	0.183	0.1007329	0.02185297	52.29999	1e+05	1e+05	6.901222e-06	5.271399e-06	1.381506e-05
9	9-147167083	149908690	12	T	G	0.175	0.1044881	0.0212771	53.62778	1e+05	1e+05	1.788311e-06	1.32152e-06	4.405237e-06
10	10-11683411	11804157	34	G	A	0.396	-0.07687053	0.01694933	51.98324	1e+05	1e+05	9.53356e-06	7.339805e-06	1.822858e-05
10	10-44370491	45624289	40	G	A	0.133	0.1120651	0.02433039	52.28453	1e+05	1e+05	7.01084e-06	5.357193e-06	1.400265e-05
10	10-78776846	78198534	1	A	G	0.059	0.1819657	0.03856739	52.77058	1e+05	1e+05	4.273222e-06	3.225978e-06	9.18145e-06
10	10-82250738	82071666	23	T	G	0.169	0.1016036	0.02241538	51.97244	1e+05	1e+05	9.639306e-06	7.423217e-06	1.84024e-05
10	10-99601768	100037390	15	A	G	0.299	0.1007203	0.02152496	52.60095	1e+05	1e+05	5.078645e-06	3.850257e-06	1.063344e-05
10	10-116304720	117352545	18	A	G	0.113	0.131715	0.02877165	52.16456	1e+05	1e+05	7.923276e-06	6.072548e-06	1.55502e-05
10	10-124353447	125376543	34	C	T	0.094	-0.1331116	0.02845351	52.59652	1e+05	1e+05	5.101607e-06	3.868092e-06	1.067437e-05
10	10-124355210	125378306	12	C	T	0.098	-0.1295389	0.02692371	53.18174	1e+05	1e+05	2.812924e-06	2.101911e-06	6.445377e-06
10	10-124355358	125378454	11	C	T	0.086	-0.1331342	0.02786064	53.03651	1e+05	1e+05	3.260422e-06	2.445129e-06	7.300993e-06
