chr	rs	ps	n_miss	allele1	allele0	af	beta	se	logl_H1	l_remle	l_mle	p_wald	p_lrt	p_score
1	1-10358149	10490049	26	C	T	0.025	0.3377985	0.07344612	-31.78318	1e+05	1e+05	7.453729e-06	5.607166e-06	1.536883e-05
1	1-60093955	60878262	18	A	G	0.037	0.2952608	0.06058158	-30.58364	1e+05	1e+05	2.203549e-06	1.605832e-06	5.523173e-06
1	1-60097736	60882043	21	C	T	0.07	0.2138749	0.04594546	-31.54429	1e+05	1e+05	5.845023e-06	4.369265e-06	1.2509e-05
1	1-60101728	60886034	16	G	A	0.06	0.223061	0.04869271	-31.86106	1e+05	1e+05	8.068883e-06	6.082456e-06	1.643948e-05
1	1-60106129	60890435	20	C	T	0.059	0.2248149	0.04863341	-31.68323	1e+05	1e+05	6.732609e-06	5.051304e-06	1.409847e-05
1	1-92955867	95118345	32	G	A	0.026	0.5039849	0.1063205	-31.17411	1e+05	1e+05	4.011999e-06	2.969793e-06	9.110916e-06
1	1-96691548	98960984	7	G	C	0.017	0.4006929	0.08685752	-31.72357	1e+05	1e+05	7.014833e-06	5.268676e-06	1.459773e-05
1	1-98460250	100744529	8	T	C	0.022	0.3517169	0.07519832	-31.44836	1e+05	1e+05	5.30168e-06	3.953051e-06	1.151978e-05
1	1-98497332	100781604	2	A	G	0.019	0.4211314	0.08320328	-29.73181	1e+05	1e+05	9.301403e-07	6.627308e-07	2.71158e-06
1	1-98612885	100931426	9	G	T	0.025	0.3607782	0.06838696	-28.73004	1e+05	1e+05	3.382098e-07	2.346758e-07	1.192878e-06
1	1-98628725	100946601	43	T	C	0.027	0.3735454	0.07485521	-30.05806	1e+05	1e+05	1.293886e-06	9.298933e-07	3.555668e-06
1	1-98639235	100958192	9	A	G	0.028	0.3147656	0.06813066	-31.69443	1e+05	1e+05	6.809819e-06	5.110749e-06	1.423533e-05
1	1-98687136	101005479	5	T	G	0.02	0.4396055	0.09049725	-30.65555	1e+05	1e+05	2.370199e-06	1.730568e-06	5.868347e-06
1	1-98694778	101013121	13	A	G	0.021	0.4423622	0.09026191	-30.46221	1e+05	1e+05	1.948345e-06	1.415297e-06	4.98671e-06
1	1-98768514	101085892	14	T	G	0.028	0.3442423	0.06616734	-29.07495	1e+05	1e+05	4.789925e-07	3.354069e-07	1.579722e-06
1	1-98864190	101180518	13	A	T	0.031	0.347867	0.07286878	-31.02658	1e+05	1e+05	3.453757e-06	2.546601e-06	8.03526e-06
1	1-98882186	101198513	31	T	C	0.017	0.4127571	0.08944859	-31.71827	1e+05	1e+05	6.977039e-06	5.239553e-06	1.453103e-05
1	1-98886783	101203110	14	A	T	0.039	0.2818127	0.06128936	-31.78831	1e+05	1e+05	7.49276e-06	5.637292e-06	1.54371e-05
1	1-102986188	105581298	10	T	A	0.015	0.4218823	0.0901744	-31.44262	1e+05	1e+05	5.270869e-06	3.929481e-06	1.146328e-05
1	1-102991891	105587000	17	A	G	0.029	0.3206288	0.0697561	-31.79532	1e+05	1e+05	7.5464e-06	5.678703e-06	1.553085e-05
1	1-102993747	105588856	8	T	G	0.028	0.3235584	0.06882075	-31.34312	1e+05	1e+05	4.763719e-06	3.542051e-06	1.052635e-05
1	1-103086536	105678465	37	A	G	0.032	0.3493282	0.06880991	-29.66156	1e+05	1e+05	8.66361e-07	6.161416e-07	2.558467e-06
1	1-114995237	116665359	37	T	C	0.015	0.4969719	0.1037147	-30.94801	1e+05	1e+05	3.188956e-06	2.346466e-06	7.51637e-06
1	1-121155297	123005495	36	G	T	0.177	0.1610537	0.03194518	-29.82337	1e+05	1e+05	1.020387e-06	7.287951e-07	2.925335e-06
1	1-121155314	123005512	33	G	A	0.194	0.144444	0.03097268	-31.50711	1e+05	1e+05	5.628137e-06	4.202999e-06	1.211573e-05
1	1-125527093	127679208	26	A	T	0.019	0.4054806	0.08762981	-31.6637	1e+05	1e+05	6.600087e-06	4.949315e-06	1.386306e-05
1	1-127260681	129588873	4	A	G	0.022	0.3855928	0.08499247	-32.04837	1e+05	1e+05	9.765597e-06	7.398082e-06	1.933932e-05
1	1-130167517	132478936	32	C	A	0.014	0.4856745	0.1040923	-31.49755	1e+05	1e+05	5.573656e-06	4.16126e-06	1.201661e-05
1	1-130746285	133099430	2	A	G	0.012	0.5404147	0.1191921	-32.06022	1e+05	1e+05	9.88419e-06	7.490274e-06	1.953941e-05
1	1-130917064	133272886	2	A	G	0.012	0.4922057	0.1036878	-31.14455	1e+05	1e+05	3.893341e-06	2.879705e-06	8.884188e-06
1	1-131341132	133710144	7	A	G	0.022	0.3647737	0.07799143	-31.44875	1e+05	1e+05	5.303802e-06	3.954675e-06	1.152367e-05
1	1-132912576	135327485	9	C	G	0.018	0.3971576	0.08757211	-32.05505	1e+05	1e+05	9.832232e-06	7.449879e-06	1.945178e-05
1	1-134759957	137053274	5	T	C	0.012	0.5318667	0.1152822	-31.72192	1e+05	1e+05	7.003021e-06	5.259573e-06	1.457689e-05
1	1-137483459	139701311	19	C	T	0.019	0.4058947	0.08745745	-31.60421	1e+05	1e+05	6.212413e-06	4.65127e-06	1.317065e-05
1	1-138134640	140353571	2	A	G	0.017	0.3979399	0.08752724	-32.00748	1e+05	1e+05	9.366929e-06	7.088382e-06	1.866436e-05
1	1-145479888	147688121	10	A	G	0.015	0.4234263	0.09011319	-31.35458	1e+05	1e+05	4.819544e-06	3.584648e-06	1.063014e-05
1	1-146966850	148572813	10	A	G	0.015	0.4167694	0.09029823	-31.71392	1e+05	1e+05	6.946225e-06	5.215811e-06	1.447662e-05
1	1-179619593	181580844	15	A	G	0.052	0.245222	0.05407568	-32.05679	1e+05	1e+05	9.849764e-06	7.463508e-06	1.948136e-05
1	1-211763861	214767484	9	G	C	0.028	0.426135	0.08916577	-31.00349	1e+05	1e+05	3.373716e-06	2.486064e-06	7.87905e-06
1	1-230987388	234479099	41	A	C	0.096	0.1924409	0.04085471	-31.30439	1e+05	1e+05	4.57987e-06	3.401861e-06	1.01833e-05
1	1-238626749	242144973	29	A	T	0.33	0.1322665	0.02655082	-30.09722	1e+05	1e+05	1.34621e-06	9.685012e-07	3.673691e-06
1	1-238629290	242147514	6	A	G	0.376	0.1228844	0.02517388	-30.54941	1e+05	1e+05	2.128374e-06	1.549644e-06	5.366184e-06
1	1-238629293	242147517	6	T	C	0.376	0.1228844	0.02517388	-30.54941	1e+05	1e+05	2.128374e-06	1.549644e-06	5.366184e-06
1	1-238629415	242147639	14	T	G	0.379	0.1180157	0.02542674	-31.60271	1e+05	1e+05	6.202982e-06	4.644026e-06	1.315374e-05
1	1-238641816	242166937	21	T	A	0.398	0.1214459	0.02613172	-31.57668	1e+05	1e+05	6.040817e-06	4.519499e-06	1.286231e-05
1	1-238643335	242168456	21	C	T	0.374	0.1144698	0.02517229	-32.00331	1e+05	1e+05	9.327253e-06	7.057578e-06	1.859698e-05
1	1-238643487	242168608	14	A	G	0.356	0.1218875	0.02607794	-31.46229	1e+05	1e+05	5.377344e-06	4.010947e-06	1.165835e-05
1	1-238643488	242168609	13	T	A	0.354	0.1185942	0.02599746	-31.94273	1e+05	1e+05	8.768845e-06	6.624412e-06	1.764464e-05
1	1-238645682	242170803	6	A	G	0.371	0.1173488	0.025194	-31.53207	1e+05	1e+05	5.772828e-06	4.313901e-06	1.237832e-05
1	1-238664751	242189872	41	A	G	0.434	0.1326907	0.02717025	-30.53934	1e+05	1e+05	2.10676e-06	1.533498e-06	5.320892e-06
1	1-238665873	242190993	9	T	C	0.394	0.1216023	0.02462565	-30.29485	1e+05	1e+05	1.644464e-06	1.189276e-06	4.333491e-06
1	1-238668531	242193651	19	C	T	0.368	0.1241051	0.02478329	-29.97883	1e+05	1e+05	1.194186e-06	8.564438e-07	3.32864e-06
1	1-238668699	242193819	18	A	G	0.366	0.1224797	0.02569633	-31.05935	1e+05	1e+05	3.570606e-06	2.635044e-06	8.26237e-06
1	1-238668708	242193828	17	C	T	0.377	0.1224779	0.02515765	-30.60758	1e+05	1e+05	2.257681e-06	1.646324e-06	5.635713e-06
1	1-238668719	242193839	16	G	A	0.378	0.1240091	0.02518565	-30.35908	1e+05	1e+05	1.755017e-06	1.271387e-06	4.573135e-06
1	1-238668729	242193849	16	G	A	0.378	0.1240091	0.02518565	-30.35908	1e+05	1e+05	1.755017e-06	1.271387e-06	4.573135e-06
1	1-238668735	242193855	18	T	C	0.361	0.1213159	0.02598732	-31.48691	1e+05	1e+05	5.51368e-06	4.115323e-06	1.190735e-05
1	1-238668751	242193871	17	G	A	0.374	0.1224539	0.02538502	-30.80586	1e+05	1e+05	2.760569e-06	2.023627e-06	6.663153e-06
1	1-238668755	242193875	20	G	A	0.367	0.1278949	0.02597875	-30.36241	1e+05	1e+05	1.760957e-06	1.275803e-06	4.585944e-06
1	1-238668783	242193903	27	A	G	0.378	0.1218581	0.02632428	-31.65548	1e+05	1e+05	6.545133e-06	4.907038e-06	1.376525e-05
1	1-238669149	242194269	10	A	C	0.399	0.1197923	0.02496076	-30.9149	1e+05	1e+05	3.08357e-06	2.266935e-06	7.308131e-06
1	1-238669197	242194317	9	A	G	0.399	0.1136576	0.02454699	-31.65079	1e+05	1e+05	6.514004e-06	4.883093e-06	1.37098e-05
1	1-238669215	242194335	8	C	T	0.4	0.1124126	0.02460096	-31.91015	1e+05	1e+05	8.482642e-06	6.402674e-06	1.715347e-05
1	1-238669460	242194580	6	T	C	0.379	0.1200249	0.02475941	-30.70019	1e+05	1e+05	2.47998e-06	1.812864e-06	6.09372e-06
1	1-238669679	242194799	11	T	C	0.305	0.1438254	0.02790505	-29.30227	1e+05	1e+05	6.025828e-07	4.244935e-07	1.902986e-06
1	1-238679118	242204238	8	G	C	0.393	0.1158755	0.02492166	-31.56748	1e+05	1e+05	5.984554e-06	4.476315e-06	1.276094e-05
1	1-238681497	242206617	12	G	T	0.395	0.1220079	0.02552793	-31.00235	1e+05	1e+05	3.36982e-06	2.483117e-06	7.871431e-06
1	1-238681503	242206623	11	C	T	0.393	0.1175891	0.02555833	-31.7766	1e+05	1e+05	7.403931e-06	5.568733e-06	1.528165e-05
1	1-284573546	289632626	16	G	C	0.318	-0.119845	0.02538216	-31.2554	1e+05	1e+05	4.357448e-06	3.232454e-06	9.76566e-06
2	2-22927220	23591092	34	G	A	0.023	0.342561	0.07450829	-31.79021	1e+05	1e+05	7.50726e-06	5.648486e-06	1.546245e-05
2	2-31182244	32035975	6	G	T	0.126	0.1601461	0.03400503	-31.30827	1e+05	1e+05	4.597932e-06	3.415627e-06	1.021709e-05
2	2-42396201	43576803	10	T	C	0.018	0.5800216	0.1243424	-31.50227	1e+05	1e+05	5.60049e-06	4.181816e-06	1.206545e-05
2	2-45758106	47037622	27	T	C	0.155	-0.2167193	0.04772532	-32.03071	1e+05	1e+05	9.591377e-06	7.2627e-06	1.904481e-05
2	2-49367291	50750046	29	G	A	0.472	0.1155847	0.02501205	-31.68957	1e+05	1e+05	6.77622e-06	5.084878e-06	1.41758e-05
2	2-52647190	54049029	7	A	G	0.032	-0.3372742	0.07331604	-31.77888	1e+05	1e+05	7.421142e-06	5.582016e-06	1.531179e-05
2	2-63478502	64446574	43	T	C	0.018	0.5586003	0.1123759	-30.14637	1e+05	1e+05	1.414881e-06	1.019229e-06	3.827486e-06
2	2-68534343	69743013	9	C	T	0.191	0.1450908	0.03141978	-31.7039	1e+05	1e+05	6.875755e-06	5.161527e-06	1.435205e-05
2	2-68954925	70102162	21	A	G	0.013	0.4701437	0.103324	-31.99174	1e+05	1e+05	9.217878e-06	6.97268e-06	1.841105e-05
2	2-73727793	75052639	17	A	G	0.039	0.3055396	0.06214714	-30.39245	1e+05	1e+05	1.815366e-06	1.316267e-06	4.702957e-06
2	2-73733163	75058009	11	G	C	0.028	0.3345256	0.07224796	-31.65064	1e+05	1e+05	6.512988e-06	4.882313e-06	1.370799e-05
2	2-73734732	75059566	37	A	G	0.035	0.3186023	0.06992776	-31.96646	1e+05	1e+05	8.983456e-06	6.790808e-06	1.801157e-05
2	2-73773230	75100601	22	C	T	0.03	0.3321171	0.07247825	-31.8555	1e+05	1e+05	8.023331e-06	6.047227e-06	1.636058e-05
2	2-73803519	75130884	14	T	G	0.023	0.3850391	0.08494987	-32.06628	1e+05	1e+05	9.945431e-06	7.537892e-06	1.964261e-05
2	2-74263299	75574330	15	A	G	0.016	0.572466	0.110238	-29.12007	1e+05	1e+05	5.01314e-07	3.514562e-07	1.639077e-06
2	2-74409039	75763787	12	A	G	0.028	0.3373081	0.07097783	-31.12131	1e+05	1e+05	3.802513e-06	2.810794e-06	8.709967e-06
2	2-74591865	75936931	11	A	G	0.025	0.3382626	0.07395757	-31.8919	1e+05	1e+05	8.326377e-06	6.281688e-06	1.688437e-05
2	2-75626268	77046557	15	T	C	0.028	0.3179992	0.06910856	-31.7739	1e+05	1e+05	7.383615e-06	5.553055e-06	1.524606e-05
2	2-76835649	78175988	11	T	C	0.028	0.3405895	0.07197209	-31.20906	1e+05	1e+05	4.157004e-06	3.079978e-06	9.386691e-06
2	2-77749821	79101907	22	T	C	0.024	0.3616225	0.07658807	-31.25526	1e+05	1e+05	4.356795e-06	3.231957e-06	9.76443e-06
2	2-78839956	80261095	9	T	C	0.023	0.349051	0.07685398	-32.02745	1e+05	1e+05	9.559558e-06	7.237982e-06	1.899094e-05
2	2-152119962	156224424	31	A	G	0.023	0.3806252	0.08016531	-31.14014	1e+05	1e+05	3.875934e-06	2.866495e-06	8.850845e-06
2	2-161801842	165757248	29	T	C	0.02	0.4911997	0.103138	-31.07638	1e+05	1e+05	3.632906e-06	2.682229e-06	8.383015e-06
2	2-203385348	209324239	5	G	C	0.227	-0.1292102	0.0273836	-31.2689	1e+05	1e+05	4.417638e-06	3.278276e-06	9.878971e-06
2	2-203385359	209324250	7	G	C	0.221	-0.1289544	0.02774642	-31.57602	1e+05	1e+05	6.036787e-06	4.516405e-06	1.285505e-05
2	2-203385481	209324372	6	G	T	0.218	-0.1326743	0.02815497	-31.29606	1e+05	1e+05	4.541268e-06	3.372444e-06	1.011103e-05
2	2-203385613	209324504	6	G	C	0.228	-0.1241175	0.02708466	-31.85432	1e+05	1e+05	8.013729e-06	6.039802e-06	1.634394e-05
2	2-203386238	209325129	12	A	G	0.235	-0.1321575	0.02725231	-30.69236	1e+05	1e+05	2.460362e-06	1.798151e-06	6.053558e-06
2	2-203386284	209325175	11	C	T	0.241	-0.1244707	0.02719123	-31.87548	1e+05	1e+05	8.188254e-06	6.174797e-06	1.664595e-05
2	2-203386322	209325213	10	A	G	0.237	-0.1291548	0.02713167	-31.08627	1e+05	1e+05	3.669552e-06	2.709995e-06	8.453842e-06
2	2-203386414	209325305	13	A	G	0.233	-0.1378249	0.02780426	-30.20919	1e+05	1e+05	1.507804e-06	1.087974e-06	4.033736e-06
2	2-203386543	209325434	7	T	C	0.234	-0.1305802	0.0270941	-30.82518	1e+05	1e+05	2.815232e-06	2.064753e-06	6.773057e-06
2	2-203386598	209325489	14	A	G	0.232	-0.1325463	0.02799351	-31.19748	1e+05	1e+05	4.108404e-06	3.043037e-06	9.294419e-06
2	2-203386599	209325490	14	T	G	0.232	-0.1386584	0.02798522	-30.21946	1e+05	1e+05	1.523577e-06	1.099655e-06	4.068544e-06
2	2-203386635	209325526	10	C	T	0.23	-0.1382674	0.02761125	-29.97867	1e+05	1e+05	1.193993e-06	8.563015e-07	3.328197e-06
2	2-203386702	209325593	6	A	G	0.238	-0.124664	0.02703641	-31.73321	1e+05	1e+05	7.084017e-06	5.321996e-06	1.47197e-05
2	2-203387252	209326143	20	A	G	0.237	-0.133073	0.02749065	-30.73126	1e+05	1e+05	2.559364e-06	1.872433e-06	6.255757e-06
2	2-203387305	209326196	23	T	A	0.241	-0.1303418	0.02766669	-31.30103	1e+05	1e+05	4.564246e-06	3.389954e-06	1.015406e-05
2	2-203387979	209326870	10	A	G	0.222	-0.1295395	0.02784587	-31.55701	1e+05	1e+05	5.921169e-06	4.427676e-06	1.264659e-05
2	2-203388062	209326953	9	A	G	0.229	-0.1357403	0.02685156	-29.76064	1e+05	1e+05	9.57657e-07	6.828573e-07	2.777101e-06
2	2-203388091	209326982	12	G	A	0.214	-0.1323624	0.02765197	-30.97004	1e+05	1e+05	3.261087e-06	2.400941e-06	7.658317e-06
2	2-203388104	209326995	12	A	C	0.222	-0.1376534	0.02734966	-29.86224	1e+05	1e+05	1.061305e-06	7.588006e-07	3.021227e-06
2	2-203389845	209328736	14	G	A	0.24	-0.1240269	0.02726092	-31.99415	1e+05	1e+05	9.240551e-06	6.990277e-06	1.844961e-05
2	2-221946779	228234130	20	A	G	0.011	0.5598249	0.1232566	-32.02659	1e+05	1e+05	9.55113e-06	7.231435e-06	1.897667e-05
2	2-225689402	232021782	10	A	T	0.058	0.2392111	0.04895274	-30.52635	1e+05	1e+05	2.079219e-06	1.512931e-06	5.263076e-06
2	2-225763471	232068588	8	T	C	0.058	0.2696972	0.04684059	-26.3601	1e+05	1e+05	3.117374e-08	2.031737e-08	1.820151e-07
2	2-225763470	232068589	8	T	C	0.06	0.258941	0.04657748	-27.35369	1e+05	1e+05	8.457783e-08	5.658967e-08	3.961962e-07
2	2-225760803	232071257	8	T	C	0.062	0.2260602	0.04592368	-30.36484	1e+05	1e+05	1.765297e-06	1.27903e-06	4.595299e-06
2	2-225758626	232073433	6	T	C	0.069	0.2234933	0.04423674	-29.77446	1e+05	1e+05	9.711334e-07	6.927198e-07	2.809077e-06
2	2-225758589	232073470	7	T	C	0.067	0.2174175	0.04624467	-31.34314	1e+05	1e+05	4.76382e-06	3.542128e-06	1.052653e-05
2	2-225781246	232137238	6	T	C	0.069	0.2205225	0.04415356	-30.0389	1e+05	1e+05	1.269033e-06	9.115698e-07	3.499345e-06
2	2-225781006	232137478	10	T	C	0.078	0.1953241	0.0428104	-31.93944	1e+05	1e+05	8.739525e-06	6.601688e-06	1.759442e-05
2	2-225780101	232138383	4	T	G	0.037	0.3484039	0.06557394	-28.55079	1e+05	1e+05	2.822837e-07	1.949438e-07	1.031633e-06
2	2-225779727	232138757	3	A	G	0.078	0.2078695	0.04334856	-30.93221	1e+05	1e+05	3.138234e-06	2.308179e-06	7.416273e-06
2	2-225779694	232138790	0	T	C	0.075	0.2020026	0.04364144	-31.65731	1e+05	1e+05	6.557363e-06	4.916446e-06	1.378703e-05
2	2-225779613	232138871	10	T	C	0.056	0.2328263	0.05005913	-31.56129	1e+05	1e+05	5.947022e-06	4.447513e-06	1.269325e-05
2	2-225779605	232138879	7	A	G	0.062	0.2348282	0.04601548	-29.53886	1e+05	1e+05	7.653015e-07	5.425061e-07	2.311944e-06
2	2-225777485	232140997	7	G	A	0.072	0.2001034	0.04381875	-31.92214	1e+05	1e+05	8.586904e-06	6.48343e-06	1.733265e-05
2	2-225776370	232142112	7	T	C	0.042	0.2649833	0.05593253	-31.18586	1e+05	1e+05	4.060197e-06	3.006406e-06	9.202737e-06
2	2-236983111	244224898	33	T	C	0.029	0.4644257	0.09512941	-30.54665	1e+05	1e+05	2.12243e-06	1.545203e-06	5.353734e-06
3	3-1271118	485535	4	T	C	0.02	0.3919951	0.08118188	-30.78483	1e+05	1e+05	2.702311e-06	1.979818e-06	6.545662e-06
3	3-1272795	487210	21	T	C	0.021	0.3586673	0.07645073	-31.38645	1e+05	1e+05	4.978246e-06	3.705811e-06	1.09243e-05
3	3-1220173	500281	12	T	G	0.026	0.3886439	0.07060593	-27.62436	1e+05	1e+05	1.110423e-07	7.483001e-08	4.909591e-07
3	3-7203538	6377068	6	A	G	0.027	0.3305833	0.06746023	-30.46426	1e+05	1e+05	1.952389e-06	1.418312e-06	4.995291e-06
3	3-31959809	31565208	4	T	G	0.498	-0.2478561	0.05340948	-31.60583	1e+05	1e+05	6.222679e-06	4.659157e-06	1.318906e-05
3	3-117026663	117315940	15	A	G	0.368	-0.1327136	0.02921819	-32.02571	1e+05	1e+05	9.5426e-06	7.224809e-06	1.896223e-05
3	3-132151835	132738936	18	A	C	0.024	0.3877008	0.08165106	-31.139	1e+05	1e+05	3.871448e-06	2.863091e-06	8.842248e-06
3	3-136396147	137051524	11	A	G	0.259	-0.133955	0.02830473	-31.20749	1e+05	1e+05	4.150406e-06	3.074962e-06	9.374174e-06
3	3-136432366	137087743	11	G	A	0.391	-0.1158511	0.02528815	-31.86	1e+05	1e+05	8.060184e-06	6.075728e-06	1.642441e-05
3	3-153972722	155347580	11	T	C	0.16	-0.1454241	0.03185316	-31.92707	1e+05	1e+05	8.630139e-06	6.516925e-06	1.740687e-05
3	3-190369500	193222533	34	C	T	0.014	0.5404532	0.1185087	-31.9483	1e+05	1e+05	8.818748e-06	6.663094e-06	1.773007e-05
3	3-197453863	200442393	6	C	G	0.064	0.2100354	0.04308704	-30.5796	1e+05	1e+05	2.194532e-06	1.59909e-06	5.504386e-06
3	3-197453864	200442394	6	A	T	0.064	0.2100354	0.04308704	-30.5796	1e+05	1e+05	2.194532e-06	1.59909e-06	5.504386e-06
3	3-197453894	200442424	4	A	G	0.064	0.2100114	0.04305859	-30.56769	1e+05	1e+05	2.168191e-06	1.579398e-06	5.449436e-06
3	3-197454017	200442547	9	A	C	0.06	0.2207672	0.0455261	-30.69308	1e+05	1e+05	2.462167e-06	1.799504e-06	6.057254e-06
3	3-197454036	200442566	12	T	C	0.061	0.2197037	0.04562284	-30.84225	1e+05	1e+05	2.864414e-06	2.101773e-06	6.871671e-06
3	3-225815296	229546444	10	C	A	0.015	0.4707305	0.09811343	-30.9211	1e+05	1e+05	3.103051e-06	2.281631e-06	7.346702e-06
3	3-225852244	229583712	13	G	A	0.015	0.4642327	0.1000032	-31.59937	1e+05	1e+05	6.181896e-06	4.627829e-06	1.31159e-05
3	3-229616560	233452812	8	C	G	0.015	0.4137489	0.08945118	-31.67134	1e+05	1e+05	6.65166e-06	4.988999e-06	1.395475e-05
3	3-230754942	234989711	22	C	T	0.054	0.2313486	0.0502221	-31.75227	1e+05	1e+05	7.222773e-06	5.428979e-06	1.496385e-05
3	3-230754960	234989729	23	T	A	0.059	0.224181	0.04803679	-31.49301	1e+05	1e+05	5.547974e-06	4.141588e-06	1.196985e-05
3	3-230755665	234990434	2	A	G	0.075	0.2052525	0.04292486	-30.99231	1e+05	1e+05	3.335641e-06	2.457279e-06	7.804552e-06
3	3-230758265	234993033	4	A	C	0.074	0.202358	0.0444146	-31.96666	1e+05	1e+05	8.985317e-06	6.792251e-06	1.801474e-05
4	4-552134	761137	15	A	G	0.034	0.3720484	0.08109714	-31.83256	1e+05	1e+05	7.838086e-06	5.904019e-06	1.603911e-05
4	4-2660599	3230169	8	G	A	0.035	0.2808059	0.06064386	-31.64993	1e+05	1e+05	6.508245e-06	4.878665e-06	1.369954e-05
4	4-2660655	3230225	8	T	C	0.037	0.2776658	0.05934447	-31.44104	1e+05	1e+05	5.262361e-06	3.922973e-06	1.144767e-05
4	4-2660657	3230227	10	G	A	0.035	0.2786083	0.06072595	-31.8314	1e+05	1e+05	7.828842e-06	5.896876e-06	1.602304e-05
4	4-2660679	3230249	12	G	C	0.038	0.2721343	0.0589208	-31.70035	1e+05	1e+05	6.850958e-06	5.142429e-06	1.430817e-05
4	4-2660733	3230303	14	A	G	0.036	0.2795006	0.06069626	-31.75912	1e+05	1e+05	7.273313e-06	5.467958e-06	1.505261e-05
4	4-2661204	3230774	7	T	C	0.035	0.281206	0.06057531	-31.59904	1e+05	1e+05	6.179852e-06	4.626259e-06	1.311223e-05
4	4-2661380	3230950	10	A	G	0.033	0.304633	0.06650238	-31.86195	1e+05	1e+05	8.076251e-06	6.088154e-06	1.645223e-05
4	4-2661384	3230954	10	G	A	0.033	0.304633	0.06650238	-31.86195	1e+05	1e+05	8.076251e-06	6.088154e-06	1.645223e-05
4	4-2661394	3230964	10	G	A	0.033	0.3071511	0.06641852	-31.67536	1e+05	1e+05	6.678879e-06	5.009947e-06	1.40031e-05
4	4-2661470	3231040	12	A	G	0.036	0.2819443	0.06056572	-31.5434	1e+05	1e+05	5.839721e-06	4.365198e-06	1.249941e-05
4	4-2661497	3231067	15	A	T	0.036	0.2816476	0.0606531	-31.59334	1e+05	1e+05	6.144092e-06	4.598794e-06	1.304802e-05
4	4-2661521	3231091	13	C	T	0.036	0.2819984	0.06060851	-31.55372	1e+05	1e+05	5.90136e-06	4.412479e-06	1.261082e-05
4	4-2661526	3231096	11	G	A	0.036	0.2824665	0.06055186	-31.50161	1e+05	1e+05	5.596707e-06	4.178918e-06	1.205857e-05
4	4-2661579	3231149	13	T	G	0.036	0.3047804	0.06437594	-31.19972	1e+05	1e+05	4.117737e-06	3.05013e-06	9.31215e-06
4	4-2661856	3231426	17	A	G	0.037	0.2841088	0.06060474	-31.40199	1e+05	1e+05	5.057538e-06	3.766387e-06	1.107077e-05
4	4-2661878	3231448	15	G	T	0.036	0.2816953	0.06067211	-31.59621	1e+05	1e+05	6.162059e-06	4.612593e-06	1.308029e-05
4	4-2662688	3232258	3	T	C	0.034	0.2794107	0.06058109	-31.72804	1e+05	1e+05	7.046776e-06	5.293293e-06	1.465407e-05
4	4-2662828	3232398	7	A	G	0.04	0.2492753	0.05432602	-31.82907	1e+05	1e+05	7.810287e-06	5.882536e-06	1.599078e-05
4	4-2760654	3339816	22	T	C	0.016	0.4475824	0.0976876	-31.85775	1e+05	1e+05	8.041717e-06	6.061446e-06	1.639243e-05
4	4-7087242	7888568	42	G	A	0.096	0.1936263	0.04135004	-31.42487	1e+05	1e+05	5.176587e-06	3.857379e-06	1.129009e-05
4	4-7112067	7919039	16	A	G	0.167	0.1591565	0.03105373	-29.43695	1e+05	1e+05	6.904051e-07	4.880961e-07	2.125742e-06
4	4-29159476	30670630	29	G	A	0.196	0.1392324	0.03023417	-31.75815	1e+05	1e+05	7.266128e-06	5.462417e-06	1.504e-05
4	4-32275739	33814963	31	G	A	0.045	0.2639811	0.05592177	-31.26011	1e+05	1e+05	4.378321e-06	3.248343e-06	9.80498e-06
4	4-34084658	35661487	21	T	C	0.123	-0.1794447	0.03650772	-30.39756	1e+05	1e+05	1.824799e-06	1.323286e-06	4.723188e-06
4	4-75996882	78796304	27	C	T	0.028	0.3346426	0.07366281	-32.02257	1e+05	1e+05	9.512136e-06	7.201145e-06	1.891062e-05
4	4-126376318	129351578	23	G	A	0.454	-0.1210659	0.02576339	-31.3532	1e+05	1e+05	4.812822e-06	3.579517e-06	1.061765e-05
4	4-126379587	129354847	14	G	T	0.474	0.1149882	0.02482523	-31.64349	1e+05	1e+05	6.465746e-06	4.84598e-06	1.362376e-05
4	4-145204894	148523321	27	T	C	0.017	0.4087494	0.08967303	-31.95774	1e+05	1e+05	8.904046e-06	6.729226e-06	1.787593e-05
4	4-154537536	157964941	27	T	C	0.025	0.3973976	0.08346729	-31.08266	1e+05	1e+05	3.656134e-06	2.699828e-06	8.427921e-06
4	4-155022309	158520628	25	A	G	0.071	0.2356189	0.04834245	-30.58283	1e+05	1e+05	2.201731e-06	1.604473e-06	5.519385e-06
4	4-155024160	158522479	14	A	G	0.046	0.2690988	0.05614503	-30.94271	1e+05	1e+05	3.17187e-06	2.333568e-06	7.482679e-06
4	4-163729333	165866285	25	G	A	0.169	0.17037	0.03727061	-31.90284	1e+05	1e+05	8.419725e-06	6.353955e-06	1.70452e-05
4	4-163789176	166696917	27	T	C	0.18	0.1767808	0.03440599	-29.37697	1e+05	1e+05	6.498125e-07	4.586701e-07	2.023417e-06
4	4-163790372	166698113	20	T	C	0.125	0.1926856	0.03972529	-30.6877	1e+05	1e+05	2.448759e-06	1.78945e-06	6.029781e-06
4	4-182045325	185141520	17	G	A	0.147	0.1481216	0.03223545	-31.80144	1e+05	1e+05	7.593573e-06	5.715128e-06	1.561322e-05
4	4-182045418	185141613	20	A	G	0.162	0.1489914	0.03185188	-31.44644	1e+05	1e+05	5.291374e-06	3.945167e-06	1.150089e-05
4	4-182045425	185141620	18	A	G	0.166	0.1536188	0.03176231	-30.74971	1e+05	1e+05	2.607723e-06	1.908744e-06	6.354096e-06
4	4-182045980	185142175	14	G	T	0.149	0.1467355	0.03154718	-31.56011	1e+05	1e+05	5.939833e-06	4.441997e-06	1.268028e-05
4	4-182046087	185142282	18	T	C	0.195	0.148545	0.02920196	-29.61489	1e+05	1e+05	8.264307e-07	5.870186e-07	2.461664e-06
4	4-182088208	185169268	29	G	A	0.148	0.151899	0.03343789	-32.02332	1e+05	1e+05	9.519375e-06	7.206768e-06	1.892289e-05
4	4-196421064	200549941	17	C	G	0.013	0.4745491	0.1028239	-31.71525	1e+05	1e+05	6.955672e-06	5.22309e-06	1.44933e-05
4	4-196712106	200811466	25	C	A	0.011	0.4952579	0.1090843	-32.03423	1e+05	1e+05	9.625784e-06	7.289432e-06	1.910303e-05
4	4-196712166	200811526	20	G	C	0.013	0.5340095	0.1011881	-28.72122	1e+05	1e+05	3.352136e-07	2.325425e-07	1.184367e-06
4	4-196713367	200812727	6	C	T	0.012	0.4791434	0.1015441	-31.26869	1e+05	1e+05	4.416679e-06	3.277546e-06	9.877167e-06
4	4-196714001	200813361	13	G	C	0.01	0.494957	0.1090293	-32.0362	1e+05	1e+05	9.645197e-06	7.304516e-06	1.913586e-05
4	4-196714422	200813782	8	T	G	0.01	0.4950539	0.109067	-32.03908	1e+05	1e+05	9.673494e-06	7.326504e-06	1.918371e-05
4	4-196715911	200815336	21	G	A	0.011	0.4970646	0.1090324	-31.95499	1e+05	1e+05	8.879099e-06	6.709883e-06	1.783329e-05
4	4-196719591	200819016	18	C	T	0.011	0.4944052	0.1090669	-32.06416	1e+05	1e+05	9.923964e-06	7.521199e-06	1.960644e-05
4	4-196720440	200819865	12	A	G	0.01	0.4951437	0.1090158	-32.02659	1e+05	1e+05	9.551204e-06	7.231492e-06	1.89768e-05
4	4-196722072	200821497	24	G	A	0.011	0.5033199	0.1089357	-31.6931	1e+05	1e+05	6.800585e-06	5.103638e-06	1.421897e-05
4	4-196722648	200822073	15	A	G	0.01	0.4972928	0.1090431	-31.94802	1e+05	1e+05	8.81625e-06	6.661158e-06	1.772579e-05
4	4-196749651	200848929	11	G	A	0.01	0.4954742	0.1090601	-32.0216	1e+05	1e+05	9.5027e-06	7.193817e-06	1.889464e-05
4	4-196749724	200849002	14	C	T	0.01	0.4955232	0.1090751	-32.02233	1e+05	1e+05	9.509814e-06	7.199342e-06	1.890669e-05
4	4-196749728	200849006	15	T	C	0.01	0.4951791	0.1090833	-32.03709	1e+05	1e+05	9.653946e-06	7.311314e-06	1.915066e-05
4	4-196749733	200849011	14	A	T	0.01	0.4955232	0.1090751	-32.02233	1e+05	1e+05	9.509814e-06	7.199342e-06	1.890669e-05
4	4-196749842	200849120	12	C	T	0.01	0.4966646	0.1090587	-31.97518	1e+05	1e+05	9.063692e-06	6.853043e-06	1.814845e-05
4	4-196749843	200849121	12	G	A	0.01	0.4966646	0.1090587	-31.97518	1e+05	1e+05	9.063692e-06	6.853043e-06	1.814845e-05
4	4-196749891	200849169	16	C	T	0.01	0.497962	0.1090484	-31.92293	1e+05	1e+05	8.593775e-06	6.488753e-06	1.734445e-05
4	4-196750143	200849421	12	T	G	0.013	0.4799944	0.102583	-31.44017	1e+05	1e+05	5.257735e-06	3.919435e-06	1.143918e-05
4	4-196750270	200849548	9	T	C	0.013	0.481069	0.1025188	-31.38206	1e+05	1e+05	4.956107e-06	3.688903e-06	1.088334e-05
4	4-196750346	200849624	5	C	T	0.015	0.4645774	0.09704707	-30.96824	1e+05	1e+05	3.25512e-06	2.396433e-06	7.646592e-06
4	4-196757245	200887252	34	G	A	0.011	0.4956776	0.1090736	-32.0161	1e+05	1e+05	9.449565e-06	7.152549e-06	1.880457e-05
4	4-197914525	202028751	28	A	G	0.017	0.4570594	0.08815574	-29.15913	1e+05	1e+05	5.214781e-07	3.659705e-07	1.692304e-06
4	4-197914614	202028840	26	A	G	0.022	0.3537003	0.07791463	-32.03655	1e+05	1e+05	9.648641e-06	7.307192e-06	1.914169e-05
4	4-231809038	236322443	27	T	C	0.014	0.5310558	0.1012993	-28.887	1e+05	1e+05	3.962312e-07	2.760789e-07	1.355199e-06
5	5-5802773	5982709	8	C	T	0.34	0.1132208	0.02455153	-31.73069	1e+05	1e+05	7.065865e-06	5.308005e-06	1.468772e-05
5	5-7303511	7559615	9	G	A	0.405	0.1115717	0.02416858	-31.71	1e+05	1e+05	6.918573e-06	5.194509e-06	1.442775e-05
5	5-7305309	7561413	8	A	G	0.268	0.1322456	0.0278935	-31.1704	1e+05	1e+05	3.996918e-06	2.958339e-06	9.082154e-06
5	5-7363007	7611971	21	G	T	0.398	0.1205944	0.02512791	-30.91492	1e+05	1e+05	3.083641e-06	2.266989e-06	7.308272e-06
5	5-7363103	7612067	15	C	T	0.399	0.1237064	0.02534848	-30.55476	1e+05	1e+05	2.13996e-06	1.558301e-06	5.390434e-06
5	5-13091098	13446214	27	G	C	0.025	0.3333437	0.07351353	-32.05823	1e+05	1e+05	9.864145e-06	7.474689e-06	1.950561e-05
5	5-19859557	20304653	22	T	C	0.07	0.2251488	0.04966269	-32.06199	1e+05	1e+05	9.902042e-06	7.504154e-06	1.95695e-05
5	5-19863643	20321955	38	T	C	0.074	0.2248737	0.04637131	-30.69232	1e+05	1e+05	2.460265e-06	1.798078e-06	6.053359e-06
5	5-19892208	20350518	26	G	A	0.082	0.1960344	0.0419796	-31.48051	1e+05	1e+05	5.477918e-06	4.087937e-06	1.184212e-05
5	5-19892283	20350593	41	T	A	0.081	0.2086639	0.04395415	-31.14319	1e+05	1e+05	3.887948e-06	2.875612e-06	8.87386e-06
5	5-68304082	70230259	27	G	A	0.028	0.3856141	0.08248842	-31.45884	1e+05	1e+05	5.358512e-06	3.996536e-06	1.162389e-05
5	5-87977304	90284610	5	T	G	0.012	0.5498582	0.118574	-31.62052	1e+05	1e+05	6.316386e-06	4.731158e-06	1.335692e-05
5	5-88077047	90336696	30	A	G	0.022	0.3900059	0.07810734	-30.04455	1e+05	1e+05	1.276315e-06	9.169376e-07	3.515866e-06
5	5-88575614	90838081	26	A	T	0.022	0.3821022	0.08100188	-31.27466	1e+05	1e+05	4.443572e-06	3.298024e-06	9.927725e-06
5	5-145178155	148559374	23	A	G	0.027	0.3177078	0.06977386	-31.97818	1e+05	1e+05	9.091448e-06	6.874576e-06	1.819576e-05
5	5-145178158	148559377	22	G	A	0.027	0.3186209	0.06975649	-31.9179	1e+05	1e+05	8.549831e-06	6.454713e-06	1.726897e-05
5	5-145178168	148559387	20	C	T	0.027	0.3182204	0.06976687	-31.94513	1e+05	1e+05	8.790343e-06	6.641075e-06	1.768145e-05
5	5-152243342	155919607	25	C	A	0.016	0.4715813	0.09749933	-30.74859	1e+05	1e+05	2.604772e-06	1.906528e-06	6.348103e-06
5	5-199953713	205223782	15	T	C	0.098	0.1989013	0.04363607	-31.95789	1e+05	1e+05	8.905402e-06	6.730278e-06	1.787825e-05
5	5-212210744	218009973	17	G	A	0.01	0.4960314	0.1090187	-31.99269	1e+05	1e+05	9.226807e-06	6.97961e-06	1.842624e-05
5	5-212210764	218009993	14	T	C	0.01	0.495081	0.1090398	-32.03325	1e+05	1e+05	9.616192e-06	7.28198e-06	1.90868e-05
5	5-216405628	222269951	5	G	A	0.424	0.1137492	0.02508225	-32.05571	1e+05	1e+05	9.838884e-06	7.45505e-06	1.9463e-05
6	6-20220006	14666996	35	T	C	0.012	0.6162561	0.1257894	-30.47013	1e+05	1e+05	1.964041e-06	1.426998e-06	5.02e-06
6	6-37393897	39143051	6	A	G	0.062	0.2622416	0.05736594	-31.90192	1e+05	1e+05	8.411785e-06	6.347807e-06	1.703153e-05
6	6-81651140	84534790	29	A	G	0.034	0.2888744	0.06246172	-31.67388	1e+05	1e+05	6.66886e-06	5.002236e-06	1.398531e-05
6	6-81748323	84627636	28	T	C	0.022	0.3887068	0.08031418	-30.73497	1e+05	1e+05	2.569032e-06	1.879691e-06	6.275438e-06
6	6-118093726	121880011	6	A	G	0.015	0.5011361	0.110093	-31.98436	1e+05	1e+05	9.148792e-06	6.919069e-06	1.829346e-05
7	7-10801284	11078141	13	A	C	0.138	0.151904	0.03332878	-31.95977	1e+05	1e+05	8.922427e-06	6.743479e-06	1.790734e-05
7	7-114400552	117672882	4	A	G	0.108	0.2523075	0.05464089	-31.70501	1e+05	1e+05	6.883525e-06	5.167512e-06	1.436579e-05
7	7-122369509	126241559	22	T	C	0.013	0.5018936	0.1017919	-30.32848	1e+05	1e+05	1.701444e-06	1.23158e-06	4.457309e-06
7	7-134313884	138405442	20	T	C	0.032	0.3123588	0.06816897	-31.85625	1e+05	1e+05	8.029434e-06	6.051947e-06	1.637115e-05
7	7-138133791	139912193	29	A	C	0.036	-0.3965764	0.08421928	-31.311	1e+05	1e+05	4.610711e-06	3.425368e-06	1.024098e-05
7	7-137738532	140312120	16	A	C	0.031	0.30182	0.06616154	-31.9423	1e+05	1e+05	8.765036e-06	6.62146e-06	1.763812e-05
7	7-143097448	148011625	24	T	C	0.019	0.4576438	0.09556987	-30.96187	1e+05	1e+05	3.234155e-06	2.380598e-06	7.605373e-06
7	7-169620068	175156976	4	T	C	0.184	0.1416909	0.03119816	-32.02788	1e+05	1e+05	9.563678e-06	7.241182e-06	1.899792e-05
7	7-169620635	175157543	8	A	G	0.133	0.1630691	0.03585697	-32.00199	1e+05	1e+05	9.314709e-06	7.047841e-06	1.857567e-05
7	7-169620712	175157620	7	A	G	0.184	0.1545716	0.03193984	-30.73661	1e+05	1e+05	2.573295e-06	1.882892e-06	6.284115e-06
7	7-169621444	175158352	10	T	C	0.182	0.1453985	0.03067551	-31.17566	1e+05	1e+05	4.01831e-06	2.974587e-06	9.12295e-06
7	7-174149999	179631823	32	C	T	0.091	0.2161779	0.04762717	-32.03919	1e+05	1e+05	9.674648e-06	7.3274e-06	1.918566e-05
8	8-3241924	3418287	24	A	C	0.03	0.3200054	0.06764014	-31.2145	1e+05	1e+05	4.180042e-06	3.097493e-06	9.430378e-06
8	8-3242204	3418567	28	T	A	0.028	0.3261698	0.06931341	-31.32461	1e+05	1e+05	4.674942e-06	3.474339e-06	1.036093e-05
8	8-3242206	3418569	28	T	C	0.028	0.3271779	0.06928016	-31.25143	1e+05	1e+05	4.339869e-06	3.219074e-06	9.732524e-06
8	8-3242224	3418587	29	A	T	0.031	0.3136726	0.06631028	-31.21721	1e+05	1e+05	4.191588e-06	3.106273e-06	9.452261e-06
8	8-8231962	8568793	16	A	G	0.016	0.4094014	0.0893276	-31.8519	1e+05	1e+05	7.993996e-06	6.024543e-06	1.630974e-05
8	8-8231977	8568808	16	T	C	0.018	0.4198994	0.08562096	-30.44742	1e+05	1e+05	1.919361e-06	1.393697e-06	4.925124e-06
8	8-8231993	8568824	20	T	C	0.016	0.4098738	0.08939396	-31.84389	1e+05	1e+05	7.929047e-06	5.974328e-06	1.619709e-05
8	8-21913040	22587377	29	T	C	0.034	0.319224	0.06811683	-31.4084	1e+05	1e+05	5.090616e-06	3.791664e-06	1.113178e-05
8	8-27774885	28693179	6	A	G	0.124	-0.1998612	0.04053445	-30.32819	1e+05	1e+05	1.700943e-06	1.231207e-06	4.456223e-06
8	8-27799398	28717289	26	T	C	0.115	-0.18639	0.03948676	-31.26109	1e+05	1e+05	4.382706e-06	3.251681e-06	9.813237e-06
8	8-34707872	35647989	18	G	A	0.089	-0.2006757	0.04188352	-30.94996	1e+05	1e+05	3.195269e-06	2.351233e-06	7.528812e-06
8	8-34707874	35647991	18	G	A	0.092	-0.1908777	0.04192799	-31.98192	1e+05	1e+05	9.126075e-06	6.901442e-06	1.825477e-05
8	8-34708535	35648652	22	G	A	0.108	-0.1809297	0.03869737	-31.45565	1e+05	1e+05	5.341168e-06	3.983264e-06	1.159213e-05
8	8-35158010	36139877	17	T	C	0.126	-0.1775829	0.03861572	-31.78553	1e+05	1e+05	7.471523e-06	5.6209e-06	1.539996e-05
8	8-37457818	38490276	12	T	C	0.179	-0.146555	0.03200236	-31.86739	1e+05	1e+05	8.121054e-06	6.122809e-06	1.652977e-05
8	8-54943475	56108587	40	T	G	0.015	0.5505678	0.1163825	-31.21591	1e+05	1e+05	4.186039e-06	3.102054e-06	9.441746e-06
8	8-70000234	71577300	16	A	C	0.167	0.1654151	0.03629841	-31.96253	1e+05	1e+05	8.947586e-06	6.762989e-06	1.795032e-05
8	8-75052382	76945000	21	T	C	0.013	0.6052519	0.1161637	-29.03856	1e+05	1e+05	4.617171e-07	3.229991e-07	1.533455e-06
8	8-101765115	104344551	12	T	C	0.054	0.2510702	0.05447605	-31.7424	1e+05	1e+05	7.150568e-06	5.373301e-06	1.483688e-05
8	8-133649824	138048920	8	C	G	0.278	-0.1280316	0.02768437	-31.67446	1e+05	1e+05	6.672804e-06	5.005271e-06	1.399231e-05
8	8-138246316	142798276	26	T	C	0.266	-0.1288475	0.02620609	-30.39105	1e+05	1e+05	1.812792e-06	1.314352e-06	4.697434e-06
8	8-151041534	156109209	2	T	C	0.034	0.3738051	0.08082003	-31.67247	1e+05	1e+05	6.659258e-06	4.994846e-06	1.396825e-05
8	8-156411665	161712379	8	G	A	0.013	0.4689251	0.1032004	-32.01864	1e+05	1e+05	9.474066e-06	7.171577e-06	1.884611e-05
9	9-23187190	23055463	21	T	C	0.04	0.281797	0.05855014	-30.85436	1e+05	1e+05	2.899816e-06	2.128431e-06	6.942501e-06
9	9-23189199	23057472	15	T	C	0.044	0.2578446	0.05541532	-31.55301	1e+05	1e+05	5.897142e-06	4.409243e-06	1.260321e-05
9	9-23204594	23072835	6	G	A	0.027	0.3790957	0.08067468	-31.35354	1e+05	1e+05	4.814444e-06	3.580755e-06	1.062066e-05
9	9-99294669	101710141	27	A	C	0.03	0.3122203	0.06869756	-32.01431	1e+05	1e+05	9.432361e-06	7.139189e-06	1.877539e-05
9	9-135976683	138275654	8	G	T	0.24	0.1736005	0.03528325	-30.37531	1e+05	1e+05	1.784109e-06	1.293018e-06	4.635803e-06
9	9-148635632	151512046	27	C	G	0.05	0.2458185	0.05395079	-31.96568	1e+05	1e+05	8.976328e-06	6.785279e-06	1.79994e-05
9	9-154353645	157231271	12	A	T	0.036	0.3116143	0.0665633	-31.42982	1e+05	1e+05	5.20271e-06	3.877354e-06	1.133812e-05
9	9-155841501	158638833	16	T	C	0.086	0.1911194	0.0417197	-31.86088	1e+05	1e+05	8.067444e-06	6.081343e-06	1.643699e-05
10	10-2065341	1618946	24	A	G	0.024	0.4245162	0.08797185	-30.7982	1e+05	1e+05	2.7392e-06	2.007555e-06	6.620101e-06
10	10-2067708	1621313	30	A	G	0.014	0.6548575	0.1380766	-31.1633	1e+05	1e+05	3.968199e-06	2.936531e-06	9.027339e-06
10	10-2073427	1627029	20	T	C	0.024	0.4237916	0.08422756	-29.8695	1e+05	1e+05	1.069132e-06	7.645434e-07	3.039499e-06
10	10-2073528	1627130	33	T	C	0.023	0.4778909	0.08978755	-28.50624	1e+05	1e+05	2.698848e-07	1.861618e-07	9.951357e-07
10	10-2073769	1627370	16	T	C	0.016	0.5482187	0.1083676	-29.74376	1e+05	1e+05	9.414497e-07	6.71001e-07	2.738547e-06
10	10-2079721	1633323	5	A	T	0.02	0.5184369	0.110676	-31.41768	1e+05	1e+05	5.138877e-06	3.82855e-06	1.122069e-05
10	10-2079770	1633372	6	T	A	0.02	0.5170003	0.1107461	-31.48663	1e+05	1e+05	5.512088e-06	4.114103e-06	1.190444e-05
10	10-2095875	1649474	10	A	G	0.023	0.4322584	0.09267641	-31.50463	1e+05	1e+05	5.613932e-06	4.192115e-06	1.20899e-05
10	10-2105645	1659244	30	T	C	0.037	0.3436198	0.06699878	-29.42044	1e+05	1e+05	6.789874e-07	4.798145e-07	2.097065e-06
10	10-2106045	1659644	24	G	C	0.03	0.3619274	0.07529287	-30.88086	1e+05	1e+05	2.978853e-06	2.187978e-06	7.100173e-06
10	10-2113961	1667559	28	G	C	0.028	0.3834722	0.07973222	-30.86947	1e+05	1e+05	2.944641e-06	2.162198e-06	7.032001e-06
10	10-2113975	1667573	23	T	C	0.027	0.3836124	0.08455549	-32.04827	1e+05	1e+05	9.764554e-06	7.397271e-06	1.933756e-05
10	10-19743252	20208492	30	T	C	0.264	-0.1357736	0.02842025	-31.01131	1e+05	1e+05	3.400622e-06	2.506409e-06	7.93162e-06
10	10-19975434	20362420	7	A	G	0.234	-0.1268738	0.02786667	-31.98033	1e+05	1e+05	9.111384e-06	6.890043e-06	1.822974e-05
10	10-19977187	20364172	11	T	C	0.261	-0.1247991	0.02707924	-31.74306	1e+05	1e+05	7.155368e-06	5.377002e-06	1.484533e-05
10	10-19926388	20387141	16	T	C	0.245	-0.1341309	0.02905275	-31.70823	1e+05	1e+05	6.906137e-06	5.18493e-06	1.440577e-05
10	10-19926466	20387219	9	T	C	0.279	-0.1338133	0.02760915	-30.7044	1e+05	1e+05	2.490589e-06	1.820823e-06	6.115421e-06
10	10-19926671	20387424	23	T	C	0.262	-0.1328205	0.02846508	-31.49635	1e+05	1e+05	5.566838e-06	4.156037e-06	1.20042e-05
10	10-20111589	20575663	27	A	G	0.249	-0.1386591	0.02906147	-31.03822	1e+05	1e+05	3.494808e-06	2.577664e-06	8.115173e-06
10	10-20170538	20621760	6	T	C	0.213	-0.1377732	0.02961678	-31.55769	1e+05	1e+05	5.925244e-06	4.430803e-06	1.265395e-05
10	10-20232836	20684031	14	T	C	0.247	-0.1259757	0.02739256	-31.78476	1e+05	1e+05	7.465685e-06	5.616394e-06	1.538975e-05
10	10-20259648	20711878	23	A	C	0.262	-0.1272041	0.02749281	-31.66535	1e+05	1e+05	6.611245e-06	4.9579e-06	1.38829e-05
10	10-20802030	21311423	31	A	C	0.24	-0.131495	0.0284484	-31.68501	1e+05	1e+05	6.744816e-06	5.060701e-06	1.412012e-05
10	10-24318346	24923148	30	T	G	0.011	0.5944565	0.1258618	-31.249	1e+05	1e+05	4.329172e-06	3.210933e-06	9.712353e-06
10	10-38909392	40095961	6	T	C	0.012	0.4998678	0.1019091	-30.44352	1e+05	1e+05	1.911793e-06	1.388059e-06	4.909021e-06
10	10-71240748	70366160	19	A	G	0.024	0.3956518	0.08674988	-31.94667	1e+05	1e+05	8.804119e-06	6.651754e-06	1.770503e-05
10	10-118935671	119965937	9	A	G	0.188	0.1808749	0.03814538	-31.16762	1e+05	1e+05	3.985641e-06	2.949775e-06	9.060637e-06
