POS	#CHROM.x	GERP	REF	ALT	Sorghum	#CHROM.y	N_A1	N_A2	freq_A1	freq_A2	freq_Del
48008102	5	0.0657	C	T	1|1	5	2	614	0.990228	0.00977199	0.00977199
48008505	5	5.02	C	T	0|0	5	2	614	0.996743	0.00325733	0.996743
48008534	5	5.19	A	G	0|0	5	2	614	1	0	1
48008714	5	0.0135	G	A	0|0	5	2	614	0.998371	0.00162866	0.998371
48008897	5	2.13	G	C	0|0	5	2	614	0.998371	0.00162866	0.998371
48008920	5	3.33	G	A	1|1	5	2	614	0.993485	0.00651466	0.00651466
48009208	5	0.387	C	T	0|0	5	2	614	0.996743	0.00325733	0.996743
48009662	5	1.7	G	A	0|0	5	2	614	0.995114	0.00488599	0.995114
48009691	5	1.7	G	T	0|0	5	2	614	0.998371	0.00162866	0.998371
48010031	5	1.71	C	T	0|0	5	2	614	0.996743	0.00325733	0.996743
48010088	5	0.547	G	C	0|0	5	2	614	0.996743	0.00325733	0.996743
48031588	5	0.758	T	A	0|0	5	2	614	0.996743	0.00325733	0.996743
48031656	5	0.061	C	G	1|1	5	2	614	0.410423	0.589577	0.589577
48031675	5	1.12	G	A	0|0	5	2	614	0.457655	0.542345	0.457655
48031713	5	1.33	C	T	0|0	5	2	614	0.757329	0.242671	0.757329
48031769	5	0.556	C	T	1|1	5	2	614	0.970684	0.029316	0.029316
48031803	5	0.653	C	T	0|0	5	2	614	0.996743	0.00325733	0.996743
48031809	5	0.62	G	A	0|0	5	2	614	1	0	1
48031815	5	0.676	G	T	0|0	5	2	614	0.985342	0.014658	0.985342
48031949	5	0.838	A	G	0|0	5	2	614	0.654723	0.345277	0.654723
48031966	5	1.61	C	T	1|1	5	2	614	0.418567	0.581433	0.581433
48031974	5	1.33	A	C	0|0	5	2	614	0.998371	0.00162866	0.998371
48032032	5	1.7	C	T	0|0	5	2	614	0.993485	0.00651466	0.993485
48032045	5	0.65	C	A	0|0	5	2	614	1	0	1
48032076	5	1.7	G	T	0|0	5	2	614	0.636808	0.363192	0.636808
48032130	5	0.68	T	G	1|1	5	2	614	0.413681	0.586319	0.586319
48032145	5	1.33	T	A	0|0	5	2	614	0.827362	0.172638	0.827362
48032212	5	1.7	C	G	0|0	5	2	614	0.5	0.5	0.5
48032213	5	0.556	C	T	1|1	5	2	614	0.425081	0.574919	0.574919
48032239	5	1.7	C	T	0|0	5	2	614	0.825733	0.174267	0.825733
48032280	5	0.631	C	A	0|0	5	2	614	0.996743	0.00325733	0.996743
48032318	5	0.319	C	T	1|1	5	2	614	0.67101	0.32899	0.32899
48032321	5	1.7	C	T	0|0	5	2	614	0.996743	0.00325733	0.996743
48032322	5	0.6	T	C	0|0	5	2	614	0.617264	0.382736	0.617264
48032332	5	1.33	C	A	0|0	5	2	614	0.954397	0.0456026	0.954397
48032465	5	0.681	A	G	1|1	5	2	614	0.996743	0.00325733	0.00325733
48032482	5	1.7	T	C	0|0	5	2	614	0.897394	0.102606	0.897394
48032486	5	1.7	G	A	0|0	5	2	614	0.996743	0.00325733	0.996743
48032515	5	0.519	G	T	0|0	5	2	614	0.897394	0.102606	0.897394
48032522	5	0.557	G	A	1|1	5	2	614	0.996743	0.00325733	0.00325733
48032556	5	0.703	C	T	0|0	5	2	614	0.931596	0.0684039	0.931596
48032563	5	0.6	T	C	0|0	5	2	614	1	0	1
48032657	5	1.33	T	C	0|0	5	2	614	0.996743	0.00325733	0.996743
48032670	5	1.7	T	G	0|0	5	2	614	0.850163	0.149837	0.850163
48032720	5	0.572	A	C	0|0	5	2	614	1	0	1
48032728	5	0.496	T	C	0|0	5	2	614	1	0	1
48032758	5	0.556	C	T	1|1	5	2	614	0.996743	0.00325733	0.00325733
48032789	5	1.34	C	G	0|0	5	2	614	0.990228	0.00977199	0.990228
48032847	5	0.242	G	A	0|0	5	2	614	0.535831	0.464169	0.535831
48032855	5	0.234	G	A	0|0	5	2	614	0.960912	0.0390879	0.960912
48032876	5	1.6	T	C	0|0	5	2	614	0.996743	0.00325733	0.996743
48032929	5	1.7	T	C	0|0	5	2	614	0.542345	0.457655	0.542345
48032944	5	0.593	G	A	1|1	5	2	614	0.899023	0.100977	0.100977
48032959	5	0.653	C	G	0|0	5	2	614	0.993485	0.00651466	0.993485
48032982	5	1.48	A	T	0|0	5	2	614	0.644951	0.355049	0.644951
48033051	5	0.489	G	A	0|0	5	2	614	0.900651	0.0993485	0.900651
48033055	5	1.7	A	T	0|0	5	2	614	0.952769	0.0472313	0.952769
48033079	5	1.7	C	A	0|0	5	2	614	0.856678	0.143322	0.856678
48033088	5	0.594	C	T	1|1	5	2	614	0.993485	0.00651466	0.00651466
48033090	5	1.7	C	G	0|0	5	2	614	0.95114	0.0488599	0.95114
48033093	5	0.56	T	A	1|1	5	2	614	0.348534	0.651466	0.651466
48033171	5	0.348	G	A	1|1	5	2	614	0.983713	0.0162866	0.0162866
48033172	5	0.402	C	T	0|0	5	2	614	0.986971	0.0130293	0.986971
48033243	5	0.46	T	C	1|1	5	2	614	0.337134	0.662866	0.662866
48033265	5	1.48	A	G	0|0	5	2	614	0.830619	0.169381	0.830619
48033296	5	1.7	C	T	0|0	5	2	614	0.990228	0.00977199	0.990228
48033306	5	0.59	G	A	0|0	5	2	614	1	0	1
48033314	5	0.29	A	G	1|1	5	2	614	0.995114	0.00488599	0.00488599
48033318	5	1.7	A	G	0|0	5	2	614	0.692182	0.307818	0.692182
48033332	5	0.6	A	G	0|0	5	2	614	0.970684	0.029316	0.970684
48033392	5	1.48	A	G	0|0	5	2	614	0.833876	0.166124	0.833876
48033395	5	0.455	G	A	0|0	5	2	614	0.996743	0.00325733	0.996743
48033574	5	0.22	C	T	0|0	5	2	614	0.996743	0.00325733	0.996743
48033632	5	1.33	C	T	0|0	5	2	614	0.900651	0.0993485	0.900651
48033634	5	0.29	A	G	1|1	5	2	614	0.995114	0.00488599	0.00488599
48033658	5	0.291	C	G	1|1	5	2	614	0.996743	0.00325733	0.00325733
48033660	5	0.291	T	G	1|1	5	2	614	0.996743	0.00325733	0.00325733
48033671	5	1.12	C	T	0|0	5	2	614	0.996743	0.00325733	0.996743
48033703	5	1.12	C	G	0|0	5	2	614	1	0	1
48033800	5	1.22	T	G	0|0	5	2	614	0.986971	0.0130293	0.986971
48033801	5	0.192	C	T	0|0	5	2	614	0.978827	0.0211726	0.978827
48033810	5	1.22	G	T	0|0	5	2	614	0.996743	0.00325733	0.996743
48033829	5	1.22	G	A	0|0	5	2	614	0.993485	0.00651466	0.993485
48033844	5	0.174	A	G	1|1	5	2	614	0.397394	0.602606	0.602606
48033876	5	1.22	C	T	0|0	5	2	614	0.993485	0.00651466	0.993485
48033877	5	1.22	G	C	0|0	5	2	614	0.863192	0.136808	0.863192
48033949	5	1.33	C	G	0|0	5	2	614	0.993485	0.00651466	0.993485
48033951	5	0.162	A	T	1|1	5	2	614	0.995114	0.00488599	0.00488599
48033988	5	0.489	C	G	0|0	5	2	614	0.677524	0.322476	0.677524
48034017	5	2.11	G	C	0|0	5	2	614	0.942997	0.0570033	0.942997
48034097	5	0.87	A	G	0|0	5	2	614	0.996743	0.00325733	0.996743
48034154	5	0.459	G	C	0|0	5	2	614	0.973941	0.0260586	0.973941
48034174	5	0.214	G	A	0|0	5	2	614	0.688925	0.311075	0.688925
48034175	5	1.33	C	T	0|0	5	2	614	0.996743	0.00325733	0.996743
48034177	5	1.33	A	G	0|0	5	2	614	0.985342	0.014658	0.985342
48034219	5	1.59	C	T	0|0	5	2	614	0.973941	0.0260586	0.973941
48034278	5	1.33	G	A	0|0	5	2	614	0.664495	0.335505	0.664495
48034282	5	2.43	C	T	0|0	5	2	614	0.990228	0.00977199	0.990228
48034297	5	1.62	G	A	0|0	5	2	614	0.995114	0.00488599	0.995114
48034376	5	1.67	C	T	0|0	5	2	614	0.964169	0.0358306	0.964169
48034379	5	2.39	C	T	0|0	5	2	614	0.993485	0.00651466	0.993485
48034440	5	3.17	A	G	0|0	5	2	614	0.732899	0.267101	0.732899
48034451	5	2.3	C	A	0|0	5	2	614	0.990228	0.00977199	0.990228
48034546	5	1.02	T	G	0|0	5	2	614	0.996743	0.00325733	0.996743
48036410	5	0.144	C	T	1|1	5	2	614	0.381107	0.618893	0.618893
48036419	5	0.29	T	G	1|1	5	2	614	0.374593	0.625407	0.625407
48036426	5	0.00621	C	T	1|1	5	2	614	0.376221	0.623779	0.623779
48036459	5	1.05	C	T	1|1	5	2	614	0.309446	0.690554	0.690554
48036466	5	1.99	G	T	0|0	5	2	614	0.993485	0.00651466	0.993485
48036482	5	1.48	G	T	0|0	5	2	614	0.728013	0.271987	0.728013
48036489	5	1.48	C	T	0|0	5	2	614	0.656352	0.343648	0.656352
48036494	5	1.48	G	A	0|0	5	2	614	0.996743	0.00325733	0.996743
48036522	5	0.477	A	T	0|0	5	2	614	0.68241	0.31759	0.68241
48036642	5	0.476	T	C	1|1	5	2	614	0.64658	0.35342	0.35342
48036644	5	2.6	T	C	0|0	5	2	614	0.995114	0.00488599	0.995114
48036665	5	1.49	A	T	1|1	5	2	614	0.345277	0.654723	0.654723
48036669	5	2.6	C	G	0|0	5	2	614	0.977199	0.0228013	0.977199
48036673	5	1.57	G	T	0|0	5	2	614	0.65798	0.34202	0.65798
48036692	5	1.18	G	T	0|0	5	2	614	0.688925	0.311075	0.688925
48036721	5	1.08	A	G	1|1	5	2	614	0.729642	0.270358	0.270358
48036757	5	1.19	G	A	0|0	5	2	614	0.973941	0.0260586	0.973941
48036761	5	1.11	T	C	0|0	5	2	614	0.996743	0.00325733	0.996743
48036790	5	1.12	T	A	0|0	5	2	614	0.990228	0.00977199	0.990228
48036810	5	1.12	A	T	0|0	5	2	614	0.995114	0.00488599	0.995114
48036871	5	1.61	T	A	0|0	5	2	614	0.993485	0.00651466	0.993485
48036876	5	0.577	T	G	1|1	5	2	614	0.996743	0.00325733	0.00325733
48036894	5	1.61	A	G	0|0	5	2	614	0.991857	0.00814332	0.991857
48036918	5	0.603	C	T	0|0	5	2	614	0.690554	0.309446	0.690554
48036971	5	1.61	A	C	0|0	5	2	614	0.679153	0.320847	0.679153
48037060	5	0.594	C	T	1|1	5	2	614	0.685668	0.314332	0.314332
48037084	5	0.499	C	T	0|0	5	2	614	0.995114	0.00488599	0.995114
48037090	5	0.603	C	T	0|0	5	2	614	0.677524	0.322476	0.677524
48037133	5	1.5	A	G	0|0	5	2	614	0.996743	0.00325733	0.996743
48037136	5	0.467	T	C	1|1	5	2	614	0.392508	0.607492	0.607492
48037230	5	0.447	C	T	1|1	5	2	614	0.996743	0.00325733	0.00325733
48037238	5	0.448	G	A	1|1	5	2	614	0.996743	0.00325733	0.00325733
48037274	5	1.61	C	T	0|0	5	2	614	0.732899	0.267101	0.732899
48037281	5	1.61	C	T	0|0	5	2	614	0.993485	0.00651466	0.993485
48037289	5	1.12	C	T	0|0	5	2	614	0.996743	0.00325733	0.996743
48037290	5	0.0971	G	A	0|0	5	2	614	0.684039	0.315961	0.684039
48037571	5	4.01	C	T	1|1	5	2	614	0.996743	0.00325733	0.00325733
48037837	5	1.27	A	G	1|1	5	2	614	0.995114	0.00488599	0.00488599
48037861	5	1.64	G	T	0|0	5	2	614	0.993485	0.00651466	0.993485
48038021	5	3.86	C	T	0|0	5	2	614	1	0	1
48038073	5	1.14	G	C	0|0	5	2	614	0.993485	0.00651466	0.993485
48038083	5	3.2	G	T	0|0	5	2	614	0.993485	0.00651466	0.993485
48038170	5	3.27	C	T	1|1	5	2	614	0.996743	0.00325733	0.00325733
48038244	5	1.37	C	G	0|0	5	2	614	0.732899	0.267101	0.732899
48038278	5	5.54	C	T	0|0	5	2	614	1	0	1
48038337	5	2.6	T	C	0|0	5	2	614	1	0	1
48038412	5	0.536	A	G	0|0	5	2	614	0.729642	0.270358	0.729642
48038414	5	0.107	G	A	0|0	5	2	614	1	0	1
48038507	5	4.13	C	G	0|0	5	2	614	0.998371	0.00162866	0.998371
48038632	5	4.42	G	A	1|1	5	2	614	0.996743	0.00325733	0.00325733
48038710	5	3.19	G	A	0|0	5	2	614	1	0	1
48038752	5	4.5	C	T	0|0	5	2	614	0.724756	0.275244	0.724756
48038821	5	3.39	A	G	1|1	5	2	614	0.996743	0.00325733	0.00325733
48038873	5	0.261	A	T	0|0	5	2	614	0.732899	0.267101	0.732899
48039008	5	0.676	G	A	0|0	5	2	614	1	0	1
48039040	5	3.19	C	T	0|0	5	2	614	1	0	1
48042056	5	0.329	C	T	1|1	5	2	614	0.726384	0.273616	0.273616
48042057	5	1.48	G	T	0|0	5	2	614	0.993485	0.00651466	0.993485
48042058	5	1.48	G	A	0|0	5	2	614	0.996743	0.00325733	0.996743
48042085	5	0.56	T	A	1|1	5	2	614	0.312704	0.687296	0.687296
48042103	5	0.938	A	T	0|0	5	2	614	0.998371	0.00162866	0.998371
48042241	5	3.04	C	A	1|1	5	2	614	0.993485	0.00651466	0.00651466
48042277	5	0.298	T	A	0|0	5	2	614	0.998371	0.00162866	0.998371
48042348	5	0.951	T	C	1|1	5	2	614	0.996743	0.00325733	0.00325733
48042793	5	2.24	T	A	0|0	5	2	614	0.973941	0.0260586	0.973941
48042828	5	3.48	T	C	0|0	5	2	614	0.954397	0.0456026	0.954397
48042857	5	3.21	C	T	0|0	5	2	614	0.996743	0.00325733	0.996743
48042920	5	0.995	C	A	0|0	5	2	614	0.679153	0.320847	0.679153
48043016	5	4.54	C	T	0|0	5	2	614	0.996743	0.00325733	0.996743
48043043	5	2.39	C	T	0|0	5	2	614	0.970684	0.029316	0.970684
48043062	5	2.92	G	C	1|1	5	2	614	0.996743	0.00325733	0.00325733
48043208	5	0.897	A	T	0|0	5	2	614	0.991857	0.00814332	0.991857
48043211	5	3.44	G	A	0|0	5	2	614	0.97557	0.02443	0.97557
48043217	5	0.679	C	T	0|0	5	2	614	1	0	1
48043236	5	0.783	G	A	1|1	5	2	614	0.996743	0.00325733	0.00325733
48043245	5	0.795	A	C	0|0	5	2	614	1	0	1
48043263	5	0.232	C	T	1|1	5	2	614	0.995114	0.00488599	0.00488599
48043270	5	2.6	A	G	0|0	5	2	614	0.374593	0.625407	0.374593
48043302	5	1.62	C	T	0|0	5	2	614	0.967427	0.0325733	0.967427
48043320	5	2.6	C	A	0|0	5	2	614	0.967427	0.0325733	0.967427
48043328	5	1	A	G	0|0	5	2	614	0.996743	0.00325733	0.996743
48234029	5	1.61	G	A	0|0	5	2	614	0.995114	0.00488599	0.995114
48234245	5	0.606	C	T	0|0	5	2	614	0.993485	0.00651466	0.993485
48260732	5	0.31	G	A	0|0	5	2	614	1	0	1
48260733	5	0.236	G	A	0|0	5	2	614	0.996743	0.00325733	0.996743
48260735	5	0.106	A	T	0|0	5	2	614	0.993485	0.00651466	0.993485
48260751	5	1.61	T	C	0|0	5	2	614	0.692182	0.307818	0.692182
48260760	5	0.486	A	C	1|1	5	2	614	0.602606	0.397394	0.397394
48260795	5	0.561	C	A	0|0	5	2	614	0.967427	0.0325733	0.967427
48260838	5	0.592	T	C	1|1	5	2	614	0.314332	0.685668	0.685668
48260844	5	1.7	C	T	0|0	5	2	614	0.996743	0.00325733	0.996743
48260846	5	0.631	C	T	0|0	5	2	614	0.996743	0.00325733	0.996743
48260921	5	1.18	T	C	0|0	5	2	614	0.996743	0.00325733	0.996743
48260986	5	0.909	C	T	0|0	5	2	614	0.97557	0.02443	0.97557
48261068	5	0.497	C	T	0|0	5	2	614	0.996743	0.00325733	0.996743
48261105	5	0.846	A	G	0|0	5	2	614	0.708469	0.291531	0.708469
48261131	5	1.33	G	T	0|0	5	2	614	0.993485	0.00651466	0.993485
48261157	5	0.051	C	T	0|0	5	2	614	0.996743	0.00325733	0.996743
48261167	5	0.0164	T	C	1|1	5	2	614	0.667752	0.332248	0.332248
48261503	5	0.894	G	T	0|0	5	2	614	0.962541	0.0374593	0.962541
48261515	5	0.0981	G	A	0|0	5	2	614	0.714984	0.285016	0.714984
48261598	5	0.0629	G	C	1|1	5	2	614	0.346906	0.653094	0.653094
48261635	5	0.682	A	C	1|1	5	2	614	0.995114	0.00488599	0.00488599
48261692	5	0.0286	C	A	0|0	5	2	614	1	0	1
48261713	5	1.61	T	A	0|0	5	2	614	0.993485	0.00651466	0.993485
48261803	5	1.12	A	C	0|0	5	2	614	0.973941	0.0260586	0.973941
48261813	5	1.12	A	T	0|0	5	2	614	0.982085	0.0179153	0.982085
48261869	5	1.12	C	T	0|0	5	2	614	0.993485	0.00651466	0.993485
48261885	5	1.12	A	T	0|0	5	2	614	0.996743	0.00325733	0.996743
48261927	5	0.287	G	C	0|0	5	2	614	1	0	1
48262199	5	0.329	C	T	1|1	5	2	614	0.996743	0.00325733	0.00325733
48262206	5	1.48	C	T	0|0	5	2	614	0.729642	0.270358	0.729642
48262217	5	1.7	T	A	0|0	5	2	614	0.687296	0.312704	0.687296
48262246	5	0.681	A	G	1|1	5	2	614	0.996743	0.00325733	0.00325733
48262248	5	0.683	C	A	1|1	5	2	614	0.996743	0.00325733	0.00325733
48262262	5	0.683	T	C	1|1	5	2	614	0.996743	0.00325733	0.00325733
48262654	5	1.04	G	A	0|0	5	2	614	0.732899	0.267101	0.732899
48262673	5	0.976	G	T	1|1	5	2	614	0.990228	0.00977199	0.00977199
48262697	5	1.16	G	T	0|0	5	2	614	0.977199	0.0228013	0.977199
48262735	5	0.775	G	A	0|0	5	2	614	1	0	1
48262741	5	1.99	G	A	0|0	5	2	614	0.736156	0.263844	0.736156
48262747	5	0.875	C	T	0|0	5	2	614	1	0	1
48262764	5	0.867	T	C	0|0	5	2	614	0.996743	0.00325733	0.996743
48262778	5	1.99	C	T	0|0	5	2	614	1	0	1
48262787	5	1.18	T	C	1|1	5	2	614	0.986971	0.0130293	0.0130293
48262814	5	1.17	G	A	0|0	5	2	614	0.97557	0.02443	0.97557
48262828	5	2.2	A	G	0|0	5	2	614	0.973941	0.0260586	0.973941
48262836	5	1.06	T	A	0|0	5	2	614	0.97557	0.02443	0.97557
48262869	5	0.315	A	T	0|0	5	2	614	0.998371	0.00162866	0.998371
48262877	5	0.543	A	T	0|0	5	2	614	1	0	1
48262908	5	1.99	G	A	0|0	5	2	614	0.993485	0.00651466	0.993485
48262918	5	0.775	T	C	0|0	5	2	614	1	0	1
48262920	5	1.99	G	A	0|0	5	2	614	0.732899	0.267101	0.732899
48263173	5	0.877	G	A	0|0	5	2	614	0.967427	0.0325733	0.967427
48263212	5	1.04	G	T	0|0	5	2	614	0.995114	0.00488599	0.995114
48263217	5	1.07	A	T	0|0	5	2	614	0.641694	0.358306	0.641694
48263230	5	1.7	T	C	0|0	5	2	614	0.993485	0.00651466	0.993485
48263265	5	0.543	A	T	0|0	5	2	614	1	0	1
48263319	5	0.393	G	C	0|0	5	2	614	0.996743	0.00325733	0.996743
48263339	5	4.79	G	A	0|0	5	2	614	1	0	1
48263389	5	1.01	G	A	0|0	5	2	614	0.996743	0.00325733	0.996743
48263705	5	3.67	T	A	0|0	5	2	614	0.986971	0.0130293	0.986971
48263745	5	5.02	A	G	1|1	5	2	614	0.996743	0.00325733	0.00325733
48263801	5	0.247	G	C	1|1	5	2	614	0.307818	0.692182	0.692182
48263879	5	1.04	T	C	0|0	5	2	614	0.991857	0.00814332	0.991857
48263892	5	0.708	A	G	1|1	5	2	614	0.996743	0.00325733	0.00325733
48263908	5	3.65	T	A	0|0	5	2	614	1	0	1
48263948	5	4.87	G	A	0|0	5	2	614	0.732899	0.267101	0.732899
48263962	5	4.79	C	T	0|0	5	2	614	0.941368	0.0586319	0.941368
48264017	5	4.91	T	C	0|0	5	2	614	0.996743	0.00325733	0.996743
48264074	5	1.6	C	G	0|0	5	2	614	0.692182	0.307818	0.692182
48264107	5	3.47	T	C	0|0	5	2	614	0.692182	0.307818	0.692182
48264120	5	1.17	G	A	1|1	5	2	614	0.996743	0.00325733	0.00325733
48264144	5	3.69	C	T	0|0	5	2	614	0.996743	0.00325733	0.996743
48264183	5	3.88	C	T	0|0	5	2	614	0.996743	0.00325733	0.996743
48264200	5	2.13	C	G	0|0	5	2	614	0.693811	0.306189	0.693811
48264228	5	0.106	G	A	0|0	5	2	614	1	0	1
48264333	5	5.01	C	A	0|0	5	2	614	0.996743	0.00325733	0.996743
48264345	5	0.108	G	T	0|0	5	2	614	0.965798	0.034202	0.965798
48264373	5	0.154	G	C	0|0	5	2	614	0.996743	0.00325733	0.996743
48264403	5	4.89	A	G	0|0	5	2	614	1	0	1
48264408	5	3.94	G	A	0|0	5	2	614	0.382736	0.617264	0.382736
48264422	5	1.75	C	T	1|1	5	2	614	0.996743	0.00325733	0.00325733
48264469	5	4.9	T	A	1|1	5	2	614	0.996743	0.00325733	0.00325733
48264494	5	0.128	T	C	0|0	5	2	614	1	0	1
48264533	5	3.2	T	G	0|0	5	2	614	0.996743	0.00325733	0.996743
48264600	5	3.6	T	C	0|0	5	2	614	0.996743	0.00325733	0.996743
48264620	5	0.633	T	G	1|1	5	2	614	0.30456	0.69544	0.69544
48264629	5	2.19	A	C	0|0	5	2	614	1	0	1
48264680	5	1.88	C	T	0|0	5	2	614	0.996743	0.00325733	0.996743
48264695	5	2.33	T	C	1|1	5	2	614	0.325733	0.674267	0.674267
48264712	5	1.26	T	A	0|0	5	2	614	0.978827	0.0211726	0.978827
48264722	5	1.09	A	G	1|1	5	2	614	0.960912	0.0390879	0.0390879
48264733	5	6	T	C	0|0	5	2	614	0.410423	0.589577	0.410423
48264851	5	3.95	C	T	0|0	5	2	614	0.86645	0.13355	0.86645
48265056	5	3.73	T	C	0|0	5	2	614	0.996743	0.00325733	0.996743
48265086	5	0.218	C	T	0|0	5	2	614	0.980456	0.019544	0.980456
48265199	5	2.45	C	T	1|1	5	2	614	0.628664	0.371336	0.371336
48265207	5	4.88	A	T	0|0	5	2	614	0.998371	0.00162866	0.998371
48265210	5	0.0184	C	T	0|0	5	2	614	0.996743	0.00325733	0.996743
48265233	5	1.08	G	C	0|0	5	2	614	0.993485	0.00651466	0.993485
48265283	5	3.65	T	C	0|0	5	2	614	1	0	1
48265378	5	2.93	A	G	0|0	5	2	614	1	0	1
48265383	5	0.745	G	A	1|1	5	2	614	0.986971	0.0130293	0.0130293
48265407	5	0.598	A	G	0|0	5	2	614	1	0	1
48265443	5	6	G	A	0|0	5	2	614	0.996743	0.00325733	0.996743
48265600	5	3.62	A	G	0|0	5	2	614	1	0	1
48265641	5	0.445	T	A	1|1	5	2	614	0.993485	0.00651466	0.00651466
48265787	5	1.43	G	A	1|1	5	2	614	0.996743	0.00325733	0.00325733
48265802	5	4.75	T	C	0|0	5	2	614	1	0	1
48265917	5	1.7	G	T	0|0	5	2	614	1	0	1
48265918	5	0.839	C	G	0|0	5	2	614	1	0	1
48265920	5	3.2	C	G	0|0	5	2	614	0.996743	0.00325733	0.996743
48266090	5	3.98	G	A	0|0	5	2	614	0.412052	0.587948	0.412052
48266221	5	3.5	A	G	1|1	5	2	614	0.400651	0.599349	0.599349
48266264	5	4.6	G	A	0|0	5	2	614	0.972313	0.0276873	0.972313
48266342	5	1.41	C	T	0|0	5	2	614	0.986971	0.0130293	0.986971
48266540	5	2.2	T	C	0|0	5	2	614	0.993485	0.00651466	0.993485
48266542	5	1.11	T	C	0|0	5	2	614	0.677524	0.322476	0.677524
48266550	5	1.05	G	A	1|1	5	2	614	0.988599	0.0114007	0.0114007
48266589	5	1.18	T	C	1|1	5	2	614	0.337134	0.662866	0.662866
48266623	5	1.7	T	C	0|0	5	2	614	0.996743	0.00325733	0.996743
48266870	5	0.933	G	A	1|1	5	2	614	0.390879	0.609121	0.609121
48266950	5	1.7	G	A	0|0	5	2	614	0.993485	0.00651466	0.993485
48266979	5	0.294	C	T	0|0	5	2	614	1	0	1
48266990	5	1.19	C	A	0|0	5	2	614	0.996743	0.00325733	0.996743
48275548	5	2.52	G	A	0|0	5	2	614	0.993485	0.00651466	0.993485
48277136	5	1.21	C	G	0|0	5	2	614	0.723127	0.276873	0.723127
48277138	5	1.21	A	G	0|0	5	2	614	0.996743	0.00325733	0.996743
48277148	5	1.33	A	T	0|0	5	2	614	0.996743	0.00325733	0.996743
48277172	5	0.156	G	A	1|1	5	2	614	0.996743	0.00325733	0.00325733
48277199	5	0.292	T	C	1|1	5	2	614	0.996743	0.00325733	0.00325733
48277214	5	1.33	C	G	0|0	5	2	614	0.996743	0.00325733	0.996743
48277459	5	1.33	G	A	0|0	5	2	614	0.390879	0.609121	0.390879
48277510	5	0.928	C	G	1|1	5	2	614	0.996743	0.00325733	0.00325733
48277584	5	2.05	G	T	0|0	5	2	614	0.724756	0.275244	0.724756
48277674	5	2.32	A	G	0|0	5	2	614	0.993485	0.00651466	0.993485
48277683	5	1.06	T	C	1|1	5	2	614	0.977199	0.0228013	0.0228013
48277743	5	0.175	G	C	0|0	5	2	614	0.990228	0.00977199	0.990228
48278119	5	2.6	C	T	0|0	5	2	614	0.983713	0.0162866	0.983713
48278152	5	1.59	C	T	0|0	5	2	614	0.995114	0.00488599	0.995114
48278252	5	0.831	T	C	0|0	5	2	614	0.964169	0.0358306	0.964169
48278425	5	5.56	C	A	0|0	5	2	614	0.996743	0.00325733	0.996743
48278462	5	3.13	C	T	0|0	5	2	614	0.995114	0.00488599	0.995114
48278489	5	1.17	G	T	0|0	5	2	614	0.680782	0.319218	0.680782
48278505	5	0.393	G	A	0|0	5	2	614	0.996743	0.00325733	0.996743
48278552	5	0.679	C	A	0|0	5	2	614	1	0	1
48278805	5	3.59	C	T	0|0	5	2	614	0.703583	0.296417	0.703583
48278882	5	3.13	C	T	0|0	5	2	614	0.996743	0.00325733	0.996743
48278993	5	3.21	C	G	0|0	5	2	614	0.993485	0.00651466	0.993485
48278996	5	0.916	G	A	0|0	5	2	614	0.672638	0.327362	0.672638
48279002	5	3.4	C	G	1|1	5	2	614	0.672638	0.327362	0.327362
48279108	5	4.15	G	A	0|0	5	2	614	0.993485	0.00651466	0.993485
48279247	5	4.42	C	A	0|0	5	2	614	1	0	1
48279311	5	0.996	C	T	0|0	5	2	614	1	0	1
48279350	5	3.37	C	G	0|0	5	2	614	0.677524	0.322476	0.677524
48279406	5	1.73	C	T	1|1	5	2	614	0.996743	0.00325733	0.00325733
48279410	5	0.692	C	T	0|0	5	2	614	0.995114	0.00488599	0.995114
48279491	5	0.819	A	C	0|0	5	2	614	0.993485	0.00651466	0.993485
48279649	5	0.284	A	G	0|0	5	2	614	0.996743	0.00325733	0.996743
48279735	5	0.468	A	G	0|0	5	2	614	0.669381	0.330619	0.669381
48279796	5	1.38	A	G	0|0	5	2	614	0.993485	0.00651466	0.993485
48279818	5	0.225	A	T	0|0	5	2	614	0.996743	0.00325733	0.996743
48279946	5	2.2	A	T	0|0	5	2	614	0.996743	0.00325733	0.996743
48280183	5	0.348	A	C	1|1	5	2	614	0.576547	0.423453	0.423453
48280187	5	3.58	G	T	0|0	5	2	614	0.970684	0.029316	0.970684
48280198	5	2.53	T	C	1|1	5	2	614	0.996743	0.00325733	0.00325733
48280210	5	0.718	C	T	0|0	5	2	614	1	0	1
48280294	5	5.42	G	C	0|0	5	2	614	0.990228	0.00977199	0.990228
48280428	5	1.97	G	A	0|0	5	2	614	0.674267	0.325733	0.674267
48280470	5	0.541	G	C	0|0	5	2	614	0.993485	0.00651466	0.993485
48280589	5	5.56	C	T	0|0	5	2	614	1	0	1
48280590	5	3.13	C	T	0|0	5	2	614	0.900651	0.0993485	0.900651
48280692	5	0.29	G	C	0|0	5	2	614	0.996743	0.00325733	0.996743
48280710	5	0.988	G	C	0|0	5	2	614	0.980456	0.019544	0.980456
48280713	5	0.29	A	G	1|1	5	2	614	0.535831	0.464169	0.464169
48280717	5	0.484	A	G	0|0	5	2	614	0.550489	0.449511	0.550489
48280728	5	0.758	A	G	0|0	5	2	614	0.996743	0.00325733	0.996743
48280827	5	0.193	C	G	1|1	5	2	614	0.912052	0.0879479	0.0879479
48280830	5	1.24	G	A	0|0	5	2	614	0.915309	0.0846906	0.915309
48280875	5	0.159	G	T	1|1	5	2	614	0.993485	0.00651466	0.00651466
48280921	5	0.241	C	G	0|0	5	2	614	0.993485	0.00651466	0.993485
48280929	5	1.33	C	T	0|0	5	2	614	0.993485	0.00651466	0.993485
48280936	5	0.141	C	T	1|1	5	2	614	0.495114	0.504886	0.504886
48281023	5	0.16	C	T	0|0	5	2	614	1	0	1
48281031	5	0.257	T	C	0|0	5	2	614	1	0	1
48281064	5	1.39	T	G	0|0	5	2	614	0.871336	0.128664	0.871336
48281222	5	0.301	T	C	1|1	5	2	614	0.496743	0.503257	0.503257
48281252	5	0.556	G	C	0|0	5	2	614	0.993485	0.00651466	0.993485
48322860	5	0.758	G	A	0|0	5	2	614	0.545603	0.454397	0.545603
48322861	5	0.758	T	A	0|0	5	2	614	0.996743	0.00325733	0.996743
48322883	5	1.03	T	A	0|0	5	2	614	0.995114	0.00488599	0.995114
48322921	5	1.24	A	G	0|0	5	2	614	0.996743	0.00325733	0.996743
48322931	5	0.161	C	T	0|0	5	2	614	0.996743	0.00325733	0.996743
48322953	5	0.211	C	T	0|0	5	2	614	1	0	1
48322978	5	1.24	G	A	0|0	5	2	614	0.996743	0.00325733	0.996743
48322980	5	1.24	T	A	0|0	5	2	614	0.543974	0.456026	0.543974
48322981	5	0.209	G	A	0|0	5	2	614	1	0	1
48322990	5	0.161	C	G	0|0	5	2	614	0.993485	0.00651466	0.993485
48323031	5	1.24	C	A	0|0	5	2	614	0.550489	0.449511	0.550489
48323033	5	0.149	C	T	0|0	5	2	614	0.552117	0.447883	0.552117
48323041	5	0.197	T	C	1|1	5	2	614	0.986971	0.0130293	0.0130293
48323049	5	1.24	T	A	0|0	5	2	614	0.990228	0.00977199	0.990228
48323053	5	1.1	C	A	0|0	5	2	614	0.993485	0.00651466	0.993485
48323056	5	0.0324	T	C	1|1	5	2	614	0.534202	0.465798	0.465798
48327800	5	1.36	C	T	0|0	5	2	614	0.970684	0.029316	0.970684
48327845	5	5.01	A	G	0|0	5	2	614	0.558632	0.441368	0.558632
48327857	5	3.78	G	A	0|0	5	2	614	0.558632	0.441368	0.558632
48327864	5	3.91	T	G	0|0	5	2	614	0.614007	0.385993	0.614007
48327865	5	5.01	C	A	0|0	5	2	614	0.986971	0.0130293	0.986971
48327880	5	4.46	T	A	0|0	5	2	614	0.998371	0.00162866	0.998371
48327890	5	3.93	G	A	0|0	5	2	614	0.996743	0.00325733	0.996743
48327936	5	4.63	A	G	0|0	5	2	614	1	0	1
48327939	5	2.48	A	G	0|0	5	2	614	0.542345	0.457655	0.542345
48327949	5	4.36	C	T	0|0	5	2	614	1	0	1
48327982	5	4.72	T	G	0|0	5	2	614	0.996743	0.00325733	0.996743
48328000	5	1.42	A	G	1|1	5	2	614	0.537459	0.462541	0.462541
48328029	5	2.64	C	T	0|0	5	2	614	0.550489	0.449511	0.550489
48328039	5	1.51	G	A	0|0	5	2	614	0.996743	0.00325733	0.996743
48328397	5	2.36	G	A	0|0	5	2	614	0.996743	0.00325733	0.996743
48328402	5	2.09	C	T	0|0	5	2	614	1	0	1
48328406	5	4.55	T	A	0|0	5	2	614	0.991857	0.00814332	0.991857
48328463	5	3.13	A	T	0|0	5	2	614	0.995114	0.00488599	0.995114
48328477	5	4.27	C	T	0|0	5	2	614	0.996743	0.00325733	0.996743
48328480	5	2.08	T	C	1|1	5	2	614	0.988599	0.0114007	0.0114007
48328485	5	3.24	C	T	0|0	5	2	614	0.995114	0.00488599	0.995114
48328518	5	2.04	A	C	0|0	5	2	614	0.996743	0.00325733	0.996743
48328523	5	4.15	C	A	1|1	5	2	614	0.993485	0.00651466	0.00651466
48328535	5	0.485	G	A	0|0	5	2	614	0.996743	0.00325733	0.996743
48328555	5	4.3	A	G	0|0	5	2	614	0.996743	0.00325733	0.996743
48328599	5	2.5	T	A	0|0	5	2	614	0.871336	0.128664	0.871336
48328798	5	3.59	T	A	0|0	5	2	614	0.558632	0.441368	0.558632
48328804	5	3.45	G	A	0|0	5	2	614	0.993485	0.00651466	0.993485
48328839	5	3.23	A	G	0|0	5	2	614	0.996743	0.00325733	0.996743
48328883	5	2.45	G	T	1|1	5	2	614	0.542345	0.457655	0.457655
48329851	5	0.641	C	T	0|0	5	2	614	1	0	1
48330088	5	4.24	C	A	0|0	5	2	614	0.998371	0.00162866	0.998371
48330097	5	3.2	C	T	0|0	5	2	614	0.998371	0.00162866	0.998371
48330108	5	3.22	G	A	0|0	5	2	614	0.988599	0.0114007	0.988599
48330576	5	1.44	A	T	0|0	5	2	614	0.990228	0.00977199	0.990228
48330666	5	0.521	G	T	0|0	5	2	614	0.996743	0.00325733	0.996743
48330691	5	4.09	T	A	0|0	5	2	614	0.995114	0.00488599	0.995114
48330870	5	3.05	C	T	0|0	5	2	614	0.996743	0.00325733	0.996743
48330951	5	2.2	G	A	0|0	5	2	614	1	0	1
48331316	5	1.2	G	C	0|0	5	2	614	0.983713	0.0162866	0.983713
48331767	5	1.26	C	T	0|0	5	2	614	0.988599	0.0114007	0.988599
48331821	5	2.54	C	T	0|0	5	2	614	0.985342	0.014658	0.985342
48331973	5	3.59	G	A	0|0	5	2	614	0.982085	0.0179153	0.982085
48332195	5	0.247	G	A	0|0	5	2	614	0.986971	0.0130293	0.986971
48368289	5	0.968	T	C	0|0	5	2	614	0.545603	0.454397	0.545603
48368521	5	0.306	C	T	0|0	5	2	614	0.996743	0.00325733	0.996743
48368527	5	1.33	A	C	0|0	5	2	614	0.993485	0.00651466	0.993485
48368540	5	0.306	C	G	0|0	5	2	614	0.996743	0.00325733	0.996743
48368562	5	0.198	A	G	0|0	5	2	614	0.973941	0.0260586	0.973941
48368566	5	0.306	C	A	1|1	5	2	614	0.980456	0.019544	0.019544
48368572	5	1.25	C	A	1|1	5	2	614	0.996743	0.00325733	0.00325733
48368591	5	1.12	A	G	0|0	5	2	614	0.973941	0.0260586	0.973941
48368681	5	0.963	C	G	0|0	5	2	614	0.990228	0.00977199	0.990228
48369549	5	2.43	C	T	0|0	5	2	614	0.996743	0.00325733	0.996743
48369576	5	2.43	C	T	0|0	5	2	614	1	0	1
48369590	5	0.069	G	A	1|1	5	2	614	0.995114	0.00488599	0.00488599
48369917	5	1.48	C	A	0|0	5	2	614	0.995114	0.00488599	0.995114
48369921	5	0.458	T	G	1|1	5	2	614	0.993485	0.00651466	0.00651466
48369925	5	1.48	C	G	0|0	5	2	614	0.998371	0.00162866	0.998371
48369958	5	1.48	T	G	0|0	5	2	614	0.998371	0.00162866	0.998371
48370011	5	1.55	G	A	0|0	5	2	614	0.991857	0.00814332	0.991857
48370101	5	1.7	C	T	0|0	5	2	614	1	0	1
48370154	5	2.2	T	C	0|0	5	2	614	0.996743	0.00325733	0.996743
48370155	5	1.17	G	A	0|0	5	2	614	0.990228	0.00977199	0.990228
48370177	5	1.42	C	T	0|0	5	2	614	0.995114	0.00488599	0.995114
48370479	5	1.1	G	A	0|0	5	2	614	0.998371	0.00162866	0.998371
48370762	5	0.425	G	A	0|0	5	2	614	0.991857	0.00814332	0.991857
48370851	5	1.61	T	C	0|0	5	2	614	0.995114	0.00488599	0.995114
48370992	5	1.7	A	T	0|0	5	2	614	1	0	1
48371512	5	1.93	T	C	0|0	5	2	614	0.996743	0.00325733	0.996743
48371532	5	2.07	C	T	0|0	5	2	614	0.990228	0.00977199	0.990228
48371761	5	1.6	C	T	0|0	5	2	614	0.996743	0.00325733	0.996743
48373044	5	0.69	C	T	0|0	5	2	614	1	0	1
48374421	5	1.36	A	C	0|0	5	2	614	0.996743	0.00325733	0.996743
48374486	5	0.535	G	A	0|0	5	2	614	0.993485	0.00651466	0.993485
48375708	5	2.32	G	A	0|0	5	2	614	0.996743	0.00325733	0.996743
48375973	5	1.61	G	A	0|0	5	2	614	1	0	1
48376825	5	1.55	G	T	0|0	5	2	614	0.998371	0.00162866	0.998371
48379021	5	0.0629	A	C	1|1	5	2	614	0.498371	0.501629	0.501629
48379091	5	0.116	C	G	1|1	5	2	614	0.996743	0.00325733	0.00325733
48379164	5	1.33	G	T	0|0	5	2	614	0.993485	0.00651466	0.993485
48379165	5	1.33	C	T	0|0	5	2	614	0.993485	0.00651466	0.993485
48379409	5	0.26	C	T	0|0	5	2	614	0.993485	0.00651466	0.993485
48379482	5	1.12	A	G	0|0	5	2	614	0.983713	0.0162866	0.983713
48379546	5	1.12	A	G	0|0	5	2	614	0.583062	0.416938	0.583062
48379564	5	0.95	G	A	0|0	5	2	614	0.996743	0.00325733	0.996743
48379673	5	0.0745	A	C	1|1	5	2	614	0.996743	0.00325733	0.00325733
48379703	5	1.14	C	T	0|0	5	2	614	0.993485	0.00651466	0.993485
48418965	5	0.968	G	A	0|0	5	2	614	0.993485	0.00651466	0.993485
48419005	5	0.623	C	A	1|1	5	2	614	0.995114	0.00488599	0.00488599
48419007	5	1.79	T	C	0|0	5	2	614	0.969055	0.0309446	0.969055
48419015	5	0.696	T	C	0|0	5	2	614	0.996743	0.00325733	0.996743
48419039	5	1.95	T	C	0|0	5	2	614	0.741042	0.258958	0.741042
48419049	5	0.914	G	T	0|0	5	2	614	0.996743	0.00325733	0.996743
48419065	5	0.595	A	G	0|0	5	2	614	1	0	1
48419080	5	1.93	G	A	0|0	5	2	614	0.996743	0.00325733	0.996743
48419085	5	0.931	G	A	1|1	5	2	614	0.995114	0.00488599	0.00488599
48419100	5	1.93	C	A	0|0	5	2	614	0.978827	0.0211726	0.978827
48419118	5	0.771	T	G	0|0	5	2	614	1	0	1
48419173	5	2.11	A	T	0|0	5	2	614	0.995114	0.00488599	0.995114
48419177	5	2.11	G	A	1|1	5	2	614	0.993485	0.00651466	0.00651466
48419195	5	1.2	A	T	0|0	5	2	614	0.998371	0.00162866	0.998371
48419235	5	1.62	C	A	0|0	5	2	614	0.996743	0.00325733	0.996743
48419267	5	1.81	A	G	0|0	5	2	614	0.995114	0.00488599	0.995114
48419290	5	4.03	G	T	0|0	5	2	614	0.993485	0.00651466	0.993485
48419302	5	3.22	G	A	0|0	5	2	614	0.907166	0.0928339	0.907166
48419328	5	4.24	T	A	0|0	5	2	614	0.973941	0.0260586	0.973941
48419333	5	4.24	G	C	0|0	5	2	614	0.794788	0.205212	0.794788
48419337	5	4.24	A	G	0|0	5	2	614	0.977199	0.0228013	0.977199
48419345	5	0.0991	C	T	1|1	5	2	614	0.501629	0.498371	0.498371
48419355	5	2.6	A	G	0|0	5	2	614	0.998371	0.00162866	0.998371
48419362	5	0.105	C	G	1|1	5	2	614	0.485342	0.514658	0.514658
48419386	5	2.09	A	T	0|0	5	2	614	0.996743	0.00325733	0.996743
48419442	5	1.09	G	C	0|0	5	2	614	0.783388	0.216612	0.783388
48419455	5	1.83	G	A	0|0	5	2	614	0.995114	0.00488599	0.995114
48419466	5	0.297	T	G	1|1	5	2	614	0.535831	0.464169	0.464169
48419495	5	0.218	C	T	0|0	5	2	614	0.996743	0.00325733	0.996743
48419517	5	0.287	T	C	1|1	5	2	614	0.996743	0.00325733	0.00325733
48419553	5	0.168	G	T	1|1	5	2	614	0.530945	0.469055	0.469055
48419555	5	1.33	G	T	0|0	5	2	614	0.993485	0.00651466	0.993485
48419586	5	0.531	C	T	1|1	5	2	614	0.996743	0.00325733	0.00325733
48419635	5	0.559	T	G	0|0	5	2	614	0.986971	0.0130293	0.986971
48419642	5	0.422	G	A	0|0	5	2	614	0.781759	0.218241	0.781759
48419663	5	1.7	G	A	0|0	5	2	614	0.982085	0.0179153	0.982085
48419695	5	0.978	A	G	0|0	5	2	614	0.995114	0.00488599	0.995114
48419722	5	1.93	A	T	0|0	5	2	614	0.998371	0.00162866	0.998371
48419804	5	1.86	T	G	0|0	5	2	614	0.996743	0.00325733	0.996743
48419808	5	0.596	A	G	0|0	5	2	614	0.822476	0.177524	0.822476
48419857	5	1.95	A	G	0|0	5	2	614	0.991857	0.00814332	0.991857
48419889	5	0.725	T	C	0|0	5	2	614	0.630293	0.369707	0.630293
48419913	5	1.95	G	A	0|0	5	2	614	0.996743	0.00325733	0.996743
48420057	5	1.86	A	G	0|0	5	2	614	0.986971	0.0130293	0.986971
48420130	5	1.7	C	G	0|0	5	2	614	0.631922	0.368078	0.631922
48420175	5	2.07	C	A	0|0	5	2	614	0.993485	0.00651466	0.993485
48420188	5	0.704	T	A	0|0	5	2	614	0.998371	0.00162866	0.998371
48420297	5	1.33	A	T	0|0	5	2	614	0.993485	0.00651466	0.993485
48420303	5	1.79	C	T	0|0	5	2	614	0.998371	0.00162866	0.998371
48420375	5	1.67	G	T	0|0	5	2	614	0.605863	0.394137	0.605863
48420387	5	0.9	G	A	0|0	5	2	614	1	0	1
48420422	5	1.5	C	A	0|0	5	2	614	0.993485	0.00651466	0.993485
48420548	5	0.839	A	G	0|0	5	2	614	0.540717	0.459283	0.540717
48420745	5	0.839	G	A	0|0	5	2	614	0.993485	0.00651466	0.993485
48420760	5	0.839	G	A	0|0	5	2	614	0.995114	0.00488599	0.995114
48420988	5	0.839	G	A	0|0	5	2	614	0.996743	0.00325733	0.996743
48420995	5	0.839	G	A	0|0	5	2	614	0.672638	0.327362	0.672638
48421017	5	0.839	A	G	0|0	5	2	614	0.996743	0.00325733	0.996743
48421073	5	0.839	G	A	0|0	5	2	614	0.641694	0.358306	0.641694
48421086	5	0.839	C	T	0|0	5	2	614	0.97557	0.02443	0.97557
48421095	5	0.839	C	T	0|0	5	2	614	0.998371	0.00162866	0.998371
48421103	5	0.768	C	A	1|1	5	2	614	0.995114	0.00488599	0.00488599
48421416	5	1.08	G	A	0|0	5	2	614	0.995114	0.00488599	0.995114
48421425	5	1.08	C	T	0|0	5	2	614	0.991857	0.00814332	0.991857
48421539	5	1.23	C	T	1|1	5	2	614	0.677524	0.322476	0.322476
48421667	5	0.477	C	T	0|0	5	2	614	0.996743	0.00325733	0.996743
48421697	5	0.488	C	A	0|0	5	2	614	0.990228	0.00977199	0.990228
48421703	5	1.7	C	T	1|1	5	2	614	0.988599	0.0114007	0.0114007
48421708	5	1.7	C	A	0|0	5	2	614	0.990228	0.00977199	0.990228
48421723	5	0.703	G	A	0|0	5	2	614	0.993485	0.00651466	0.993485
48421732	5	1.7	C	T	0|0	5	2	614	0.993485	0.00651466	0.993485
48421870	5	2.07	G	T	0|0	5	2	614	0.995114	0.00488599	0.995114
48421879	5	2.07	A	T	0|0	5	2	614	0.996743	0.00325733	0.996743
48421926	5	0.547	A	G	1|1	5	2	614	0.996743	0.00325733	0.00325733
48421969	5	4.24	C	T	0|0	5	2	614	0.993485	0.00651466	0.993485
48421987	5	4.24	C	G	0|0	5	2	614	0.996743	0.00325733	0.996743
48422001	5	4.24	C	T	0|0	5	2	614	0.996743	0.00325733	0.996743
48422011	5	4.24	C	T	0|0	5	2	614	0.988599	0.0114007	0.988599
48422014	5	4.24	G	A	0|0	5	2	614	1	0	1
48422025	5	2.05	G	C	0|0	5	2	614	0.996743	0.00325733	0.996743
48422098	5	0.729	G	A	0|0	5	2	614	1	0	1
48422120	5	0.729	A	C	0|0	5	2	614	0.600977	0.399023	0.600977
48422121	5	0.729	A	G	0|0	5	2	614	0.996743	0.00325733	0.996743
48422137	5	0.729	T	C	0|0	5	2	614	0.993485	0.00651466	0.993485
48423861	5	1.61	C	A	0|0	5	2	614	0.988599	0.0114007	0.988599
48423878	5	0.579	A	C	1|1	5	2	614	0.988599	0.0114007	0.0114007
48439947	5	2.37	G	A	0|0	5	2	614	0.996743	0.00325733	0.996743
48439973	5	2.16	A	T	0|0	5	2	614	0.988599	0.0114007	0.988599
48439978	5	2.37	T	C	0|0	5	2	614	0.988599	0.0114007	0.988599
48440039	5	0.152	C	T	0|0	5	2	614	1	0	1
48440079	5	1.08	A	G	1|1	5	2	614	0.986971	0.0130293	0.0130293
48440111	5	0.621	C	G	0|0	5	2	614	0.996743	0.00325733	0.996743
48440134	5	0.574	A	G	0|0	5	2	614	0.996743	0.00325733	0.996743
48440136	5	0.407	T	C	0|0	5	2	614	0.996743	0.00325733	0.996743
48440288	5	1.62	A	G	1|1	5	2	614	0.993485	0.00651466	0.00651466
48440305	5	0.43	T	C	0|0	5	2	614	0.996743	0.00325733	0.996743
48440315	5	0.294	A	T	0|0	5	2	614	0.996743	0.00325733	0.996743
48440498	5	1.48	G	C	0|0	5	2	614	0.996743	0.00325733	0.996743
48440499	5	1.48	G	C	0|0	5	2	614	0.993485	0.00651466	0.993485
48440500	5	1.48	A	T	0|0	5	2	614	0.993485	0.00651466	0.993485
48440537	5	1.48	T	C	0|0	5	2	614	0.993485	0.00651466	0.993485
48440564	5	0.258	A	G	0|0	5	2	614	0.988599	0.0114007	0.988599
48440568	5	1.48	A	G	0|0	5	2	614	0.996743	0.00325733	0.996743
48440616	5	0.336	C	A	1|1	5	2	614	0.995114	0.00488599	0.00488599
48440664	5	0.968	G	A	0|0	5	2	614	0.991857	0.00814332	0.991857
48440693	5	0.216	G	T	0|0	5	2	614	0.995114	0.00488599	0.995114
48440776	5	1.2	A	G	0|0	5	2	614	0.993485	0.00651466	0.993485
48440842	5	2.89	G	A	0|0	5	2	614	0.993485	0.00651466	0.993485
48440861	5	3.79	G	A	0|0	5	2	614	0.600977	0.399023	0.600977
48440913	5	6	G	A	0|0	5	2	614	0.996743	0.00325733	0.996743
48440954	5	0.372	T	A	0|0	5	2	614	0.993485	0.00651466	0.993485
48441020	5	1.65	C	G	0|0	5	2	614	0.991857	0.00814332	0.991857
48441053	5	0.914	T	C	0|0	5	2	614	1	0	1
48441076	5	5.02	A	G	1|1	5	2	614	0.996743	0.00325733	0.00325733
48441118	5	1.72	C	T	0|0	5	2	614	0.998371	0.00162866	0.998371
48441216	5	6	G	A	0|0	5	2	614	0.996743	0.00325733	0.996743
48441228	5	5.02	T	C	1|1	5	2	614	0.674267	0.325733	0.325733
48441247	5	4.91	T	A	0|0	5	2	614	0.993485	0.00651466	0.993485
48441260	5	6	G	A	0|0	5	2	614	0.993485	0.00651466	0.993485
48441261	5	4.9	C	T	1|1	5	2	614	0.680782	0.319218	0.319218
48441263	5	4.96	G	C	0|0	5	2	614	0.996743	0.00325733	0.996743
48441281	5	3.91	T	A	0|0	5	2	614	1	0	1
48441367	5	2.83	A	T	0|0	5	2	614	0.991857	0.00814332	0.991857
48441509	5	5.02	T	C	1|1	5	2	614	0.675896	0.324104	0.324104
48441531	5	4.86	T	C	0|0	5	2	614	0.983713	0.0162866	0.983713
48441562	5	6	G	C	0|0	5	2	614	0.993485	0.00651466	0.993485
48441574	5	6	G	C	0|0	5	2	614	0.996743	0.00325733	0.996743
48441636	5	2.39	G	A	0|0	5	2	614	1	0	1
48441674	5	2.67	T	C	0|0	5	2	614	0.73127	0.26873	0.73127
48441715	5	2.62	G	A	0|0	5	2	614	0.991857	0.00814332	0.991857
48441721	5	5.02	A	G	1|1	5	2	614	0.692182	0.307818	0.307818
48441725	5	6	T	C	0|0	5	2	614	0.995114	0.00488599	0.995114
48441728	5	5.86	C	T	0|0	5	2	614	0.985342	0.014658	0.985342
48441742	5	6	G	A	0|0	5	2	614	0.996743	0.00325733	0.996743
48441749	5	5.02	T	C	1|1	5	2	614	0.679153	0.320847	0.320847
48441752	5	6	G	A	0|0	5	2	614	0.995114	0.00488599	0.995114
48441760	5	5.74	G	A	0|0	5	2	614	0.993485	0.00651466	0.993485
48441761	5	5.86	G	A	0|0	5	2	614	0.990228	0.00977199	0.990228
48441767	5	6	G	T	0|0	5	2	614	0.993485	0.00651466	0.993485
48441798	5	0.814	C	T	1|1	5	2	614	0.996743	0.00325733	0.00325733
48441872	5	3.39	G	A	0|0	5	2	614	1	0	1
48441904	5	2.39	A	T	0|0	5	2	614	0.995114	0.00488599	0.995114
48441912	5	2.07	T	C	0|0	5	2	614	0.990228	0.00977199	0.990228
48441926	5	0.945	G	T	0|0	5	2	614	0.745928	0.254072	0.745928
48441963	5	1.7	A	C	0|0	5	2	614	0.996743	0.00325733	0.996743
48441977	5	0.769	T	C	0|0	5	2	614	1	0	1
48442000	5	1.33	T	C	0|0	5	2	614	0.996743	0.00325733	0.996743
48442005	5	0.575	T	C	0|0	5	2	614	0.998371	0.00162866	0.998371
48442030	5	2.37	C	G	0|0	5	2	614	0.996743	0.00325733	0.996743
48442063	5	1.38	G	A	0|0	5	2	614	0.993485	0.00651466	0.993485
48442094	5	0.833	C	A	0|0	5	2	614	0.996743	0.00325733	0.996743
48442112	5	1.58	G	A	0|0	5	2	614	0.993485	0.00651466	0.993485
48442178	5	0.495	G	A	0|0	5	2	614	0.996743	0.00325733	0.996743
48442190	5	2.16	G	T	0|0	5	2	614	0.996743	0.00325733	0.996743
48442258	5	0.828	C	T	0|0	5	2	614	0.996743	0.00325733	0.996743
48442332	5	0.144	C	G	0|0	5	2	614	0.996743	0.00325733	0.996743
48442337	5	2.52	C	T	0|0	5	2	614	0.996743	0.00325733	0.996743
48442345	5	0.295	C	G	0|0	5	2	614	0.996743	0.00325733	0.996743
48442361	5	1.58	G	T	0|0	5	2	614	0.750814	0.249186	0.750814
48442385	5	2.11	C	T	0|0	5	2	614	0.977199	0.0228013	0.977199
48442595	5	2.46	G	A	0|0	5	2	614	0.996743	0.00325733	0.996743
48442627	5	3.23	G	A	0|0	5	2	614	0.991857	0.00814332	0.991857
48442715	5	2.39	G	T	0|0	5	2	614	0.983713	0.0162866	0.983713
48442730	5	1.32	G	T	0|0	5	2	614	0.996743	0.00325733	0.996743
48442743	5	2.39	T	C	0|0	5	2	614	0.996743	0.00325733	0.996743
48442929	5	1.48	C	T	0|0	5	2	614	0.996743	0.00325733	0.996743
48442974	5	0.592	G	A	0|0	5	2	614	0.614007	0.385993	0.614007
48442985	5	1.21	G	A	0|0	5	2	614	0.996743	0.00325733	0.996743
48443333	5	0.328	G	C	0|0	5	2	614	0.692182	0.307818	0.692182
48443572	5	0.333	G	A	0|0	5	2	614	0.993485	0.00651466	0.993485
48443574	5	1.19	A	G	0|0	5	2	614	0.986971	0.0130293	0.986971
48443702	5	1.58	C	A	0|0	5	2	614	0.923453	0.0765472	0.923453
48443751	5	0.623	C	T	0|0	5	2	614	0.986971	0.0130293	0.986971
48443796	5	1.43	C	T	0|0	5	2	614	0.996743	0.00325733	0.996743
48443798	5	0.176	T	C	0|0	5	2	614	1	0	1
48443931	5	1.7	T	G	0|0	5	2	614	0.996743	0.00325733	0.996743
48443984	5	1.7	C	A	0|0	5	2	614	0.996743	0.00325733	0.996743
48443996	5	1.48	A	G	0|0	5	2	614	0.996743	0.00325733	0.996743
48444019	5	1.33	G	A	0|0	5	2	614	0.993485	0.00651466	0.993485
48444077	5	1.33	C	G	0|0	5	2	614	0.467427	0.532573	0.467427
48444105	5	1.33	G	A	1|1	5	2	614	0.991857	0.00814332	0.00814332
48444111	5	0.284	C	T	0|0	5	2	614	0.996743	0.00325733	0.996743
48444119	5	0.282	G	C	0|0	5	2	614	0.973941	0.0260586	0.973941
48444208	5	0.402	C	T	0|0	5	2	614	0.995114	0.00488599	0.995114
48444290	5	0.308	T	C	1|1	5	2	614	0.991857	0.00814332	0.00814332
48444327	5	1.1	T	C	0|0	5	2	614	0.946254	0.0537459	0.946254
48444443	5	1.19	T	A	0|0	5	2	614	0.993485	0.00651466	0.993485
48444542	5	0.179	C	A	0|0	5	2	614	0.306189	0.693811	0.306189
48444610	5	1.07	T	A	0|0	5	2	614	0.986971	0.0130293	0.986971
48444643	5	0.399	T	C	1|1	5	2	614	0.993485	0.00651466	0.00651466
48444650	5	1.43	G	T	0|0	5	2	614	0.993485	0.00651466	0.993485
48444672	5	0.423	G	A	0|0	5	2	614	1	0	1
48444701	5	1.09	T	C	1|1	5	2	614	0.990228	0.00977199	0.00977199
48444728	5	1.36	C	T	0|0	5	2	614	0.952769	0.0472313	0.952769
48444742	5	1.3	C	T	0|0	5	2	614	0.993485	0.00651466	0.993485
48444749	5	1.3	C	T	0|0	5	2	614	0.990228	0.00977199	0.990228
48444758	5	1.45	G	A	0|0	5	2	614	0.884365	0.115635	0.884365
48444771	5	1.59	C	G	0|0	5	2	614	0.889251	0.110749	0.889251
48444793	5	1.47	C	T	0|0	5	2	614	0.995114	0.00488599	0.995114
48444798	5	0.405	C	T	0|0	5	2	614	1	0	1
48444804	5	0.438	T	G	1|1	5	2	614	0.741042	0.258958	0.258958
48444812	5	0.195	G	A	0|0	5	2	614	0.95114	0.0488599	0.95114
48444934	5	1.33	C	A	0|0	5	2	614	0.993485	0.00651466	0.993485
48444942	5	1.33	G	C	0|0	5	2	614	0.996743	0.00325733	0.996743
48445053	5	0.968	G	T	0|0	5	2	614	0.996743	0.00325733	0.996743
48445057	5	0.968	C	A	0|0	5	2	614	0.996743	0.00325733	0.996743
48445080	5	0.485	A	G	0|0	5	2	614	0.741042	0.258958	0.741042
48445091	5	1.12	C	A	0|0	5	2	614	0.874593	0.125407	0.874593
48445104	5	0.0988	C	A	0|0	5	2	614	0.995114	0.00488599	0.995114
48445121	5	1.12	T	G	0|0	5	2	614	0.996743	0.00325733	0.996743
48445131	5	0.963	T	C	0|0	5	2	614	0.996743	0.00325733	0.996743
48445142	5	0.963	C	T	0|0	5	2	614	0.991857	0.00814332	0.991857
48617823	5	0.968	T	C	0|0	5	2	614	0.881107	0.118893	0.881107
48617830	5	0.968	G	T	0|0	5	2	614	0.954397	0.0456026	0.954397
48617844	5	0.843	T	G	0|0	5	2	614	0.996743	0.00325733	0.996743
48617891	5	0.675	C	T	0|0	5	2	614	0.996743	0.00325733	0.996743
48618239	5	0.327	A	G	0|0	5	2	614	1	0	1
48618245	5	0.377	A	C	1|1	5	2	614	0.993485	0.00651466	0.00651466
48618250	5	0.377	A	C	1|1	5	2	614	0.85342	0.14658	0.14658
48618264	5	0.301	G	A	0|0	5	2	614	0.993485	0.00651466	0.993485
48618333	5	1.55	T	C	0|0	5	2	614	0.872964	0.127036	0.872964
48618341	5	0.4	G	T	1|1	5	2	614	0.986971	0.0130293	0.0130293
48618347	5	0.538	G	A	0|0	5	2	614	0.990228	0.00977199	0.990228
48618349	5	1.55	T	A	0|0	5	2	614	0.941368	0.0586319	0.941368
48624229	5	1.33	A	G	0|0	5	2	614	0.993485	0.00651466	0.993485
48624263	5	0.159	G	T	0|0	5	2	614	0.995114	0.00488599	0.995114
48624296	5	1.55	G	T	0|0	5	2	614	0.959283	0.0407166	0.959283
48624337	5	0.399	G	A	0|0	5	2	614	1	0	1
48624372	5	0.35	A	G	1|1	5	2	614	0.996743	0.00325733	0.00325733
48624396	5	0.628	G	A	0|0	5	2	614	1	0	1
48624433	5	1.7	T	G	0|0	5	2	614	0.967427	0.0325733	0.967427
48624444	5	0.681	A	G	1|1	5	2	614	0.996743	0.00325733	0.00325733
48624453	5	1.7	C	T	0|0	5	2	614	0.920195	0.0798046	0.920195
48624455	5	0.645	G	A	0|0	5	2	614	0.920195	0.0798046	0.920195
48624470	5	1.7	C	A	0|0	5	2	614	0.920195	0.0798046	0.920195
48624505	5	0.529	T	C	1|1	5	2	614	0.851792	0.148208	0.148208
48624584	5	1.55	C	G	0|0	5	2	614	0.86645	0.13355	0.86645
48624639	5	1.55	G	A	0|0	5	2	614	0.990228	0.00977199	0.990228
48624647	5	1.55	C	A	0|0	5	2	614	0.882736	0.117264	0.882736
48624733	5	1.55	G	A	0|0	5	2	614	0.996743	0.00325733	0.996743
48624783	5	0.549	C	T	0|0	5	2	614	0.946254	0.0537459	0.946254
48624791	5	0.529	T	C	1|1	5	2	614	0.993485	0.00651466	0.00651466
48624853	5	1.55	G	A	0|0	5	2	614	0.996743	0.00325733	0.996743
48624870	5	0.302	G	C	1|1	5	2	614	0.928339	0.0716612	0.0716612
48624871	5	1.34	G	A	0|0	5	2	614	0.996743	0.00325733	0.996743
48624925	5	0.547	G	T	0|0	5	2	614	0.983713	0.0162866	0.983713
48624956	5	1.55	C	T	0|0	5	2	614	0.941368	0.0586319	0.941368
48624983	5	0.163	A	T	0|0	5	2	614	0.881107	0.118893	0.881107
48625028	5	1.12	G	A	0|0	5	2	614	0.872964	0.127036	0.872964
48625142	5	0.316	C	G	0|0	5	2	614	1	0	1
48625229	5	0.0153	T	C	1|1	5	2	614	0.996743	0.00325733	0.00325733
48625244	5	0.0162	A	G	0|0	5	2	614	1	0	1
48625256	5	0.807	C	A	0|0	5	2	614	0.947883	0.0521173	0.947883
48625297	5	1.13	G	A	0|0	5	2	614	0.90228	0.0977199	0.90228
48625316	5	1.13	G	C	0|0	5	2	614	1	0	1
48625601	5	1.01	C	A	0|0	5	2	614	0.996743	0.00325733	0.996743
48625610	5	0.864	T	C	0|0	5	2	614	0.876221	0.123779	0.876221
48625668	5	1.01	T	G	0|0	5	2	614	0.996743	0.00325733	0.996743
48625714	5	1.01	C	A	0|0	5	2	614	0.996743	0.00325733	0.996743
48625726	5	1.01	T	C	0|0	5	2	614	0.990228	0.00977199	0.990228
48917587	5	0.653	G	C	1|1	5	2	614	0.990228	0.00977199	0.00977199
48918403	5	0.954	G	C	1|1	5	2	614	0.991857	0.00814332	0.00814332
