POS	#CHROM.x	GERP	REF	ALT	Sorghum	#CHROM.y	N_A1	N_A2	freq_A1	freq_A2	freq_Del
47013804	5	1.33	T	C	0|0	5	2	66	1	0	1
47013818	5	1.33	A	G	0|0	5	2	66	1	0	1
47013852	5	1.33	G	A	0|0	5	2	66	1	0	1
47013898	5	1.33	G	A	0|0	5	2	66	1	0	1
47013917	5	1.33	T	C	0|0	5	2	66	1	0	1
47013919	5	1.33	G	A	0|0	5	2	66	1	0	1
47013920	5	1.33	C	T	0|0	5	2	66	1	0	1
47013922	5	1.33	G	A	0|0	5	2	66	1	0	1
47013947	5	1.33	G	A	0|0	5	2	66	1	0	1
47013955	5	1.33	T	C	0|0	5	2	66	1	0	1
47013956	5	1.33	T	C	0|0	5	2	66	1	0	1
47013970	5	1.12	C	T	0|0	5	2	66	1	0	1
47013971	5	1.12	A	G	0|0	5	2	66	0.818182	0.181818	0.818182
47013977	5	0.913	C	T	0|0	5	2	66	1	0	1
47013988	5	0.913	C	T	0|0	5	2	66	1	0	1
47014030	5	2.18	A	C	0|0	5	2	66	1	0	1
47014043	5	2.6	T	G	0|0	5	2	66	0.818182	0.181818	0.818182
47014147	5	4.48	C	T	0|0	5	2	66	1	0	1
47014148	5	4.62	A	G	1|1	5	2	66	0.757576	0.242424	0.242424
47014187	5	4.1	T	C	0|0	5	2	66	1	0	1
47014194	5	3.01	T	C	0|0	5	2	66	0.818182	0.181818	0.818182
47014217	5	2.2	T	C	0|0	5	2	66	0.818182	0.181818	0.818182
47014278	5	0.99	T	A	0|0	5	2	66	1	0	1
47014395	5	0.301	G	A	0|0	5	2	66	1	0	1
47014482	5	4.91	T	C	0|0	5	2	66	1	0	1
47014490	5	6	C	T	0|0	5	2	66	1	0	1
47014503	5	2	T	C	0|0	5	2	66	0.818182	0.181818	0.818182
47014507	5	6	T	A	0|0	5	2	66	1	0	1
47014517	5	6	C	T	0|0	5	2	66	1	0	1
47014544	5	0.403	C	T	0|0	5	2	66	0.818182	0.181818	0.818182
47014547	5	0.0778	T	C	0|0	5	2	66	0.939394	0.0606061	0.939394
47014568	5	0.217	T	A	0|0	5	2	66	1	0	1
47014626	5	3.91	T	C	1|1	5	2	66	1	0	0
47014635	5	6	T	A	0|0	5	2	66	1	0	1
47014666	5	2.26	C	T	0|0	5	2	66	0.818182	0.181818	0.818182
47014677	5	4.88	G	A	0|0	5	2	66	1	0	1
47014690	5	4.86	C	T	0|0	5	2	66	1	0	1
47014696	5	0.675	G	T	0|0	5	2	66	0.818182	0.181818	0.818182
47014707	5	6	C	T	0|0	5	2	66	1	0	1
47014757	5	6	C	A	0|0	5	2	66	1	0	1
47014770	5	6	A	T	0|0	5	2	66	1	0	1
47014781	5	3.43	C	A	0|0	5	2	66	1	0	1
47014798	5	2.32	G	A	0|0	5	2	66	1	0	1
47014799	5	2.32	G	A	0|0	5	2	66	1	0	1
47014812	5	1.32	C	T	0|0	5	2	66	1	0	1
47014834	5	1.12	A	G	0|0	5	2	66	0.818182	0.181818	0.818182
47014859	5	0.966	G	T	0|0	5	2	66	0.818182	0.181818	0.818182
47014881	5	1.18	C	T	0|0	5	2	66	0.818182	0.181818	0.818182
47014885	5	2.32	A	T	0|0	5	2	66	1	0	1
47014927	5	1.33	C	T	0|0	5	2	66	1	0	1
47015320	5	2.28	G	A	0|0	5	2	66	1	0	1
47015338	5	2.28	G	T	0|0	5	2	66	1	0	1
47015348	5	1.01	A	T	1|1	5	2	66	0.818182	0.181818	0.181818
47015362	5	2.14	G	A	0|0	5	2	66	0.818182	0.181818	0.818182
47015373	5	2.28	C	A	0|0	5	2	66	1	0	1
47015377	5	2.28	A	G	0|0	5	2	66	1	0	1
47015394	5	1.93	G	A	0|0	5	2	66	1	0	1
47015400	5	1.93	A	G	0|0	5	2	66	1	0	1
47015427	5	2.28	G	A	0|0	5	2	66	0.818182	0.181818	0.818182
47015441	5	0.955	G	A	0|0	5	2	66	0.818182	0.181818	0.818182
47015443	5	0.954	C	T	0|0	5	2	66	0.818182	0.181818	0.818182
47015505	5	0.931	C	T	1|1	5	2	66	1	0	0
47015538	5	2.1	T	A	0|0	5	2	66	1	0	1
47015544	5	1.05	T	G	0|0	5	2	66	1	0	1
47015549	5	1.28	A	G	1|1	5	2	66	0.757576	0.242424	0.242424
47015553	5	2.28	A	T	0|0	5	2	66	1	0	1
47015614	5	0.899	T	C	1|1	5	2	66	0.818182	0.181818	0.181818
47015655	5	2.28	C	T	0|0	5	2	66	1	0	1
47015656	5	2.28	C	T	0|0	5	2	66	1	0	1
47015657	5	2.28	C	T	0|0	5	2	66	0.818182	0.181818	0.818182
47015682	5	2.28	A	G	0|0	5	2	66	1	0	1
47015694	5	2.28	C	T	0|0	5	2	66	1	0	1
47015696	5	1.19	G	T	0|0	5	2	66	0.818182	0.181818	0.818182
47015698	5	2.28	G	A	0|0	5	2	66	0.818182	0.181818	0.818182
47015731	5	1.14	T	A	0|0	5	2	66	0.939394	0.0606061	0.939394
47015733	5	0.0706	T	C	1|1	5	2	66	0.818182	0.181818	0.181818
47015771	5	0.225	C	T	1|1	5	2	66	1	0	0
47015776	5	0.229	A	G	1|1	5	2	66	0.818182	0.181818	0.181818
47015793	5	1.39	A	G	0|0	5	2	66	0.818182	0.181818	0.818182
47015813	5	1.33	A	G	0|0	5	2	66	1	0	1
47015814	5	1.33	C	T	0|0	5	2	66	1	0	1
47015817	5	1.33	A	C	0|0	5	2	66	1	0	1
47015822	5	0.45	G	T	1|1	5	2	66	0.818182	0.181818	0.181818
47015840	5	0.599	G	A	0|0	5	2	66	0.818182	0.181818	0.818182
47015850	5	1.61	G	A	0|0	5	2	66	1	0	1
47113604	5	0.806	G	C	1|1	5	2	66	1	0	0
47124315	5	0.678	C	A	0|0	5	2	66	1	0	1
47124356	5	1.7	G	T	0|0	5	2	66	1	0	1
47124370	5	1.7	C	A	0|0	5	2	66	1	0	1
47124384	5	0.628	G	A	0|0	5	2	66	1	0	1
47124396	5	0.556	C	T	1|1	5	2	66	1	0	0
47124408	5	0.556	C	T	1|1	5	2	66	1	0	0
47124416	5	0.683	T	C	1|1	5	2	66	1	0	0
47124443	5	1.7	G	A	0|0	5	2	66	1	0	1
47124481	5	0.557	G	A	1|1	5	2	66	1	0	0
47124484	5	0.556	C	T	1|1	5	2	66	1	0	0
47124490	5	0.683	T	C	1|1	5	2	66	1	0	0
47124542	5	1.55	A	T	0|0	5	2	66	1	0	1
47124988	5	0.696	G	A	0|0	5	2	66	1	0	1
47125096	5	0.204	T	C	0|0	5	2	66	1	0	1
47125099	5	1.37	A	G	0|0	5	2	66	1	0	1
47125114	5	1.54	A	C	0|0	5	2	66	1	0	1
47125138	5	2.03	T	C	1|1	5	2	66	1	0	0
47125192	5	3.46	G	A	0|0	5	2	66	1	0	1
47125253	5	2.11	C	A	0|0	5	2	66	1	0	1
47125273	5	0.223	T	C	1|1	5	2	66	1	0	0
47125274	5	1.37	A	T	1|1	5	2	66	1	0	0
47125301	5	3.52	C	G	0|0	5	2	66	1	0	1
47125359	5	2.24	T	C	1|1	5	2	66	1	0	0
47125476	5	4.79	C	T	1|1	5	2	66	1	0	0
47125478	5	1.89	A	G	0|0	5	2	66	1	0	1
47125504	5	1.44	G	A	0|0	5	2	66	1	0	1
47125621	5	3.64	G	T	1|1	5	2	66	1	0	0
47125822	5	3.52	T	C	0|0	5	2	66	1	0	1
47126008	5	2.6	T	C	0|0	5	2	66	1	0	1
47126100	5	3.49	T	C	0|0	5	2	66	1	0	1
47126141	5	1.43	T	A	1|1	5	2	66	1	0	0
47126152	5	1.36	T	A	0|0	5	2	66	1	0	1
47126159	5	2.45	A	C	1|1	5	2	66	1	0	0
47126360	5	3.58	C	A	0|0	5	2	66	0.818182	0.181818	0.818182
47126380	5	0.753	A	G	1|1	5	2	66	1	0	0
47126406	5	0.236	A	G	0|0	5	2	66	1	0	1
47126412	5	1.33	C	T	0|0	5	2	66	1	0	1
47126420	5	0.156	G	A	1|1	5	2	66	1	0	0
47126437	5	0.156	G	A	1|1	5	2	66	1	0	0
47126483	5	0.0502	A	G	1|1	5	2	66	1	0	0
47126506	5	1.33	A	G	0|0	5	2	66	1	0	1
47126542	5	0.29	A	G	1|1	5	2	66	1	0	0
47126553	5	0.156	G	A	1|1	5	2	66	1	0	0
47126554	5	0.154	C	T	1|1	5	2	66	1	0	0
47126566	5	0.292	T	C	1|1	5	2	66	1	0	0
47126570	5	0.154	C	T	1|1	5	2	66	1	0	0
47126574	5	0.163	T	A	1|1	5	2	66	1	0	0
47126609	5	0.29	A	G	1|1	5	2	66	1	0	0
47126616	5	0.304	G	A	0|0	5	2	66	0.818182	0.181818	0.818182
47126625	5	0.291	C	G	1|1	5	2	66	1	0	0
47126628	5	0.292	T	C	1|1	5	2	66	1	0	0
47126646	5	0.156	G	A	1|1	5	2	66	1	0	0
47126647	5	0.162	A	T	1|1	5	2	66	1	0	0
47126648	5	0.163	T	A	1|1	5	2	66	0.818182	0.181818	0.181818
47127440	5	0.319	C	T	1|1	5	2	66	1	0	0
47127492	5	1.33	T	G	0|0	5	2	66	0.818182	0.181818	0.818182
47127553	5	1.33	A	G	0|0	5	2	66	1	0	1
47127564	5	0.29	A	G	1|1	5	2	66	1	0	0
47127587	5	1.21	G	A	0|0	5	2	66	1	0	1
47127611	5	1.33	T	C	0|0	5	2	66	1	0	1
47127675	5	0.0172	T	C	0|0	5	2	66	1	0	1
47127791	5	1.33	G	A	0|0	5	2	66	1	0	1
47127845	5	0.319	A	G	0|0	5	2	66	1	0	1
47127893	5	4.91	A	G	0|0	5	2	66	1	0	1
47127997	5	0.361	C	T	0|0	5	2	66	0.984848	0.0151515	0.984848
47128127	5	2.25	T	C	1|1	5	2	66	1	0	0
47128260	5	1.29	T	C	1|1	5	2	66	1	0	0
47128289	5	0.265	A	G	0|0	5	2	66	1	0	1
47128340	5	0.936	A	G	1|1	5	2	66	0.757576	0.242424	0.242424
47128374	5	0.0074	C	G	1|1	5	2	66	1	0	0
47128416	5	0.497	A	G	0|0	5	2	66	1	0	1
47128498	5	0.718	G	A	0|0	5	2	66	1	0	1
47128530	5	0.331	G	A	1|1	5	2	66	1	0	0
47128547	5	0.458	C	G	1|1	5	2	66	1	0	0
47128560	5	0.455	G	T	0|0	5	2	66	1	0	1
47128562	5	0.399	T	C	0|0	5	2	66	1	0	1
47128597	5	0.255	C	T	0|0	5	2	66	0.818182	0.181818	0.818182
47128615	5	0.329	C	T	1|1	5	2	66	1	0	0
47128639	5	0.224	G	A	0|0	5	2	66	1	0	1
47128651	5	0.35	A	G	1|1	5	2	66	1	0	0
47128832	5	1.49	G	A	0|0	5	2	66	1	0	1
47128866	5	0.883	C	A	0|0	5	2	66	1	0	1
47128888	5	0.162	A	T	1|1	5	2	66	1	0	0
47128891	5	0.0893	A	C	0|0	5	2	66	1	0	1
47128932	5	0.213	C	A	0|0	5	2	66	1	0	1
47128956	5	0.308	T	G	0|0	5	2	66	1	0	1
47128964	5	0.198	A	G	0|0	5	2	66	1	0	1
47128983	5	0.236	A	G	0|0	5	2	66	1	0	1
47129009	5	1.33	A	G	0|0	5	2	66	1	0	1
47129014	5	0.29	A	G	1|1	5	2	66	0.818182	0.181818	0.181818
47129057	5	0.0445	C	A	1|1	5	2	66	1	0	0
47129063	5	1.7	T	C	0|0	5	2	66	1	0	1
47129080	5	1.07	C	A	0|0	5	2	66	0.818182	0.181818	0.818182
47129098	5	0.842	G	A	0|0	5	2	66	1	0	1
47129214	5	0.466	G	T	0|0	5	2	66	1	0	1
47129338	5	2.33	G	A	0|0	5	2	66	1	0	1
47129360	5	2.36	A	G	0|0	5	2	66	1	0	1
47129418	5	3.55	A	G	0|0	5	2	66	1	0	1
47129436	5	3.16	T	G	0|0	5	2	66	1	0	1
47129457	5	1.91	G	A	0|0	5	2	66	1	0	1
47129496	5	2.98	A	C	0|0	5	2	66	1	0	1
47129520	5	2.57	T	G	0|0	5	2	66	1	0	1
47129524	5	1.76	T	A	0|0	5	2	66	1	0	1
47129552	5	2.78	C	T	0|0	5	2	66	1	0	1
47129601	5	1.34	G	A	1|1	5	2	66	1	0	0
47129618	5	1.42	C	T	0|0	5	2	66	1	0	1
47129639	5	2.32	T	A	1|1	5	2	66	1	0	0
47129698	5	4.88	T	C	0|0	5	2	66	1	0	1
47129889	5	0.0617	C	T	1|1	5	2	66	1	0	0
47129933	5	6	T	C	0|0	5	2	66	1	0	1
47129957	5	1.34	A	G	0|0	5	2	66	1	0	1
47130069	5	0.159	G	T	0|0	5	2	66	1	0	1
47130087	5	1.22	C	G	1|1	5	2	66	1	0	0
47130089	5	2.23	A	G	0|0	5	2	66	1	0	1
47130092	5	0.179	A	G	1|1	5	2	66	1	0	0
47130095	5	0.0481	A	T	1|1	5	2	66	1	0	0
47130145	5	1.43	A	T	0|0	5	2	66	0.984848	0.0151515	0.984848
47130167	5	1.22	G	A	1|1	5	2	66	1	0	0
47130174	5	1.04	T	A	1|1	5	2	66	1	0	0
47130184	5	1.04	T	C	1|1	5	2	66	1	0	0
47130299	5	0.212	G	A	0|0	5	2	66	1	0	1
47130330	5	1.49	C	T	1|1	5	2	66	1	0	0
47130386	5	2.65	T	G	0|0	5	2	66	1	0	1
47130432	5	3.17	C	T	0|0	5	2	66	1	0	1
47130441	5	3.05	C	T	1|1	5	2	66	1	0	0
47130477	5	0.229	G	A	0|0	5	2	66	0.939394	0.0606061	0.939394
47130594	5	1.43	T	C	1|1	5	2	66	1	0	0
47130667	5	1.43	T	C	1|1	5	2	66	1	0	0
47130832	5	1.78	T	C	0|0	5	2	66	1	0	1
47130877	5	2.57	G	T	1|1	5	2	66	0.984848	0.0151515	0.0151515
47130948	5	1.74	T	A	0|0	5	2	66	1	0	1
47130969	5	1.74	A	G	0|0	5	2	66	1	0	1
47130972	5	0.595	T	C	1|1	5	2	66	1	0	0
47131178	5	1.83	C	T	1|1	5	2	66	1	0	0
47131216	5	1.3	A	C	1|1	5	2	66	1	0	0
47131240	5	2.85	T	C	0|0	5	2	66	1	0	1
47131254	5	5.61	C	T	0|0	5	2	66	1	0	1
47131262	5	2.87	A	G	0|0	5	2	66	1	0	1
47131318	5	1.81	C	A	1|1	5	2	66	1	0	0
47131333	5	4.38	T	A	0|0	5	2	66	0.818182	0.181818	0.818182
47131395	5	1.55	T	A	0|0	5	2	66	1	0	1
47131412	5	5.61	G	A	0|0	5	2	66	1	0	1
47131472	5	4.5	C	T	1|1	5	2	66	1	0	0
47131478	5	3.23	C	G	1|1	5	2	66	1	0	0
47131499	5	3.18	T	C	1|1	5	2	66	1	0	0
47131607	5	4.71	T	C	0|0	5	2	66	1	0	1
47131620	5	4.41	A	G	0|0	5	2	66	1	0	1
47131644	5	3.46	C	T	0|0	5	2	66	1	0	1
47131676	5	3.16	G	A	1|1	5	2	66	1	0	0
47131776	5	2.09	G	A	0|0	5	2	66	1	0	1
47131843	5	2.09	C	A	0|0	5	2	66	1	0	1
47131853	5	2.09	A	G	0|0	5	2	66	0.939394	0.0606061	0.939394
47131857	5	0.181	A	G	0|0	5	2	66	1	0	1
47131890	5	0.953	C	T	1|1	5	2	66	1	0	0
47131933	5	2.09	A	T	0|0	5	2	66	1	0	1
47131937	5	0.954	G	T	1|1	5	2	66	1	0	0
47131939	5	0.771	A	G	0|0	5	2	66	1	0	1
47131942	5	1	A	G	0|0	5	2	66	1	0	1
47131974	5	0.123	C	G	1|1	5	2	66	1	0	0
47131987	5	1.55	G	A	0|0	5	2	66	1	0	1
47131990	5	0.459	C	T	0|0	5	2	66	1	0	1
47132039	5	1.46	T	C	0|0	5	2	66	1	0	1
47132082	5	0.758	G	A	0|0	5	2	66	0.939394	0.0606061	0.939394
47132124	5	0.971	G	T	0|0	5	2	66	1	0	1
47132448	5	0.975	T	C	0|0	5	2	66	1	0	1
47132510	5	0.815	T	C	0|0	5	2	66	1	0	1
47132575	5	0.963	A	G	0|0	5	2	66	1	0	1
47132623	5	0.963	C	A	0|0	5	2	66	0.818182	0.181818	0.818182
47132744	5	1.21	G	C	0|0	5	2	66	1	0	1
47132746	5	0.0937	T	A	0|0	5	2	66	1	0	1
47132747	5	0.0141	G	T	1|1	5	2	66	1	0	0
47132840	5	1.21	A	T	0|0	5	2	66	0.818182	0.181818	0.818182
47132852	5	0.0156	C	A	0|0	5	2	66	0.818182	0.181818	0.818182
47132872	5	1.33	A	T	0|0	5	2	66	0.818182	0.181818	0.818182
47132960	5	1.18	T	A	0|0	5	2	66	0.969697	0.030303	0.969697
47132982	5	1.18	A	C	0|0	5	2	66	0.818182	0.181818	0.818182
47133043	5	0.162	A	T	1|1	5	2	66	1	0	0
47133095	5	0.154	C	T	1|1	5	2	66	1	0	0
47133177	5	1.33	A	G	0|0	5	2	66	0.818182	0.181818	0.818182
47133249	5	0.091	T	A	0|0	5	2	66	1	0	1
47133406	5	0.0538	C	T	0|0	5	2	66	1	0	1
47133410	5	0.22	C	T	0|0	5	2	66	1	0	1
47133464	5	0.109	A	G	1|1	5	2	66	1	0	0
47133471	5	0.0675	T	C	0|0	5	2	66	1	0	1
47133541	5	0.163	T	A	1|1	5	2	66	1	0	0
47133570	5	0.291	C	G	1|1	5	2	66	1	0	0
47133581	5	0.185	A	G	0|0	5	2	66	0.939394	0.0606061	0.939394
47133628	5	1.12	A	C	0|0	5	2	66	1	0	1
47133631	5	1.12	T	C	0|0	5	2	66	0.818182	0.181818	0.818182
47133633	5	1.12	T	C	0|0	5	2	66	0.818182	0.181818	0.818182
47138372	5	0.731	G	A	0|0	5	2	66	1	0	1
47270452	5	0.427	C	G	0|0	5	2	66	0.727273	0.272727	0.727273
47270454	5	1.48	T	G	0|0	5	2	66	0.727273	0.272727	0.727273
47270475	5	1.48	C	A	0|0	5	2	66	1	0	1
47270490	5	1.62	T	G	0|0	5	2	66	1	0	1
47270506	5	1.7	C	T	0|0	5	2	66	0.69697	0.30303	0.69697
47270518	5	1.7	C	G	0|0	5	2	66	1	0	1
47270657	5	4.7	C	A	0|0	5	2	66	1	0	1
47270675	5	4.7	A	G	0|0	5	2	66	1	0	1
47270711	5	0.992	A	C	0|0	5	2	66	1	0	1
47270754	5	0.796	G	A	0|0	5	2	66	0.939394	0.0606061	0.939394
47270756	5	0.796	C	T	0|0	5	2	66	0.984848	0.0151515	0.984848
47270793	5	1.9	G	A	1|1	5	2	66	1	0	0
47271002	5	3.66	A	G	0|0	5	2	66	1	0	1
47271120	5	0.981	G	C	0|0	5	2	66	1	0	1
47271228	5	0.153	A	G	0|0	5	2	66	1	0	1
47271240	5	2.6	T	C	0|0	5	2	66	1	0	1
47271252	5	0.532	G	C	1|1	5	2	66	0.818182	0.181818	0.181818
47271340	5	0.0556	T	C	0|0	5	2	66	1	0	1
47271384	5	0.271	G	A	1|1	5	2	66	1	0	0
47271496	5	2.6	G	C	0|0	5	2	66	1	0	1
47271656	5	1.7	G	A	0|0	5	2	66	0.939394	0.0606061	0.939394
47271657	5	0.932	C	T	1|1	5	2	66	1	0	0
47271684	5	2.6	T	C	0|0	5	2	66	1	0	1
47271687	5	2.6	T	C	0|0	5	2	66	1	0	1
47271688	5	1.49	C	T	1|1	5	2	66	1	0	0
47271753	5	0.721	A	T	0|0	5	2	66	1	0	1
47271791	5	0.604	T	A	0|0	5	2	66	0.575758	0.424242	0.575758
47271880	5	3.37	T	C	0|0	5	2	66	1	0	1
47271894	5	3.51	G	C	0|0	5	2	66	1	0	1
47271945	5	1.2	C	T	1|1	5	2	66	1	0	0
47271960	5	1.48	G	A	0|0	5	2	66	1	0	1
47272009	5	0.273	G	A	1|1	5	2	66	1	0	0
47272019	5	1.49	C	T	1|1	5	2	66	1	0	0
47272022	5	2.6	T	C	0|0	5	2	66	1	0	1
47272045	5	1.61	G	A	0|0	5	2	66	1	0	1
47272212	5	2.12	C	G	0|0	5	2	66	1	0	1
47272267	5	1.81	G	A	1|1	5	2	66	0.939394	0.0606061	0.0606061
47272331	5	1.3	C	G	1|1	5	2	66	1	0	0
47272338	5	0.0991	C	T	1|1	5	2	66	1	0	0
47272508	5	1.23	A	G	0|0	5	2	66	1	0	1
47272597	5	1.62	G	A	0|0	5	2	66	1	0	1
47272605	5	0.21	T	G	0|0	5	2	66	1	0	1
47272624	5	2.02	G	C	0|0	5	2	66	1	0	1
47272649	5	1.14	C	T	0|0	5	2	66	0.454545	0.545455	0.454545
47272671	5	2.23	A	T	0|0	5	2	66	1	0	1
47272691	5	1.39	T	C	0|0	5	2	66	0.454545	0.545455	0.454545
47272713	5	0.66	C	G	0|0	5	2	66	1	0	1
47272728	5	1.7	G	T	0|0	5	2	66	0.878788	0.121212	0.878788
47272738	5	1.7	A	G	0|0	5	2	66	1	0	1
47272745	5	0.614	A	G	0|0	5	2	66	1	0	1
47272746	5	1.7	C	T	0|0	5	2	66	1	0	1
47272793	5	1.03	T	A	0|0	5	2	66	0.848485	0.151515	0.848485
47272802	5	2.11	A	C	0|0	5	2	66	1	0	1
47272811	5	1.61	G	A	0|0	5	2	66	1	0	1
47272993	5	1.48	C	A	0|0	5	2	66	0.848485	0.151515	0.848485
47273024	5	1.03	A	T	0|0	5	2	66	0.969697	0.030303	0.969697
47273030	5	1.81	A	C	0|0	5	2	66	0.909091	0.0909091	0.909091
47273053	5	2.58	G	A	0|0	5	2	66	1	0	1
47273055	5	1.3	C	G	1|1	5	2	66	0.848485	0.151515	0.151515
47273180	5	1.48	T	C	1|1	5	2	66	0.727273	0.272727	0.272727
47273279	5	2.22	A	G	0|0	5	2	66	1	0	1
47273379	5	1.18	C	T	0|0	5	2	66	0.969697	0.030303	0.969697
47273417	5	2.33	A	G	1|1	5	2	66	1	0	0
47273427	5	0.492	C	G	0|0	5	2	66	1	0	1
47273448	5	0.575	A	T	0|0	5	2	66	1	0	1
47273515	5	0.291	C	G	0|0	5	2	66	1	0	1
47273593	5	0.309	C	T	1|1	5	2	66	0.181818	0.818182	0.818182
47273615	5	1.48	T	C	0|0	5	2	66	0.424242	0.575758	0.424242
47273659	5	0.58	T	C	1|1	5	2	66	0.545455	0.454545	0.454545
47273674	5	0.575	T	A	0|0	5	2	66	1	0	1
47273696	5	0.142	C	A	0|0	5	2	66	1	0	1
47273737	5	1.06	A	G	0|0	5	2	66	1	0	1
47273742	5	0.916	G	A	0|0	5	2	66	1	0	1
47422312	5	0.975	G	A	0|0	5	2	66	1	0	1
47422365	5	2.2	A	C	0|0	5	2	66	1	0	1
47422456	5	1.7	G	C	0|0	5	2	66	1	0	1
47422462	5	0.683	T	C	1|1	5	2	66	1	0	0
47422503	5	1.33	G	A	0|0	5	2	66	0.848485	0.151515	0.848485
47422533	5	0.559	A	T	1|1	5	2	66	1	0	0
47422578	5	1.7	C	G	0|0	5	2	66	0.969697	0.030303	0.969697
47422588	5	0.683	T	C	1|1	5	2	66	1	0	0
47422680	5	1.48	G	A	0|0	5	2	66	1	0	1
47422681	5	0.491	C	T	0|0	5	2	66	1	0	1
47422683	5	0.41	G	C	0|0	5	2	66	1	0	1
47422709	5	1.7	C	T	0|0	5	2	66	0.454545	0.545455	0.454545
47422713	5	0.526	T	G	1|1	5	2	66	1	0	0
47422745	5	0.162	T	C	0|0	5	2	66	1	0	1
47422747	5	1.55	G	A	0|0	5	2	66	1	0	1
47424713	5	1.48	G	A	0|0	5	2	66	1	0	1
47424718	5	1.48	C	G	0|0	5	2	66	1	0	1
47424777	5	0.681	A	G	1|1	5	2	66	0.454545	0.545455	0.545455
47424797	5	0.29	A	G	1|1	5	2	66	1	0	0
47424801	5	1.7	A	G	0|0	5	2	66	1	0	1
47424822	5	0.682	A	C	1|1	5	2	66	1	0	0
47424827	5	1.7	G	A	0|0	5	2	66	0.454545	0.545455	0.454545
47425254	5	1.22	T	C	0|0	5	2	66	1	0	1
47425268	5	2.6	G	A	0|0	5	2	66	1	0	1
47425301	5	4.55	G	T	0|0	5	2	66	1	0	1
47425404	5	1.69	A	T	1|1	5	2	66	0.181818	0.818182	0.818182
47425641	5	0.245	G	T	0|0	5	2	66	1	0	1
47425642	5	0.304	G	T	0|0	5	2	66	1	0	1
47425643	5	0.471	G	A	1|1	5	2	66	1	0	0
47425687	5	2.39	A	T	0|0	5	2	66	0.454545	0.545455	0.454545
47425763	5	3.24	A	C	0|0	5	2	66	1	0	1
47425790	5	2.12	C	T	1|1	5	2	66	1	0	0
47425811	5	3.38	C	T	0|0	5	2	66	1	0	1
47425881	5	0.0862	T	C	1|1	5	2	66	1	0	0
47426078	5	1.59	C	T	0|0	5	2	66	1	0	1
47426109	5	3.05	G	C	0|0	5	2	66	1	0	1
47426112	5	1.03	C	G	0|0	5	2	66	1	0	1
47426117	5	0.652	T	C	1|1	5	2	66	0.454545	0.545455	0.545455
47426134	5	3.21	T	A	0|0	5	2	66	1	0	1
47426152	5	4.55	T	C	0|0	5	2	66	1	0	1
47426156	5	4.55	C	T	0|0	5	2	66	1	0	1
47426259	5	0.552	A	G	1|1	5	2	66	0.393939	0.606061	0.606061
47426286	5	3.23	T	C	0|0	5	2	66	1	0	1
47426328	5	2.14	G	A	1|1	5	2	66	1	0	0
47426441	5	3.59	T	A	0|0	5	2	66	1	0	1
47426447	5	1.61	T	C	1|1	5	2	66	0.393939	0.606061	0.606061
47426491	5	2.6	G	A	0|0	5	2	66	0.984848	0.0151515	0.984848
47426531	5	2.6	C	T	0|0	5	2	66	1	0	1
47426634	5	0.978	A	T	0|0	5	2	66	1	0	1
47426672	5	1.53	A	G	0|0	5	2	66	1	0	1
47426692	5	3.07	C	T	0|0	5	2	66	1	0	1
47426693	5	3.05	C	T	0|0	5	2	66	1	0	1
47426728	5	4.09	G	A	0|0	5	2	66	1	0	1
47426821	5	1.15	A	G	0|0	5	2	66	1	0	1
47426850	5	1.31	G	A	1|1	5	2	66	1	0	0
47426866	5	1.33	C	A	0|0	5	2	66	1	0	1
47426878	5	2.43	A	G	0|0	5	2	66	1	0	1
47426885	5	0.136	T	C	0|0	5	2	66	1	0	1
47426890	5	0.529	T	C	1|1	5	2	66	1	0	0
47426897	5	2.29	A	T	0|0	5	2	66	1	0	1
47426969	5	1.01	T	A	0|0	5	2	66	1	0	1
47427036	5	0.785	C	A	0|0	5	2	66	1	0	1
47427105	5	0.7	G	A	0|0	5	2	66	1	0	1
47427146	5	1.01	C	T	1|1	5	2	66	1	0	0
47427305	5	0.511	C	T	0|0	5	2	66	1	0	1
47427378	5	0.994	A	T	0|0	5	2	66	0.484848	0.515152	0.484848
47427414	5	1.25	G	C	0|0	5	2	66	0.469697	0.530303	0.469697
47427417	5	1.14	A	G	1|1	5	2	66	1	0	0
47427511	5	2.2	G	A	0|0	5	2	66	1	0	1
47427574	5	0.402	C	A	0|0	5	2	66	1	0	1
47427577	5	1.55	A	C	0|0	5	2	66	1	0	1
47427638	5	0.968	G	T	0|0	5	2	66	1	0	1
47427644	5	0.968	G	A	0|0	5	2	66	0.757576	0.242424	0.757576
47447050	5	0.104	G	A	0|0	5	2	66	1	0	1
47447051	5	1.12	T	C	0|0	5	2	66	1	0	1
47447137	5	1.12	C	T	0|0	5	2	66	1	0	1
47447173	5	0.184	T	C	0|0	5	2	66	0.757576	0.242424	0.757576
47447177	5	1.33	A	G	0|0	5	2	66	1	0	1
47447219	5	1.33	C	T	0|0	5	2	66	1	0	1
47447225	5	0.214	A	T	0|0	5	2	66	1	0	1
47447263	5	0.26	C	T	0|0	5	2	66	1	0	1
47464490	5	1.33	G	C	1|1	5	2	66	0.969697	0.030303	0.030303
47585995	5	0.761	G	A	0|0	5	2	66	1	0	1
47585996	5	0.761	C	T	0|0	5	2	66	1	0	1
47586002	5	0.761	T	G	0|0	5	2	66	0.454545	0.545455	0.454545
47586074	5	0.963	T	C	0|0	5	2	66	1	0	1
47586088	5	0.963	G	C	0|0	5	2	66	1	0	1
47586619	5	2.87	G	A	0|0	5	2	66	1	0	1
47586690	5	1.91	T	C	0|0	5	2	66	1	0	1
47586722	5	1.2	A	T	0|0	5	2	66	1	0	1
47587001	5	3.6	C	T	0|0	5	2	66	1	0	1
47587208	5	4.48	G	A	0|0	5	2	66	1	0	1
47587277	5	3.2	C	T	0|0	5	2	66	0.757576	0.242424	0.757576
47587446	5	2.6	C	A	0|0	5	2	66	0.424242	0.575758	0.424242
47587463	5	1.07	C	A	0|0	5	2	66	0.757576	0.242424	0.757576
47587654	5	1.62	G	A	0|0	5	2	66	1	0	1
47587688	5	4.71	T	A	0|0	5	2	66	0.69697	0.30303	0.69697
47587719	5	3.3	G	A	0|0	5	2	66	0.636364	0.363636	0.636364
47587816	5	2.58	G	A	0|0	5	2	66	0.878788	0.121212	0.878788
47587848	5	4.5	G	T	1|1	5	2	66	1	0	0
47587872	5	3.34	C	A	0|0	5	2	66	1	0	1
47587904	5	0.311	C	T	0|0	5	2	66	1	0	1
47587916	5	2.6	G	T	0|0	5	2	66	1	0	1
47587929	5	1.5	T	C	0|0	5	2	66	1	0	1
47587942	5	1.55	C	G	0|0	5	2	66	0.636364	0.363636	0.636364
47588060	5	2.6	G	T	0|0	5	2	66	1	0	1
47594134	5	1.33	A	T	0|0	5	2	66	1	0	1
47594161	5	0.214	G	A	0|0	5	2	66	0.636364	0.363636	0.636364
47596004	5	6	G	A	0|0	5	2	66	1	0	1
47596202	5	2.6	T	G	0|0	5	2	66	1	0	1
47596254	5	0.527	C	A	0|0	5	2	66	0.878788	0.121212	0.878788
47709328	5	0.329	T	G	0|0	5	2	66	0.181818	0.818182	0.181818
47709329	5	1.01	T	C	0|0	5	2	66	1	0	1
47709334	5	1.01	G	A	0|0	5	2	66	0.878788	0.121212	0.878788
47709440	5	1.12	C	A	0|0	5	2	66	1	0	1
47717850	5	0.387	G	A	0|0	5	2	66	1	0	1
47717851	5	1.39	T	C	0|0	5	2	66	1	0	1
47717857	5	1.61	G	A	0|0	5	2	66	0.878788	0.121212	0.878788
47717895	5	1.61	C	T	0|0	5	2	66	0.878788	0.121212	0.878788
47717911	5	0.509	T	C	0|0	5	2	66	1	0	1
47717941	5	0.58	T	C	1|1	5	2	66	0.878788	0.121212	0.121212
47717976	5	1.61	T	C	0|0	5	2	66	1	0	1
47717985	5	0.578	A	G	1|1	5	2	66	0.515152	0.484848	0.484848
47718004	5	1.61	C	T	0|0	5	2	66	1	0	1
47718022	5	0.292	A	C	0|0	5	2	66	1	0	1
47718029	5	1.61	C	A	0|0	5	2	66	1	0	1
47718061	5	1.61	G	A	0|0	5	2	66	1	0	1
47718114	5	0.362	T	A	0|0	5	2	66	0.636364	0.363636	0.636364
47718121	5	1.61	A	G	0|0	5	2	66	1	0	1
47718129	5	1.61	G	T	0|0	5	2	66	0.878788	0.121212	0.878788
47718133	5	1.61	G	A	0|0	5	2	66	0.878788	0.121212	0.878788
47718157	5	0.12	T	C	0|0	5	2	66	0.939394	0.0606061	0.939394
47718216	5	1.47	G	T	0|0	5	2	66	0.636364	0.363636	0.636364
47718224	5	1.61	T	C	0|0	5	2	66	0.636364	0.363636	0.636364
47718244	5	0.414	C	T	0|0	5	2	66	1	0	1
47718282	5	1.61	C	T	0|0	5	2	66	1	0	1
47718286	5	1.61	G	A	0|0	5	2	66	1	0	1
47718289	5	1.61	A	G	0|0	5	2	66	1	0	1
47718303	5	0.578	A	G	1|1	5	2	66	1	0	0
47718324	5	1.61	C	A	0|0	5	2	66	0.636364	0.363636	0.636364
47718325	5	1.61	C	T	0|0	5	2	66	1	0	1
47752018	5	0.968	C	G	0|0	5	2	66	0.636364	0.363636	0.636364
47752027	5	0.0931	T	C	0|0	5	2	66	1	0	1
47752068	5	0.421	G	A	1|1	5	2	66	1	0	0
47752111	5	0.953	C	T	1|1	5	2	66	1	0	0
47752226	5	0.148	G	A	1|1	5	2	66	0.515152	0.484848	0.484848
47752288	5	2.11	G	A	0|0	5	2	66	0.878788	0.121212	0.878788
47752297	5	1.2	T	A	0|0	5	2	66	1	0	1
47753403	5	1.4	C	T	0|0	5	2	66	1	0	1
47753418	5	0.58	C	A	0|0	5	2	66	1	0	1
47753482	5	0.423	C	T	0|0	5	2	66	1	0	1
47753486	5	0.683	T	C	1|1	5	2	66	1	0	0
47753567	5	0.557	G	A	1|1	5	2	66	0.575758	0.424242	0.424242
47753608	5	0.69	G	A	0|0	5	2	66	0.878788	0.121212	0.878788
47754062	5	1.75	A	G	1|1	5	2	66	1	0	0
47754080	5	1.07	C	G	0|0	5	2	66	1	0	1
47754146	5	0.844	G	A	0|0	5	2	66	1	0	1
47754171	5	0.974	G	A	0|0	5	2	66	1	0	1
47754201	5	1.07	G	A	0|0	5	2	66	1	0	1
47754259	5	0.73	A	G	0|0	5	2	66	0.636364	0.363636	0.636364
47754263	5	1.07	C	T	0|0	5	2	66	0.636364	0.363636	0.636364
47754268	5	0.933	G	A	1|1	5	2	66	1	0	0
47927820	5	0.968	T	C	0|0	5	2	66	0.636364	0.363636	0.636364
47927859	5	0.968	G	A	0|0	5	2	66	1	0	1
47927868	5	0.968	A	G	0|0	5	2	66	1	0	1
47927871	5	0.968	G	A	0|0	5	2	66	0.878788	0.121212	0.878788
47927933	5	1.61	T	A	0|0	5	2	66	0.878788	0.121212	0.878788
47927965	5	1.7	C	G	0|0	5	2	66	1	0	1
47927988	5	1.7	C	T	0|0	5	2	66	1	0	1
47928038	5	0.491	C	A	0|0	5	2	66	0.984848	0.0151515	0.984848
47928040	5	1.55	G	C	0|0	5	2	66	1	0	1
47928051	5	1.34	G	A	0|0	5	2	66	1	0	1
47928053	5	1.34	C	T	0|0	5	2	66	0.787879	0.212121	0.787879
47928066	5	0.0971	A	G	0|0	5	2	66	1	0	1
47928241	5	1.34	G	A	0|0	5	2	66	0.80303	0.19697	0.80303
47928260	5	1.12	C	T	0|0	5	2	66	1	0	1
47928275	5	0.46	A	C	1|1	5	2	66	0.515152	0.484848	0.484848
47928296	5	1.12	C	T	1|1	5	2	66	1	0	0
47928326	5	0.701	G	A	0|0	5	2	66	1	0	1
47928347	5	1.7	C	G	0|0	5	2	66	0.969697	0.030303	0.969697
47928373	5	0.0428	G	C	0|0	5	2	66	1	0	1
47928390	5	0.625	G	C	0|0	5	2	66	1	0	1
47928420	5	0.322	T	A	1|1	5	2	66	0.848485	0.151515	0.151515
47928480	5	0.845	G	A	1|1	5	2	66	1	0	0
47928528	5	0.801	C	T	0|0	5	2	66	1	0	1
47928530	5	0.981	C	A	0|0	5	2	66	0.848485	0.151515	0.848485
47928564	5	0.0416	G	A	0|0	5	2	66	1	0	1
47928618	5	1.12	G	A	0|0	5	2	66	0.969697	0.030303	0.969697
47928763	5	1.02	T	C	0|0	5	2	66	0.909091	0.0909091	0.909091
47928860	5	1.15	T	A	1|1	5	2	66	0.727273	0.272727	0.272727
47928888	5	2.3	C	A	0|0	5	2	66	1	0	1
47928927	5	1.61	T	C	1|1	5	2	66	0.727273	0.272727	0.272727
47928980	5	1.35	C	G	0|0	5	2	66	1	0	1
47928992	5	2.22	C	G	0|0	5	2	66	1	0	1
47929016	5	1.7	G	T	0|0	5	2	66	0.848485	0.151515	0.848485
47929100	5	2.58	C	T	0|0	5	2	66	0.939394	0.0606061	0.939394
47929141	5	1.72	C	G	1|1	5	2	66	0.242424	0.757576	0.757576
47929147	5	5.1	C	A	0|0	5	2	66	1	0	1
47929261	5	2.42	G	A	0|0	5	2	66	1	0	1
47929270	5	1.74	C	T	0|0	5	2	66	1	0	1
47929290	5	3.76	G	A	0|0	5	2	66	0.818182	0.181818	0.818182
47929318	5	4.5	G	A	1|1	5	2	66	0.272727	0.727273	0.727273
47929335	5	1.61	C	T	0|0	5	2	66	1	0	1
47929413	5	0.257	T	C	0|0	5	2	66	1	0	1
47929418	5	1.02	T	A	0|0	5	2	66	1	0	1
47929453	5	1.48	G	A	0|0	5	2	66	1	0	1
47929515	5	1.3	C	T	0|0	5	2	66	0.69697	0.30303	0.69697
47929522	5	1.25	C	A	1|1	5	2	66	1	0	0
47929590	5	1.86	G	C	0|0	5	2	66	1	0	1
47929596	5	0.75	T	G	0|0	5	2	66	1	0	1
47929602	5	1.86	G	A	0|0	5	2	66	0.69697	0.30303	0.69697
47929626	5	1.12	A	G	0|0	5	2	66	1	0	1
47929719	5	0.139	A	G	1|1	5	2	66	0.272727	0.727273	0.727273
47929722	5	2.31	G	T	0|0	5	2	66	0.818182	0.181818	0.818182
47929749	5	2.03	G	C	0|0	5	2	66	0.818182	0.181818	0.818182
47929780	5	0.0644	G	A	0|0	5	2	66	1	0	1
47929954	5	1.43	G	C	0|0	5	2	66	0.969697	0.030303	0.969697
47929971	5	0.288	G	C	0|0	5	2	66	1	0	1
47929973	5	2.6	A	G	0|0	5	2	66	1	0	1
47929977	5	1.31	C	A	1|1	5	2	66	0.818182	0.181818	0.181818
47930011	5	1.32	A	C	0|0	5	2	66	1	0	1
47930014	5	0.542	T	A	0|0	5	2	66	1	0	1
47930037	5	1.51	A	C	0|0	5	2	66	1	0	1
47930135	5	1.55	G	T	0|0	5	2	66	1	0	1
47930142	5	0.16	T	G	1|1	5	2	66	0.424242	0.575758	0.575758
47930208	5	1.33	T	C	0|0	5	2	66	0.984848	0.0151515	0.984848
47930219	5	2.25	A	G	0|0	5	2	66	0.848485	0.151515	0.848485
47930250	5	1.21	A	T	0|0	5	2	66	1	0	1
47930267	5	0.145	C	T	1|1	5	2	66	1	0	0
47930288	5	0.00419	A	G	0|0	5	2	66	0.454545	0.545455	0.454545
47930315	5	1.44	A	T	0|0	5	2	66	1	0	1
47930343	5	1.45	T	C	0|0	5	2	66	0.818182	0.181818	0.818182
47930370	5	0.305	C	A	0|0	5	2	66	1	0	1
47930415	5	1.49	A	T	1|1	5	2	66	0.272727	0.727273	0.727273
47930423	5	1.61	T	C	1|1	5	2	66	0.272727	0.727273	0.727273
47930443	5	1.54	C	T	0|0	5	2	66	1	0	1
47930444	5	1.49	G	A	1|1	5	2	66	1	0	0
47930446	5	1.61	T	C	1|1	5	2	66	1	0	0
47930473	5	1.61	A	G	1|1	5	2	66	0.272727	0.727273	0.727273
47930476	5	1.55	C	T	0|0	5	2	66	0.848485	0.151515	0.848485
47930503	5	0.471	C	T	0|0	5	2	66	1	0	1
47930564	5	0.00171	G	T	0|0	5	2	66	1	0	1
47930566	5	1.08	C	T	1|1	5	2	66	0.969697	0.030303	0.030303
47930617	5	0.319	A	G	0|0	5	2	66	1	0	1
47930650	5	2.42	T	C	0|0	5	2	66	1	0	1
47930679	5	0.92	C	T	1|1	5	2	66	1	0	0
47930705	5	3.62	C	T	0|0	5	2	66	1	0	1
47930712	5	2.12	G	C	0|0	5	2	66	0.969697	0.030303	0.969697
47930855	5	5.86	C	T	0|0	5	2	66	0.969697	0.030303	0.969697
47931073	5	5.86	G	A	0|0	5	2	66	1	0	1
47931273	5	3.21	G	A	0|0	5	2	66	1	0	1
47931307	5	2.36	T	A	0|0	5	2	66	1	0	1
47931311	5	3.48	T	A	1|1	5	2	66	0.984848	0.0151515	0.0151515
47931345	5	3.45	T	C	0|0	5	2	66	0.909091	0.0909091	0.909091
47931436	5	1.81	C	A	0|0	5	2	66	1	0	1
47931500	5	2.49	G	A	0|0	5	2	66	1	0	1
47931598	5	3.49	G	A	0|0	5	2	66	1	0	1
47932105	5	0.876	C	G	0|0	5	2	66	1	0	1
47932170	5	1.8	A	G	0|0	5	2	66	1	0	1
47932194	5	1.27	C	T	0|0	5	2	66	1	0	1
47932232	5	3.95	C	T	0|0	5	2	66	1	0	1
47932264	5	4.91	G	A	0|0	5	2	66	1	0	1
47932284	5	0.165	A	G	1|1	5	2	66	0.939394	0.0606061	0.0606061
47932305	5	1.44	T	A	1|1	5	2	66	1	0	0
47932338	5	0.257	C	T	1|1	5	2	66	1	0	0
47932344	5	4.89	T	C	0|0	5	2	66	1	0	1
47932345	5	4.99	C	A	0|0	5	2	66	1	0	1
47932368	5	0.706	G	A	0|0	5	2	66	1	0	1
47932607	5	0.364	T	A	0|0	5	2	66	1	0	1
47932833	5	6	A	G	0|0	5	2	66	0.969697	0.030303	0.969697
47932887	5	2	A	T	0|0	5	2	66	1	0	1
47932945	5	1.64	A	T	0|0	5	2	66	1	0	1
47932960	5	4.31	A	G	0|0	5	2	66	1	0	1
47932972	5	3.92	T	C	1|1	5	2	66	0.969697	0.030303	0.030303
47933021	5	2.41	C	G	0|0	5	2	66	1	0	1
47933109	5	1.91	T	C	0|0	5	2	66	1	0	1
47933123	5	1	G	A	1|1	5	2	66	1	0	0
47933157	5	0.731	T	C	0|0	5	2	66	0.848485	0.151515	0.848485
47933182	5	2.46	T	C	0|0	5	2	66	1	0	1
47933197	5	1.83	G	C	0|0	5	2	66	1	0	1
47933203	5	2.93	A	G	0|0	5	2	66	0.984848	0.0151515	0.984848
47933240	5	5.02	T	C	1|1	5	2	66	1	0	0
47933271	5	3.84	C	A	0|0	5	2	66	1	0	1
47933283	5	0.91	A	G	0|0	5	2	66	1	0	1
47933362	5	3.67	G	C	0|0	5	2	66	1	0	1
47933547	5	2.85	C	T	1|1	5	2	66	0.666667	0.333333	0.333333
47933660	5	4.52	G	A	0|0	5	2	66	1	0	1
47933703	5	0.997	A	T	1|1	5	2	66	1	0	0
47933715	5	1.27	G	C	0|0	5	2	66	1	0	1
47933738	5	2.6	C	T	0|0	5	2	66	1	0	1
47933810	5	1.48	C	T	0|0	5	2	66	1	0	1
47933811	5	0.251	T	A	0|0	5	2	66	1	0	1
47933863	5	0.175	C	A	0|0	5	2	66	0.878788	0.121212	0.878788
47933900	5	1.7	A	G	0|0	5	2	66	1	0	1
47933906	5	1.7	T	A	0|0	5	2	66	1	0	1
47933984	5	0.509	T	A	0|0	5	2	66	1	0	1
47934004	5	0.35	T	A	1|1	5	2	66	1	0	0
48008102	5	0.0657	C	T	1|1	5	2	66	1	0	0
48008505	5	5.02	C	T	0|0	5	2	66	1	0	1
48008534	5	5.19	A	G	0|0	5	2	66	1	0	1
48008714	5	0.0135	G	A	0|0	5	2	66	1	0	1
48008897	5	2.13	G	C	0|0	5	2	66	0.984848	0.0151515	0.984848
48008920	5	3.33	G	A	1|1	5	2	66	1	0	0
48009208	5	0.387	C	T	0|0	5	2	66	1	0	1
48009662	5	1.7	G	A	0|0	5	2	66	1	0	1
48009691	5	1.7	G	T	0|0	5	2	66	1	0	1
48010031	5	1.71	C	T	0|0	5	2	66	1	0	1
48010088	5	0.547	G	C	0|0	5	2	66	1	0	1
48031588	5	0.758	T	A	0|0	5	2	66	1	0	1
48031656	5	0.061	C	G	1|1	5	2	66	0.575758	0.424242	0.424242
48031675	5	1.12	G	A	0|0	5	2	66	0.575758	0.424242	0.575758
48031713	5	1.33	C	T	0|0	5	2	66	0.636364	0.363636	0.636364
48031769	5	0.556	C	T	1|1	5	2	66	1	0	0
48031803	5	0.653	C	T	0|0	5	2	66	1	0	1
48031809	5	0.62	G	A	0|0	5	2	66	1	0	1
48031815	5	0.676	G	T	0|0	5	2	66	1	0	1
48031949	5	0.838	A	G	0|0	5	2	66	0.787879	0.212121	0.787879
48031966	5	1.61	C	T	1|1	5	2	66	0.560606	0.439394	0.439394
48031974	5	1.33	A	C	0|0	5	2	66	1	0	1
48032032	5	1.7	C	T	0|0	5	2	66	1	0	1
48032045	5	0.65	C	A	0|0	5	2	66	1	0	1
48032076	5	1.7	G	T	0|0	5	2	66	0.772727	0.227273	0.772727
48032130	5	0.68	T	G	1|1	5	2	66	0.560606	0.439394	0.439394
48032145	5	1.33	T	A	0|0	5	2	66	0.787879	0.212121	0.787879
48032212	5	1.7	C	G	0|0	5	2	66	0.575758	0.424242	0.575758
48032213	5	0.556	C	T	1|1	5	2	66	0.575758	0.424242	0.424242
48032239	5	1.7	C	T	0|0	5	2	66	0.787879	0.212121	0.787879
48032280	5	0.631	C	A	0|0	5	2	66	1	0	1
48032318	5	0.319	C	T	1|1	5	2	66	0.757576	0.242424	0.242424
48032321	5	1.7	C	T	0|0	5	2	66	1	0	1
48032322	5	0.6	T	C	0|0	5	2	66	0.787879	0.212121	0.787879
48032332	5	1.33	C	A	0|0	5	2	66	1	0	1
48032465	5	0.681	A	G	1|1	5	2	66	1	0	0
48032482	5	1.7	T	C	0|0	5	2	66	0.939394	0.0606061	0.939394
48032486	5	1.7	G	A	0|0	5	2	66	1	0	1
48032515	5	0.519	G	T	0|0	5	2	66	0.939394	0.0606061	0.939394
48032522	5	0.557	G	A	1|1	5	2	66	1	0	0
48032556	5	0.703	C	T	0|0	5	2	66	1	0	1
48032563	5	0.6	T	C	0|0	5	2	66	1	0	1
48032657	5	1.33	T	C	0|0	5	2	66	1	0	1
48032670	5	1.7	T	G	0|0	5	2	66	0.939394	0.0606061	0.939394
48032720	5	0.572	A	C	0|0	5	2	66	1	0	1
48032728	5	0.496	T	C	0|0	5	2	66	1	0	1
48032758	5	0.556	C	T	1|1	5	2	66	1	0	0
48032789	5	1.34	C	G	0|0	5	2	66	1	0	1
48032847	5	0.242	G	A	0|0	5	2	66	0.727273	0.272727	0.727273
48032855	5	0.234	G	A	0|0	5	2	66	1	0	1
48032876	5	1.6	T	C	0|0	5	2	66	1	0	1
48032929	5	1.7	T	C	0|0	5	2	66	0.727273	0.272727	0.727273
48032944	5	0.593	G	A	1|1	5	2	66	0.939394	0.0606061	0.0606061
48032959	5	0.653	C	G	0|0	5	2	66	1	0	1
48032982	5	1.48	A	T	0|0	5	2	66	0.787879	0.212121	0.787879
48033051	5	0.489	G	A	0|0	5	2	66	0.939394	0.0606061	0.939394
48033055	5	1.7	A	T	0|0	5	2	66	1	0	1
48033079	5	1.7	C	A	0|0	5	2	66	0.818182	0.181818	0.818182
48033088	5	0.594	C	T	1|1	5	2	66	1	0	0
48033090	5	1.7	C	G	0|0	5	2	66	1	0	1
48033093	5	0.56	T	A	1|1	5	2	66	0.545455	0.454545	0.454545
48033171	5	0.348	G	A	1|1	5	2	66	1	0	0
48033172	5	0.402	C	T	0|0	5	2	66	1	0	1
48033243	5	0.46	T	C	1|1	5	2	66	0.545455	0.454545	0.454545
48033265	5	1.48	A	G	0|0	5	2	66	0.818182	0.181818	0.818182
48033296	5	1.7	C	T	0|0	5	2	66	1	0	1
48033306	5	0.59	G	A	0|0	5	2	66	1	0	1
48033314	5	0.29	A	G	1|1	5	2	66	0.984848	0.0151515	0.0151515
48033318	5	1.7	A	G	0|0	5	2	66	0.787879	0.212121	0.787879
48033332	5	0.6	A	G	0|0	5	2	66	1	0	1
48033392	5	1.48	A	G	0|0	5	2	66	0.818182	0.181818	0.818182
48033395	5	0.455	G	A	0|0	5	2	66	1	0	1
48033574	5	0.22	C	T	0|0	5	2	66	1	0	1
48033632	5	1.33	C	T	0|0	5	2	66	0.939394	0.0606061	0.939394
48033634	5	0.29	A	G	1|1	5	2	66	1	0	0
48033658	5	0.291	C	G	1|1	5	2	66	1	0	0
48033660	5	0.291	T	G	1|1	5	2	66	1	0	0
48033671	5	1.12	C	T	0|0	5	2	66	1	0	1
48033703	5	1.12	C	G	0|0	5	2	66	1	0	1
48033800	5	1.22	T	G	0|0	5	2	66	1	0	1
48033801	5	0.192	C	T	0|0	5	2	66	1	0	1
48033810	5	1.22	G	T	0|0	5	2	66	1	0	1
48033829	5	1.22	G	A	0|0	5	2	66	1	0	1
48033844	5	0.174	A	G	1|1	5	2	66	0.545455	0.454545	0.454545
48033876	5	1.22	C	T	0|0	5	2	66	1	0	1
48033877	5	1.22	G	C	0|0	5	2	66	0.818182	0.181818	0.818182
48033949	5	1.33	C	G	0|0	5	2	66	1	0	1
48033951	5	0.162	A	T	1|1	5	2	66	1	0	0
48033988	5	0.489	C	G	0|0	5	2	66	0.787879	0.212121	0.787879
48034017	5	2.11	G	C	0|0	5	2	66	1	0	1
48034097	5	0.87	A	G	0|0	5	2	66	1	0	1
48034154	5	0.459	G	C	0|0	5	2	66	1	0	1
48034174	5	0.214	G	A	0|0	5	2	66	0.787879	0.212121	0.787879
48034175	5	1.33	C	T	0|0	5	2	66	1	0	1
48034177	5	1.33	A	G	0|0	5	2	66	1	0	1
48034219	5	1.59	C	T	0|0	5	2	66	1	0	1
48034278	5	1.33	G	A	0|0	5	2	66	0.787879	0.212121	0.787879
48034282	5	2.43	C	T	0|0	5	2	66	1	0	1
48034297	5	1.62	G	A	0|0	5	2	66	1	0	1
48034376	5	1.67	C	T	0|0	5	2	66	1	0	1
48034379	5	2.39	C	T	0|0	5	2	66	1	0	1
48034440	5	3.17	A	G	0|0	5	2	66	0.757576	0.242424	0.757576
48034451	5	2.3	C	A	0|0	5	2	66	0.939394	0.0606061	0.939394
48034546	5	1.02	T	G	0|0	5	2	66	1	0	1
48036410	5	0.144	C	T	1|1	5	2	66	0.545455	0.454545	0.454545
48036419	5	0.29	T	G	1|1	5	2	66	0.545455	0.454545	0.454545
48036426	5	0.00621	C	T	1|1	5	2	66	0.545455	0.454545	0.454545
48036459	5	1.05	C	T	1|1	5	2	66	0.545455	0.454545	0.454545
48036466	5	1.99	G	T	0|0	5	2	66	1	0	1
48036482	5	1.48	G	T	0|0	5	2	66	0.757576	0.242424	0.757576
48036489	5	1.48	C	T	0|0	5	2	66	0.787879	0.212121	0.787879
48036494	5	1.48	G	A	0|0	5	2	66	1	0	1
48036522	5	0.477	A	T	0|0	5	2	66	0.757576	0.242424	0.757576
48036642	5	0.476	T	C	1|1	5	2	66	0.787879	0.212121	0.212121
48036644	5	2.6	T	C	0|0	5	2	66	1	0	1
48036665	5	1.49	A	T	1|1	5	2	66	0.545455	0.454545	0.454545
48036669	5	2.6	C	G	0|0	5	2	66	1	0	1
48036673	5	1.57	G	T	0|0	5	2	66	0.787879	0.212121	0.787879
48036692	5	1.18	G	T	0|0	5	2	66	0.787879	0.212121	0.787879
48036721	5	1.08	A	G	1|1	5	2	66	0.757576	0.242424	0.242424
48036757	5	1.19	G	A	0|0	5	2	66	1	0	1
48036761	5	1.11	T	C	0|0	5	2	66	1	0	1
48036790	5	1.12	T	A	0|0	5	2	66	1	0	1
48036810	5	1.12	A	T	0|0	5	2	66	0.984848	0.0151515	0.984848
48036871	5	1.61	T	A	0|0	5	2	66	1	0	1
48036876	5	0.577	T	G	1|1	5	2	66	1	0	0
48036894	5	1.61	A	G	0|0	5	2	66	1	0	1
48036918	5	0.603	C	T	0|0	5	2	66	0.787879	0.212121	0.787879
48036971	5	1.61	A	C	0|0	5	2	66	0.787879	0.212121	0.787879
48037060	5	0.594	C	T	1|1	5	2	66	0.787879	0.212121	0.212121
48037084	5	0.499	C	T	0|0	5	2	66	0.984848	0.0151515	0.984848
48037090	5	0.603	C	T	0|0	5	2	66	0.787879	0.212121	0.787879
48037133	5	1.5	A	G	0|0	5	2	66	1	0	1
48037136	5	0.467	T	C	1|1	5	2	66	0.545455	0.454545	0.454545
48037230	5	0.447	C	T	1|1	5	2	66	1	0	0
48037238	5	0.448	G	A	1|1	5	2	66	1	0	0
48037274	5	1.61	C	T	0|0	5	2	66	0.787879	0.212121	0.787879
48037281	5	1.61	C	T	0|0	5	2	66	1	0	1
48037289	5	1.12	C	T	0|0	5	2	66	1	0	1
48037290	5	0.0971	G	A	0|0	5	2	66	0.757576	0.242424	0.757576
48037571	5	4.01	C	T	1|1	5	2	66	1	0	0
48037837	5	1.27	A	G	1|1	5	2	66	1	0	0
48037861	5	1.64	G	T	0|0	5	2	66	1	0	1
48038021	5	3.86	C	T	0|0	5	2	66	1	0	1
48038073	5	1.14	G	C	0|0	5	2	66	1	0	1
48038083	5	3.2	G	T	0|0	5	2	66	1	0	1
48038170	5	3.27	C	T	1|1	5	2	66	1	0	0
48038244	5	1.37	C	G	0|0	5	2	66	0.757576	0.242424	0.757576
48038278	5	5.54	C	T	0|0	5	2	66	1	0	1
48038337	5	2.6	T	C	0|0	5	2	66	1	0	1
48038412	5	0.536	A	G	0|0	5	2	66	0.757576	0.242424	0.757576
48038414	5	0.107	G	A	0|0	5	2	66	1	0	1
48038507	5	4.13	C	G	0|0	5	2	66	1	0	1
48038632	5	4.42	G	A	1|1	5	2	66	1	0	0
48038710	5	3.19	G	A	0|0	5	2	66	1	0	1
48038752	5	4.5	C	T	0|0	5	2	66	0.757576	0.242424	0.757576
48038821	5	3.39	A	G	1|1	5	2	66	1	0	0
48038873	5	0.261	A	T	0|0	5	2	66	0.757576	0.242424	0.757576
48039008	5	0.676	G	A	0|0	5	2	66	1	0	1
48039040	5	3.19	C	T	0|0	5	2	66	1	0	1
48042056	5	0.329	C	T	1|1	5	2	66	0.757576	0.242424	0.242424
48042057	5	1.48	G	T	0|0	5	2	66	1	0	1
48042058	5	1.48	G	A	0|0	5	2	66	1	0	1
48042085	5	0.56	T	A	1|1	5	2	66	0.545455	0.454545	0.454545
48042103	5	0.938	A	T	0|0	5	2	66	0.984848	0.0151515	0.984848
48042241	5	3.04	C	A	1|1	5	2	66	1	0	0
48042277	5	0.298	T	A	0|0	5	2	66	1	0	1
48042348	5	0.951	T	C	1|1	5	2	66	1	0	0
48042793	5	2.24	T	A	0|0	5	2	66	1	0	1
48042828	5	3.48	T	C	0|0	5	2	66	1	0	1
48042857	5	3.21	C	T	0|0	5	2	66	1	0	1
48042920	5	0.995	C	A	0|0	5	2	66	0.787879	0.212121	0.787879
48043016	5	4.54	C	T	0|0	5	2	66	1	0	1
48043043	5	2.39	C	T	0|0	5	2	66	1	0	1
48043062	5	2.92	G	C	1|1	5	2	66	1	0	0
48043208	5	0.897	A	T	0|0	5	2	66	1	0	1
48043211	5	3.44	G	A	0|0	5	2	66	1	0	1
48043217	5	0.679	C	T	0|0	5	2	66	1	0	1
48043236	5	0.783	G	A	1|1	5	2	66	1	0	0
48043245	5	0.795	A	C	0|0	5	2	66	1	0	1
48043263	5	0.232	C	T	1|1	5	2	66	1	0	0
48043270	5	2.6	A	G	0|0	5	2	66	0.545455	0.454545	0.545455
48043302	5	1.62	C	T	0|0	5	2	66	1	0	1
48043320	5	2.6	C	A	0|0	5	2	66	1	0	1
48043328	5	1	A	G	0|0	5	2	66	1	0	1
48234029	5	1.61	G	A	0|0	5	2	66	1	0	1
48234245	5	0.606	C	T	0|0	5	2	66	1	0	1
48260732	5	0.31	G	A	0|0	5	2	66	1	0	1
48260733	5	0.236	G	A	0|0	5	2	66	1	0	1
48260735	5	0.106	A	T	0|0	5	2	66	1	0	1
48260751	5	1.61	T	C	0|0	5	2	66	0.787879	0.212121	0.787879
48260760	5	0.486	A	C	1|1	5	2	66	0.787879	0.212121	0.212121
48260795	5	0.561	C	A	0|0	5	2	66	1	0	1
48260838	5	0.592	T	C	1|1	5	2	66	0.545455	0.454545	0.454545
48260844	5	1.7	C	T	0|0	5	2	66	1	0	1
48260846	5	0.631	C	T	0|0	5	2	66	1	0	1
48260921	5	1.18	T	C	0|0	5	2	66	1	0	1
48260986	5	0.909	C	T	0|0	5	2	66	1	0	1
48261068	5	0.497	C	T	0|0	5	2	66	1	0	1
48261105	5	0.846	A	G	0|0	5	2	66	0.757576	0.242424	0.757576
48261131	5	1.33	G	T	0|0	5	2	66	1	0	1
48261157	5	0.051	C	T	0|0	5	2	66	1	0	1
48261167	5	0.0164	T	C	1|1	5	2	66	0.787879	0.212121	0.212121
48261503	5	0.894	G	T	0|0	5	2	66	1	0	1
48261515	5	0.0981	G	A	0|0	5	2	66	0.757576	0.242424	0.757576
48261598	5	0.0629	G	C	1|1	5	2	66	0.545455	0.454545	0.454545
48261635	5	0.682	A	C	1|1	5	2	66	1	0	0
48261692	5	0.0286	C	A	0|0	5	2	66	1	0	1
48261713	5	1.61	T	A	0|0	5	2	66	1	0	1
48261803	5	1.12	A	C	0|0	5	2	66	1	0	1
48261813	5	1.12	A	T	0|0	5	2	66	1	0	1
48261869	5	1.12	C	T	0|0	5	2	66	1	0	1
48261885	5	1.12	A	T	0|0	5	2	66	1	0	1
48261927	5	0.287	G	C	0|0	5	2	66	1	0	1
48262199	5	0.329	C	T	1|1	5	2	66	1	0	0
48262206	5	1.48	C	T	0|0	5	2	66	0.757576	0.242424	0.757576
48262217	5	1.7	T	A	0|0	5	2	66	0.787879	0.212121	0.787879
48262246	5	0.681	A	G	1|1	5	2	66	1	0	0
48262248	5	0.683	C	A	1|1	5	2	66	1	0	0
48262262	5	0.683	T	C	1|1	5	2	66	1	0	0
48262654	5	1.04	G	A	0|0	5	2	66	0.757576	0.242424	0.757576
48262673	5	0.976	G	T	1|1	5	2	66	1	0	0
48262697	5	1.16	G	T	0|0	5	2	66	1	0	1
48262735	5	0.775	G	A	0|0	5	2	66	1	0	1
48262741	5	1.99	G	A	0|0	5	2	66	0.757576	0.242424	0.757576
48262747	5	0.875	C	T	0|0	5	2	66	1	0	1
48262764	5	0.867	T	C	0|0	5	2	66	1	0	1
48262778	5	1.99	C	T	0|0	5	2	66	1	0	1
48262787	5	1.18	T	C	1|1	5	2	66	1	0	0
48262814	5	1.17	G	A	0|0	5	2	66	1	0	1
48262828	5	2.2	A	G	0|0	5	2	66	1	0	1
48262836	5	1.06	T	A	0|0	5	2	66	1	0	1
48262869	5	0.315	A	T	0|0	5	2	66	1	0	1
48262877	5	0.543	A	T	0|0	5	2	66	1	0	1
48262908	5	1.99	G	A	0|0	5	2	66	1	0	1
48262918	5	0.775	T	C	0|0	5	2	66	1	0	1
48262920	5	1.99	G	A	0|0	5	2	66	0.757576	0.242424	0.757576
48263173	5	0.877	G	A	0|0	5	2	66	1	0	1
48263212	5	1.04	G	T	0|0	5	2	66	1	0	1
48263217	5	1.07	A	T	0|0	5	2	66	0.787879	0.212121	0.787879
48263230	5	1.7	T	C	0|0	5	2	66	1	0	1
48263265	5	0.543	A	T	0|0	5	2	66	1	0	1
48263319	5	0.393	G	C	0|0	5	2	66	1	0	1
48263339	5	4.79	G	A	0|0	5	2	66	1	0	1
48263389	5	1.01	G	A	0|0	5	2	66	1	0	1
48263705	5	3.67	T	A	0|0	5	2	66	1	0	1
48263745	5	5.02	A	G	1|1	5	2	66	1	0	0
48263801	5	0.247	G	C	1|1	5	2	66	0.545455	0.454545	0.454545
48263879	5	1.04	T	C	0|0	5	2	66	1	0	1
48263892	5	0.708	A	G	1|1	5	2	66	1	0	0
48263908	5	3.65	T	A	0|0	5	2	66	1	0	1
48263948	5	4.87	G	A	0|0	5	2	66	0.757576	0.242424	0.757576
48263962	5	4.79	C	T	0|0	5	2	66	1	0	1
48264017	5	4.91	T	C	0|0	5	2	66	1	0	1
48264074	5	1.6	C	G	0|0	5	2	66	0.742424	0.257576	0.742424
48264107	5	3.47	T	C	0|0	5	2	66	0.787879	0.212121	0.787879
48264120	5	1.17	G	A	1|1	5	2	66	1	0	0
48264144	5	3.69	C	T	0|0	5	2	66	1	0	1
48264183	5	3.88	C	T	0|0	5	2	66	1	0	1
48264200	5	2.13	C	G	0|0	5	2	66	0.757576	0.242424	0.757576
48264228	5	0.106	G	A	0|0	5	2	66	1	0	1
48264333	5	5.01	C	A	0|0	5	2	66	1	0	1
48264345	5	0.108	G	T	0|0	5	2	66	1	0	1
48264373	5	0.154	G	C	0|0	5	2	66	1	0	1
48264403	5	4.89	A	G	0|0	5	2	66	1	0	1
48264408	5	3.94	G	A	0|0	5	2	66	0.545455	0.454545	0.545455
48264422	5	1.75	C	T	1|1	5	2	66	1	0	0
48264469	5	4.9	T	A	1|1	5	2	66	1	0	0
48264494	5	0.128	T	C	0|0	5	2	66	1	0	1
48264533	5	3.2	T	G	0|0	5	2	66	1	0	1
48264600	5	3.6	T	C	0|0	5	2	66	1	0	1
48264620	5	0.633	T	G	1|1	5	2	66	0.530303	0.469697	0.469697
48264629	5	2.19	A	C	0|0	5	2	66	1	0	1
48264680	5	1.88	C	T	0|0	5	2	66	1	0	1
48264695	5	2.33	T	C	1|1	5	2	66	0.545455	0.454545	0.454545
48264712	5	1.26	T	A	0|0	5	2	66	1	0	1
48264722	5	1.09	A	G	1|1	5	2	66	1	0	0
48264733	5	6	T	C	0|0	5	2	66	0.545455	0.454545	0.545455
48264851	5	3.95	C	T	0|0	5	2	66	0.727273	0.272727	0.727273
48265056	5	3.73	T	C	0|0	5	2	66	1	0	1
48265086	5	0.218	C	T	0|0	5	2	66	1	0	1
48265199	5	2.45	C	T	1|1	5	2	66	0.69697	0.30303	0.30303
48265207	5	4.88	A	T	0|0	5	2	66	1	0	1
48265210	5	0.0184	C	T	0|0	5	2	66	1	0	1
48265233	5	1.08	G	C	0|0	5	2	66	1	0	1
48265283	5	3.65	T	C	0|0	5	2	66	1	0	1
48265378	5	2.93	A	G	0|0	5	2	66	1	0	1
48265383	5	0.745	G	A	1|1	5	2	66	1	0	0
48265407	5	0.598	A	G	0|0	5	2	66	1	0	1
48265443	5	6	G	A	0|0	5	2	66	1	0	1
48265600	5	3.62	A	G	0|0	5	2	66	1	0	1
48265641	5	0.445	T	A	1|1	5	2	66	1	0	0
48265787	5	1.43	G	A	1|1	5	2	66	1	0	0
48265802	5	4.75	T	C	0|0	5	2	66	1	0	1
48265917	5	1.7	G	T	0|0	5	2	66	1	0	1
48265918	5	0.839	C	G	0|0	5	2	66	1	0	1
48265920	5	3.2	C	G	0|0	5	2	66	1	0	1
48266090	5	3.98	G	A	0|0	5	2	66	0.545455	0.454545	0.545455
48266221	5	3.5	A	G	1|1	5	2	66	0.545455	0.454545	0.454545
48266264	5	4.6	G	A	0|0	5	2	66	1	0	1
48266342	5	1.41	C	T	0|0	5	2	66	1	0	1
48266540	5	2.2	T	C	0|0	5	2	66	1	0	1
48266542	5	1.11	T	C	0|0	5	2	66	0.787879	0.212121	0.787879
48266550	5	1.05	G	A	1|1	5	2	66	1	0	0
48266589	5	1.18	T	C	1|1	5	2	66	0.545455	0.454545	0.454545
48266623	5	1.7	T	C	0|0	5	2	66	1	0	1
48266870	5	0.933	G	A	1|1	5	2	66	0.545455	0.454545	0.454545
48266950	5	1.7	G	A	0|0	5	2	66	1	0	1
48266979	5	0.294	C	T	0|0	5	2	66	1	0	1
48266990	5	1.19	C	A	0|0	5	2	66	1	0	1
48275548	5	2.52	G	A	0|0	5	2	66	1	0	1
48277136	5	1.21	C	G	0|0	5	2	66	0.757576	0.242424	0.757576
48277138	5	1.21	A	G	0|0	5	2	66	1	0	1
48277148	5	1.33	A	T	0|0	5	2	66	1	0	1
48277172	5	0.156	G	A	1|1	5	2	66	1	0	0
48277199	5	0.292	T	C	1|1	5	2	66	1	0	0
48277214	5	1.33	C	G	0|0	5	2	66	1	0	1
48277459	5	1.33	G	A	0|0	5	2	66	0.515152	0.484848	0.515152
48277510	5	0.928	C	G	1|1	5	2	66	1	0	0
48277584	5	2.05	G	T	0|0	5	2	66	0.757576	0.242424	0.757576
48277674	5	2.32	A	G	0|0	5	2	66	1	0	1
48277683	5	1.06	T	C	1|1	5	2	66	1	0	0
48277743	5	0.175	G	C	0|0	5	2	66	1	0	1
48278119	5	2.6	C	T	0|0	5	2	66	0.969697	0.030303	0.969697
48278152	5	1.59	C	T	0|0	5	2	66	0.984848	0.0151515	0.984848
48278252	5	0.831	T	C	0|0	5	2	66	1	0	1
48278425	5	5.56	C	A	0|0	5	2	66	1	0	1
48278462	5	3.13	C	T	0|0	5	2	66	1	0	1
48278489	5	1.17	G	T	0|0	5	2	66	0.666667	0.333333	0.666667
48278505	5	0.393	G	A	0|0	5	2	66	1	0	1
48278552	5	0.679	C	A	0|0	5	2	66	1	0	1
48278805	5	3.59	C	T	0|0	5	2	66	0.787879	0.212121	0.787879
48278882	5	3.13	C	T	0|0	5	2	66	1	0	1
48278993	5	3.21	C	G	0|0	5	2	66	1	0	1
48278996	5	0.916	G	A	0|0	5	2	66	0.772727	0.227273	0.772727
48279002	5	3.4	C	G	1|1	5	2	66	0.636364	0.363636	0.363636
48279108	5	4.15	G	A	0|0	5	2	66	1	0	1
48279247	5	4.42	C	A	0|0	5	2	66	1	0	1
48279311	5	0.996	C	T	0|0	5	2	66	1	0	1
48279350	5	3.37	C	G	0|0	5	2	66	0.787879	0.212121	0.787879
48279406	5	1.73	C	T	1|1	5	2	66	1	0	0
48279410	5	0.692	C	T	0|0	5	2	66	1	0	1
48279491	5	0.819	A	C	0|0	5	2	66	1	0	1
48279649	5	0.284	A	G	0|0	5	2	66	1	0	1
48279735	5	0.468	A	G	0|0	5	2	66	0.757576	0.242424	0.757576
48279796	5	1.38	A	G	0|0	5	2	66	1	0	1
48279818	5	0.225	A	T	0|0	5	2	66	1	0	1
48279946	5	2.2	A	T	0|0	5	2	66	1	0	1
48280183	5	0.348	A	C	1|1	5	2	66	0.787879	0.212121	0.212121
48280187	5	3.58	G	T	0|0	5	2	66	1	0	1
48280198	5	2.53	T	C	1|1	5	2	66	1	0	0
48280210	5	0.718	C	T	0|0	5	2	66	1	0	1
48280294	5	5.42	G	C	0|0	5	2	66	1	0	1
48280428	5	1.97	G	A	0|0	5	2	66	0.787879	0.212121	0.787879
48280470	5	0.541	G	C	0|0	5	2	66	1	0	1
48280589	5	5.56	C	T	0|0	5	2	66	1	0	1
48280590	5	3.13	C	T	0|0	5	2	66	0.969697	0.030303	0.969697
48280692	5	0.29	G	C	0|0	5	2	66	1	0	1
48280710	5	0.988	G	C	0|0	5	2	66	1	0	1
48280713	5	0.29	A	G	1|1	5	2	66	0.787879	0.212121	0.212121
48280717	5	0.484	A	G	0|0	5	2	66	0.787879	0.212121	0.787879
48280728	5	0.758	A	G	0|0	5	2	66	1	0	1
48280827	5	0.193	C	G	1|1	5	2	66	0.969697	0.030303	0.030303
48280830	5	1.24	G	A	0|0	5	2	66	0.969697	0.030303	0.969697
48280875	5	0.159	G	T	1|1	5	2	66	1	0	0
48280921	5	0.241	C	G	0|0	5	2	66	1	0	1
48280929	5	1.33	C	T	0|0	5	2	66	1	0	1
48280936	5	0.141	C	T	1|1	5	2	66	0.727273	0.272727	0.272727
48281023	5	0.16	C	T	0|0	5	2	66	1	0	1
48281031	5	0.257	T	C	0|0	5	2	66	1	0	1
48281064	5	1.39	T	G	0|0	5	2	66	0.909091	0.0909091	0.909091
48281222	5	0.301	T	C	1|1	5	2	66	0.69697	0.30303	0.30303
48281252	5	0.556	G	C	0|0	5	2	66	1	0	1
48322860	5	0.758	G	A	0|0	5	2	66	0.424242	0.575758	0.424242
48322861	5	0.758	T	A	0|0	5	2	66	1	0	1
48322883	5	1.03	T	A	0|0	5	2	66	1	0	1
48322921	5	1.24	A	G	0|0	5	2	66	1	0	1
48322931	5	0.161	C	T	0|0	5	2	66	1	0	1
48322953	5	0.211	C	T	0|0	5	2	66	1	0	1
48322978	5	1.24	G	A	0|0	5	2	66	1	0	1
48322980	5	1.24	T	A	0|0	5	2	66	0.424242	0.575758	0.424242
48322981	5	0.209	G	A	0|0	5	2	66	1	0	1
48322990	5	0.161	C	G	0|0	5	2	66	1	0	1
48323031	5	1.24	C	A	0|0	5	2	66	0.424242	0.575758	0.424242
48323033	5	0.149	C	T	0|0	5	2	66	0.424242	0.575758	0.424242
48323041	5	0.197	T	C	1|1	5	2	66	1	0	0
48323049	5	1.24	T	A	0|0	5	2	66	0.984848	0.0151515	0.984848
48323053	5	1.1	C	A	0|0	5	2	66	1	0	1
48323056	5	0.0324	T	C	1|1	5	2	66	0.424242	0.575758	0.575758
48327800	5	1.36	C	T	0|0	5	2	66	1	0	1
48327845	5	5.01	A	G	0|0	5	2	66	0.424242	0.575758	0.424242
48327857	5	3.78	G	A	0|0	5	2	66	0.424242	0.575758	0.424242
48327864	5	3.91	T	G	0|0	5	2	66	0.424242	0.575758	0.424242
48327865	5	5.01	C	A	0|0	5	2	66	1	0	1
48327880	5	4.46	T	A	0|0	5	2	66	1	0	1
48327890	5	3.93	G	A	0|0	5	2	66	1	0	1
48327936	5	4.63	A	G	0|0	5	2	66	1	0	1
48327939	5	2.48	A	G	0|0	5	2	66	0.424242	0.575758	0.424242
48327949	5	4.36	C	T	0|0	5	2	66	1	0	1
48327982	5	4.72	T	G	0|0	5	2	66	1	0	1
48328000	5	1.42	A	G	1|1	5	2	66	0.424242	0.575758	0.575758
48328029	5	2.64	C	T	0|0	5	2	66	0.424242	0.575758	0.424242
48328039	5	1.51	G	A	0|0	5	2	66	1	0	1
48328397	5	2.36	G	A	0|0	5	2	66	1	0	1
48328402	5	2.09	C	T	0|0	5	2	66	1	0	1
48328406	5	4.55	T	A	0|0	5	2	66	1	0	1
48328463	5	3.13	A	T	0|0	5	2	66	1	0	1
48328477	5	4.27	C	T	0|0	5	2	66	1	0	1
48328480	5	2.08	T	C	1|1	5	2	66	0.969697	0.030303	0.030303
48328485	5	3.24	C	T	0|0	5	2	66	1	0	1
48328518	5	2.04	A	C	0|0	5	2	66	1	0	1
48328523	5	4.15	C	A	1|1	5	2	66	1	0	0
48328535	5	0.485	G	A	0|0	5	2	66	1	0	1
48328555	5	4.3	A	G	0|0	5	2	66	1	0	1
48328599	5	2.5	T	A	0|0	5	2	66	0.757576	0.242424	0.757576
48328798	5	3.59	T	A	0|0	5	2	66	0.424242	0.575758	0.424242
48328804	5	3.45	G	A	0|0	5	2	66	1	0	1
48328839	5	3.23	A	G	0|0	5	2	66	1	0	1
48328883	5	2.45	G	T	1|1	5	2	66	0.424242	0.575758	0.575758
48329851	5	0.641	C	T	0|0	5	2	66	1	0	1
48330088	5	4.24	C	A	0|0	5	2	66	1	0	1
48330097	5	3.2	C	T	0|0	5	2	66	1	0	1
48330108	5	3.22	G	A	0|0	5	2	66	1	0	1
48330576	5	1.44	A	T	0|0	5	2	66	1	0	1
48330666	5	0.521	G	T	0|0	5	2	66	1	0	1
48330691	5	4.09	T	A	0|0	5	2	66	1	0	1
48330870	5	3.05	C	T	0|0	5	2	66	1	0	1
48330951	5	2.2	G	A	0|0	5	2	66	1	0	1
48331316	5	1.2	G	C	0|0	5	2	66	0.969697	0.030303	0.969697
48331767	5	1.26	C	T	0|0	5	2	66	1	0	1
48331821	5	2.54	C	T	0|0	5	2	66	1	0	1
48331973	5	3.59	G	A	0|0	5	2	66	0.969697	0.030303	0.969697
48332195	5	0.247	G	A	0|0	5	2	66	1	0	1
48368289	5	0.968	T	C	0|0	5	2	66	0.424242	0.575758	0.424242
48368521	5	0.306	C	T	0|0	5	2	66	1	0	1
48368527	5	1.33	A	C	0|0	5	2	66	1	0	1
48368540	5	0.306	C	G	0|0	5	2	66	1	0	1
48368562	5	0.198	A	G	0|0	5	2	66	0.969697	0.030303	0.969697
48368566	5	0.306	C	A	1|1	5	2	66	1	0	0
48368572	5	1.25	C	A	1|1	5	2	66	1	0	0
48368591	5	1.12	A	G	0|0	5	2	66	0.969697	0.030303	0.969697
48368681	5	0.963	C	G	0|0	5	2	66	1	0	1
48369549	5	2.43	C	T	0|0	5	2	66	1	0	1
48369576	5	2.43	C	T	0|0	5	2	66	1	0	1
48369590	5	0.069	G	A	1|1	5	2	66	1	0	0
48369917	5	1.48	C	A	0|0	5	2	66	1	0	1
48369921	5	0.458	T	G	1|1	5	2	66	1	0	0
48369925	5	1.48	C	G	0|0	5	2	66	1	0	1
48369958	5	1.48	T	G	0|0	5	2	66	1	0	1
48370011	5	1.55	G	A	0|0	5	2	66	0.984848	0.0151515	0.984848
48370101	5	1.7	C	T	0|0	5	2	66	1	0	1
48370154	5	2.2	T	C	0|0	5	2	66	1	0	1
48370155	5	1.17	G	A	0|0	5	2	66	1	0	1
48370177	5	1.42	C	T	0|0	5	2	66	1	0	1
48370479	5	1.1	G	A	0|0	5	2	66	1	0	1
48370762	5	0.425	G	A	0|0	5	2	66	1	0	1
48370851	5	1.61	T	C	0|0	5	2	66	1	0	1
48370992	5	1.7	A	T	0|0	5	2	66	1	0	1
48371512	5	1.93	T	C	0|0	5	2	66	1	0	1
48371532	5	2.07	C	T	0|0	5	2	66	1	0	1
48371761	5	1.6	C	T	0|0	5	2	66	1	0	1
48373044	5	0.69	C	T	0|0	5	2	66	1	0	1
48374421	5	1.36	A	C	0|0	5	2	66	1	0	1
48374486	5	0.535	G	A	0|0	5	2	66	1	0	1
48375708	5	2.32	G	A	0|0	5	2	66	1	0	1
48375973	5	1.61	G	A	0|0	5	2	66	1	0	1
48376825	5	1.55	G	T	0|0	5	2	66	1	0	1
48379021	5	0.0629	A	C	1|1	5	2	66	0.424242	0.575758	0.575758
48379091	5	0.116	C	G	1|1	5	2	66	1	0	0
48379164	5	1.33	G	T	0|0	5	2	66	1	0	1
48379165	5	1.33	C	T	0|0	5	2	66	1	0	1
48379409	5	0.26	C	T	0|0	5	2	66	1	0	1
48379482	5	1.12	A	G	0|0	5	2	66	1	0	1
48379546	5	1.12	A	G	0|0	5	2	66	0.454545	0.545455	0.454545
48379564	5	0.95	G	A	0|0	5	2	66	1	0	1
48379673	5	0.0745	A	C	1|1	5	2	66	1	0	0
48379703	5	1.14	C	T	0|0	5	2	66	1	0	1
48418965	5	0.968	G	A	0|0	5	2	66	1	0	1
48419005	5	0.623	C	A	1|1	5	2	66	1	0	0
48419007	5	1.79	T	C	0|0	5	2	66	0.969697	0.030303	0.969697
48419015	5	0.696	T	C	0|0	5	2	66	1	0	1
48419039	5	1.95	T	C	0|0	5	2	66	0.712121	0.287879	0.712121
48419049	5	0.914	G	T	0|0	5	2	66	1	0	1
48419065	5	0.595	A	G	0|0	5	2	66	1	0	1
48419080	5	1.93	G	A	0|0	5	2	66	1	0	1
48419085	5	0.931	G	A	1|1	5	2	66	1	0	0
48419100	5	1.93	C	A	0|0	5	2	66	0.969697	0.030303	0.969697
48419118	5	0.771	T	G	0|0	5	2	66	1	0	1
48419173	5	2.11	A	T	0|0	5	2	66	1	0	1
48419177	5	2.11	G	A	1|1	5	2	66	1	0	0
48419195	5	1.2	A	T	0|0	5	2	66	1	0	1
48419235	5	1.62	C	A	0|0	5	2	66	1	0	1
48419267	5	1.81	A	G	0|0	5	2	66	1	0	1
48419290	5	4.03	G	T	0|0	5	2	66	1	0	1
48419302	5	3.22	G	A	0|0	5	2	66	0.80303	0.19697	0.80303
48419328	5	4.24	T	A	0|0	5	2	66	1	0	1
48419333	5	4.24	G	C	0|0	5	2	66	0.712121	0.287879	0.712121
48419337	5	4.24	A	G	0|0	5	2	66	1	0	1
48419345	5	0.0991	C	T	1|1	5	2	66	0.393939	0.606061	0.606061
48419355	5	2.6	A	G	0|0	5	2	66	1	0	1
48419362	5	0.105	C	G	1|1	5	2	66	0.393939	0.606061	0.606061
48419386	5	2.09	A	T	0|0	5	2	66	1	0	1
48419442	5	1.09	G	C	0|0	5	2	66	0.681818	0.318182	0.681818
48419455	5	1.83	G	A	0|0	5	2	66	1	0	1
48419466	5	0.297	T	G	1|1	5	2	66	0.424242	0.575758	0.575758
48419495	5	0.218	C	T	0|0	5	2	66	1	0	1
48419517	5	0.287	T	C	1|1	5	2	66	1	0	0
48419553	5	0.168	G	T	1|1	5	2	66	0.424242	0.575758	0.575758
48419555	5	1.33	G	T	0|0	5	2	66	1	0	1
48419586	5	0.531	C	T	1|1	5	2	66	1	0	0
48419635	5	0.559	T	G	0|0	5	2	66	1	0	1
48419642	5	0.422	G	A	0|0	5	2	66	0.727273	0.272727	0.727273
48419663	5	1.7	G	A	0|0	5	2	66	1	0	1
48419695	5	0.978	A	G	0|0	5	2	66	1	0	1
48419722	5	1.93	A	T	0|0	5	2	66	1	0	1
48419804	5	1.86	T	G	0|0	5	2	66	1	0	1
48419808	5	0.596	A	G	0|0	5	2	66	0.69697	0.30303	0.69697
48419857	5	1.95	A	G	0|0	5	2	66	1	0	1
48419889	5	0.725	T	C	0|0	5	2	66	0.439394	0.560606	0.439394
48419913	5	1.95	G	A	0|0	5	2	66	1	0	1
48420057	5	1.86	A	G	0|0	5	2	66	1	0	1
48420130	5	1.7	C	G	0|0	5	2	66	0.454545	0.545455	0.454545
48420175	5	2.07	C	A	0|0	5	2	66	1	0	1
48420188	5	0.704	T	A	0|0	5	2	66	1	0	1
48420297	5	1.33	A	T	0|0	5	2	66	1	0	1
48420303	5	1.79	C	T	0|0	5	2	66	1	0	1
48420375	5	1.67	G	T	0|0	5	2	66	0.424242	0.575758	0.424242
48420387	5	0.9	G	A	0|0	5	2	66	1	0	1
48420422	5	1.5	C	A	0|0	5	2	66	1	0	1
48420548	5	0.839	A	G	0|0	5	2	66	0.424242	0.575758	0.424242
48420745	5	0.839	G	A	0|0	5	2	66	1	0	1
48420760	5	0.839	G	A	0|0	5	2	66	1	0	1
48420988	5	0.839	G	A	0|0	5	2	66	1	0	1
48420995	5	0.839	G	A	0|0	5	2	66	0.484848	0.515152	0.484848
48421017	5	0.839	A	G	0|0	5	2	66	1	0	1
48421073	5	0.839	G	A	0|0	5	2	66	0.515152	0.484848	0.515152
48421086	5	0.839	C	T	0|0	5	2	66	0.909091	0.0909091	0.909091
48421095	5	0.839	C	T	0|0	5	2	66	1	0	1
48421103	5	0.768	C	A	1|1	5	2	66	1	0	0
48421416	5	1.08	G	A	0|0	5	2	66	1	0	1
48421425	5	1.08	C	T	0|0	5	2	66	1	0	1
48421539	5	1.23	C	T	1|1	5	2	66	0.454545	0.545455	0.545455
48421667	5	0.477	C	T	0|0	5	2	66	1	0	1
48421697	5	0.488	C	A	0|0	5	2	66	1	0	1
48421703	5	1.7	C	T	1|1	5	2	66	1	0	0
48421708	5	1.7	C	A	0|0	5	2	66	1	0	1
48421723	5	0.703	G	A	0|0	5	2	66	1	0	1
48421732	5	1.7	C	T	0|0	5	2	66	1	0	1
48421870	5	2.07	G	T	0|0	5	2	66	1	0	1
48421879	5	2.07	A	T	0|0	5	2	66	1	0	1
48421926	5	0.547	A	G	1|1	5	2	66	1	0	0
48421969	5	4.24	C	T	0|0	5	2	66	1	0	1
48421987	5	4.24	C	G	0|0	5	2	66	1	0	1
48422001	5	4.24	C	T	0|0	5	2	66	1	0	1
48422011	5	4.24	C	T	0|0	5	2	66	1	0	1
48422014	5	4.24	G	A	0|0	5	2	66	1	0	1
48422025	5	2.05	G	C	0|0	5	2	66	1	0	1
48422098	5	0.729	G	A	0|0	5	2	66	1	0	1
48422120	5	0.729	A	C	0|0	5	2	66	0.424242	0.575758	0.424242
48422121	5	0.729	A	G	0|0	5	2	66	1	0	1
48422137	5	0.729	T	C	0|0	5	2	66	1	0	1
48423861	5	1.61	C	A	0|0	5	2	66	1	0	1
48423878	5	0.579	A	C	1|1	5	2	66	1	0	0
48439947	5	2.37	G	A	0|0	5	2	66	1	0	1
48439973	5	2.16	A	T	0|0	5	2	66	0.984848	0.0151515	0.984848
48439978	5	2.37	T	C	0|0	5	2	66	1	0	1
48440039	5	0.152	C	T	0|0	5	2	66	1	0	1
48440079	5	1.08	A	G	1|1	5	2	66	1	0	0
48440111	5	0.621	C	G	0|0	5	2	66	1	0	1
48440134	5	0.574	A	G	0|0	5	2	66	1	0	1
48440136	5	0.407	T	C	0|0	5	2	66	1	0	1
48440288	5	1.62	A	G	1|1	5	2	66	1	0	0
48440305	5	0.43	T	C	0|0	5	2	66	1	0	1
48440315	5	0.294	A	T	0|0	5	2	66	1	0	1
48440498	5	1.48	G	C	0|0	5	2	66	1	0	1
48440499	5	1.48	G	C	0|0	5	2	66	1	0	1
48440500	5	1.48	A	T	0|0	5	2	66	1	0	1
48440537	5	1.48	T	C	0|0	5	2	66	1	0	1
48440564	5	0.258	A	G	0|0	5	2	66	1	0	1
48440568	5	1.48	A	G	0|0	5	2	66	1	0	1
48440616	5	0.336	C	A	1|1	5	2	66	1	0	0
48440664	5	0.968	G	A	0|0	5	2	66	1	0	1
48440693	5	0.216	G	T	0|0	5	2	66	1	0	1
48440776	5	1.2	A	G	0|0	5	2	66	1	0	1
48440842	5	2.89	G	A	0|0	5	2	66	1	0	1
48440861	5	3.79	G	A	0|0	5	2	66	0.424242	0.575758	0.424242
48440913	5	6	G	A	0|0	5	2	66	1	0	1
48440954	5	0.372	T	A	0|0	5	2	66	1	0	1
48441020	5	1.65	C	G	0|0	5	2	66	1	0	1
48441053	5	0.914	T	C	0|0	5	2	66	1	0	1
48441076	5	5.02	A	G	1|1	5	2	66	1	0	0
48441118	5	1.72	C	T	0|0	5	2	66	1	0	1
48441216	5	6	G	A	0|0	5	2	66	1	0	1
48441228	5	5.02	T	C	1|1	5	2	66	0.666667	0.333333	0.333333
48441247	5	4.91	T	A	0|0	5	2	66	1	0	1
48441260	5	6	G	A	0|0	5	2	66	1	0	1
48441261	5	4.9	C	T	1|1	5	2	66	0.666667	0.333333	0.333333
48441263	5	4.96	G	C	0|0	5	2	66	1	0	1
48441281	5	3.91	T	A	0|0	5	2	66	1	0	1
48441367	5	2.83	A	T	0|0	5	2	66	0.984848	0.0151515	0.984848
48441509	5	5.02	T	C	1|1	5	2	66	0.666667	0.333333	0.333333
48441531	5	4.86	T	C	0|0	5	2	66	1	0	1
48441562	5	6	G	C	0|0	5	2	66	1	0	1
48441574	5	6	G	C	0|0	5	2	66	1	0	1
48441636	5	2.39	G	A	0|0	5	2	66	1	0	1
48441674	5	2.67	T	C	0|0	5	2	66	0.666667	0.333333	0.666667
48441715	5	2.62	G	A	0|0	5	2	66	1	0	1
48441721	5	5.02	A	G	1|1	5	2	66	0.666667	0.333333	0.333333
48441725	5	6	T	C	0|0	5	2	66	1	0	1
48441728	5	5.86	C	T	0|0	5	2	66	1	0	1
48441742	5	6	G	A	0|0	5	2	66	1	0	1
48441749	5	5.02	T	C	1|1	5	2	66	0.666667	0.333333	0.333333
48441752	5	6	G	A	0|0	5	2	66	1	0	1
48441760	5	5.74	G	A	0|0	5	2	66	1	0	1
48441761	5	5.86	G	A	0|0	5	2	66	1	0	1
48441767	5	6	G	T	0|0	5	2	66	1	0	1
48441798	5	0.814	C	T	1|1	5	2	66	1	0	0
48441872	5	3.39	G	A	0|0	5	2	66	1	0	1
48441904	5	2.39	A	T	0|0	5	2	66	1	0	1
48441912	5	2.07	T	C	0|0	5	2	66	1	0	1
48441926	5	0.945	G	T	0|0	5	2	66	0.666667	0.333333	0.666667
48441963	5	1.7	A	C	0|0	5	2	66	1	0	1
48441977	5	0.769	T	C	0|0	5	2	66	1	0	1
48442000	5	1.33	T	C	0|0	5	2	66	1	0	1
48442005	5	0.575	T	C	0|0	5	2	66	1	0	1
48442030	5	2.37	C	G	0|0	5	2	66	1	0	1
48442063	5	1.38	G	A	0|0	5	2	66	1	0	1
48442094	5	0.833	C	A	0|0	5	2	66	1	0	1
48442112	5	1.58	G	A	0|0	5	2	66	1	0	1
48442178	5	0.495	G	A	0|0	5	2	66	1	0	1
48442190	5	2.16	G	T	0|0	5	2	66	1	0	1
48442258	5	0.828	C	T	0|0	5	2	66	1	0	1
48442332	5	0.144	C	G	0|0	5	2	66	1	0	1
48442337	5	2.52	C	T	0|0	5	2	66	1	0	1
48442345	5	0.295	C	G	0|0	5	2	66	1	0	1
48442361	5	1.58	G	T	0|0	5	2	66	0.666667	0.333333	0.666667
48442385	5	2.11	C	T	0|0	5	2	66	1	0	1
48442595	5	2.46	G	A	0|0	5	2	66	1	0	1
48442627	5	3.23	G	A	0|0	5	2	66	0.969697	0.030303	0.969697
48442715	5	2.39	G	T	0|0	5	2	66	0.969697	0.030303	0.969697
48442730	5	1.32	G	T	0|0	5	2	66	1	0	1
48442743	5	2.39	T	C	0|0	5	2	66	1	0	1
48442929	5	1.48	C	T	0|0	5	2	66	1	0	1
48442974	5	0.592	G	A	0|0	5	2	66	0.666667	0.333333	0.666667
48442985	5	1.21	G	A	0|0	5	2	66	1	0	1
48443333	5	0.328	G	C	0|0	5	2	66	0.606061	0.393939	0.606061
48443572	5	0.333	G	A	0|0	5	2	66	1	0	1
48443574	5	1.19	A	G	0|0	5	2	66	1	0	1
48443702	5	1.58	C	A	0|0	5	2	66	1	0	1
48443751	5	0.623	C	T	0|0	5	2	66	0.969697	0.030303	0.969697
48443796	5	1.43	C	T	0|0	5	2	66	1	0	1
48443798	5	0.176	T	C	0|0	5	2	66	1	0	1
48443931	5	1.7	T	G	0|0	5	2	66	1	0	1
48443984	5	1.7	C	A	0|0	5	2	66	1	0	1
48443996	5	1.48	A	G	0|0	5	2	66	1	0	1
48444019	5	1.33	G	A	0|0	5	2	66	1	0	1
48444077	5	1.33	C	G	0|0	5	2	66	0.484848	0.515152	0.484848
48444105	5	1.33	G	A	1|1	5	2	66	1	0	0
48444111	5	0.284	C	T	0|0	5	2	66	1	0	1
48444119	5	0.282	G	C	0|0	5	2	66	0.969697	0.030303	0.969697
48444208	5	0.402	C	T	0|0	5	2	66	1	0	1
48444290	5	0.308	T	C	1|1	5	2	66	1	0	0
48444327	5	1.1	T	C	0|0	5	2	66	0.878788	0.121212	0.878788
48444443	5	1.19	T	A	0|0	5	2	66	1	0	1
48444542	5	0.179	C	A	0|0	5	2	66	0.242424	0.757576	0.242424
48444610	5	1.07	T	A	0|0	5	2	66	1	0	1
48444643	5	0.399	T	C	1|1	5	2	66	1	0	0
48444650	5	1.43	G	T	0|0	5	2	66	1	0	1
48444672	5	0.423	G	A	0|0	5	2	66	1	0	1
48444701	5	1.09	T	C	1|1	5	2	66	1	0	0
48444728	5	1.36	C	T	0|0	5	2	66	0.939394	0.0606061	0.939394
48444742	5	1.3	C	T	0|0	5	2	66	1	0	1
48444749	5	1.3	C	T	0|0	5	2	66	1	0	1
48444758	5	1.45	G	A	0|0	5	2	66	1	0	1
48444771	5	1.59	C	G	0|0	5	2	66	0.848485	0.151515	0.848485
48444793	5	1.47	C	T	0|0	5	2	66	1	0	1
48444798	5	0.405	C	T	0|0	5	2	66	1	0	1
48444804	5	0.438	T	G	1|1	5	2	66	0.848485	0.151515	0.151515
48444812	5	0.195	G	A	0|0	5	2	66	0.909091	0.0909091	0.909091
48444934	5	1.33	C	A	0|0	5	2	66	1	0	1
48444942	5	1.33	G	C	0|0	5	2	66	1	0	1
48445053	5	0.968	G	T	0|0	5	2	66	1	0	1
48445057	5	0.968	C	A	0|0	5	2	66	1	0	1
48445080	5	0.485	A	G	0|0	5	2	66	0.818182	0.181818	0.818182
48445091	5	1.12	C	A	0|0	5	2	66	1	0	1
48445104	5	0.0988	C	A	0|0	5	2	66	1	0	1
48445121	5	1.12	T	G	0|0	5	2	66	1	0	1
48445131	5	0.963	T	C	0|0	5	2	66	1	0	1
48445142	5	0.963	C	T	0|0	5	2	66	1	0	1
48617823	5	0.968	T	C	0|0	5	2	66	1	0	1
48617830	5	0.968	G	T	0|0	5	2	66	0.939394	0.0606061	0.939394
48617844	5	0.843	T	G	0|0	5	2	66	1	0	1
48617891	5	0.675	C	T	0|0	5	2	66	1	0	1
48618239	5	0.327	A	G	0|0	5	2	66	1	0	1
48618245	5	0.377	A	C	1|1	5	2	66	1	0	0
48618250	5	0.377	A	C	1|1	5	2	66	1	0	0
48618264	5	0.301	G	A	0|0	5	2	66	1	0	1
48618333	5	1.55	T	C	0|0	5	2	66	1	0	1
48618341	5	0.4	G	T	1|1	5	2	66	0.969697	0.030303	0.030303
48618347	5	0.538	G	A	0|0	5	2	66	1	0	1
48618349	5	1.55	T	A	0|0	5	2	66	0.878788	0.121212	0.878788
48624229	5	1.33	A	G	0|0	5	2	66	1	0	1
48624263	5	0.159	G	T	0|0	5	2	66	1	0	1
48624296	5	1.55	G	T	0|0	5	2	66	0.939394	0.0606061	0.939394
48624337	5	0.399	G	A	0|0	5	2	66	1	0	1
48624372	5	0.35	A	G	1|1	5	2	66	1	0	0
48624396	5	0.628	G	A	0|0	5	2	66	1	0	1
48624433	5	1.7	T	G	0|0	5	2	66	0.954545	0.0454545	0.954545
48624444	5	0.681	A	G	1|1	5	2	66	1	0	0
48624453	5	1.7	C	T	0|0	5	2	66	0.984848	0.0151515	0.984848
48624455	5	0.645	G	A	0|0	5	2	66	0.969697	0.030303	0.969697
48624470	5	1.7	C	A	0|0	5	2	66	0.984848	0.0151515	0.984848
48624505	5	0.529	T	C	1|1	5	2	66	1	0	0
48624584	5	1.55	C	G	0|0	5	2	66	1	0	1
48624639	5	1.55	G	A	0|0	5	2	66	1	0	1
48624647	5	1.55	C	A	0|0	5	2	66	1	0	1
48624733	5	1.55	G	A	0|0	5	2	66	1	0	1
48624783	5	0.549	C	T	0|0	5	2	66	0.939394	0.0606061	0.939394
48624791	5	0.529	T	C	1|1	5	2	66	1	0	0
48624853	5	1.55	G	A	0|0	5	2	66	1	0	1
48624870	5	0.302	G	C	1|1	5	2	66	0.939394	0.0606061	0.0606061
48624871	5	1.34	G	A	0|0	5	2	66	1	0	1
48624925	5	0.547	G	T	0|0	5	2	66	1	0	1
48624956	5	1.55	C	T	0|0	5	2	66	0.878788	0.121212	0.878788
48624983	5	0.163	A	T	0|0	5	2	66	0.984848	0.0151515	0.984848
48625028	5	1.12	G	A	0|0	5	2	66	1	0	1
48625142	5	0.316	C	G	0|0	5	2	66	1	0	1
48625229	5	0.0153	T	C	1|1	5	2	66	1	0	0
48625244	5	0.0162	A	G	0|0	5	2	66	1	0	1
48625256	5	0.807	C	A	0|0	5	2	66	0.878788	0.121212	0.878788
48625297	5	1.13	G	A	0|0	5	2	66	0.80303	0.19697	0.80303
48625316	5	1.13	G	C	0|0	5	2	66	1	0	1
48625601	5	1.01	C	A	0|0	5	2	66	1	0	1
48625610	5	0.864	T	C	0|0	5	2	66	1	0	1
48625668	5	1.01	T	G	0|0	5	2	66	1	0	1
48625714	5	1.01	C	A	0|0	5	2	66	1	0	1
48625726	5	1.01	T	C	0|0	5	2	66	1	0	1
48917587	5	0.653	G	C	1|1	5	2	66	1	0	0
48918403	5	0.954	G	C	1|1	5	2	66	1	0	0
