POS	#CHROM.x	GERP	REF	ALT	Sorghum	#CHROM.y	N_A1	N_A2	freq_A1	freq_A2	freq_Del
48008102	5	0.0657	C	T	1|1	5	2	526	0.992395	0.00760456	0.00760456
48008505	5	5.02	C	T	0|0	5	2	526	1	0	1
48008534	5	5.19	A	G	0|0	5	2	526	1	0	1
48008714	5	0.0135	G	A	0|0	5	2	526	1	0	1
48008897	5	2.13	G	C	0|0	5	2	526	0.998099	0.00190114	0.998099
48008920	5	3.33	G	A	1|1	5	2	526	1	0	0
48009208	5	0.387	C	T	0|0	5	2	526	1	0	1
48009662	5	1.7	G	A	0|0	5	2	526	1	0	1
48009691	5	1.7	G	T	0|0	5	2	526	1	0	1
48010031	5	1.71	C	T	0|0	5	2	526	1	0	1
48010088	5	0.547	G	C	0|0	5	2	526	1	0	1
48031588	5	0.758	T	A	0|0	5	2	526	1	0	1
48031656	5	0.061	C	G	1|1	5	2	526	0.43346	0.56654	0.56654
48031675	5	1.12	G	A	0|0	5	2	526	0.437262	0.562738	0.437262
48031713	5	1.33	C	T	0|0	5	2	526	0.735741	0.264259	0.735741
48031769	5	0.556	C	T	1|1	5	2	526	1	0	0
48031803	5	0.653	C	T	0|0	5	2	526	1	0	1
48031809	5	0.62	G	A	0|0	5	2	526	1	0	1
48031815	5	0.676	G	T	0|0	5	2	526	0.994297	0.00570342	0.994297
48031949	5	0.838	A	G	0|0	5	2	526	0.627376	0.372624	0.627376
48031966	5	1.61	C	T	1|1	5	2	526	0.435361	0.564639	0.564639
48031974	5	1.33	A	C	0|0	5	2	526	1	0	1
48032032	5	1.7	C	T	0|0	5	2	526	0.996198	0.00380228	0.996198
48032045	5	0.65	C	A	0|0	5	2	526	1	0	1
48032076	5	1.7	G	T	0|0	5	2	526	0.614068	0.385932	0.614068
48032130	5	0.68	T	G	1|1	5	2	526	0.429658	0.570342	0.570342
48032145	5	1.33	T	A	0|0	5	2	526	0.813688	0.186312	0.813688
48032212	5	1.7	C	G	0|0	5	2	526	0.454373	0.545627	0.454373
48032213	5	0.556	C	T	1|1	5	2	526	0.431559	0.568441	0.568441
48032239	5	1.7	C	T	0|0	5	2	526	0.815589	0.184411	0.815589
48032280	5	0.631	C	A	0|0	5	2	526	1	0	1
48032318	5	0.319	C	T	1|1	5	2	526	0.634981	0.365019	0.365019
48032321	5	1.7	C	T	0|0	5	2	526	1	0	1
48032322	5	0.6	T	C	0|0	5	2	526	0.61597	0.38403	0.61597
48032332	5	1.33	C	A	0|0	5	2	526	0.977186	0.0228137	0.977186
48032465	5	0.681	A	G	1|1	5	2	526	1	0	0
48032482	5	1.7	T	C	0|0	5	2	526	0.895437	0.104563	0.895437
48032486	5	1.7	G	A	0|0	5	2	526	1	0	1
48032515	5	0.519	G	T	0|0	5	2	526	0.895437	0.104563	0.895437
48032522	5	0.557	G	A	1|1	5	2	526	1	0	0
48032556	5	0.703	C	T	0|0	5	2	526	0.969582	0.0304183	0.969582
48032563	5	0.6	T	C	0|0	5	2	526	1	0	1
48032657	5	1.33	T	C	0|0	5	2	526	1	0	1
48032670	5	1.7	T	G	0|0	5	2	526	0.878327	0.121673	0.878327
48032720	5	0.572	A	C	0|0	5	2	526	1	0	1
48032728	5	0.496	T	C	0|0	5	2	526	1	0	1
48032758	5	0.556	C	T	1|1	5	2	526	1	0	0
48032789	5	1.34	C	G	0|0	5	2	526	1	0	1
48032847	5	0.242	G	A	0|0	5	2	526	0.528517	0.471483	0.528517
48032855	5	0.234	G	A	0|0	5	2	526	0.977186	0.0228137	0.977186
48032876	5	1.6	T	C	0|0	5	2	526	1	0	1
48032929	5	1.7	T	C	0|0	5	2	526	0.526616	0.473384	0.526616
48032944	5	0.593	G	A	1|1	5	2	526	0.901141	0.0988593	0.0988593
48032959	5	0.653	C	G	0|0	5	2	526	1	0	1
48032982	5	1.48	A	T	0|0	5	2	526	0.623574	0.376426	0.623574
48033051	5	0.489	G	A	0|0	5	2	526	0.901141	0.0988593	0.901141
48033055	5	1.7	A	T	0|0	5	2	526	0.975285	0.0247148	0.975285
48033079	5	1.7	C	A	0|0	5	2	526	0.855513	0.144487	0.855513
48033088	5	0.594	C	T	1|1	5	2	526	1	0	0
48033090	5	1.7	C	G	0|0	5	2	526	0.977186	0.0228137	0.977186
48033093	5	0.56	T	A	1|1	5	2	526	0.365019	0.634981	0.634981
48033171	5	0.348	G	A	1|1	5	2	526	1	0	0
48033172	5	0.402	C	T	0|0	5	2	526	1	0	1
48033243	5	0.46	T	C	1|1	5	2	526	0.357414	0.642586	0.642586
48033265	5	1.48	A	G	0|0	5	2	526	0.847909	0.152091	0.847909
48033296	5	1.7	C	T	0|0	5	2	526	0.996198	0.00380228	0.996198
48033306	5	0.59	G	A	0|0	5	2	526	1	0	1
48033314	5	0.29	A	G	1|1	5	2	526	0.998099	0.00190114	0.00190114
48033318	5	1.7	A	G	0|0	5	2	526	0.648289	0.351711	0.648289
48033332	5	0.6	A	G	0|0	5	2	526	1	0	1
48033392	5	1.48	A	G	0|0	5	2	526	0.853612	0.146388	0.853612
48033395	5	0.455	G	A	0|0	5	2	526	1	0	1
48033574	5	0.22	C	T	0|0	5	2	526	1	0	1
48033632	5	1.33	C	T	0|0	5	2	526	0.901141	0.0988593	0.901141
48033634	5	0.29	A	G	1|1	5	2	526	0.998099	0.00190114	0.00190114
48033658	5	0.291	C	G	1|1	5	2	526	1	0	0
48033660	5	0.291	T	G	1|1	5	2	526	1	0	0
48033671	5	1.12	C	T	0|0	5	2	526	0.996198	0.00380228	0.996198
48033703	5	1.12	C	G	0|0	5	2	526	1	0	1
48033800	5	1.22	T	G	0|0	5	2	526	0.994297	0.00570342	0.994297
48033801	5	0.192	C	T	0|0	5	2	526	0.994297	0.00570342	0.994297
48033810	5	1.22	G	T	0|0	5	2	526	1	0	1
48033829	5	1.22	G	A	0|0	5	2	526	1	0	1
48033844	5	0.174	A	G	1|1	5	2	526	0.401141	0.598859	0.598859
48033876	5	1.22	C	T	0|0	5	2	526	0.996198	0.00380228	0.996198
48033877	5	1.22	G	C	0|0	5	2	526	0.868821	0.131179	0.868821
48033949	5	1.33	C	G	0|0	5	2	526	0.996198	0.00380228	0.996198
48033951	5	0.162	A	T	1|1	5	2	526	0.998099	0.00190114	0.00190114
48033988	5	0.489	C	G	0|0	5	2	526	0.646388	0.353612	0.646388
48034017	5	2.11	G	C	0|0	5	2	526	0.939163	0.0608365	0.939163
48034097	5	0.87	A	G	0|0	5	2	526	1	0	1
48034154	5	0.459	G	C	0|0	5	2	526	0.977186	0.0228137	0.977186
48034174	5	0.214	G	A	0|0	5	2	526	0.648289	0.351711	0.648289
48034175	5	1.33	C	T	0|0	5	2	526	1	0	1
48034177	5	1.33	A	G	0|0	5	2	526	0.990494	0.0095057	0.990494
48034219	5	1.59	C	T	0|0	5	2	526	0.977186	0.0228137	0.977186
48034278	5	1.33	G	A	0|0	5	2	526	0.623574	0.376426	0.623574
48034282	5	2.43	C	T	0|0	5	2	526	1	0	1
48034297	5	1.62	G	A	0|0	5	2	526	0.998099	0.00190114	0.998099
48034376	5	1.67	C	T	0|0	5	2	526	0.977186	0.0228137	0.977186
48034379	5	2.39	C	T	0|0	5	2	526	1	0	1
48034440	5	3.17	A	G	0|0	5	2	526	0.720532	0.279468	0.720532
48034451	5	2.3	C	A	0|0	5	2	526	0.988593	0.0114068	0.988593
48034546	5	1.02	T	G	0|0	5	2	526	1	0	1
48036410	5	0.144	C	T	1|1	5	2	526	0.340304	0.659696	0.659696
48036419	5	0.29	T	G	1|1	5	2	526	0.342205	0.657795	0.657795
48036426	5	0.00621	C	T	1|1	5	2	526	0.340304	0.659696	0.659696
48036459	5	1.05	C	T	1|1	5	2	526	0.31749	0.68251	0.68251
48036466	5	1.99	G	T	0|0	5	2	526	0.996198	0.00380228	0.996198
48036482	5	1.48	G	T	0|0	5	2	526	0.71673	0.28327	0.71673
48036489	5	1.48	C	T	0|0	5	2	526	0.621673	0.378327	0.621673
48036494	5	1.48	G	A	0|0	5	2	526	1	0	1
48036522	5	0.477	A	T	0|0	5	2	526	0.636882	0.363118	0.636882
48036642	5	0.476	T	C	1|1	5	2	526	0.623574	0.376426	0.376426
48036644	5	2.6	T	C	0|0	5	2	526	1	0	1
48036665	5	1.49	A	T	1|1	5	2	526	0.323194	0.676806	0.676806
48036669	5	2.6	C	G	0|0	5	2	526	0.977186	0.0228137	0.977186
48036673	5	1.57	G	T	0|0	5	2	526	0.623574	0.376426	0.623574
48036692	5	1.18	G	T	0|0	5	2	526	0.646388	0.353612	0.646388
48036721	5	1.08	A	G	1|1	5	2	526	0.718631	0.281369	0.281369
48036757	5	1.19	G	A	0|0	5	2	526	0.977186	0.0228137	0.977186
48036761	5	1.11	T	C	0|0	5	2	526	1	0	1
48036790	5	1.12	T	A	0|0	5	2	526	0.994297	0.00570342	0.994297
48036810	5	1.12	A	T	0|0	5	2	526	0.998099	0.00190114	0.998099
48036871	5	1.61	T	A	0|0	5	2	526	0.992395	0.00760456	0.992395
48036876	5	0.577	T	G	1|1	5	2	526	1	0	0
48036894	5	1.61	A	G	0|0	5	2	526	0.998099	0.00190114	0.998099
48036918	5	0.603	C	T	0|0	5	2	526	0.646388	0.353612	0.646388
48036971	5	1.61	A	C	0|0	5	2	526	0.640684	0.359316	0.640684
48037060	5	0.594	C	T	1|1	5	2	526	0.648289	0.351711	0.351711
48037084	5	0.499	C	T	0|0	5	2	526	0.998099	0.00190114	0.998099
48037090	5	0.603	C	T	0|0	5	2	526	0.642586	0.357414	0.642586
48037133	5	1.5	A	G	0|0	5	2	526	1	0	1
48037136	5	0.467	T	C	1|1	5	2	526	0.34981	0.65019	0.65019
48037230	5	0.447	C	T	1|1	5	2	526	1	0	0
48037238	5	0.448	G	A	1|1	5	2	526	1	0	0
48037274	5	1.61	C	T	0|0	5	2	526	0.722433	0.277567	0.722433
48037281	5	1.61	C	T	0|0	5	2	526	1	0	1
48037289	5	1.12	C	T	0|0	5	2	526	0.996198	0.00380228	0.996198
48037290	5	0.0971	G	A	0|0	5	2	526	0.640684	0.359316	0.640684
48037571	5	4.01	C	T	1|1	5	2	526	1	0	0
48037837	5	1.27	A	G	1|1	5	2	526	0.998099	0.00190114	0.00190114
48037861	5	1.64	G	T	0|0	5	2	526	0.996198	0.00380228	0.996198
48038021	5	3.86	C	T	0|0	5	2	526	1	0	1
48038073	5	1.14	G	C	0|0	5	2	526	1	0	1
48038083	5	3.2	G	T	0|0	5	2	526	1	0	1
48038170	5	3.27	C	T	1|1	5	2	526	1	0	0
48038244	5	1.37	C	G	0|0	5	2	526	0.718631	0.281369	0.718631
48038278	5	5.54	C	T	0|0	5	2	526	1	0	1
48038337	5	2.6	T	C	0|0	5	2	526	1	0	1
48038412	5	0.536	A	G	0|0	5	2	526	0.712928	0.287072	0.712928
48038414	5	0.107	G	A	0|0	5	2	526	1	0	1
48038507	5	4.13	C	G	0|0	5	2	526	1	0	1
48038632	5	4.42	G	A	1|1	5	2	526	1	0	0
48038710	5	3.19	G	A	0|0	5	2	526	1	0	1
48038752	5	4.5	C	T	0|0	5	2	526	0.71673	0.28327	0.71673
48038821	5	3.39	A	G	1|1	5	2	526	1	0	0
48038873	5	0.261	A	T	0|0	5	2	526	0.714829	0.285171	0.714829
48039008	5	0.676	G	A	0|0	5	2	526	1	0	1
48039040	5	3.19	C	T	0|0	5	2	526	1	0	1
48042056	5	0.329	C	T	1|1	5	2	526	0.714829	0.285171	0.285171
48042057	5	1.48	G	T	0|0	5	2	526	1	0	1
48042058	5	1.48	G	A	0|0	5	2	526	1	0	1
48042085	5	0.56	T	A	1|1	5	2	526	0.315589	0.684411	0.684411
48042103	5	0.938	A	T	0|0	5	2	526	0.998099	0.00190114	0.998099
48042241	5	3.04	C	A	1|1	5	2	526	0.996198	0.00380228	0.00380228
48042277	5	0.298	T	A	0|0	5	2	526	0.998099	0.00190114	0.998099
48042348	5	0.951	T	C	1|1	5	2	526	1	0	0
48042793	5	2.24	T	A	0|0	5	2	526	0.98289	0.0171103	0.98289
48042828	5	3.48	T	C	0|0	5	2	526	0.979087	0.0209125	0.979087
48042857	5	3.21	C	T	0|0	5	2	526	1	0	1
48042920	5	0.995	C	A	0|0	5	2	526	0.638783	0.361217	0.638783
48043016	5	4.54	C	T	0|0	5	2	526	1	0	1
48043043	5	2.39	C	T	0|0	5	2	526	0.977186	0.0228137	0.977186
48043062	5	2.92	G	C	1|1	5	2	526	1	0	0
48043208	5	0.897	A	T	0|0	5	2	526	0.994297	0.00570342	0.994297
48043211	5	3.44	G	A	0|0	5	2	526	0.977186	0.0228137	0.977186
48043217	5	0.679	C	T	0|0	5	2	526	1	0	1
48043236	5	0.783	G	A	1|1	5	2	526	1	0	0
48043245	5	0.795	A	C	0|0	5	2	526	1	0	1
48043263	5	0.232	C	T	1|1	5	2	526	0.998099	0.00190114	0.00190114
48043270	5	2.6	A	G	0|0	5	2	526	0.334601	0.665399	0.334601
48043302	5	1.62	C	T	0|0	5	2	526	0.977186	0.0228137	0.977186
48043320	5	2.6	C	A	0|0	5	2	526	0.980989	0.0190114	0.980989
48043328	5	1	A	G	0|0	5	2	526	1	0	1
48234029	5	1.61	G	A	0|0	5	2	526	1	0	1
48234245	5	0.606	C	T	0|0	5	2	526	0.992395	0.00760456	0.992395
48260732	5	0.31	G	A	0|0	5	2	526	1	0	1
48260733	5	0.236	G	A	0|0	5	2	526	1	0	1
48260735	5	0.106	A	T	0|0	5	2	526	1	0	1
48260751	5	1.61	T	C	0|0	5	2	526	0.653992	0.346008	0.653992
48260760	5	0.486	A	C	1|1	5	2	526	0.60076	0.39924	0.39924
48260795	5	0.561	C	A	0|0	5	2	526	0.973384	0.026616	0.973384
48260838	5	0.592	T	C	1|1	5	2	526	0.31749	0.68251	0.68251
48260844	5	1.7	C	T	0|0	5	2	526	1	0	1
48260846	5	0.631	C	T	0|0	5	2	526	1	0	1
48260921	5	1.18	T	C	0|0	5	2	526	1	0	1
48260986	5	0.909	C	T	0|0	5	2	526	1	0	1
48261068	5	0.497	C	T	0|0	5	2	526	1	0	1
48261105	5	0.846	A	G	0|0	5	2	526	0.714829	0.285171	0.714829
48261131	5	1.33	G	T	0|0	5	2	526	1	0	1
48261157	5	0.051	C	T	0|0	5	2	526	1	0	1
48261167	5	0.0164	T	C	1|1	5	2	526	0.695817	0.304183	0.304183
48261503	5	0.894	G	T	0|0	5	2	526	0.980989	0.0190114	0.980989
48261515	5	0.0981	G	A	0|0	5	2	526	0.714829	0.285171	0.714829
48261598	5	0.0629	G	C	1|1	5	2	526	0.3327	0.6673	0.6673
48261635	5	0.682	A	C	1|1	5	2	526	0.998099	0.00190114	0.00190114
48261692	5	0.0286	C	A	0|0	5	2	526	1	0	1
48261713	5	1.61	T	A	0|0	5	2	526	1	0	1
48261803	5	1.12	A	C	0|0	5	2	526	0.973384	0.026616	0.973384
48261813	5	1.12	A	T	0|0	5	2	526	1	0	1
48261869	5	1.12	C	T	0|0	5	2	526	1	0	1
48261885	5	1.12	A	T	0|0	5	2	526	1	0	1
48261927	5	0.287	G	C	0|0	5	2	526	1	0	1
48262199	5	0.329	C	T	1|1	5	2	526	1	0	0
48262206	5	1.48	C	T	0|0	5	2	526	0.711027	0.288973	0.711027
48262217	5	1.7	T	A	0|0	5	2	526	0.648289	0.351711	0.648289
48262246	5	0.681	A	G	1|1	5	2	526	1	0	0
48262248	5	0.683	C	A	1|1	5	2	526	1	0	0
48262262	5	0.683	T	C	1|1	5	2	526	1	0	0
48262654	5	1.04	G	A	0|0	5	2	526	0.714829	0.285171	0.714829
48262673	5	0.976	G	T	1|1	5	2	526	1	0	0
48262697	5	1.16	G	T	0|0	5	2	526	0.977186	0.0228137	0.977186
48262735	5	0.775	G	A	0|0	5	2	526	1	0	1
48262741	5	1.99	G	A	0|0	5	2	526	0.718631	0.281369	0.718631
48262747	5	0.875	C	T	0|0	5	2	526	1	0	1
48262764	5	0.867	T	C	0|0	5	2	526	1	0	1
48262778	5	1.99	C	T	0|0	5	2	526	1	0	1
48262787	5	1.18	T	C	1|1	5	2	526	0.992395	0.00760456	0.00760456
48262814	5	1.17	G	A	0|0	5	2	526	1	0	1
48262828	5	2.2	A	G	0|0	5	2	526	0.977186	0.0228137	0.977186
48262836	5	1.06	T	A	0|0	5	2	526	0.979087	0.0209125	0.979087
48262869	5	0.315	A	T	0|0	5	2	526	0.998099	0.00190114	0.998099
48262877	5	0.543	A	T	0|0	5	2	526	1	0	1
48262908	5	1.99	G	A	0|0	5	2	526	0.992395	0.00760456	0.992395
48262918	5	0.775	T	C	0|0	5	2	526	1	0	1
48262920	5	1.99	G	A	0|0	5	2	526	0.714829	0.285171	0.714829
48263173	5	0.877	G	A	0|0	5	2	526	0.980989	0.0190114	0.980989
48263212	5	1.04	G	T	0|0	5	2	526	0.998099	0.00190114	0.998099
48263217	5	1.07	A	T	0|0	5	2	526	0.617871	0.382129	0.617871
48263230	5	1.7	T	C	0|0	5	2	526	1	0	1
48263265	5	0.543	A	T	0|0	5	2	526	1	0	1
48263319	5	0.393	G	C	0|0	5	2	526	1	0	1
48263339	5	4.79	G	A	0|0	5	2	526	1	0	1
48263389	5	1.01	G	A	0|0	5	2	526	1	0	1
48263705	5	3.67	T	A	0|0	5	2	526	0.992395	0.00760456	0.992395
48263745	5	5.02	A	G	1|1	5	2	526	1	0	0
48263801	5	0.247	G	C	1|1	5	2	526	0.311787	0.688213	0.688213
48263879	5	1.04	T	C	0|0	5	2	526	1	0	1
48263892	5	0.708	A	G	1|1	5	2	526	1	0	0
48263908	5	3.65	T	A	0|0	5	2	526	1	0	1
48263948	5	4.87	G	A	0|0	5	2	526	0.714829	0.285171	0.714829
48263962	5	4.79	C	T	0|0	5	2	526	0.958175	0.0418251	0.958175
48264017	5	4.91	T	C	0|0	5	2	526	1	0	1
48264074	5	1.6	C	G	0|0	5	2	526	0.693916	0.306084	0.693916
48264107	5	3.47	T	C	0|0	5	2	526	0.65019	0.34981	0.65019
48264120	5	1.17	G	A	1|1	5	2	526	1	0	0
48264144	5	3.69	C	T	0|0	5	2	526	1	0	1
48264183	5	3.88	C	T	0|0	5	2	526	1	0	1
48264200	5	2.13	C	G	0|0	5	2	526	0.695817	0.304183	0.695817
48264228	5	0.106	G	A	0|0	5	2	526	1	0	1
48264333	5	5.01	C	A	0|0	5	2	526	1	0	1
48264345	5	0.108	G	T	0|0	5	2	526	0.973384	0.026616	0.973384
48264373	5	0.154	G	C	0|0	5	2	526	1	0	1
48264403	5	4.89	A	G	0|0	5	2	526	1	0	1
48264408	5	3.94	G	A	0|0	5	2	526	0.340304	0.659696	0.340304
48264422	5	1.75	C	T	1|1	5	2	526	1	0	0
48264469	5	4.9	T	A	1|1	5	2	526	1	0	0
48264494	5	0.128	T	C	0|0	5	2	526	1	0	1
48264533	5	3.2	T	G	0|0	5	2	526	0.996198	0.00380228	0.996198
48264600	5	3.6	T	C	0|0	5	2	526	1	0	1
48264620	5	0.633	T	G	1|1	5	2	526	0.311787	0.688213	0.688213
48264629	5	2.19	A	C	0|0	5	2	526	1	0	1
48264680	5	1.88	C	T	0|0	5	2	526	1	0	1
48264695	5	2.33	T	C	1|1	5	2	526	0.313688	0.686312	0.686312
48264712	5	1.26	T	A	0|0	5	2	526	0.996198	0.00380228	0.996198
48264722	5	1.09	A	G	1|1	5	2	526	0.980989	0.0190114	0.0190114
48264733	5	6	T	C	0|0	5	2	526	0.359316	0.640684	0.359316
48264851	5	3.95	C	T	0|0	5	2	526	0.847909	0.152091	0.847909
48265056	5	3.73	T	C	0|0	5	2	526	1	0	1
48265086	5	0.218	C	T	0|0	5	2	526	0.980989	0.0190114	0.980989
48265199	5	2.45	C	T	1|1	5	2	526	0.591255	0.408745	0.408745
48265207	5	4.88	A	T	0|0	5	2	526	0.998099	0.00190114	0.998099
48265210	5	0.0184	C	T	0|0	5	2	526	1	0	1
48265233	5	1.08	G	C	0|0	5	2	526	1	0	1
48265283	5	3.65	T	C	0|0	5	2	526	1	0	1
48265378	5	2.93	A	G	0|0	5	2	526	1	0	1
48265383	5	0.745	G	A	1|1	5	2	526	1	0	0
48265407	5	0.598	A	G	0|0	5	2	526	1	0	1
48265443	5	6	G	A	0|0	5	2	526	1	0	1
48265600	5	3.62	A	G	0|0	5	2	526	1	0	1
48265641	5	0.445	T	A	1|1	5	2	526	0.996198	0.00380228	0.00380228
48265787	5	1.43	G	A	1|1	5	2	526	1	0	0
48265802	5	4.75	T	C	0|0	5	2	526	1	0	1
48265917	5	1.7	G	T	0|0	5	2	526	1	0	1
48265918	5	0.839	C	G	0|0	5	2	526	1	0	1
48265920	5	3.2	C	G	0|0	5	2	526	1	0	1
48266090	5	3.98	G	A	0|0	5	2	526	0.365019	0.634981	0.365019
48266221	5	3.5	A	G	1|1	5	2	526	0.359316	0.640684	0.640684
48266264	5	4.6	G	A	0|0	5	2	526	0.992395	0.00760456	0.992395
48266342	5	1.41	C	T	0|0	5	2	526	0.996198	0.00380228	0.996198
48266540	5	2.2	T	C	0|0	5	2	526	1	0	1
48266542	5	1.11	T	C	0|0	5	2	526	0.640684	0.359316	0.640684
48266550	5	1.05	G	A	1|1	5	2	526	0.994297	0.00570342	0.00570342
48266589	5	1.18	T	C	1|1	5	2	526	0.346008	0.653992	0.653992
48266623	5	1.7	T	C	0|0	5	2	526	1	0	1
48266870	5	0.933	G	A	1|1	5	2	526	0.353612	0.646388	0.646388
48266950	5	1.7	G	A	0|0	5	2	526	1	0	1
48266979	5	0.294	C	T	0|0	5	2	526	1	0	1
48266990	5	1.19	C	A	0|0	5	2	526	1	0	1
48275548	5	2.52	G	A	0|0	5	2	526	0.992395	0.00760456	0.992395
48277136	5	1.21	C	G	0|0	5	2	526	0.714829	0.285171	0.714829
48277138	5	1.21	A	G	0|0	5	2	526	1	0	1
48277148	5	1.33	A	T	0|0	5	2	526	0.996198	0.00380228	0.996198
48277172	5	0.156	G	A	1|1	5	2	526	1	0	0
48277199	5	0.292	T	C	1|1	5	2	526	1	0	0
48277214	5	1.33	C	G	0|0	5	2	526	1	0	1
48277459	5	1.33	G	A	0|0	5	2	526	0.351711	0.648289	0.351711
48277510	5	0.928	C	G	1|1	5	2	526	1	0	0
48277584	5	2.05	G	T	0|0	5	2	526	0.720532	0.279468	0.720532
48277674	5	2.32	A	G	0|0	5	2	526	0.992395	0.00760456	0.992395
48277683	5	1.06	T	C	1|1	5	2	526	1	0	0
48277743	5	0.175	G	C	0|0	5	2	526	1	0	1
48278119	5	2.6	C	T	0|0	5	2	526	0.992395	0.00760456	0.992395
48278152	5	1.59	C	T	0|0	5	2	526	0.998099	0.00190114	0.998099
48278252	5	0.831	T	C	0|0	5	2	526	0.996198	0.00380228	0.996198
48278425	5	5.56	C	A	0|0	5	2	526	1	0	1
48278462	5	3.13	C	T	0|0	5	2	526	0.998099	0.00190114	0.998099
48278489	5	1.17	G	T	0|0	5	2	526	0.730038	0.269962	0.730038
48278505	5	0.393	G	A	0|0	5	2	526	1	0	1
48278552	5	0.679	C	A	0|0	5	2	526	1	0	1
48278805	5	3.59	C	T	0|0	5	2	526	0.665399	0.334601	0.665399
48278882	5	3.13	C	T	0|0	5	2	526	1	0	1
48278993	5	3.21	C	G	0|0	5	2	526	1	0	1
48278996	5	0.916	G	A	0|0	5	2	526	0.621673	0.378327	0.621673
48279002	5	3.4	C	G	1|1	5	2	526	0.714829	0.285171	0.285171
48279108	5	4.15	G	A	0|0	5	2	526	0.992395	0.00760456	0.992395
48279247	5	4.42	C	A	0|0	5	2	526	1	0	1
48279311	5	0.996	C	T	0|0	5	2	526	1	0	1
48279350	5	3.37	C	G	0|0	5	2	526	0.629278	0.370722	0.629278
48279406	5	1.73	C	T	1|1	5	2	526	1	0	0
48279410	5	0.692	C	T	0|0	5	2	526	0.998099	0.00190114	0.998099
48279491	5	0.819	A	C	0|0	5	2	526	1	0	1
48279649	5	0.284	A	G	0|0	5	2	526	1	0	1
48279735	5	0.468	A	G	0|0	5	2	526	0.619772	0.380228	0.619772
48279796	5	1.38	A	G	0|0	5	2	526	1	0	1
48279818	5	0.225	A	T	0|0	5	2	526	0.996198	0.00380228	0.996198
48279946	5	2.2	A	T	0|0	5	2	526	1	0	1
48280183	5	0.348	A	C	1|1	5	2	526	0.587452	0.412548	0.412548
48280187	5	3.58	G	T	0|0	5	2	526	0.996198	0.00380228	0.996198
48280198	5	2.53	T	C	1|1	5	2	526	1	0	0
48280210	5	0.718	C	T	0|0	5	2	526	1	0	1
48280294	5	5.42	G	C	0|0	5	2	526	1	0	1
48280428	5	1.97	G	A	0|0	5	2	526	0.625475	0.374525	0.625475
48280470	5	0.541	G	C	0|0	5	2	526	1	0	1
48280589	5	5.56	C	T	0|0	5	2	526	1	0	1
48280590	5	3.13	C	T	0|0	5	2	526	0.93346	0.0665399	0.93346
48280692	5	0.29	G	C	0|0	5	2	526	1	0	1
48280710	5	0.988	G	C	0|0	5	2	526	0.977186	0.0228137	0.977186
48280713	5	0.29	A	G	1|1	5	2	526	0.543726	0.456274	0.456274
48280717	5	0.484	A	G	0|0	5	2	526	0.54943	0.45057	0.54943
48280728	5	0.758	A	G	0|0	5	2	526	1	0	1
48280827	5	0.193	C	G	1|1	5	2	526	0.939163	0.0608365	0.0608365
48280830	5	1.24	G	A	0|0	5	2	526	0.939163	0.0608365	0.939163
48280875	5	0.159	G	T	1|1	5	2	526	0.996198	0.00380228	0.00380228
48280921	5	0.241	C	G	0|0	5	2	526	1	0	1
48280929	5	1.33	C	T	0|0	5	2	526	0.992395	0.00760456	0.992395
48280936	5	0.141	C	T	1|1	5	2	526	0.5	0.5	0.5
48281023	5	0.16	C	T	0|0	5	2	526	1	0	1
48281031	5	0.257	T	C	0|0	5	2	526	1	0	1
48281064	5	1.39	T	G	0|0	5	2	526	0.880228	0.119772	0.880228
48281222	5	0.301	T	C	1|1	5	2	526	0.509506	0.490494	0.490494
48281252	5	0.556	G	C	0|0	5	2	526	1	0	1
48322860	5	0.758	G	A	0|0	5	2	526	0.576046	0.423954	0.576046
48322861	5	0.758	T	A	0|0	5	2	526	0.996198	0.00380228	0.996198
48322883	5	1.03	T	A	0|0	5	2	526	0.998099	0.00190114	0.998099
48322921	5	1.24	A	G	0|0	5	2	526	1	0	1
48322931	5	0.161	C	T	0|0	5	2	526	1	0	1
48322953	5	0.211	C	T	0|0	5	2	526	1	0	1
48322978	5	1.24	G	A	0|0	5	2	526	1	0	1
48322980	5	1.24	T	A	0|0	5	2	526	0.574144	0.425856	0.574144
48322981	5	0.209	G	A	0|0	5	2	526	1	0	1
48322990	5	0.161	C	G	0|0	5	2	526	1	0	1
48323031	5	1.24	C	A	0|0	5	2	526	0.579848	0.420152	0.579848
48323033	5	0.149	C	T	0|0	5	2	526	0.581749	0.418251	0.581749
48323041	5	0.197	T	C	1|1	5	2	526	1	0	0
48323049	5	1.24	T	A	0|0	5	2	526	0.996198	0.00380228	0.996198
48323053	5	1.1	C	A	0|0	5	2	526	0.996198	0.00380228	0.996198
48323056	5	0.0324	T	C	1|1	5	2	526	0.58365	0.41635	0.41635
48327800	5	1.36	C	T	0|0	5	2	526	0.980989	0.0190114	0.980989
48327845	5	5.01	A	G	0|0	5	2	526	0.579848	0.420152	0.579848
48327857	5	3.78	G	A	0|0	5	2	526	0.579848	0.420152	0.579848
48327864	5	3.91	T	G	0|0	5	2	526	0.606464	0.393536	0.606464
48327865	5	5.01	C	A	0|0	5	2	526	0.992395	0.00760456	0.992395
48327880	5	4.46	T	A	0|0	5	2	526	0.998099	0.00190114	0.998099
48327890	5	3.93	G	A	0|0	5	2	526	1	0	1
48327936	5	4.63	A	G	0|0	5	2	526	1	0	1
48327939	5	2.48	A	G	0|0	5	2	526	0.574144	0.425856	0.574144
48327949	5	4.36	C	T	0|0	5	2	526	1	0	1
48327982	5	4.72	T	G	0|0	5	2	526	1	0	1
48328000	5	1.42	A	G	1|1	5	2	526	0.568441	0.431559	0.431559
48328029	5	2.64	C	T	0|0	5	2	526	0.577947	0.422053	0.577947
48328039	5	1.51	G	A	0|0	5	2	526	1	0	1
48328397	5	2.36	G	A	0|0	5	2	526	1	0	1
48328402	5	2.09	C	T	0|0	5	2	526	1	0	1
48328406	5	4.55	T	A	0|0	5	2	526	0.994297	0.00570342	0.994297
48328463	5	3.13	A	T	0|0	5	2	526	0.998099	0.00190114	0.998099
48328477	5	4.27	C	T	0|0	5	2	526	1	0	1
48328480	5	2.08	T	C	1|1	5	2	526	0.994297	0.00570342	0.00570342
48328485	5	3.24	C	T	0|0	5	2	526	0.998099	0.00190114	0.998099
48328518	5	2.04	A	C	0|0	5	2	526	1	0	1
48328523	5	4.15	C	A	1|1	5	2	526	1	0	0
48328535	5	0.485	G	A	0|0	5	2	526	1	0	1
48328555	5	4.3	A	G	0|0	5	2	526	1	0	1
48328599	5	2.5	T	A	0|0	5	2	526	0.872624	0.127376	0.872624
48328798	5	3.59	T	A	0|0	5	2	526	0.589354	0.410646	0.589354
48328804	5	3.45	G	A	0|0	5	2	526	1	0	1
48328839	5	3.23	A	G	0|0	5	2	526	1	0	1
48328883	5	2.45	G	T	1|1	5	2	526	0.581749	0.418251	0.418251
48329851	5	0.641	C	T	0|0	5	2	526	1	0	1
48330088	5	4.24	C	A	0|0	5	2	526	0.998099	0.00190114	0.998099
48330097	5	3.2	C	T	0|0	5	2	526	0.998099	0.00190114	0.998099
48330108	5	3.22	G	A	0|0	5	2	526	0.988593	0.0114068	0.988593
48330576	5	1.44	A	T	0|0	5	2	526	0.988593	0.0114068	0.988593
48330666	5	0.521	G	T	0|0	5	2	526	1	0	1
48330691	5	4.09	T	A	0|0	5	2	526	0.998099	0.00190114	0.998099
48330870	5	3.05	C	T	0|0	5	2	526	1	0	1
48330951	5	2.2	G	A	0|0	5	2	526	1	0	1
48331316	5	1.2	G	C	0|0	5	2	526	0.984791	0.0152091	0.984791
48331767	5	1.26	C	T	0|0	5	2	526	0.994297	0.00570342	0.994297
48331821	5	2.54	C	T	0|0	5	2	526	0.98289	0.0171103	0.98289
48331973	5	3.59	G	A	0|0	5	2	526	0.979087	0.0209125	0.979087
48332195	5	0.247	G	A	0|0	5	2	526	0.984791	0.0152091	0.984791
48368289	5	0.968	T	C	0|0	5	2	526	0.574144	0.425856	0.574144
48368521	5	0.306	C	T	0|0	5	2	526	1	0	1
48368527	5	1.33	A	C	0|0	5	2	526	1	0	1
48368540	5	0.306	C	G	0|0	5	2	526	1	0	1
48368562	5	0.198	A	G	0|0	5	2	526	0.977186	0.0228137	0.977186
48368566	5	0.306	C	A	1|1	5	2	526	0.996198	0.00380228	0.00380228
48368572	5	1.25	C	A	1|1	5	2	526	1	0	0
48368591	5	1.12	A	G	0|0	5	2	526	0.977186	0.0228137	0.977186
48368681	5	0.963	C	G	0|0	5	2	526	0.988593	0.0114068	0.988593
48369549	5	2.43	C	T	0|0	5	2	526	1	0	1
48369576	5	2.43	C	T	0|0	5	2	526	1	0	1
48369590	5	0.069	G	A	1|1	5	2	526	1	0	0
48369917	5	1.48	C	A	0|0	5	2	526	0.994297	0.00570342	0.994297
48369921	5	0.458	T	G	1|1	5	2	526	1	0	0
48369925	5	1.48	C	G	0|0	5	2	526	0.998099	0.00190114	0.998099
48369958	5	1.48	T	G	0|0	5	2	526	1	0	1
48370011	5	1.55	G	A	0|0	5	2	526	0.998099	0.00190114	0.998099
48370101	5	1.7	C	T	0|0	5	2	526	1	0	1
48370154	5	2.2	T	C	0|0	5	2	526	1	0	1
48370155	5	1.17	G	A	0|0	5	2	526	0.990494	0.0095057	0.990494
48370177	5	1.42	C	T	0|0	5	2	526	0.996198	0.00380228	0.996198
48370479	5	1.1	G	A	0|0	5	2	526	1	0	1
48370762	5	0.425	G	A	0|0	5	2	526	0.996198	0.00380228	0.996198
48370851	5	1.61	T	C	0|0	5	2	526	1	0	1
48370992	5	1.7	A	T	0|0	5	2	526	1	0	1
48371512	5	1.93	T	C	0|0	5	2	526	1	0	1
48371532	5	2.07	C	T	0|0	5	2	526	0.996198	0.00380228	0.996198
48371761	5	1.6	C	T	0|0	5	2	526	1	0	1
48373044	5	0.69	C	T	0|0	5	2	526	1	0	1
48374421	5	1.36	A	C	0|0	5	2	526	1	0	1
48374486	5	0.535	G	A	0|0	5	2	526	0.996198	0.00380228	0.996198
48375708	5	2.32	G	A	0|0	5	2	526	0.996198	0.00380228	0.996198
48375973	5	1.61	G	A	0|0	5	2	526	1	0	1
48376825	5	1.55	G	T	0|0	5	2	526	0.998099	0.00190114	0.998099
48379021	5	0.0629	A	C	1|1	5	2	526	0.54943	0.45057	0.45057
48379091	5	0.116	C	G	1|1	5	2	526	1	0	0
48379164	5	1.33	G	T	0|0	5	2	526	0.992395	0.00760456	0.992395
48379165	5	1.33	C	T	0|0	5	2	526	0.992395	0.00760456	0.992395
48379409	5	0.26	C	T	0|0	5	2	526	0.992395	0.00760456	0.992395
48379482	5	1.12	A	G	0|0	5	2	526	1	0	1
48379546	5	1.12	A	G	0|0	5	2	526	0.598859	0.401141	0.598859
48379564	5	0.95	G	A	0|0	5	2	526	1	0	1
48379673	5	0.0745	A	C	1|1	5	2	526	1	0	0
48379703	5	1.14	C	T	0|0	5	2	526	0.996198	0.00380228	0.996198
48418965	5	0.968	G	A	0|0	5	2	526	0.996198	0.00380228	0.996198
48419005	5	0.623	C	A	1|1	5	2	526	0.998099	0.00190114	0.00190114
48419007	5	1.79	T	C	0|0	5	2	526	0.977186	0.0228137	0.977186
48419015	5	0.696	T	C	0|0	5	2	526	0.996198	0.00380228	0.996198
48419039	5	1.95	T	C	0|0	5	2	526	0.747148	0.252852	0.747148
48419049	5	0.914	G	T	0|0	5	2	526	1	0	1
48419065	5	0.595	A	G	0|0	5	2	526	1	0	1
48419080	5	1.93	G	A	0|0	5	2	526	0.998099	0.00190114	0.998099
48419085	5	0.931	G	A	1|1	5	2	526	1	0	0
48419100	5	1.93	C	A	0|0	5	2	526	0.980989	0.0190114	0.980989
48419118	5	0.771	T	G	0|0	5	2	526	1	0	1
48419173	5	2.11	A	T	0|0	5	2	526	0.996198	0.00380228	0.996198
48419177	5	2.11	G	A	1|1	5	2	526	1	0	0
48419195	5	1.2	A	T	0|0	5	2	526	0.998099	0.00190114	0.998099
48419235	5	1.62	C	A	0|0	5	2	526	1	0	1
48419267	5	1.81	A	G	0|0	5	2	526	1	0	1
48419290	5	4.03	G	T	0|0	5	2	526	0.998099	0.00190114	0.998099
48419302	5	3.22	G	A	0|0	5	2	526	0.895437	0.104563	0.895437
48419328	5	4.24	T	A	0|0	5	2	526	0.990494	0.0095057	0.990494
48419333	5	4.24	G	C	0|0	5	2	526	0.781369	0.218631	0.781369
48419337	5	4.24	A	G	0|0	5	2	526	0.992395	0.00760456	0.992395
48419345	5	0.0991	C	T	1|1	5	2	526	0.536122	0.463878	0.463878
48419355	5	2.6	A	G	0|0	5	2	526	1	0	1
48419362	5	0.105	C	G	1|1	5	2	526	0.522814	0.477186	0.477186
48419386	5	2.09	A	T	0|0	5	2	526	1	0	1
48419442	5	1.09	G	C	0|0	5	2	526	0.76616	0.23384	0.76616
48419455	5	1.83	G	A	0|0	5	2	526	1	0	1
48419466	5	0.297	T	G	1|1	5	2	526	0.564639	0.435361	0.435361
48419495	5	0.218	C	T	0|0	5	2	526	1	0	1
48419517	5	0.287	T	C	1|1	5	2	526	1	0	0
48419553	5	0.168	G	T	1|1	5	2	526	0.570342	0.429658	0.429658
48419555	5	1.33	G	T	0|0	5	2	526	0.996198	0.00380228	0.996198
48419586	5	0.531	C	T	1|1	5	2	526	1	0	0
48419635	5	0.559	T	G	0|0	5	2	526	0.996198	0.00380228	0.996198
48419642	5	0.422	G	A	0|0	5	2	526	0.768061	0.231939	0.768061
48419663	5	1.7	G	A	0|0	5	2	526	0.996198	0.00380228	0.996198
48419695	5	0.978	A	G	0|0	5	2	526	1	0	1
48419722	5	1.93	A	T	0|0	5	2	526	1	0	1
48419804	5	1.86	T	G	0|0	5	2	526	1	0	1
48419808	5	0.596	A	G	0|0	5	2	526	0.813688	0.186312	0.813688
48419857	5	1.95	A	G	0|0	5	2	526	1	0	1
48419889	5	0.725	T	C	0|0	5	2	526	0.612167	0.387833	0.612167
48419913	5	1.95	G	A	0|0	5	2	526	1	0	1
48420057	5	1.86	A	G	0|0	5	2	526	0.996198	0.00380228	0.996198
48420130	5	1.7	C	G	0|0	5	2	526	0.608365	0.391635	0.608365
48420175	5	2.07	C	A	0|0	5	2	526	0.998099	0.00190114	0.998099
48420188	5	0.704	T	A	0|0	5	2	526	1	0	1
48420297	5	1.33	A	T	0|0	5	2	526	1	0	1
48420303	5	1.79	C	T	0|0	5	2	526	1	0	1
48420375	5	1.67	G	T	0|0	5	2	526	0.579848	0.420152	0.579848
48420387	5	0.9	G	A	0|0	5	2	526	1	0	1
48420422	5	1.5	C	A	0|0	5	2	526	0.996198	0.00380228	0.996198
48420548	5	0.839	A	G	0|0	5	2	526	0.577947	0.422053	0.577947
48420745	5	0.839	G	A	0|0	5	2	526	0.996198	0.00380228	0.996198
48420760	5	0.839	G	A	0|0	5	2	526	0.998099	0.00190114	0.998099
48420988	5	0.839	G	A	0|0	5	2	526	1	0	1
48420995	5	0.839	G	A	0|0	5	2	526	0.65019	0.34981	0.65019
48421017	5	0.839	A	G	0|0	5	2	526	1	0	1
48421073	5	0.839	G	A	0|0	5	2	526	0.65019	0.34981	0.65019
48421086	5	0.839	C	T	0|0	5	2	526	0.975285	0.0247148	0.975285
48421095	5	0.839	C	T	0|0	5	2	526	1	0	1
48421103	5	0.768	C	A	1|1	5	2	526	1	0	0
48421416	5	1.08	G	A	0|0	5	2	526	0.996198	0.00380228	0.996198
48421425	5	1.08	C	T	0|0	5	2	526	0.994297	0.00570342	0.994297
48421539	5	1.23	C	T	1|1	5	2	526	0.655894	0.344106	0.344106
48421667	5	0.477	C	T	0|0	5	2	526	0.996198	0.00380228	0.996198
48421697	5	0.488	C	A	0|0	5	2	526	0.996198	0.00380228	0.996198
48421703	5	1.7	C	T	1|1	5	2	526	1	0	0
48421708	5	1.7	C	A	0|0	5	2	526	1	0	1
48421723	5	0.703	G	A	0|0	5	2	526	0.996198	0.00380228	0.996198
48421732	5	1.7	C	T	0|0	5	2	526	0.996198	0.00380228	0.996198
48421870	5	2.07	G	T	0|0	5	2	526	0.996198	0.00380228	0.996198
48421879	5	2.07	A	T	0|0	5	2	526	1	0	1
48421926	5	0.547	A	G	1|1	5	2	526	1	0	0
48421969	5	4.24	C	T	0|0	5	2	526	1	0	1
48421987	5	4.24	C	G	0|0	5	2	526	1	0	1
48422001	5	4.24	C	T	0|0	5	2	526	1	0	1
48422011	5	4.24	C	T	0|0	5	2	526	1	0	1
48422014	5	4.24	G	A	0|0	5	2	526	1	0	1
48422025	5	2.05	G	C	0|0	5	2	526	1	0	1
48422098	5	0.729	G	A	0|0	5	2	526	1	0	1
48422120	5	0.729	A	C	0|0	5	2	526	0.581749	0.418251	0.581749
48422121	5	0.729	A	G	0|0	5	2	526	1	0	1
48422137	5	0.729	T	C	0|0	5	2	526	0.996198	0.00380228	0.996198
48423861	5	1.61	C	A	0|0	5	2	526	1	0	1
48423878	5	0.579	A	C	1|1	5	2	526	0.996198	0.00380228	0.00380228
48439947	5	2.37	G	A	0|0	5	2	526	1	0	1
48439973	5	2.16	A	T	0|0	5	2	526	0.994297	0.00570342	0.994297
48439978	5	2.37	T	C	0|0	5	2	526	0.998099	0.00190114	0.998099
48440039	5	0.152	C	T	0|0	5	2	526	1	0	1
48440079	5	1.08	A	G	1|1	5	2	526	1	0	0
48440111	5	0.621	C	G	0|0	5	2	526	1	0	1
48440134	5	0.574	A	G	0|0	5	2	526	1	0	1
48440136	5	0.407	T	C	0|0	5	2	526	1	0	1
48440288	5	1.62	A	G	1|1	5	2	526	1	0	0
48440305	5	0.43	T	C	0|0	5	2	526	1	0	1
48440315	5	0.294	A	T	0|0	5	2	526	1	0	1
48440498	5	1.48	G	C	0|0	5	2	526	1	0	1
48440499	5	1.48	G	C	0|0	5	2	526	1	0	1
48440500	5	1.48	A	T	0|0	5	2	526	0.996198	0.00380228	0.996198
48440537	5	1.48	T	C	0|0	5	2	526	1	0	1
48440564	5	0.258	A	G	0|0	5	2	526	0.996198	0.00380228	0.996198
48440568	5	1.48	A	G	0|0	5	2	526	1	0	1
48440616	5	0.336	C	A	1|1	5	2	526	0.998099	0.00190114	0.00190114
48440664	5	0.968	G	A	0|0	5	2	526	0.998099	0.00190114	0.998099
48440693	5	0.216	G	T	0|0	5	2	526	0.998099	0.00190114	0.998099
48440776	5	1.2	A	G	0|0	5	2	526	1	0	1
48440842	5	2.89	G	A	0|0	5	2	526	0.992395	0.00760456	0.992395
48440861	5	3.79	G	A	0|0	5	2	526	0.574144	0.425856	0.574144
48440913	5	6	G	A	0|0	5	2	526	1	0	1
48440954	5	0.372	T	A	0|0	5	2	526	0.996198	0.00380228	0.996198
48441020	5	1.65	C	G	0|0	5	2	526	1	0	1
48441053	5	0.914	T	C	0|0	5	2	526	1	0	1
48441076	5	5.02	A	G	1|1	5	2	526	1	0	0
48441118	5	1.72	C	T	0|0	5	2	526	1	0	1
48441216	5	6	G	A	0|0	5	2	526	1	0	1
48441228	5	5.02	T	C	1|1	5	2	526	0.73384	0.26616	0.26616
48441247	5	4.91	T	A	0|0	5	2	526	1	0	1
48441260	5	6	G	A	0|0	5	2	526	1	0	1
48441261	5	4.9	C	T	1|1	5	2	526	0.73384	0.26616	0.26616
48441263	5	4.96	G	C	0|0	5	2	526	1	0	1
48441281	5	3.91	T	A	0|0	5	2	526	1	0	1
48441367	5	2.83	A	T	0|0	5	2	526	0.998099	0.00190114	0.998099
48441509	5	5.02	T	C	1|1	5	2	526	0.735741	0.264259	0.264259
48441531	5	4.86	T	C	0|0	5	2	526	1	0	1
48441562	5	6	G	C	0|0	5	2	526	1	0	1
48441574	5	6	G	C	0|0	5	2	526	1	0	1
48441636	5	2.39	G	A	0|0	5	2	526	1	0	1
48441674	5	2.67	T	C	0|0	5	2	526	0.741445	0.258555	0.741445
48441715	5	2.62	G	A	0|0	5	2	526	1	0	1
48441721	5	5.02	A	G	1|1	5	2	526	0.743346	0.256654	0.256654
48441725	5	6	T	C	0|0	5	2	526	1	0	1
48441728	5	5.86	C	T	0|0	5	2	526	1	0	1
48441742	5	6	G	A	0|0	5	2	526	1	0	1
48441749	5	5.02	T	C	1|1	5	2	526	0.739544	0.260456	0.260456
48441752	5	6	G	A	0|0	5	2	526	1	0	1
48441760	5	5.74	G	A	0|0	5	2	526	0.996198	0.00380228	0.996198
48441761	5	5.86	G	A	0|0	5	2	526	1	0	1
48441767	5	6	G	T	0|0	5	2	526	1	0	1
48441798	5	0.814	C	T	1|1	5	2	526	1	0	0
48441872	5	3.39	G	A	0|0	5	2	526	1	0	1
48441904	5	2.39	A	T	0|0	5	2	526	0.998099	0.00190114	0.998099
48441912	5	2.07	T	C	0|0	5	2	526	1	0	1
48441926	5	0.945	G	T	0|0	5	2	526	0.741445	0.258555	0.741445
48441963	5	1.7	A	C	0|0	5	2	526	1	0	1
48441977	5	0.769	T	C	0|0	5	2	526	1	0	1
48442000	5	1.33	T	C	0|0	5	2	526	1	0	1
48442005	5	0.575	T	C	0|0	5	2	526	0.998099	0.00190114	0.998099
48442030	5	2.37	C	G	0|0	5	2	526	1	0	1
48442063	5	1.38	G	A	0|0	5	2	526	1	0	1
48442094	5	0.833	C	A	0|0	5	2	526	1	0	1
48442112	5	1.58	G	A	0|0	5	2	526	0.992395	0.00760456	0.992395
48442178	5	0.495	G	A	0|0	5	2	526	1	0	1
48442190	5	2.16	G	T	0|0	5	2	526	1	0	1
48442258	5	0.828	C	T	0|0	5	2	526	1	0	1
48442332	5	0.144	C	G	0|0	5	2	526	1	0	1
48442337	5	2.52	C	T	0|0	5	2	526	1	0	1
48442345	5	0.295	C	G	0|0	5	2	526	1	0	1
48442361	5	1.58	G	T	0|0	5	2	526	0.771863	0.228137	0.771863
48442385	5	2.11	C	T	0|0	5	2	526	1	0	1
48442595	5	2.46	G	A	0|0	5	2	526	1	0	1
48442627	5	3.23	G	A	0|0	5	2	526	0.990494	0.0095057	0.990494
48442715	5	2.39	G	T	0|0	5	2	526	0.984791	0.0152091	0.984791
48442730	5	1.32	G	T	0|0	5	2	526	1	0	1
48442743	5	2.39	T	C	0|0	5	2	526	1	0	1
48442929	5	1.48	C	T	0|0	5	2	526	1	0	1
48442974	5	0.592	G	A	0|0	5	2	526	0.663498	0.336502	0.663498
48442985	5	1.21	G	A	0|0	5	2	526	1	0	1
48443333	5	0.328	G	C	0|0	5	2	526	0.693916	0.306084	0.693916
48443572	5	0.333	G	A	0|0	5	2	526	1	0	1
48443574	5	1.19	A	G	0|0	5	2	526	0.996198	0.00380228	0.996198
48443702	5	1.58	C	A	0|0	5	2	526	0.935361	0.0646388	0.935361
48443751	5	0.623	C	T	0|0	5	2	526	0.996198	0.00380228	0.996198
48443796	5	1.43	C	T	0|0	5	2	526	1	0	1
48443798	5	0.176	T	C	0|0	5	2	526	1	0	1
48443931	5	1.7	T	G	0|0	5	2	526	1	0	1
48443984	5	1.7	C	A	0|0	5	2	526	1	0	1
48443996	5	1.48	A	G	0|0	5	2	526	1	0	1
48444019	5	1.33	G	A	0|0	5	2	526	1	0	1
48444077	5	1.33	C	G	0|0	5	2	526	0.458175	0.541825	0.458175
48444105	5	1.33	G	A	1|1	5	2	526	0.998099	0.00190114	0.00190114
48444111	5	0.284	C	T	0|0	5	2	526	1	0	1
48444119	5	0.282	G	C	0|0	5	2	526	0.996198	0.00380228	0.996198
48444208	5	0.402	C	T	0|0	5	2	526	0.998099	0.00190114	0.998099
48444290	5	0.308	T	C	1|1	5	2	526	0.996198	0.00380228	0.00380228
48444327	5	1.1	T	C	0|0	5	2	526	0.944867	0.0551331	0.944867
48444443	5	1.19	T	A	0|0	5	2	526	1	0	1
48444542	5	0.179	C	A	0|0	5	2	526	0.250951	0.749049	0.250951
48444610	5	1.07	T	A	0|0	5	2	526	0.988593	0.0114068	0.988593
48444643	5	0.399	T	C	1|1	5	2	526	0.996198	0.00380228	0.00380228
48444650	5	1.43	G	T	0|0	5	2	526	1	0	1
48444672	5	0.423	G	A	0|0	5	2	526	1	0	1
48444701	5	1.09	T	C	1|1	5	2	526	1	0	0
48444728	5	1.36	C	T	0|0	5	2	526	0.958175	0.0418251	0.958175
48444742	5	1.3	C	T	0|0	5	2	526	0.996198	0.00380228	0.996198
48444749	5	1.3	C	T	0|0	5	2	526	0.996198	0.00380228	0.996198
48444758	5	1.45	G	A	0|0	5	2	526	0.895437	0.104563	0.895437
48444771	5	1.59	C	G	0|0	5	2	526	0.923954	0.0760456	0.923954
48444793	5	1.47	C	T	0|0	5	2	526	0.998099	0.00190114	0.998099
48444798	5	0.405	C	T	0|0	5	2	526	1	0	1
48444804	5	0.438	T	G	1|1	5	2	526	0.807985	0.192015	0.192015
48444812	5	0.195	G	A	0|0	5	2	526	0.965779	0.0342205	0.965779
48444934	5	1.33	C	A	0|0	5	2	526	0.996198	0.00380228	0.996198
48444942	5	1.33	G	C	0|0	5	2	526	1	0	1
48445053	5	0.968	G	T	0|0	5	2	526	1	0	1
48445057	5	0.968	C	A	0|0	5	2	526	1	0	1
48445080	5	0.485	A	G	0|0	5	2	526	0.804183	0.195817	0.804183
48445091	5	1.12	C	A	0|0	5	2	526	0.889734	0.110266	0.889734
48445104	5	0.0988	C	A	0|0	5	2	526	1	0	1
48445121	5	1.12	T	G	0|0	5	2	526	1	0	1
48445131	5	0.963	T	C	0|0	5	2	526	1	0	1
48445142	5	0.963	C	T	0|0	5	2	526	1	0	1
48617823	5	0.968	T	C	0|0	5	2	526	0.889734	0.110266	0.889734
48617830	5	0.968	G	T	0|0	5	2	526	0.958175	0.0418251	0.958175
48617844	5	0.843	T	G	0|0	5	2	526	1	0	1
48617891	5	0.675	C	T	0|0	5	2	526	1	0	1
48618239	5	0.327	A	G	0|0	5	2	526	1	0	1
48618245	5	0.377	A	C	1|1	5	2	526	0.996198	0.00380228	0.00380228
48618250	5	0.377	A	C	1|1	5	2	526	0.891635	0.108365	0.108365
48618264	5	0.301	G	A	0|0	5	2	526	1	0	1
48618333	5	1.55	T	C	0|0	5	2	526	0.891635	0.108365	0.891635
48618341	5	0.4	G	T	1|1	5	2	526	0.996198	0.00380228	0.00380228
48618347	5	0.538	G	A	0|0	5	2	526	1	0	1
48618349	5	1.55	T	A	0|0	5	2	526	0.958175	0.0418251	0.958175
48624229	5	1.33	A	G	0|0	5	2	526	1	0	1
48624263	5	0.159	G	T	0|0	5	2	526	1	0	1
48624296	5	1.55	G	T	0|0	5	2	526	0.956274	0.0437262	0.956274
48624337	5	0.399	G	A	0|0	5	2	526	1	0	1
48624372	5	0.35	A	G	1|1	5	2	526	1	0	0
48624396	5	0.628	G	A	0|0	5	2	526	1	0	1
48624433	5	1.7	T	G	0|0	5	2	526	0.980989	0.0190114	0.980989
48624444	5	0.681	A	G	1|1	5	2	526	1	0	0
48624453	5	1.7	C	T	0|0	5	2	526	0.91635	0.0836502	0.91635
48624455	5	0.645	G	A	0|0	5	2	526	0.914449	0.0855513	0.914449
48624470	5	1.7	C	A	0|0	5	2	526	0.914449	0.0855513	0.914449
48624505	5	0.529	T	C	1|1	5	2	526	0.885932	0.114068	0.114068
48624584	5	1.55	C	G	0|0	5	2	526	0.889734	0.110266	0.889734
48624639	5	1.55	G	A	0|0	5	2	526	1	0	1
48624647	5	1.55	C	A	0|0	5	2	526	0.889734	0.110266	0.889734
48624733	5	1.55	G	A	0|0	5	2	526	1	0	1
48624783	5	0.549	C	T	0|0	5	2	526	0.952471	0.0475285	0.952471
48624791	5	0.529	T	C	1|1	5	2	526	1	0	0
48624853	5	1.55	G	A	0|0	5	2	526	1	0	1
48624870	5	0.302	G	C	1|1	5	2	526	0.954373	0.0456274	0.0456274
48624871	5	1.34	G	A	0|0	5	2	526	1	0	1
48624925	5	0.547	G	T	0|0	5	2	526	0.98289	0.0171103	0.98289
48624956	5	1.55	C	T	0|0	5	2	526	0.954373	0.0456274	0.954373
48624983	5	0.163	A	T	0|0	5	2	526	0.89924	0.10076	0.89924
48625028	5	1.12	G	A	0|0	5	2	526	0.901141	0.0988593	0.901141
48625142	5	0.316	C	G	0|0	5	2	526	1	0	1
48625229	5	0.0153	T	C	1|1	5	2	526	1	0	0
48625244	5	0.0162	A	G	0|0	5	2	526	1	0	1
48625256	5	0.807	C	A	0|0	5	2	526	0.954373	0.0456274	0.954373
48625297	5	1.13	G	A	0|0	5	2	526	0.885932	0.114068	0.885932
48625316	5	1.13	G	C	0|0	5	2	526	1	0	1
48625601	5	1.01	C	A	0|0	5	2	526	1	0	1
48625610	5	0.864	T	C	0|0	5	2	526	0.901141	0.0988593	0.901141
48625668	5	1.01	T	G	0|0	5	2	526	1	0	1
48625714	5	1.01	C	A	0|0	5	2	526	1	0	1
48625726	5	1.01	T	C	0|0	5	2	526	1	0	1
48917587	5	0.653	G	C	1|1	5	2	526	0.992395	0.00760456	0.00760456
48918403	5	0.954	G	C	1|1	5	2	526	0.998099	0.00190114	0.00190114
