Gene	baseMean	log2FoldChange	lfcSE	stat	pvalue	padj
Zm00001d022395	4016.66250362424	2.54728153008178	0.297212648033807	8.57056907548575	1.02974895235539e-17	2.02180909305457e-13
Zm00001d052485	751.739368306374	-2.12970758266248	0.3553589727936	-5.99311610431589	2.05857767249438e-09	8.08362280435092e-06
Zm00001d044529	263.898861411043	2.47362986485454	0.43974873035965	5.62509836658647	1.85402294620278e-08	6.06698108762425e-05
Zm00001d023395	1435.55132886584	3.15618710675611	0.599300521835128	5.2664514575951	1.3908600184009e-07	0.000341351820016041
Zm00001d012307	61.6811645645594	-2.25244665001656	0.42718888821608	-5.27271825684107	1.34417834970017e-07	0.000341351820016041
Zm00001d044040	178.249858215476	-2.68847498707389	0.523896119387567	-5.13169479135808	2.87144847608207e-07	0.000626422437548838
Zm00001d048613	151.586147669212	-3.04294703002296	0.596155378760634	-5.10428512168932	3.32047325182252e-07	0.000651941718262834
Zm00001d039099	90.722124904803	3.5398805907758	0.77669900831837	4.5575963827223	5.17423482651025e-06	0.00634943291148139
Zm00001d034077	158.821239509103	-2.7980194356684	0.626784624822607	-4.46408435187812	8.04118831731854e-06	0.00928709949542543
