Gene	baseMean	log2FoldChange	lfcSE	stat	pvalue	padj
Zm00001d005317	289.873225394248	2.3955926509914	0.184632960812421	12.9748915927596	1.69836467603573e-38	2.27767686703152e-34
Zm00001d018255	256.17786948155	4.03417323215694	0.324482065324746	12.4326539530605	1.73767892003178e-35	1.55360079976975e-31
Zm00001d037945	332.907018390719	7.21544996642015	0.604152381482144	11.9430961253827	7.05473382373462e-33	4.73055176550525e-29
Zm00001d021336	1837.78079288272	-5.48153347857218	0.487274578492449	-11.2493729829518	2.33244232236227e-29	1.25121535940802e-25
Zm00001d022593	464.865870123696	2.50691886175739	0.230322512584558	10.8843848290211	1.36819257901349e-27	6.1162768923833e-24
Zm00001d020921	1312.6185844062	-5.5069424017304	0.535545934337815	-10.2828572651561	8.41939059159999e-25	2.82281118059869e-21
Zm00001d026542	1321.69309470535	-4.15207702532037	0.404871132989163	-10.2553051749222	1.12021585735942e-24	3.05480978974575e-21
Zm00001d002500	748.955866097233	-3.02767781958149	0.298885630159803	-10.1298875357865	4.07117419749242e-24	9.92700312046743e-21
Zm00001d053281	2152.24222771128	-3.19723800198861	0.32905101960944	-9.71654184747248	2.56339626380182e-22	4.91110104197804e-19
Zm00001d015133	1577.16366490098	4.72633982305886	0.486155394195058	9.72187057779005	2.43270738022274e-22	4.91110104197804e-19
Zm00001d049191	7678.11570586066	-2.15611754187274	0.2256956827463	-9.55320684754255	1.25742503185807e-21	2.10791588778107e-18
Zm00001d045101	948.304349628095	3.33886924659725	0.368105758052537	9.0704075488021	1.18572670522915e-19	1.59017808438281e-16
Zm00001d032311	1595.83337015105	-2.92101704005186	0.327665092975696	-8.91464212292066	4.89394263628851e-19	5.96660588138775e-16
Zm00001d013676	68.5197017919286	2.18660016665923	0.252960852068984	8.64402593830184	5.42662274945115e-18	5.82211501543116e-15
Zm00001d046234	10126.1758067383	-2.64113012271271	0.308176813670481	-8.57017791590497	1.0332528119247e-17	9.89782390051578e-15
Zm00001d025901	6492.64399331617	-2.09342218834857	0.249041790788852	-8.40590722431586	4.24566677374362e-17	3.45082649107125e-14
Zm00001d028599	981.633125321157	2.37937582764015	0.283859248828201	8.38223816015311	5.19306238279228e-17	3.86911997864596e-14
Zm00001d026859	143.335526460114	-4.58722812744555	0.548090253712068	-8.36947582332925	5.78751007673002e-17	4.08506829679086e-14
Zm00001d045965	4669.14565708268	-2.50717340961845	0.301191201686745	-8.32419205998602	8.49058476151164e-17	5.83934524290423e-14
Zm00001d049616	439.630125331006	2.48681526962148	0.299466852112862	8.30414201797619	1.0054332365721e-16	6.7419325678342e-14
Zm00001d033347	503.380921202462	-3.39200107168231	0.409171755257391	-8.28991988840617	1.13324769515081e-16	7.41365114130125e-14
Zm00001d031893	429.461093166109	-2.21642806455623	0.268463669454175	-8.25597023635468	1.50673173753661e-16	9.62227587243021e-14
Zm00001d022669	267.843883087435	-3.02602064331083	0.370545683326634	-8.16639021710963	3.17754300299057e-16	1.98204787037705e-13
Zm00001d037242	227.826471797472	2.61095048161284	0.322298577033841	8.10103012443239	5.44957531195428e-16	3.32201156857359e-13
Zm00001d026170	45.072529191808	-2.54836381330132	0.315128220251998	-8.08675215207153	6.12767825857636e-16	3.65236858336745e-13
Zm00001d020696	2742.11747077032	-2.06506734466289	0.257457181064397	-8.0210127995861	1.04876798074561e-15	5.74082750603238e-13
Zm00001d009399	41.3390723160351	-5.07437575424779	0.636139863894809	-7.97682403234343	1.50146646143768e-15	8.05446668573631e-13
Zm00001d034068	162.259760427733	-2.88101607212118	0.364199175707679	-7.91055077629722	2.56252630632331e-15	1.32177078054238e-12
Zm00001d021442	583.007464472756	2.27780888889892	0.288080251421489	7.90685539067472	2.63971961230306e-15	1.33589734794703e-12
Zm00001d052726	6019.99234000856	2.46221862838631	0.313346659967618	7.85781035177064	3.9090655213766e-15	1.90634464389751e-12
Zm00001d012229	586.385609833904	2.45233189955326	0.312926546404661	7.83676529757251	4.62300998773013e-15	2.21425667662317e-12
Zm00001d016588	10065.798141944	-2.55690527933743	0.33115941005762	-7.72107088514424	1.15356374144407e-14	5.33463563327806e-12
Zm00001d010662	1208.41003140206	-3.14567987088446	0.407651856082381	-7.71658419788664	1.1948865412444e-14	5.43207573038261e-12
Zm00001d011679	233.522005224452	5.60437336825211	0.733589915120636	7.63965432557846	2.17805700821702e-14	9.2729912816503e-12
Zm00001d033215	85.9055979950555	2.47065068771547	0.326477024017576	7.56760968141653	3.80154171840137e-14	1.52186495479047e-11
Zm00001d034782	2351.91767018768	2.03708950819305	0.271619775547698	7.49978348993714	6.39233300665806e-14	2.42916189795546e-11
Zm00001d039094	230.351322394467	2.18369271348054	0.294635402192452	7.41150824792664	1.24871030701192e-13	4.46572104728984e-11
Zm00001d041726	867.500238902265	-3.30649736843639	0.449286391680246	-7.35944250630588	1.84679876733018e-13	6.51774164964871e-11
Zm00001d018206	2038.70659293389	2.51591995816295	0.346720490849662	7.25633478424512	3.97719991476292e-13	1.3169932853552e-10
Zm00001d046937	3126.97761091285	-2.30221745212813	0.318879779457026	-7.21970347586242	5.21010562218868e-13	1.66363634521839e-10
Zm00001d004671	371.150161107823	-5.33764646298955	0.742987988151901	-7.18402793599173	6.76870244639489e-13	2.13588396490828e-10
Zm00001d009646	309.373927838413	-4.22113571592282	0.588978060506534	-7.16688107582913	7.67256260994052e-13	2.39294737585842e-10
Zm00001d029546	10709.5816042125	-3.05364917820708	0.427193852927618	-7.14815804881088	8.79500178114444e-13	2.69987849022136e-10
Zm00001d043598	888.629002540226	3.43336203571722	0.480853592275711	7.14014014009613	9.32358136297468e-13	2.80985504851356e-10
Zm00001d047639	4125.01331994799	-4.33651322185793	0.608550486433383	-7.12597117007258	1.03349349942882e-12	3.04619369688788e-10
Zm00001d020163	250.64578825632	3.74665823606282	0.528169877972202	7.09366132435899	1.30609538650918e-12	3.80783591923361e-10
Zm00001d017326	40.1591251918729	3.00077711066364	0.424985867529127	7.06088681986107	1.65443310630127e-12	4.72076646566092e-10
Zm00001d011734	287.557338540974	-2.18791640963802	0.310937809323537	-7.03650808628888	1.97117217515393e-12	5.50737292520611e-10
Zm00001d052340	1580.20656350175	-3.46537348123836	0.493025269707034	-7.0287948593336	2.08324996205383e-12	5.76050829713483e-10
Zm00001d019237	136.804479832884	-3.61133796152595	0.515582949262957	-7.00437818335242	2.48085164138806e-12	6.72135381063742e-10
Zm00001d004401	820.958562145565	-2.16751658729242	0.30999333315486	-6.99213936387985	2.70725746331767e-12	7.26140596811065e-10
Zm00001d031300	3176.57246959186	-3.53420148298545	0.50694154986539	-6.9716153349906	3.13322294267128e-12	8.22391194834602e-10
Zm00001d043427	76.2968586152037	-5.8772919064347	0.847125435716025	-6.93792401767156	3.9790361345848e-12	1.01643530668413e-09
Zm00001d017597	280.468857902404	-2.19667173757819	0.319850631326708	-6.86780491402072	6.51972944857605e-12	1.60433195660281e-09
Zm00001d007257	56.1596219966332	2.4482960867169	0.357206329193541	6.85401093604467	7.1807588614236e-12	1.75093012891913e-09
Zm00001d003757	662.739369249818	-2.04337960099117	0.300298505766145	-6.80449473359162	1.01404497743779e-11	2.45033462926453e-09
Zm00001d011073	174.419285886594	-4.27663979340281	0.629119823237775	-6.79781439947802	1.06218168821723e-11	2.52122453463384e-09
Zm00001d046667	302.993665119477	-3.13829454260536	0.462432789199573	-6.7864879305757	1.14896111322352e-11	2.7032837700773e-09
Zm00001d028360	3546.174178246	-2.34365932763936	0.347313552253348	-6.74796394334125	1.49934192931694e-11	3.49698688940338e-09
Zm00001d007549	225.293304704378	2.86728927432683	0.427295423192931	6.71032058546578	1.94197286370184e-11	4.45193129488981e-09
Zm00001d041818	121.284895286481	2.3595844160362	0.356186843451969	6.62456926586169	3.48262186228903e-11	7.53313577341261e-09
Zm00001d011080	5336.62197951624	-2.78682293486081	0.422861396128233	-6.59039335436452	4.38662800726588e-11	9.41265091287084e-09
Zm00001d028888	5311.38597759543	-4.19697426835416	0.641890865241771	-6.53845458101877	6.21577552370256e-11	1.28245793151346e-08
Zm00001d046137	202.75489549969	-8.62264549664217	1.33828470857734	-6.44305762546482	1.17090211430383e-10	2.2757925007143e-08
Zm00001d042646	88.7870397550591	2.32017510520315	0.362260006227797	6.40472330733681	1.50642321802149e-10	2.86562294707605e-08
Zm00001d028469	63.007234151934	2.32165307244806	0.363076723997344	6.39438696837268	1.61192735792055e-10	3.00261695149248e-08
Zm00001d026078	240.181557635441	-3.6281711775008	0.570456383084975	-6.3601202214269	2.01595902129084e-10	3.6535170857475e-08
Zm00001d038192	244.089752027434	-2.17011099093965	0.346324887177905	-6.26611332677595	3.70170980462836e-10	6.57531525693655e-08
Zm00001d006503	190.811914507508	3.37144932056307	0.538635993193711	6.25923511084523	3.86870249471368e-10	6.82673278376385e-08
Zm00001d029906	200.765276762572	2.01975993559176	0.323114114993975	6.25091830367556	4.08046292212632e-10	7.10689457774494e-08
Zm00001d043444	4062.76019255397	-2.4390208570493	0.390444688200555	-6.24677689505787	4.19008892330347e-10	7.25074613553843e-08
Zm00001d028887	5079.15710237767	-4.00491475006042	0.642127766932219	-6.23694373036382	4.46202397340299e-10	7.67182096247532e-08
Zm00001d002370	1018.50917737257	4.59544821689085	0.739370984851832	6.21534833127347	5.12109175042511e-10	8.5848701831189e-08
Zm00001d031769	672.248039004704	2.8710309919129	0.464644832945736	6.17897970308043	6.45171888662205e-10	1.04245785528299e-07
Zm00001d008808	350.014218563551	2.43224060654481	0.393599884270116	6.1794749026797	6.4315156956662e-10	1.04245785528299e-07
Zm00001d020340	648.774477496801	-4.44177191440149	0.724921879175331	-6.12724217877716	8.94153219021587e-10	1.38629928558364e-07
Zm00001d031875	330.228877454422	-2.43855920330788	0.399577417137351	-6.10284540297143	1.04196616055951e-09	1.56323371469845e-07
Zm00001d052713	29.9065871579856	-5.63230696321718	0.92269910734092	-6.10416431359583	1.03339933333098e-09	1.56323371469845e-07
Zm00001d047658	131.031189671048	-4.48377014870467	0.741058426813564	-6.05049478754892	1.44401635632375e-09	2.08233369404923e-07
Zm00001d036763	211.681754812735	2.83522719016574	0.470056217666809	6.03167681567704	1.6226704808531e-09	2.28165346411577e-07
Zm00001d006516	120.980970759427	2.31253750261691	0.384515780881674	6.01415499076367	1.80827440134405e-09	2.50007917488918e-07
Zm00001d015201	592.043686793053	-2.54922785720728	0.425612157749944	-5.98955600959361	2.10414660551292e-09	2.85037476025594e-07
Zm00001d018601	249.385624942831	2.38614259935471	0.399617953069496	5.97105956082946	2.35717662571296e-09	3.14548216193398e-07
Zm00001d009351	246.928121255115	-2.06064663493301	0.347897902793629	-5.92313612236799	3.15859176312085e-09	4.13267064733793e-07
Zm00001d052673	1419.46493302544	2.80923919948345	0.479233176313642	5.8619464142543	4.5747266993056e-09	5.73379997798013e-07
Zm00001d001360	16.7192963471362	-4.76275609686617	0.819232669206961	-5.81367940499326	6.11144072417178e-09	7.48498005039888e-07
Zm00001d052482	398.962594480466	-2.05344369952054	0.358909012938451	-5.72134893662501	1.0568159806691e-08	1.21136402707293e-06
Zm00001d031428	31.8622738006266	-6.04857888424277	1.06298932360343	-5.69015958103761	1.26920701194392e-08	1.42437951775564e-06
Zm00001d029372	47.0290737388219	2.58446029629207	0.454646485976096	5.68454915194914	1.31158198205305e-08	1.45971999678949e-06
Zm00001d044122	103.008748260576	4.73317452612738	0.83763012406305	5.6506737164232	1.59820200710582e-08	1.7285070255884e-06
Zm00001d038997	120.739274036478	-4.46688932226855	0.793601276299437	-5.62863172687632	1.81644754714948e-08	1.94883024438574e-06
Zm00001d032961	267.676663841053	2.87799183542099	0.515399959242048	5.58399701787597	2.3505273676501e-08	2.46272832246527e-06
Zm00001d014976	282.733864753151	-2.52219153023223	0.451771367773171	-5.58289371605017	2.36549316143228e-08	2.46876488622321e-06
Zm00001d001960	96.5322526027089	3.7291971362809	0.672101688632088	5.54856087904027	2.88030591729602e-08	2.89443146918141e-06
Zm00001d011367	17.7927146192001	-2.66491927107713	0.490812033898534	-5.42961273771061	5.64764676968435e-08	5.33384442452372e-06
Zm00001d042187	57.7190566323009	-3.18332108516331	0.589034329333647	-5.40430485395391	6.50602112435739e-08	5.99671816486302e-06
Zm00001d023210	60.6619598678629	-3.10064453890091	0.575149977726957	-5.39101914105069	7.00592109559435e-08	6.3699259534248e-06
Zm00001d018737	150.230252386172	-5.25797402470912	0.975494600901481	-5.39005958602957	7.04343259478883e-08	6.3756150515673e-06
Zm00001d039088	135.472423972758	3.83439810412402	0.713557413354528	5.37363641994553	7.71643747446164e-08	6.78731792213815e-06
Zm00001d038697	28.5285051428537	-7.5955832504452	1.41618057637931	-5.36342849007612	8.16569877346366e-08	7.13421408800789e-06
Zm00001d029474	52.2936020645818	2.57080560530943	0.479382084040672	5.36274861096251	8.19650418133918e-08	7.13787776467141e-06
Zm00001d029983	2572.16385651497	-3.12808386929141	0.583774097961095	-5.35838071647345	8.39711479126135e-08	7.25499950198209e-06
Zm00001d031303	2053.50675359389	-3.38837632579613	0.632331183194425	-5.35854693845503	8.38939419974353e-08	7.25499950198209e-06
Zm00001d047507	82.7395804528742	-2.84834371491086	0.533318112169032	-5.34079689010842	9.25388907471161e-08	7.82989945621182e-06
Zm00001d031895	16.2751443330961	4.32422053702363	0.811541844543022	5.3284011984109	9.90810709641958e-08	8.24986657508566e-06
Zm00001d045022	233.022722855609	-4.39268953941716	0.829987054839144	-5.29247958002006	1.20668947135499e-07	9.82717577805706e-06
Zm00001d027048	205.276335414318	-4.1643378694776	0.787215598672511	-5.28995852787974	1.22344097861042e-07	9.91393774268543e-06
Zm00001d026116	15.7236357377667	2.58518590301816	0.489367418748699	5.28270948161695	1.27287157538549e-07	1.02794612279875e-05
Zm00001d027047	115.398868871987	-4.5027372377071	0.852431245635533	-5.28222922465737	1.27621377560206e-07	1.02794612279875e-05
Zm00001d007267	48.3755798443113	-2.6926787161989	0.510057563213865	-5.2791663341533	1.29772961474373e-07	1.03594356329335e-05
Zm00001d012069	425.41666684509	-2.52675742016938	0.479735699609473	-5.26697809278375	1.38687749701039e-07	1.09408318308272e-05
Zm00001d020383	412.844176375778	-2.2763038674614	0.433350833118565	-5.25279679533604	1.49806786862399e-07	1.1646717789053e-05
Zm00001d037943	161.438450370584	3.48440239751601	0.663653988331748	5.25032992911696	1.51827025574631e-07	1.176966612706e-05
Zm00001d009376	27.8540258309303	5.40923719672041	1.03398762107532	5.23143322653607	1.68200793530537e-07	1.29268816162638e-05
Zm00001d046138	76.8949087963466	-3.08618116540387	0.592191769158584	-5.21145569076192	1.87364596043226e-07	1.41563188593561e-05
Zm00001d044138	1908.72425079084	2.83840791690896	0.547672108178413	5.18267750817119	2.18723036529597e-07	1.63105537868423e-05
Zm00001d037708	58.3926117474709	-3.43217065485158	0.663990702771949	-5.16900408473095	2.35344754898594e-07	1.7389578556171e-05
Zm00001d023402	151.770904291514	-2.66599901091395	0.518286343887203	-5.14387276909262	2.69131837791764e-07	1.94572888227781e-05
Zm00001d042062	139.632600014016	-3.57326682004482	0.698410851160796	-5.11628193362955	3.11617172424788e-07	2.22885221300737e-05
Zm00001d054093	2610.77986540786	-2.87950968939688	0.56555714309981	-5.09145667158288	3.55323075821394e-07	2.50143714952269e-05
Zm00001d044541	228.845105854669	-2.36447413914205	0.467630193464069	-5.05629057359771	4.27489833850273e-07	2.95518874317836e-05
Zm00001d052139	72.500902239044	-3.44848353506232	0.682855036842488	-5.05009606578881	4.4158793518143e-07	3.01380956677769e-05
Zm00001d043442	789.155253091798	3.94990765595008	0.782602863614785	5.04714183858944	4.48468416040536e-07	3.05299996320793e-05
Zm00001d044504	119.378618909522	8.40463140278562	1.66616195877906	5.04430638240258	4.55169466747754e-07	3.09077352838183e-05
Zm00001d000763	43.3778181624436	-2.39738484206593	0.475828373539666	-5.03833940004857	4.6958820329475e-07	3.17261833470322e-05
Zm00001d016691	443.720529990898	-2.49525044497808	0.496929096172278	-5.02134100055395	5.13119698540218e-07	3.44072413856143e-05
Zm00001d004621	139.713808581419	2.53512864915252	0.509716340200802	4.97360678716677	6.57185450442632e-07	4.21699238080677e-05
Zm00001d014914	37.4368655797043	3.25004504270978	0.654200583307347	4.9679641468355	6.76594679515483e-07	4.30038447724272e-05
Zm00001d035681	54.2020771464905	-4.37067714398513	0.881323544918934	-4.9592197657526	7.07768644480065e-07	4.45628417423575e-05
Zm00001d043528	171.23777193054	2.39753046792493	0.484098888114556	4.95256346748224	7.324215646158e-07	4.55800724040023e-05
Zm00001d025383	24.4639361754894	5.31745872182179	1.07548744291963	4.94423134070862	7.64448825655377e-07	4.71357388545483e-05
Zm00001d044642	196.564164434096	-2.66037239115237	0.544108739004949	-4.88941309051127	1.01137061885629e-06	6.1074238047586e-05
Zm00001d023215	763.364692835285	-3.53855232868539	0.726769179949342	-4.86888055562846	1.12232216802337e-06	6.65993920148733e-05
Zm00001d041111	1138.094102693	-2.62510634532423	0.539398523193389	-4.86672883303957	1.13460535037085e-06	6.71796571912739e-05
Zm00001d046491	161.372064529376	3.7639536497289	0.77427169814237	4.86128274965928	1.16627528329275e-06	6.87842819423493e-05
Zm00001d035214	121.046137529391	-2.82115552590005	0.581626422660484	-4.85045970400636	1.23175657237756e-06	7.1356748994192e-05
Zm00001d010265	115.320036390284	3.28410203611378	0.680989800195419	4.82254218076594	1.41740043352968e-06	8.03752947740658e-05
Zm00001d033048	55.2687983185947	-2.56080063301833	0.536952720422195	-4.7691361559819	1.85017583329839e-06	0.000101900238605194
Zm00001d008681	27.1569868957789	-4.28844947628777	0.900117426642496	-4.76432224213679	1.89489476737184e-06	0.000103936334254494
Zm00001d045232	44.4079911395332	4.89551335003355	1.03234286961549	4.74213896770259	2.11473474620742e-06	0.000113670171067686
Zm00001d018742	320.488303740142	-2.28363822189014	0.487083195294746	-4.68839459860292	2.75356676410019e-06	0.000143410034459602
Zm00001d009667	25.0182515793383	2.20004960655272	0.469534265970123	4.68559968037075	2.79141399390237e-06	0.00014481877397379
Zm00001d051492	17.1946568820146	2.57871505491642	0.550557301693651	4.68382681872287	2.81567930550684e-06	0.000145795657012171
Zm00001d037060	323.44012700026	2.13878009694999	0.457640862945862	4.67349021934478	2.96123814036613e-06	0.00015111800404088
Zm00001d029290	20.4021104075568	3.56143931450337	0.764064674472153	4.66117520347837	3.14408930949346e-06	0.000158219068403815
Zm00001d025873	514.883910811579	-2.33226203357593	0.501082903266378	-4.65444344313637	3.24856987845162e-06	0.000162865684635195
Zm00001d053143	19.5399458250271	2.42449107995214	0.52203683044751	4.64429124258105	3.41245896240894e-06	0.000169498100536542
Zm00001d020504	67.3347296563098	2.92724381186673	0.634287234050232	4.61501297003073	3.93070768237495e-06	0.000191341999013903
Zm00001d011603	88.6399197995244	2.74358063535641	0.594776739497688	4.61279073837599	3.97298243996223e-06	0.000192700424963231
Zm00001d012935	676.291600292218	-2.02846027974221	0.442515605844143	-4.58392936419207	4.56318443548087e-06	0.000215861962836804
Zm00001d020757	28.8473804073055	-2.7324382954176	0.59717241230869	-4.57562713731852	4.74795519773483e-06	0.000222639255793083
Zm00001d042307	124.816716526715	-2.06090956463303	0.45368875598485	-4.54256257719962	5.55744917045233e-06	0.000253938503662474
Zm00001d041796	11.9440761855428	3.44132564285756	0.758255967977363	4.5384748530727	5.66625513220608e-06	0.000258031061385452
Zm00001d017545	67.5371849612918	-2.91067170123611	0.643647233762664	-4.52215367138419	6.12135914305929e-06	0.000277343065768812
Zm00001d050293	937.863782510645	-2.36970740899324	0.530861934794284	-4.46388647155787	8.04862216426948e-06	0.000348193780145219
Zm00001d050628	14.6827103198694	4.28629784421567	0.964001209188434	4.44636148104439	8.7336938316982e-06	0.000372424699449617
Zm00001d002260	21.7960820221393	-3.37371570130809	0.759982740543154	-4.4392004203897	9.02937036418069e-06	0.000383205335297555
Zm00001d025985	100.113091938593	-2.21894797152307	0.500743243549023	-4.43130885959889	9.36628167666404e-06	0.000394383684664808
Zm00001d039698	623.666448227977	2.3749603883028	0.536231887581827	4.42898015448659	9.46797336827191e-06	0.000396796846380921
Zm00001d014163	15.3052042545282	-2.71625347722699	0.614912796258791	-4.41729867023915	9.99420878215657e-06	0.000414960786308055
Zm00001d014816	54.7084359138049	-3.47619268496858	0.786855876918837	-4.41782642404683	9.9698433694686e-06	0.000414960786308055
Zm00001d017249	996.647858967252	2.29298089106565	0.519055712970526	4.41760071947394	9.98025677853674e-06	0.000414960786308055
Zm00001d037057	231.516389617653	-2.68332408172071	0.607930352728083	-4.41386759137673	1.01540076318393e-05	0.000419646830048063
Zm00001d042196	153.097950193645	2.20494084351151	0.501953619887742	4.39271828342353	1.11942143411475e-05	0.000458398804669097
Zm00001d013937	48.2221208190831	-2.45344999542225	0.560393113556477	-4.3780873391746	1.19725373838722e-05	0.000484355049336683
Zm00001d030550	65.2621257081448	2.13630625584448	0.489115405088434	4.36769366415319	1.25565441421526e-05	0.000504179082306613
Zm00001d053118	187.88798576571	2.16379763978403	0.498354170029893	4.34188729604537	1.41263996269833e-05	0.000551525896353634
Zm00001d033618	20.5336000020152	-2.45727889088224	0.566615452331924	-4.33676646263215	1.44594111208014e-05	0.000562888715648964
Zm00001d017952	200.806074223082	2.01705288264247	0.465983363272631	4.32859419803439	1.50064146709076e-05	0.000578307549286038
Zm00001d044644	150.579550386249	-2.76624341127863	0.64004791921738	-4.32193173076956	1.54669050562112e-05	0.000592647610596708
Zm00001d038352	2089.46238043591	-2.41062888782358	0.558514005168268	-4.31614760868408	1.58775826949482e-05	0.000606650317726354
Zm00001d014043	146.859983380987	2.31894967714569	0.540568496824764	4.28983503620156	1.78805883028362e-05	0.000674533248183786
Zm00001d038984	308.823140365744	-3.00583173858905	0.705417849284148	-4.26106561045959	2.03454488304344e-05	0.000748092099498357
Zm00001d025576	311.221055849166	-2.62291820616409	0.616267735751203	-4.25613423192904	2.07991861746627e-05	0.00076076028471163
Zm00001d042735	139.943887567161	3.59332907288094	0.84429040836874	4.25603446072974	2.08084648288132e-05	0.00076076028471163
Zm00001d011303	402.494248104755	2.11358367528021	0.497242475529065	4.25060967092837	2.13189415395671e-05	0.000775870624117052
Zm00001d038296	533.417465002843	-2.80521462055584	0.66072176912933	-4.24568214886038	2.17929384738389e-05	0.000792046335698248
Zm00001d014349	64.6613212288321	-2.31140710650155	0.54546264395265	-4.23751677979656	2.26005533651806e-05	0.000812589869116453
Zm00001d033815	44.2330253567793	2.19137954134369	0.518077023328924	4.22983348549776	2.33864353769576e-05	0.000831924362971827
Zm00001d020982	586.474663691632	2.00608436852996	0.475420681926251	4.21959844153593	2.44737842345451e-05	0.00086486935538731
Zm00001d045052	268.904902658859	2.71980787172307	0.645504326881862	4.21346187540093	2.51486053005055e-05	0.000884057524731531
Zm00001d025964	265.717571287909	3.07718623441282	0.731128518334502	4.20881713302962	2.56711038419221e-05	0.00089771883604698
Zm00001d041853	81.3811642191944	2.22607584151084	0.531473193768788	4.1885006950685	2.80803450842574e-05	0.000970581205992208
Zm00001d038703	12461.1081139133	2.17055888718194	0.518858368492499	4.18333599106885	2.87262350597503e-05	0.00099035356911648
Zm00001d034097	17.2262325991695	-3.28247371906072	0.795721966884518	-4.12515156759157	3.70490686795002e-05	0.00121930076088534
Zm00001d022965	402.771055592158	-3.21732579755365	0.782798783198251	-4.1100291244817	3.95609217500099e-05	0.00129560811132939
Zm00001d008909	13.6332294731684	-3.1345024077013	0.764906563137473	-4.09788928316196	4.16934608773042e-05	0.0013468658385044
Zm00001d011157	107.107887424819	2.08511301781034	0.50976123897097	4.0903718415693	4.30682142853389e-05	0.00138344388450462
Zm00001d029232	21.5097624992146	2.47167374063419	0.604495372052888	4.08882161039596	4.33570113240581e-05	0.00139105473413144
Zm00001d043973	122.931651849902	-2.17966308884283	0.533623088564046	-4.08464913823012	4.41434669418387e-05	0.0014061948578551
Zm00001d042041	98.42014092719	2.08767297928439	0.511892026212718	4.07834635505116	4.53571617007542e-05	0.0014346341876623
Zm00001d033273	1320.75626173403	2.00821733501515	0.49379135930333	4.06693494565896	4.7635533897195e-05	0.00148394923367081
Zm00001d002736	147.144172748433	2.58624716518208	0.637261466279754	4.0583768233787	4.94149862172047e-05	0.00151333776242716
Zm00001d013032	21.4381238413646	3.71944955039287	0.921233022423747	4.03746876181997	5.40310367840352e-05	0.00163384494771296
Zm00001d028004	261.956446617828	-2.16626219235003	0.540157881558002	-4.01042411174634	6.06097791574869e-05	0.00179039151603757
Zm00001d023240	9.13614851746335	2.67453446442382	0.670454744861366	3.98913496387717	6.63146846381233e-05	0.00192083420233666
Zm00001d000214	8.86894945151342	-5.17721679016029	1.30253518899779	-3.97472316593904	7.04611660383162e-05	0.00202763394991019
Zm00001d002971	35.6229483663898	2.57312721362056	0.647588404232529	3.97339914798201	7.08541662955287e-05	0.00203256732446917
Zm00001d036535	134.634414258525	-2.73019139030694	0.688770745516279	-3.96386084641338	7.37472508403121e-05	0.00210207094796902
Zm00001d013997	205.544937684798	2.10317215007419	0.530682676207529	3.96314453885004	7.39689667942874e-05	0.00210391901098237
Zm00001d009741	7.89689023484615	2.74760305036803	0.693245011064097	3.96339390333382	7.38917105208929e-05	0.00210391901098237
Zm00001d015032	197.777357943429	-2.28550136775414	0.577615400624289	-3.95678744937195	7.59644654134978e-05	0.00215155109959962
Zm00001d028900	11.5075576500168	3.81989172519568	0.967264383794953	3.94917024672072	7.84225627128621e-05	0.00220950627844999
Zm00001d040277	29.2682548869828	2.07507906301854	0.527621212296408	3.93289544593366	8.3928749299767e-05	0.00232795957985352
Zm00001d000556	89.5506112044815	-2.3587491880785	0.599729777891238	-3.93301996171058	8.38852685539225e-05	0.00232795957985352
Zm00001d039022	18.9428484557948	2.75953226994833	0.704008718745004	3.91974161181922	8.86439549962325e-05	0.00243109218906846
Zm00001d032495	36.3849816971827	-3.06552719818494	0.786607178964192	-3.89715131029142	9.73308126068035e-05	0.00263122940667374
Zm00001d047077	603.091676969002	-2.90104419254149	0.744737727929919	-3.89539039549569	9.80406892424106e-05	0.00264020819965857
Zm00001d014919	86.4185387852312	-2.14197919990171	0.550814872089502	-3.88874612585563	0.000100763451913644	0.00268389007669092
Zm00001d023411	106.795765645779	-2.57137568442112	0.661554963181512	-3.88686628856204	0.000101546651809593	0.00270206775281438
Zm00001d005692	265.91051401363	-2.20799626918711	0.57027362851825	-3.87181899840639	0.000108026160650628	0.00283510536298545
Zm00001d025565	6.68092076475987	-3.69761924001739	0.955679962501567	-3.86909779957987	0.000109238821093291	0.00285297337815408
Zm00001d037118	17.9729979571857	4.11929342330415	1.06720574863468	3.85988683866642	0.000113439545216377	0.00293128659132338
Zm00001d051569	36.4502453605312	-2.4222562107358	0.627773788239933	-3.85848574137986	0.000114091722633399	0.00294246940814714
Zm00001d022075	21.0749474801033	2.31975268093668	0.603308341544439	3.84505321938401	0.000120526277466912	0.00304689520661406
Zm00001d037779	327.574348013813	2.14217591912191	0.559196431666927	3.83081113864806	0.000127721514390516	0.00317787241092988
Zm00001d027532	844.380876758146	-2.48828097584856	0.650428100237073	-3.82560497454156	0.000130451330407702	0.00323057278523294
Zm00001d048063	21.2255811515272	-3.2904698962764	0.860673328401884	-3.82313450143298	0.0001317658550601	0.00325434969099631
Zm00001d000986	11.1593171327566	-3.68728971696687	0.967173606538074	-3.81243831721716	0.000137602576072057	0.00337057195927371
Zm00001d032504	148.386017769956	-2.99530096864996	0.787230936731337	-3.80485678203495	0.00014188626228394	0.00346285107095527
Zm00001d008837	1181.61164517554	2.03843033404696	0.536900613113667	3.79666233239224	0.000146657338932382	0.00355342650844115
Zm00001d047651	213.22161012351	-3.53444401092354	0.946752917688247	-3.73322748194306	0.000189041713980101	0.00434860793514089
Zm00001d001206	137.245248456556	-2.6070331253893	0.699373154449212	-3.72767114208502	0.000193257323124151	0.00439991615826554
Zm00001d001373	11.5081993285451	-7.01262186238358	1.88170705910108	-3.72673409947966	0.00019397690726356	0.00440919373442645
Zm00001d013689	151.689306495571	2.14637535362998	0.579646781048811	3.70290222218838	0.000213147047830146	0.00477089161717989
Zm00001d036499	53.5711441180622	-2.65762030399983	0.718386050005788	-3.69943194745837	0.000216082569466688	0.0048181546886798
Zm00001d046142	32.529408456823	-2.53692712790662	0.686188413196239	-3.69712906705858	0.000218051495157861	0.00483753283963948
Zm00001d024371	55.4482973455955	-2.10819433814868	0.570589768591201	-3.6947636536734	0.00022009141380459	0.00487041603357464
Zm00001d046169	84.3830086548524	2.73658274058231	0.740704180654756	3.69456904936499	0.000220260034625533	0.00487041603357464
Zm00001d011368	29.4750782142103	-2.19182199464066	0.595523407126982	-3.68049680064599	0.000232779980168904	0.00507611758381328
Zm00001d004323	27.5801024970791	-4.87013566951893	1.32345656497022	-3.67986060020679	0.000233361485519917	0.0050846643091919
Zm00001d020067	23.5229470673582	2.09802089392543	0.57065704047806	3.6765004987371	0.000236455393207951	0.00513970565577016
Zm00001d035597	474.300262559495	-2.02903681402635	0.55378504291914	-3.66394296843191	0.000248362108900112	0.00533352160521922
Zm00001d007781	12.5816137016304	2.54140650815432	0.695529434500334	3.65391654485487	0.000258270245497837	0.00549787660693887
Zm00001d012403	37.753432077632	-2.37655603330577	0.65220294841393	-3.64389035511912	0.000268547857673571	0.00566718382259679
Zm00001d039930	21.8076198538823	2.20521932908423	0.605489909277293	3.64204142017224	0.000270484537764666	0.00569321194156661
Zm00001d046668	43.4642454348548	-2.8231274380446	0.775734719026617	-3.63929494039796	0.00027338553742487	0.00572870850375771
Zm00001d013261	597.646760736356	3.1666984694204	0.872799594559853	3.62820799775616	0.000285395297258554	0.00594322411728954
Zm00001d012068	98.5519556002494	-2.25729105237754	0.624014051229006	-3.61737215361059	0.000297609248191509	0.00612622813122998
Zm00001d046687	698.457084139217	-2.28427508000966	0.632630363180153	-3.61075789743461	0.000305303551725303	0.00626059011037927
Zm00001d020503	73.9191752975286	2.56803079852064	0.712631855391235	3.60358687180885	0.000313855781533472	0.00638713184544065
Zm00001d032887	10.1066986504609	2.84098676015751	0.788928213859219	3.60107131453721	0.000316908626691993	0.00641034931005479
Zm00001d012419	16.7294358497685	-2.55696436134405	0.712830188422187	-3.5870595870859	0.000334427921480952	0.00671409110027102
Zm00001d047830	392.912859246619	2.37404265674471	0.662616385697898	3.58283119461989	0.000339890265018712	0.00680846653348162
Zm00001d005055	10.5234617823255	2.85928945938656	0.800703484801141	3.57097166886526	0.000355659368074418	0.00705062495971326
Zm00001d040464	93.9012922696008	-2.84284392606317	0.797564208858033	-3.56440759814637	0.000364678889435962	0.00720281087809379
Zm00001d046824	89.6067710383886	2.61356857691081	0.735281316656646	3.55451514638617	0.000378676699549782	0.00745731750023806
Zm00001d038696	702.517868979268	-2.73426094694383	0.771702793378978	-3.54315284381905	0.000395373481686737	0.00773501643019815
Zm00001d015202	222.320356428274	2.19310250811758	0.623243484218542	3.51885348768213	0.000433415991640973	0.0083036312341387
Zm00001d042425	245.494781463966	-2.10267690773922	0.599043297320346	-3.51005831656069	0.000448008426055413	0.00855874786585348
Zm00001d037857	47.265846036841	2.08486298868727	0.595089329230802	3.50344542622217	0.000459280755410998	0.00869359803926167
Zm00001d006351	41.0249747358466	2.51038510562132	0.718617171182405	3.49335530278349	0.000476991404723526	0.00892802753488793
Zm00001d007560	183.793933861238	3.80736173936295	1.09097090318691	3.48988385321828	0.000483230518541341	0.00899435925520757
Zm00001d040468	293.414957215735	2.00345344330259	0.574076782445564	3.48987017863341	0.000483255245204076	0.00899435925520757
Zm00001d035479	151.315482951509	4.58748052006145	1.3203846570404	3.47435158050393	0.000512089574071393	0.00941416487713702
Zm00001d025707	6821.50051799657	-2.19292292626918	0.631225060606915	-3.47407456250344	0.000512618563377527	0.00941743500473426
Zm00001d000229	6.65202969381482	5.3995740067097	1.55553861313336	3.47119252529077	0.000518152355396702	0.00948013811490474
Zm00001d053062	35.7532061359123	2.72975586260674	0.787900787016606	3.46459339499201	0.000531033711589103	0.00963693248460279
Zm00001d049946	11.316671185378	-2.73563762912912	0.789742756124651	-3.46396039458871	0.000532284873550192	0.00965218007760636
Zm00001d022464	210.714870084625	-2.3921864283057	0.690895168926434	-3.4624448626886	0.000535291579833186	0.00968798296510507
