Gene	baseMean	log2FoldChange	lfcSE	stat	pvalue	padj
Zm00001d052713	259.416325264923	-6.99968779911048	0.58266254739392	-12.013279093393	3.02603692518087e-33	8.20782255586059e-29
Zm00001d020696	4545.70099128533	-2.32671047425148	0.21086135342195	-11.0343144274311	2.61034641211605e-28	2.36010120274119e-24
Zm00001d015201	414.283823282028	-2.90519331805872	0.269813711731178	-10.7674042932008	4.90638912556981e-27	3.32702246604889e-23
Zm00001d010662	1528.33705919342	-3.07611150560014	0.29615023839787	-10.3869965536461	2.84160605498588e-25	9.63446532942962e-22
Zm00001d052482	712.313808955566	-2.51702531553319	0.244022310960305	-10.3147343602636	6.04482369144647e-25	1.8217755311866e-21
Zm00001d033618	72.6623163525748	-3.74847338268863	0.366370845239679	-10.2313637435762	1.43484408275446e-24	3.8918710900632e-21
Zm00001d032311	1954.28612739686	-2.71658620030632	0.26894450855463	-10.100917155386	5.47279292151171e-24	1.34949122911894e-20
Zm00001d020340	1034.29456642822	-5.51338144554547	0.549088944049773	-10.0409624074414	1.00686939071706e-23	2.27586044615081e-20
Zm00001d010061	4064.32647013779	-2.50609653974942	0.25379610546792	-9.87444836920948	5.37277575584816e-23	1.0409369257259e-19
Zm00001d045965	5210.11182310943	-3.66946988888916	0.393873382493767	-9.316369300348	1.20389485405145e-20	1.36060183422048e-17
Zm00001d018811	323.492391035288	-2.04284642993907	0.222057766590181	-9.19961711453779	3.59227470330329e-20	3.89747436209594e-17
Zm00001d016237	2404.97770347815	-5.07153548267177	0.562760139314251	-9.0118953500361	2.02525542375178e-19	2.03455659680901e-16
Zm00001d015133	2216.33804055946	5.59448223833792	0.621634316042335	8.99963546728801	2.26468374684063e-19	2.19383149818947e-16
Zm00001d052139	199.298356871274	-4.84422103619669	0.539286826698386	-8.98264299510875	2.64339114631896e-19	2.47239108457778e-16
Zm00001d014163	174.731216592985	-3.64395913697015	0.413041278798949	-8.82226383659796	1.12168583684687e-18	9.50768957457325e-16
Zm00001d004323	236.849447043299	-3.68989789709475	0.420241544730021	-8.78042150607762	1.62863143274998e-18	1.29926467593855e-15
Zm00001d026542	1813.64483624549	-3.72562096760614	0.425102374445183	-8.7640558876402	1.88348384239783e-18	1.45964616403425e-15
Zm00001d038352	3494.87625495858	-3.71005890088497	0.430451273806592	-8.61899854094044	6.75422159686713e-18	4.69747452803651e-15
Zm00001d035080	58.5777848939673	-5.6871689956061	0.661769130437804	-8.59388680134363	8.40758543731148e-18	5.70118368504092e-15
Zm00001d031621	4821.17247091509	-2.19040430441732	0.255291681654894	-8.58000656432799	9.48677269743519e-18	6.27607860110322e-15
Zm00001d037945	561.561087898792	5.68122170891419	0.668654209603707	8.49650182009815	1.95389867519459e-17	1.17772328146618e-14
Zm00001d043444	5627.76574748218	-2.05487465255785	0.246357496400703	-8.34102750100844	7.36477637540373e-17	4.16171238346773e-14
Zm00001d042062	195.070347036321	-4.42863854434735	0.533830187436859	-8.29596873419821	1.07703861823823e-16	5.84271909621875e-14
Zm00001d028360	5482.38431936307	-2.41378382257787	0.292244399060503	-8.25946991743082	1.46320802816216e-16	7.78197148154321e-14
Zm00001d009646	365.009043885234	-3.45016511137711	0.425587728648606	-8.10682470176624	5.19597400039386e-16	2.60991849604969e-13
Zm00001d049191	9702.51129353272	-2.20447789096125	0.273673636471	-8.05513428106494	7.93916021051346e-16	3.91530511909031e-13
Zm00001d021442	1158.68024149599	2.34832797360084	0.292521098955651	8.02789262718061	9.91612060500091e-16	4.80294384446508e-13
Zm00001d050293	1490.38403793983	-3.19711072878364	0.400425155837316	-7.98429040278017	1.41332941972598e-15	6.49748257299112e-13
Zm00001d046234	11139.3410543742	-2.13503356556111	0.270327452573031	-7.89795318691991	2.83520585846463e-15	1.20159568289054e-12
Zm00001d037242	293.000961163612	2.80443178676795	0.358422571934	7.82437269961993	5.10194500196487e-15	2.06545009303426e-12
Zm00001d032961	796.50019013522	2.82176819190537	0.364220057620384	7.74742668029123	9.37734455711766e-15	3.58240977136985e-12
Zm00001d017833	3783.855092399	-2.02913140977014	0.268058322367388	-7.56973852499572	3.73976196789348e-14	1.30047825150183e-11
Zm00001d035558	799.148290254704	-3.10061787381883	0.411789168295784	-7.52962465392408	5.08863863981878e-14	1.69722292872211e-11
Zm00001d017834	408.113379587708	2.1743078882481	0.290768651923814	7.47779333797579	7.55809271261034e-14	2.41183184396286e-11
Zm00001d052340	1804.03382935259	-2.83559476160506	0.379789259252565	-7.46623210773676	8.25237283278836e-14	2.57284322662703e-11
Zm00001d029154	519.384749134534	-2.19416160801151	0.29703511989198	-7.38687603273795	1.50318623255939e-13	4.43178514912402e-11
Zm00001d028312	44.6058166875003	-2.30607046456293	0.314831147301165	-7.32478499770852	2.39282027874363e-13	6.76071429590023e-11
Zm00001d029983	2949.65378261827	-2.47494472253008	0.338100828266841	-7.3201380050355	2.47716070094564e-13	6.92685637654119e-11
Zm00001d052726	3947.65559398339	2.46306200811408	0.338243710206407	7.28191518065787	3.29113989700833e-13	9.01705844105597e-11
Zm00001d031303	1585.92138442842	-2.31060989169952	0.319801158273701	-7.22514547530811	5.00565696570757e-13	1.35773439537852e-10
Zm00001d050628	84.8204617834494	4.46675095301596	0.619171487092821	7.21407727282238	5.43009157464958e-13	1.45827528584946e-10
Zm00001d016588	14865.4684958445	-2.12289552852839	0.294521054078475	-7.20795847743619	5.67969422612528e-13	1.51035319793551e-10
Zm00001d005692	354.818653364872	-2.28202074788687	0.317639662510686	-7.18430667583931	6.75490879141535e-13	1.76173217363798e-10
Zm00001d017531	120.605201329784	2.98458777551489	0.416104087747403	7.17269515825255	7.35354764682882e-13	1.86408996609892e-10
Zm00001d034673	5589.12363354426	-2.29866475156069	0.321179879140806	-7.15693883972399	8.24984803828052e-13	2.05292548798459e-10
Zm00001d053281	4273.12773424795	-3.46886507545817	0.487639014047234	-7.11359217686008	1.13060913811208e-12	2.78787656928656e-10
Zm00001d007257	118.577507802483	2.42855173742105	0.342721059652471	7.08608843554485	1.37955671941257e-12	3.37108977093212e-10
Zm00001d037318	819.746726887404	-2.94439912439895	0.415688163763553	-7.08319211627527	1.40871164146672e-12	3.38140659850825e-10
Zm00001d038984	198.556347773918	-2.92650215361187	0.413124853888524	-7.08382012378647	1.40233910268487e-12	3.38140659850825e-10
Zm00001d001943	8366.59007525864	-2.03866483931914	0.290376615803509	-7.02076106809736	2.20662929390876e-12	4.93126334260262e-10
Zm00001d001206	301.090506427174	-3.36702974111835	0.479630989883463	-7.02004209931565	2.21801403848076e-12	4.93126334260262e-10
Zm00001d038296	1326.72788757054	-2.05686791100173	0.297328455316864	-6.91783068260223	4.58611948081816e-12	9.71827381232123e-10
Zm00001d044849	294.855595746514	2.08343509321919	0.301705733593706	6.90552038372882	5.00197253086585e-12	1.05173258083105e-09
Zm00001d011367	64.8707788037461	-3.59525778822701	0.523912890930893	-6.86231976815634	6.77511919711352e-12	1.38171679024441e-09
Zm00001d001936	642.663169882506	-2.03499246595479	0.300217850202504	-6.77838597732325	1.21525829616003e-11	2.33777773227266e-09
Zm00001d037943	237.23200543309	4.52675479322484	0.672645883317413	6.72977402448284	1.69926783200084e-11	3.17868556380626e-09
Zm00001d049616	466.154460453843	2.52260774330206	0.376694934694471	6.69668612705952	2.13198855231519e-11	3.93388146210866e-09
Zm00001d003025	42.8872865787851	2.87188435130945	0.429956608279589	6.67947484933629	2.39799988278404e-11	4.39482086625907e-09
Zm00001d020503	437.19395748112	2.11907635943341	0.317755320692377	6.66889339513189	2.57739376124635e-11	4.69189452215074e-09
Zm00001d054093	1717.60708099534	-3.4093057640096	0.513014382706281	-6.64563388266942	3.01914881679051e-11	5.45942616710839e-09
Zm00001d032787	288.120710844246	2.19872219183296	0.333022252314389	6.60232815240606	4.04750336809594e-11	6.96932467951772e-09
Zm00001d031893	671.74989214707	-2.04661205280816	0.31086593584419	-6.58358416547107	4.59240419362978e-11	7.83423719169901e-09
Zm00001d000556	76.0288578436612	-3.47534695308953	0.528008579860872	-6.58198954646773	4.64194231977481e-11	7.86925271759825e-09
Zm00001d006877	86.2016442566127	-3.39573360738902	0.517951384027842	-6.55608559433154	5.52385331092049e-11	9.02584320514502e-09
Zm00001d011080	4383.49134143979	-3.13007954003224	0.480216407482962	-6.51806038123198	7.12223240756048e-11	1.14990137989685e-08
Zm00001d021336	2043.09873955275	-5.09979177455894	0.784397858080779	-6.50153709883505	7.95034236435206e-11	1.27021965631933e-08
Zm00001d022669	540.075460622719	-3.46503224638522	0.534355743282772	-6.4845045457883	8.90238406674508e-11	1.40388526410694e-08
Zm00001d053924	54.4816528967951	-4.10259257541779	0.633905356568037	-6.47193233644409	9.67574521526039e-11	1.5170226197614e-08
Zm00001d035300	56.895175926649	2.27476541845592	0.354723648781927	6.41278196778581	1.4288780820099e-10	2.15316050535758e-08
Zm00001d000986	26.6238804884717	-2.89366195686301	0.457014660173969	-6.33166112387181	2.42535714217459e-10	3.42632224605956e-08
Zm00001d053062	143.937867410566	2.43277570796246	0.387037978785668	6.28562529081848	3.26536688281222e-10	4.45074428790948e-08
Zm00001d018255	227.197808447758	2.94407473768223	0.470454116738534	6.25794234322423	3.90089974876544e-10	5.16136608709823e-08
Zm00001d027048	132.497811587677	-3.32898650757701	0.532361235095578	-6.25324739690962	4.0200455171797e-10	5.29319002951369e-08
Zm00001d029546	19632.0611082415	-3.62227967107734	0.583471858499217	-6.20814803372766	5.36126376101324e-10	6.85938293649638e-08
Zm00001d025814	119.590094678846	2.10025626596826	0.338586920286592	6.20300472384025	5.53951760844841e-10	7.02120914072685e-08
Zm00001d034196	300.794776482733	-2.04804637363027	0.331163643062325	-6.18439377792697	6.23415738779621e-10	7.78213383297677e-08
Zm00001d042935	835.881123014924	-2.25468748225655	0.364734663090401	-6.1817197826841	6.34070040218207e-10	7.78213383297677e-08
Zm00001d019237	108.299409419904	-3.15119778012918	0.509652579511322	-6.18303116046366	6.28822957547963e-10	7.78213383297677e-08
Zm00001d011368	40.4878964318572	-3.47607675775051	0.562989655044536	-6.17431728381498	6.64499781881561e-10	8.11887030799796e-08
Zm00001d052837	2244.08449772295	2.23721970882283	0.364368707769245	6.13998859155506	8.25274076114426e-10	9.64859225884815e-08
Zm00001d051894	72.6282074135535	2.19764936666324	0.359727031077224	6.1092138671988	1.00123085428984e-09	1.15563343369182e-07
Zm00001d011679	277.521970903636	7.03268139370781	1.15141878660765	6.10783971523321	1.00988695494584e-09	1.16068532906572e-07
Zm00001d042359	256.60951232548	2.03102557769744	0.33259423373556	6.10661692743679	1.01765090468877e-09	1.16467355015942e-07
Zm00001d047077	901.409299136339	-2.67685201810165	0.440518717137077	-6.07659087790516	1.22764443298511e-09	1.3536027479792e-07
Zm00001d028888	10796.5042307096	-4.61775163762061	0.760428072124737	-6.07256860562499	1.25880290404338e-09	1.3657507987709e-07
Zm00001d043442	1599.25130009949	3.11148882825062	0.51312950302393	6.06374961859388	1.32984126862462e-09	1.43707627769619e-07
Zm00001d026078	213.769953573914	-2.94817567205776	0.486839599077753	-6.05574336525347	1.39770685082956e-09	1.50442065959924e-07
Zm00001d035681	31.120685986548	-5.28928424224623	0.876248837494717	-6.03628103789423	1.57706496496697e-09	1.66444786419316e-07
Zm00001d046811	77.3614382879714	-2.51934204672255	0.418248201438351	-6.02355739500747	1.70624564165438e-09	1.76642010626845e-07
Zm00001d039108	39.6617028349425	2.12498913022395	0.353205833866442	6.01629114378523	1.78458486474454e-09	1.84049733351068e-07
Zm00001d020163	310.915805379664	2.72467626775809	0.455614100270993	5.98022814951839	2.2282530647157e-09	2.26363805720407e-07
Zm00001d046323	1115.66738795035	-2.58191943861284	0.432817181858247	-5.96538110508388	2.44063711562503e-09	2.43381768839019e-07
Zm00001d012212	42.0033600232666	2.78805425048937	0.467940289135402	5.95814106034932	2.55123264964583e-09	2.52553410178808e-07
Zm00001d026859	134.687669922035	-4.81969571359623	0.810170308958898	-5.94899079897131	2.69800803863533e-09	2.66111891054345e-07
Zm00001d018601	359.779618254918	2.34517331177425	0.399121022750001	5.87584511488687	4.20691531546235e-09	4.03209791578094e-07
Zm00001d044376	435.120382247788	-5.44187315211466	0.935029205684549	-5.82000339564857	5.8846431891373e-09	5.50396765041932e-07
Zm00001d031300	3627.44808409196	-2.44389379026212	0.420193095384271	-5.81612077187312	6.02289587507353e-09	5.61391847819569e-07
Zm00001d011734	709.572533193007	-2.309712303988	0.397624353041907	-5.8087797850364	6.2929796689198e-09	5.84557467601988e-07
Zm00001d046137	615.574948104748	-4.94045017898127	0.853602841235559	-5.78776210705924	7.13303327787541e-09	6.58082974928887e-07
Zm00001d013676	127.97437908164	2.22464809385565	0.386698140953241	5.75293195972373	8.77087928858089e-09	7.87752747759828e-07
Zm00001d045052	160.304046832101	3.03399793082489	0.52737346949524	5.75303481559054	8.76554242067185e-09	7.87752747759828e-07
Zm00001d028303	1935.27778530088	-2.06028884367737	0.360349066843608	-5.71748072424325	1.08114935030595e-08	9.43997138680573e-07
Zm00001d038395	39.644673222201	2.58001970199552	0.451602539489645	5.71303187291904	1.10980882685628e-08	9.6173976420606e-07
Zm00001d020921	1378.58704003799	-3.2320222101076	0.56570083291676	-5.71330643697881	1.10801891224089e-08	9.6173976420606e-07
Zm00001d013907	138.903737572329	-3.64000670965174	0.638206530555472	-5.70349336050135	1.17376612309449e-08	1.01070578802587e-06
Zm00001d012326	290.343987623075	2.2100418487323	0.387966805478794	5.69647149581485	1.22312329344649e-08	1.04656139468273e-06
Zm00001d035214	104.389581029975	-2.6364457411137	0.466597967337782	-5.65035839344991	1.60113659144895e-08	1.33628396635265e-06
Zm00001d045101	1285.3260651375	2.34335190908086	0.414841493183794	5.64878862790768	1.61582382148916e-08	1.3444050715973e-06
Zm00001d009376	36.7585496060652	7.02702555375238	1.25124519555927	5.61602600249065	1.953992686617e-08	1.59638848288553e-06
Zm00001d002530	282.93779808732	2.22835125336581	0.397515361401531	5.6056984703918	2.07416788692332e-08	1.6743967191937e-06
Zm00001d018077	22.6010771514522	4.70834700884265	0.845496201732589	5.56873821454705	2.5659065359135e-08	2.04098677067794e-06
Zm00001d012069	453.098017660696	-2.43719145781641	0.439106774281899	-5.55033900764139	2.8511616729605e-08	2.22226750624657e-06
Zm00001d010265	112.166882785907	2.65495986517001	0.480380708976641	5.52678285276254	3.26156235083726e-08	2.5132561705713e-06
Zm00001d046491	422.565858082328	2.96803443269466	0.538157412156615	5.51517895256806	3.48425242186893e-08	2.669685386745e-06
Zm00001d003833	1082.50147479476	2.09388916662432	0.380564312577195	5.50206390201021	3.75370843085345e-08	2.85998841231654e-06
Zm00001d047656	4969.27588683057	-4.55312678788305	0.827672381498618	-5.50112204981272	3.77381850553048e-08	2.86725639058848e-06
Zm00001d002816	222.11776795189	-2.32500632301061	0.425398249196594	-5.46548164549716	4.61651560933677e-08	3.45907097755941e-06
Zm00001d029290	54.220727827194	2.22528103179182	0.407681806155592	5.45837709260576	4.8050630487738e-08	3.57075425027234e-06
Zm00001d043564	60.0768987002304	-2.41533852531891	0.448366245408186	-5.38697671837456	7.16527114093171e-08	5.08771765514743e-06
Zm00001d051691	29.5159211525055	-4.63007051638536	0.863836334013913	-5.35989322754139	8.32711524781777e-08	5.83629648531806e-06
Zm00001d029474	101.568937038892	2.21465146601099	0.413925986257884	5.35035619781364	8.77812818448725e-08	6.10507561220595e-06
Zm00001d002370	2883.20727097659	2.84793534081523	0.535125087928674	5.32199929522801	1.02632970025337e-07	6.95954169741813e-06
Zm00001d053143	59.7924146933636	4.27692629729789	0.803601092365399	5.32220070123196	1.02519371804239e-07	6.95954169741813e-06
Zm00001d045738	41.8734662746538	2.02976766732145	0.382062765715992	5.31265501237114	1.08039454688067e-07	7.30788570812753e-06
Zm00001d018650	73.5991161415732	2.16201389081911	0.407974793274803	5.29938105603211	1.16195902878586e-07	7.79894957281506e-06
Zm00001d000193	93.8995488620473	2.32551216377301	0.441696592245797	5.26495382712597	1.40224595325656e-07	9.1429132779161e-06
Zm00001d024867	120.617447024395	2.42789307599648	0.462688958972524	5.24735468377723	1.54298667610968e-07	9.94108565387146e-06
Zm00001d014852	145.19546823784	-5.12945122516013	0.979050659860996	-5.23920920076638	1.61266144900408e-07	1.02680350100438e-05
Zm00001d033188	43.9233918254903	2.48461219310323	0.476069064408674	5.21901627065259	1.79875962610716e-07	1.12418332024264e-05
Zm00001d003304	1548.05327667239	-2.46444684267003	0.474566504546327	-5.19304843275018	2.06878337686752e-07	1.26954027860078e-05
Zm00001d041111	3441.19868112397	-3.53060477856623	0.680129261886118	-5.19107907337385	2.09078802666093e-07	1.28014750417948e-05
Zm00001d008496	140.231387492673	2.28819705318495	0.445785679100063	5.1329532563816	2.85230764568443e-07	1.70409675289746e-05
Zm00001d043598	1609.12889768251	2.10478095766348	0.4107384702238	5.12438232658519	2.98514710283943e-07	1.76403333371278e-05
Zm00001d034097	30.583991816704	-2.96506708580091	0.579743843236931	-5.11444342253953	3.14667384556142e-07	1.84741085253264e-05
Zm00001d044526	31.441907074161	-6.63139158301505	1.29873645053857	-5.1060333143534	3.28991714199366e-07	1.92733720430748e-05
Zm00001d046343	65.7213246704732	-2.29722355011201	0.452493718571262	-5.07680760158491	3.83829185391005e-07	2.20105345127814e-05
Zm00001d042946	20.2857194938441	-4.50533993018981	0.893067348305209	-5.04479302567683	4.54012554422625e-07	2.56021549400401e-05
Zm00001d015089	15.8076208134319	-2.46656329793353	0.489151108719208	-5.042538499794	4.59396286978949e-07	2.57984780290207e-05
Zm00001d044541	482.546005681386	-2.27147305400191	0.451282010581522	-5.03337824407157	4.81910938204533e-07	2.69512418306387e-05
Zm00001d025383	22.1157032515749	3.60823200615926	0.719388769964353	5.01569131575136	5.28431117883918e-07	2.94315516252226e-05
Zm00001d033347	1052.54298396731	-2.84709201344959	0.573411623221876	-4.96518015706134	6.8637324160327e-07	3.72343756104942e-05
Zm00001d031287	190.353959111031	2.22816174349192	0.449187429531906	4.96042764556851	7.03381574170873e-07	3.80808818718777e-05
Zm00001d000008	88.613475900198	-3.22634011865432	0.651944078902749	-4.94879886643712	7.46728622456161e-07	4.01074597138632e-05
Zm00001d044504	51.7945293360538	3.40021756493066	0.690636757319029	4.92330813397467	8.50933043240978e-07	4.51677257629516e-05
Zm00001d027268	32.4005213426649	2.09309059005098	0.425336762331333	4.92101970819179	8.60944594885901e-07	4.55209769818424e-05
Zm00001d032576	43.9694316918473	-2.43974460753218	0.496705819586047	-4.91185025688939	9.02209457718449e-07	4.73337124393718e-05
Zm00001d035462	202.417274276005	-2.01917940775941	0.412139204093003	-4.89926555810925	9.61955556859033e-07	4.97399154906202e-05
Zm00001d047651	462.227410782388	-4.54658809885331	0.934008361594937	-4.86782376454258	1.12833881981346e-06	5.75283123094365e-05
Zm00001d005317	158.853337361242	3.41157783883652	0.705583654504757	4.83511461334953	1.33068942329445e-06	6.64707549124102e-05
Zm00001d042735	96.0472485187874	2.70643763326129	0.559706692422768	4.83545698113078	1.32840101797448e-06	6.64707549124102e-05
Zm00001d035479	164.176402716629	4.44174970939895	0.920387615279383	4.82595553836376	1.39333592865023e-06	6.89650433005635e-05
Zm00001d027047	69.4886528275255	-3.25572228320479	0.676262929167181	-4.81428471499128	1.47728063839957e-06	7.25901449926629e-05
Zm00001d037468	138.533314368095	-2.09405744773651	0.435362172946355	-4.80992051643985	1.50990324691582e-06	7.37921003051255e-05
Zm00001d040906	10.0474226913861	-6.94831129700965	1.44688796562354	-4.80224555189747	1.5689612491911e-06	7.59937587911777e-05
Zm00001d013261	753.526048371487	4.42791629327729	0.923389033192043	4.79528793835738	1.62441331853963e-06	7.83996207332188e-05
Zm00001d044951	151.741411057571	2.09631354154115	0.439140439985804	4.77367454841763	1.80894624224245e-06	8.55750184750386e-05
Zm00001d034782	2297.73263421456	2.08130389976017	0.43608511152938	4.77270111896481	1.81771442078653e-06	8.57455407815894e-05
Zm00001d003059	593.805672939726	-3.06034893177199	0.641768395268897	-4.7686189509063	1.85493135815221e-06	8.70469864334266e-05
Zm00001d026679	47.4534967582611	-2.47686567384562	0.51999639152163	-4.76323627284748	1.90512550627757e-06	8.89408334462528e-05
Zm00001d012068	144.1157603779	-2.09658299371516	0.440891986551337	-4.75532116179898	1.98131186976364e-06	9.18189665304476e-05
Zm00001d035654	39.7206613044976	-2.73619711223797	0.576832285433856	-4.74348815302525	2.10069234307851e-06	9.70684482345173e-05
Zm00001d006875	96.2521446950015	2.58302744660467	0.547266624887134	4.71987022255811	2.35995158100201e-06	0.000107401554837414
Zm00001d023516	213.521392420052	-2.47207020888665	0.527186755774212	-4.68917358376394	2.74310624246426e-06	0.000123389740830183
Zm00001d025703	269.590963293135	2.06004342809822	0.44015688209984	4.68024813850564	2.86527911396192e-06	0.000128035964888143
Zm00001d042651	36.5964854599824	3.31138653008731	0.708599038618628	4.67314567141195	2.96621225274458e-06	0.000131248843627152
Zm00001d004621	205.295281408793	2.03858853337101	0.436531880008097	4.66996484502621	3.01251284493379e-06	0.000132648374035688
Zm00001d021639	61.2365840444658	4.71399889832872	1.00939557488278	4.67012043209734	3.01023205842793e-06	0.000132648374035688
Zm00001d007781	21.9819796092671	2.47867175757838	0.531107875430703	4.66698362468886	3.05653679436453e-06	0.000134368726110767
Zm00001d030930	46.8325871807425	-3.59772964476863	0.775688338015291	-4.6381123299777	3.51605687412333e-06	0.000152104508219651
Zm00001d047658	112.542837079122	-4.43420646010853	0.972915065360732	-4.55765011559816	5.17291166478932e-06	0.000214869917298232
Zm00001d014716	355.427443001295	-2.15466653485796	0.473500399592847	-4.55050626506485	5.35169935605362e-06	0.000221617547074196
Zm00001d004633	14.8770460120179	5.71463747943055	1.26567285645848	4.51509839234512	6.32873751471636e-06	0.000257748763287037
Zm00001d042134	66.3535421736846	2.03522468113618	0.452251333776453	4.50020713955968	6.78872760450896e-06	0.000271990321336338
Zm00001d039094	117.005181156989	2.03454518551722	0.452896314059823	4.49229795508663	7.04587526705275e-06	0.000280634832222524
Zm00001d039715	58.4748700486059	-2.29996304725324	0.512443678297699	-4.48822601323438	7.1818713522424e-06	0.000285213877830487
Zm00001d047507	78.9259236739712	-3.08093427090771	0.687434435070845	-4.48178635478189	7.40208264390454e-06	0.000292247583163416
Zm00001d003451	94.7057679845117	-2.21058036621925	0.49531767311556	-4.46295475853839	8.08371256696468e-06	0.000315525167992731
Zm00001d001373	19.3081983040867	-4.8239379873266	1.08565335113264	-4.44335015619292	8.85688468430847e-06	0.00033941675707844
Zm00001d047639	7176.87560054013	-4.71429415971916	1.06583503333333	-4.4230992717283	9.72950077981717e-06	0.000367552895754542
Zm00001d051634	2010.13925608811	-2.82946981796505	0.642598726690501	-4.40316748297546	1.06681743577726e-05	0.000398572398457608
Zm00001d016721	50.9079242061164	-4.1033179296669	0.940526725143415	-4.36278717017978	1.28415857022477e-05	0.000473254307863814
Zm00001d000640	23.0575905264545	-3.30699666464935	0.760869898455783	-4.34633656997213	1.38430105954929e-05	0.00050467448843031
Zm00001d046142	97.4498926034473	-2.02777485444234	0.47978290050903	-4.22644252700743	2.37414874322193e-05	0.000792083770124867
Zm00001d030897	21.6221511810079	-4.67560088092573	1.11154941413709	-4.20638149007118	2.59492058887482e-05	0.000854182355007775
Zm00001d032771	33.7503169379578	-2.03260687079057	0.485879422268927	-4.18335656467779	2.87236343613586e-05	0.000936901807618465
Zm00001d038997	200.950525221018	-3.03604975088385	0.728454474325473	-4.16779614634825	3.0755879542484e-05	0.000993121996083732
Zm00001d012333	191.819200472849	-2.11596933742961	0.508023569091096	-4.16510072793529	3.11215129876101e-05	0.00100138743595657
Zm00001d042779	89.7733649477034	-3.22245881112626	0.775609766215877	-4.15474243813138	3.25654164377944e-05	0.00104163249464474
Zm00001d004671	1155.75639653517	-6.04581470175018	1.45897633173092	-4.14387442089445	3.4148679251781e-05	0.00108460044031066
Zm00001d033700	39.6916093755471	-2.87138334660201	0.694049763233081	-4.13714332705236	3.51656467902397e-05	0.00111299066923975
Zm00001d049068	13.4230296478358	-2.41185718953821	0.585766886903169	-4.11743518362605	3.83112228193783e-05	0.00118624841067673
Zm00001d023661	23.1976282199219	2.44106576966476	0.598479450244315	4.07877959496898	4.52727321274074e-05	0.00135688131074453
Zm00001d006503	382.571669084677	2.5967034328504	0.637407415913797	4.07385193209232	4.62418872817935e-05	0.00137921156162997
Zm00001d008849	10.8199995671478	3.85635915382876	0.947394940234937	4.07048738604457	4.69148815003043e-05	0.00139530619058581
Zm00001d045519	2346.62861692879	2.52812902345107	0.622095317035772	4.06389335238429	4.82608833205238e-05	0.00142907008644747
Zm00001d040730	530.956320590235	2.07443003231111	0.510606569174445	4.06267791592472	4.85129461364353e-05	0.00143430152329571
Zm00001d032504	94.6577887084835	-2.03341280876074	0.50518126588472	-4.02511523304341	5.69474224724564e-05	0.00165379217038855
Zm00001d048520	269.216110610416	-2.07775001864379	0.519179997900018	-4.00198394978212	6.28135606088055e-05	0.00180100953272013
Zm00001d020505	311.926045722763	2.27832653196292	0.569941840931699	3.99747196703172	6.40225701563945e-05	0.00182987164691469
Zm00001d052775	81.4867778787803	2.05334893994032	0.514894481333021	3.98790240405056	6.66600741048824e-05	0.0018853887904284
Zm00001d025451	77.1104950385628	-2.58435308820025	0.648525247791322	-3.98496912341002	6.74889007036417e-05	0.00190485842110882
Zm00001d015019	9.50888768693461	3.99291575528726	1.00267973582535	3.98224439232386	6.82675277280385e-05	0.00192483203960012
Zm00001d025949	561.912630283231	-2.49185678965941	0.627272294313166	-3.97252805878805	7.11138563632031e-05	0.00199471793174304
Zm00001d027809	122.917232271965	-2.14676089271789	0.540716865355393	-3.97021256458664	7.18085386305081e-05	0.00200797402248856
Zm00001d002347	33.0778632769448	2.01048227836706	0.506498616475184	3.96937368231797	7.20617959413577e-05	0.00201298059023006
Zm00001d043299	12.2085923608087	-2.66960331655079	0.678475300179776	-3.93470965832274	8.3297329231766e-05	0.0022821785435176
Zm00001d002524	24.0150869724049	2.06750196683052	0.528487800577807	3.91210916234978	9.14935353127033e-05	0.00247178351775076
Zm00001d046667	241.472127152021	-2.01861865342186	0.518830397656674	-3.89071007122764	9.99513023370967e-05	0.0026736480518653
Zm00001d010112	11.0734420423522	4.23449639235222	1.09001186255326	3.88481679679455	0.000102407080953847	0.00273664006284941
Zm00001d006911	41.4973743910449	-2.56839008953916	0.662146513255052	-3.87888486630124	0.000104936403050937	0.00278502445827163
Zm00001d008681	16.1653129040616	-3.20046890011045	0.829865030271064	-3.8566137665363	0.000114968602604223	0.00300247076930575
Zm00001d031895	56.1039813727922	3.17770884344438	0.830388868669347	3.82677196593024	0.000129834687655359	0.00332263018880511
Zm00001d005996	78.5085355728082	-2.34827487188645	0.614331455488868	-3.82248841550488	0.000132111687005521	0.0033710229523403
Zm00001d024916	398.763269360589	2.17628843525211	0.579612987575799	3.75472682962873	0.00017353063199312	0.00422741624857702
Zm00001d031794	74.8233276032502	-4.56000834605616	1.2306876115619	-3.7052524972352	0.000211180254091296	0.00499210748720976
Zm00001d041982	1515.39570828362	-3.01588082444237	0.816762517970063	-3.69248191253668	0.000222076139756282	0.00519504277794733
Zm00001d004886	17.5624769589304	-2.92707054876937	0.798495559301477	-3.66573178106334	0.000246632316922013	0.00566226439374868
Zm00001d045022	470.062659066139	-3.14908341051611	0.859460995106278	-3.66402132085902	0.000248286103963205	0.00568793267221113
Zm00001d012485	1497.62964942703	-2.29485582579434	0.626515867861876	-3.66288540085353	0.000249390128563698	0.00570840324654999
Zm00001d052999	37.1627783356283	-2.37593392074083	0.649229879013386	-3.65961887698616	0.000252590645089142	0.00576787285875932
Zm00001d048444	49.1096417265588	-2.42434567716846	0.662465041112274	-3.6595828107367	0.000252626196586273	0.00576787285875932
Zm00001d005804	301.949770152206	-2.07592602934852	0.56908908639519	-3.64780502556844	0.000264490222906729	0.0059766771509842
Zm00001d007258	79.5748066910371	2.07191801093845	0.56998295115155	3.63505260420948	0.000277923919952646	0.00622494500808883
Zm00001d004288	10.8423688181131	4.63138324732756	1.27817610668568	3.62343124949877	0.000290720504007258	0.00646882932788587
Zm00001d052964	9.69308270417361	-2.17568806387267	0.601253446410071	-3.61858726442758	0.000296215618876009	0.00655887992248107
Zm00001d011073	93.1002786699941	-2.28366258388443	0.633181426050481	-3.60664809473164	0.000310177862689574	0.00681235979562106
Zm00001d037708	90.4945883731252	-3.29012068686234	0.912838631121315	-3.60427415612419	0.00031302650419523	0.00684720233854147
Zm00001d042769	158.304310543268	2.21212742140788	0.61545947550715	3.59426982513356	0.000325302581663278	0.00704190520752973
Zm00001d002929	21.7700092922924	2.45501081197096	0.684715584242049	3.58544608662377	0.00033650251766983	0.00720955315108725
Zm00001d005911	38.741305376853	-4.78950173871895	1.33811002539822	-3.57930338149405	0.000344511337259395	0.00733479239546611
Zm00001d045232	28.7891589985075	3.22456396874576	0.902693801258669	3.5721569863996	0.000354053058366055	0.00750260558993818
Zm00001d039148	9.11485178763664	2.31798131902575	0.649019267918655	3.5715138727072	0.000354923744434423	0.00751518473383239
Zm00001d011847	1311.69236802113	-2.03581875878142	0.575935407733302	-3.53480395795381	0.000408077793341538	0.00845584573460342
Zm00001d009895	11.1027586435452	4.22401109516402	1.20587946120133	3.50284686908586	0.000460314010744233	0.00932453863138653
Zm00001d048446	234.731662026225	-2.05808883782198	0.59126772122777	-3.48080702519723	0.000499905518237967	0.00999221612136081
