SNP	Chr	Pos	Fst
1-80485000.5	1	80485000.5	0.160529
1-83450000.5	1	83450000.5	0.157784
1-98800000.5	1	98800000.5	0.189243
1-98805000.5	1	98805000.5	0.191214
1-100235000.5	1	100235000.5	0.147182
1-100240000.5	1	100240000.5	0.147106
1-100245000.5	1	100245000.5	0.159945
1-100250000.5	1	100250000.5	0.181139
1-100290000.5	1	100290000.5	0.181037
1-100295000.5	1	100295000.5	0.180575
1-100300000.5	1	100300000.5	0.186297
1-100305000.5	1	100305000.5	0.192715
1-100310000.5	1	100310000.5	0.192653
1-100315000.5	1	100315000.5	0.195129
1-100320000.5	1	100320000.5	0.187937
1-100325000.5	1	100325000.5	0.174556
1-100330000.5	1	100330000.5	0.175736
1-100335000.5	1	100335000.5	0.172692
1-100340000.5	1	100340000.5	0.161733
1-100345000.5	1	100345000.5	0.14313
1-100350000.5	1	100350000.5	0.14313
1-116925000.5	1	116925000.5	0.153936
1-116930000.5	1	116930000.5	0.153636
1-116935000.5	1	116935000.5	0.158682
1-116940000.5	1	116940000.5	0.16129
1-116945000.5	1	116945000.5	0.161428
1-116950000.5	1	116950000.5	0.161428
1-116955000.5	1	116955000.5	0.161882
1-116960000.5	1	116960000.5	0.175975
1-116965000.5	1	116965000.5	0.175974
1-116970000.5	1	116970000.5	0.177464
1-116980000.5	1	116980000.5	0.198887
1-117250000.5	1	117250000.5	0.141401
1-117255000.5	1	117255000.5	0.166185
1-149540000.5	1	149540000.5	0.134186
1-149545000.5	1	149545000.5	0.148911
1-149550000.5	1	149550000.5	0.150973
1-149555000.5	1	149555000.5	0.151247
1-149560000.5	1	149560000.5	0.149314
1-149565000.5	1	149565000.5	0.148013
1-149570000.5	1	149570000.5	0.146404
1-149575000.5	1	149575000.5	0.147609
1-149580000.5	1	149580000.5	0.147267
1-149585000.5	1	149585000.5	0.137199
1-157280000.5	1	157280000.5	0.178248
1-157285000.5	1	157285000.5	0.190183
1-157290000.5	1	157290000.5	0.18734
1-157295000.5	1	157295000.5	0.178166
1-157300000.5	1	157300000.5	0.183242
1-157305000.5	1	157305000.5	0.184087
1-157310000.5	1	157310000.5	0.185827
1-157315000.5	1	157315000.5	0.182417
1-157320000.5	1	157320000.5	0.167627
1-157325000.5	1	157325000.5	0.165222
1-157330000.5	1	157330000.5	0.149552
1-157335000.5	1	157335000.5	0.141826
1-157340000.5	1	157340000.5	0.139999
1-157345000.5	1	157345000.5	0.139905
1-157350000.5	1	157350000.5	0.137273
1-157355000.5	1	157355000.5	0.137273
1-157360000.5	1	157360000.5	0.137352
1-157365000.5	1	157365000.5	0.137282
1-157440000.5	1	157440000.5	0.142724
1-157490000.5	1	157490000.5	0.153939
1-157495000.5	1	157495000.5	0.156238
1-157500000.5	1	157500000.5	0.156104
1-157505000.5	1	157505000.5	0.154025
1-159755000.5	1	159755000.5	0.148036
1-159760000.5	1	159760000.5	0.143636
1-159765000.5	1	159765000.5	0.138405
1-159815000.5	1	159815000.5	0.138132
1-159820000.5	1	159820000.5	0.154456
1-159825000.5	1	159825000.5	0.160654
1-159830000.5	1	159830000.5	0.16542
1-159835000.5	1	159835000.5	0.166781
1-159840000.5	1	159840000.5	0.16673
1-159845000.5	1	159845000.5	0.166878
1-159850000.5	1	159850000.5	0.168062
1-159855000.5	1	159855000.5	0.166062
1-159860000.5	1	159860000.5	0.166272
1-159865000.5	1	159865000.5	0.154076
1-159870000.5	1	159870000.5	0.147835
1-191335000.5	1	191335000.5	0.157498
1-191340000.5	1	191340000.5	0.157421
1-191345000.5	1	191345000.5	0.156947
1-209655000.5	1	209655000.5	0.170748
1-209660000.5	1	209660000.5	0.169988
1-209665000.5	1	209665000.5	0.169098
1-209670000.5	1	209670000.5	0.168818
1-209675000.5	1	209675000.5	0.169579
1-209680000.5	1	209680000.5	0.169219
1-209695000.5	1	209695000.5	0.154387
1-211600000.5	1	211600000.5	0.14292
1-211605000.5	1	211605000.5	0.14292
1-215300000.5	1	215300000.5	0.13423
1-215305000.5	1	215305000.5	0.134117
1-215310000.5	1	215310000.5	0.167276
1-215315000.5	1	215315000.5	0.166851
1-215320000.5	1	215320000.5	0.166253
1-215325000.5	1	215325000.5	0.175037
1-215330000.5	1	215330000.5	0.196303
1-215335000.5	1	215335000.5	0.203427
1-215340000.5	1	215340000.5	0.231835
1-215345000.5	1	215345000.5	0.231193
1-215350000.5	1	215350000.5	0.229002
1-215355000.5	1	215355000.5	0.230624
1-215360000.5	1	215360000.5	0.236774
1-215365000.5	1	215365000.5	0.236622
1-215370000.5	1	215370000.5	0.240013
1-215375000.5	1	215375000.5	0.238884
1-215380000.5	1	215380000.5	0.233036
1-215385000.5	1	215385000.5	0.234796
1-215390000.5	1	215390000.5	0.242844
1-215395000.5	1	215395000.5	0.237058
1-215400000.5	1	215400000.5	0.233446
1-215405000.5	1	215405000.5	0.22521
1-215410000.5	1	215410000.5	0.2187
1-215415000.5	1	215415000.5	0.21902
1-215420000.5	1	215420000.5	0.212681
1-215425000.5	1	215425000.5	0.208578
1-215430000.5	1	215430000.5	0.215677
1-215435000.5	1	215435000.5	0.210029
1-215440000.5	1	215440000.5	0.189997
1-215445000.5	1	215445000.5	0.187168
1-215450000.5	1	215450000.5	0.161019
1-215455000.5	1	215455000.5	0.152122
1-215460000.5	1	215460000.5	0.149324
1-215465000.5	1	215465000.5	0.149023
1-215470000.5	1	215470000.5	0.148835
1-215475000.5	1	215475000.5	0.148634
1-215480000.5	1	215480000.5	0.147566
1-225095000.5	1	225095000.5	0.151983
1-225100000.5	1	225100000.5	0.150133
1-225105000.5	1	225105000.5	0.148581
1-225110000.5	1	225110000.5	0.148602
1-225115000.5	1	225115000.5	0.148602
1-225120000.5	1	225120000.5	0.148602
1-225125000.5	1	225125000.5	0.148671
1-225130000.5	1	225130000.5	0.148369
1-225135000.5	1	225135000.5	0.148136
1-225140000.5	1	225140000.5	0.140222
1-234185000.5	1	234185000.5	0.160812
1-234190000.5	1	234190000.5	0.158339
1-234195000.5	1	234195000.5	0.158904
1-234200000.5	1	234200000.5	0.158904
1-234205000.5	1	234205000.5	0.158904
1-234210000.5	1	234210000.5	0.158904
1-234215000.5	1	234215000.5	0.159069
1-234220000.5	1	234220000.5	0.154567
1-234225000.5	1	234225000.5	0.153749
1-234230000.5	1	234230000.5	0.152108
1-234275000.5	1	234275000.5	0.14399
1-234280000.5	1	234280000.5	0.144968
1-234285000.5	1	234285000.5	0.144968
1-234290000.5	1	234290000.5	0.162874
1-234295000.5	1	234295000.5	0.188094
1-234300000.5	1	234300000.5	0.184499
1-234305000.5	1	234305000.5	0.18224
1-234310000.5	1	234310000.5	0.171881
1-234315000.5	1	234315000.5	0.171613
1-234320000.5	1	234320000.5	0.162568
1-239015000.5	1	239015000.5	0.139509
1-239020000.5	1	239020000.5	0.139748
1-239025000.5	1	239025000.5	0.139748
1-239030000.5	1	239030000.5	0.139748
1-239035000.5	1	239035000.5	0.140285
1-239040000.5	1	239040000.5	0.143403
1-239045000.5	1	239045000.5	0.168629
1-239050000.5	1	239050000.5	0.172772
1-239055000.5	1	239055000.5	0.168839
1-239060000.5	1	239060000.5	0.166867
1-239065000.5	1	239065000.5	0.168929
1-239070000.5	1	239070000.5	0.170817
1-239075000.5	1	239075000.5	0.170817
1-239080000.5	1	239080000.5	0.170817
1-239085000.5	1	239085000.5	0.167745
1-239090000.5	1	239090000.5	0.167882
1-239095000.5	1	239095000.5	0.174576
1-239100000.5	1	239100000.5	0.164033
1-239105000.5	1	239105000.5	0.166217
1-239110000.5	1	239110000.5	0.16531
1-239115000.5	1	239115000.5	0.162918
1-239120000.5	1	239120000.5	0.156959
1-239125000.5	1	239125000.5	0.152255
1-239130000.5	1	239130000.5	0.152255
1-239135000.5	1	239135000.5	0.152853
1-299085000.5	1	299085000.5	0.148031
1-299090000.5	1	299090000.5	0.145932
1-299095000.5	1	299095000.5	0.145174
1-299100000.5	1	299100000.5	0.142303
1-299105000.5	1	299105000.5	0.141624
1-299110000.5	1	299110000.5	0.140049
1-299115000.5	1	299115000.5	0.142076
1-299120000.5	1	299120000.5	0.140034
2-21785000.5	2	21785000.5	0.144084
2-22065000.5	2	22065000.5	0.133567
2-22070000.5	2	22070000.5	0.133671
2-22090000.5	2	22090000.5	0.141921
2-22095000.5	2	22095000.5	0.142711
2-22100000.5	2	22100000.5	0.138366
2-22105000.5	2	22105000.5	0.14409
2-22110000.5	2	22110000.5	0.137201
2-22115000.5	2	22115000.5	0.135672
2-22120000.5	2	22120000.5	0.134598
2-22125000.5	2	22125000.5	0.135045
2-22130000.5	2	22130000.5	0.135473
2-22135000.5	2	22135000.5	0.135118
2-38600000.5	2	38600000.5	0.148333
2-39365000.5	2	39365000.5	0.13471
2-66740000.5	2	66740000.5	0.14219
2-66745000.5	2	66745000.5	0.173622
2-66750000.5	2	66750000.5	0.17534
2-66755000.5	2	66755000.5	0.176441
2-66760000.5	2	66760000.5	0.178521
2-66765000.5	2	66765000.5	0.178521
2-66770000.5	2	66770000.5	0.178521
2-66775000.5	2	66775000.5	0.180818
2-66780000.5	2	66780000.5	0.188579
2-66785000.5	2	66785000.5	0.170106
2-66790000.5	2	66790000.5	0.188625
2-66795000.5	2	66795000.5	0.137006
2-114390000.5	2	114390000.5	0.14029
2-135530000.5	2	135530000.5	0.133896
2-135535000.5	2	135535000.5	0.134617
2-166330000.5	2	166330000.5	0.143821
2-209395000.5	2	209395000.5	0.141821
2-209400000.5	2	209400000.5	0.141821
2-209495000.5	2	209495000.5	0.136986
2-209500000.5	2	209500000.5	0.136986
2-209505000.5	2	209505000.5	0.136425
2-209510000.5	2	209510000.5	0.136673
2-209515000.5	2	209515000.5	0.136673
2-209520000.5	2	209520000.5	0.136673
2-209525000.5	2	209525000.5	0.136994
2-209530000.5	2	209530000.5	0.137069
2-209535000.5	2	209535000.5	0.149122
2-209540000.5	2	209540000.5	0.203709
2-209545000.5	2	209545000.5	0.165161
2-209550000.5	2	209550000.5	0.165161
2-209555000.5	2	209555000.5	0.165431
2-209560000.5	2	209560000.5	0.156144
2-209565000.5	2	209565000.5	0.156144
2-209570000.5	2	209570000.5	0.155394
2-209575000.5	2	209575000.5	0.155211
2-209580000.5	2	209580000.5	0.154582
2-209585000.5	2	209585000.5	0.148395
2-209630000.5	2	209630000.5	0.145706
2-209635000.5	2	209635000.5	0.145706
2-209640000.5	2	209640000.5	0.145891
2-209645000.5	2	209645000.5	0.145891
2-209650000.5	2	209650000.5	0.146106
2-209655000.5	2	209655000.5	0.146106
2-209660000.5	2	209660000.5	0.144772
3-5085000.5	3	5085000.5	0.151337
3-158470000.5	3	158470000.5	0.134868
3-158475000.5	3	158475000.5	0.159259
3-158505000.5	3	158505000.5	0.183667
3-158510000.5	3	158510000.5	0.134414
3-168225000.5	3	168225000.5	0.141377
3-186870000.5	3	186870000.5	0.141909
3-198655000.5	3	198655000.5	0.144573
3-198660000.5	3	198660000.5	0.155335
3-198665000.5	3	198665000.5	0.150485
3-198670000.5	3	198670000.5	0.144463
3-198675000.5	3	198675000.5	0.144492
3-198680000.5	3	198680000.5	0.144283
3-198685000.5	3	198685000.5	0.138571
3-198690000.5	3	198690000.5	0.134531
3-198695000.5	3	198695000.5	0.135641
3-201345000.5	3	201345000.5	0.17484
3-201350000.5	3	201350000.5	0.180136
3-201355000.5	3	201355000.5	0.190671
3-218285000.5	3	218285000.5	0.143693
3-218290000.5	3	218290000.5	0.143732
3-218295000.5	3	218295000.5	0.140929
3-218300000.5	3	218300000.5	0.140684
3-218305000.5	3	218305000.5	0.140684
3-218310000.5	3	218310000.5	0.14711
3-218315000.5	3	218315000.5	0.15226
3-218320000.5	3	218320000.5	0.140889
3-218325000.5	3	218325000.5	0.137474
3-225010000.5	3	225010000.5	0.14354
3-225015000.5	3	225015000.5	0.134124
4-172815000.5	4	172815000.5	0.142658
4-172820000.5	4	172820000.5	0.142413
4-172825000.5	4	172825000.5	0.143508
4-172830000.5	4	172830000.5	0.142416
4-172835000.5	4	172835000.5	0.14876
4-172840000.5	4	172840000.5	0.147751
4-172845000.5	4	172845000.5	0.147751
4-172850000.5	4	172850000.5	0.146674
4-172855000.5	4	172855000.5	0.146457
4-172860000.5	4	172860000.5	0.152642
4-172865000.5	4	172865000.5	0.150755
4-172870000.5	4	172870000.5	0.151217
4-172875000.5	4	172875000.5	0.151047
4-172880000.5	4	172880000.5	0.150537
4-172885000.5	4	172885000.5	0.13714
4-172890000.5	4	172890000.5	0.137152
4-172895000.5	4	172895000.5	0.135165
4-172900000.5	4	172900000.5	0.135052
4-172905000.5	4	172905000.5	0.135681
4-172910000.5	4	172910000.5	0.138245
4-172915000.5	4	172915000.5	0.138245
4-172920000.5	4	172920000.5	0.137863
4-183940000.5	4	183940000.5	0.142495
4-183945000.5	4	183945000.5	0.142495
4-183950000.5	4	183950000.5	0.140727
4-183955000.5	4	183955000.5	0.140727
4-183960000.5	4	183960000.5	0.147162
4-183965000.5	4	183965000.5	0.144821
4-183970000.5	4	183970000.5	0.152308
4-199840000.5	4	199840000.5	0.135312
4-199845000.5	4	199845000.5	0.140545
4-199850000.5	4	199850000.5	0.134974
5-44300000.5	5	44300000.5	0.141362
5-44305000.5	5	44305000.5	0.13578
5-44310000.5	5	44310000.5	0.135455
5-44315000.5	5	44315000.5	0.134858
5-44320000.5	5	44320000.5	0.140069
5-44325000.5	5	44325000.5	0.137974
5-46115000.5	5	46115000.5	0.165108
5-46120000.5	5	46120000.5	0.158926
5-46125000.5	5	46125000.5	0.154492
5-46130000.5	5	46130000.5	0.134761
5-46180000.5	5	46180000.5	0.143173
5-46185000.5	5	46185000.5	0.16295
5-46190000.5	5	46190000.5	0.167923
5-46195000.5	5	46195000.5	0.162724
5-46470000.5	5	46470000.5	0.173586
5-46475000.5	5	46475000.5	0.141344
5-46480000.5	5	46480000.5	0.133933
5-46645000.5	5	46645000.5	0.137611
5-47165000.5	5	47165000.5	0.134194
5-47195000.5	5	47195000.5	0.135511
5-47200000.5	5	47200000.5	0.135723
5-47205000.5	5	47205000.5	0.137164
5-47220000.5	5	47220000.5	0.134376
5-47225000.5	5	47225000.5	0.1365
5-47230000.5	5	47230000.5	0.139863
5-47235000.5	5	47235000.5	0.134846
5-47295000.5	5	47295000.5	0.192031
5-47330000.5	5	47330000.5	0.135878
5-47400000.5	5	47400000.5	0.219955
5-47405000.5	5	47405000.5	0.196493
5-47410000.5	5	47410000.5	0.196493
5-47415000.5	5	47415000.5	0.189535
5-47420000.5	5	47420000.5	0.198277
5-47425000.5	5	47425000.5	0.199278
5-47430000.5	5	47430000.5	0.199278
5-47435000.5	5	47435000.5	0.199278
5-47440000.5	5	47440000.5	0.196788
5-47445000.5	5	47445000.5	0.193523
5-47450000.5	5	47450000.5	0.185523
5-47455000.5	5	47455000.5	0.182074
5-47460000.5	5	47460000.5	0.179558
5-47465000.5	5	47465000.5	0.181603
5-47470000.5	5	47470000.5	0.166088
5-47495000.5	5	47495000.5	0.134165
5-47500000.5	5	47500000.5	0.191505
5-47505000.5	5	47505000.5	0.19643
5-47510000.5	5	47510000.5	0.198218
5-47515000.5	5	47515000.5	0.19711
5-47520000.5	5	47520000.5	0.196633
5-47525000.5	5	47525000.5	0.199267
5-47530000.5	5	47530000.5	0.209621
5-47535000.5	5	47535000.5	0.209358
5-47540000.5	5	47540000.5	0.207944
5-47545000.5	5	47545000.5	0.208071
5-47550000.5	5	47550000.5	0.212827
5-47555000.5	5	47555000.5	0.216466
5-47560000.5	5	47560000.5	0.216031
5-47565000.5	5	47565000.5	0.246938
5-47570000.5	5	47570000.5	0.282009
5-47575000.5	5	47575000.5	0.292012
5-47580000.5	5	47580000.5	0.317632
5-47585000.5	5	47585000.5	0.318665
5-47590000.5	5	47590000.5	0.321121
5-47595000.5	5	47595000.5	0.321121
5-47600000.5	5	47600000.5	0.321121
5-47605000.5	5	47605000.5	0.347173
5-47610000.5	5	47610000.5	0.370741
5-47615000.5	5	47615000.5	0.392108
5-47620000.5	5	47620000.5	0.369409
5-47625000.5	5	47625000.5	0.406611
5-47630000.5	5	47630000.5	0.406611
5-47635000.5	5	47635000.5	0.403519
5-47640000.5	5	47640000.5	0.406151
5-47645000.5	5	47645000.5	0.399577
5-47650000.5	5	47650000.5	0.391045
5-47655000.5	5	47655000.5	0.391045
5-47660000.5	5	47660000.5	0.385788
5-47665000.5	5	47665000.5	0.384139
5-47670000.5	5	47670000.5	0.366001
5-47675000.5	5	47675000.5	0.348761
5-47680000.5	5	47680000.5	0.348761
5-47685000.5	5	47685000.5	0.354374
5-47690000.5	5	47690000.5	0.346154
5-47695000.5	5	47695000.5	0.340421
5-47700000.5	5	47700000.5	0.334509
5-47705000.5	5	47705000.5	0.334722
5-47710000.5	5	47710000.5	0.340867
5-47715000.5	5	47715000.5	0.334382
5-47720000.5	5	47720000.5	0.332816
5-47725000.5	5	47725000.5	0.329819
5-47730000.5	5	47730000.5	0.330657
5-47735000.5	5	47735000.5	0.331299
5-47740000.5	5	47740000.5	0.330957
5-47745000.5	5	47745000.5	0.328185
5-47750000.5	5	47750000.5	0.336283
5-47755000.5	5	47755000.5	0.342572
5-47760000.5	5	47760000.5	0.337407
5-47765000.5	5	47765000.5	0.342414
5-47770000.5	5	47770000.5	0.345633
5-47775000.5	5	47775000.5	0.353964
5-47780000.5	5	47780000.5	0.35343
5-47785000.5	5	47785000.5	0.35008
5-47790000.5	5	47790000.5	0.349256
5-47795000.5	5	47795000.5	0.352274
5-47800000.5	5	47800000.5	0.352088
5-47805000.5	5	47805000.5	0.350906
5-47810000.5	5	47810000.5	0.356028
5-47815000.5	5	47815000.5	0.350687
5-47820000.5	5	47820000.5	0.350687
5-47825000.5	5	47825000.5	0.331766
5-47830000.5	5	47830000.5	0.295782
5-47845000.5	5	47845000.5	0.255019
5-47850000.5	5	47850000.5	0.338349
5-47855000.5	5	47855000.5	0.338349
5-47860000.5	5	47860000.5	0.338479
5-47865000.5	5	47865000.5	0.338479
5-47870000.5	5	47870000.5	0.338479
5-47875000.5	5	47875000.5	0.337909
5-47880000.5	5	47880000.5	0.340777
5-47885000.5	5	47885000.5	0.344323
5-47890000.5	5	47890000.5	0.349388
5-47895000.5	5	47895000.5	0.353955
5-47900000.5	5	47900000.5	0.356973
5-47905000.5	5	47905000.5	0.346225
5-47910000.5	5	47910000.5	0.341756
5-47915000.5	5	47915000.5	0.32695
5-47920000.5	5	47920000.5	0.32695
5-47925000.5	5	47925000.5	0.327176
5-47930000.5	5	47930000.5	0.308851
5-47935000.5	5	47935000.5	0.307011
5-47940000.5	5	47940000.5	0.293344
5-47945000.5	5	47945000.5	0.286987
5-47950000.5	5	47950000.5	0.283641
5-47955000.5	5	47955000.5	0.260147
5-47960000.5	5	47960000.5	0.253998
5-47965000.5	5	47965000.5	0.257858
5-47970000.5	5	47970000.5	0.270233
5-47975000.5	5	47975000.5	0.280628
5-47980000.5	5	47980000.5	0.329774
5-47985000.5	5	47985000.5	0.332125
5-47990000.5	5	47990000.5	0.304365
5-47995000.5	5	47995000.5	0.295847
5-48000000.5	5	48000000.5	0.29612
5-48005000.5	5	48005000.5	0.294374
5-48010000.5	5	48010000.5	0.312039
5-48015000.5	5	48015000.5	0.301612
5-48020000.5	5	48020000.5	0.313378
5-48025000.5	5	48025000.5	0.305629
5-48030000.5	5	48030000.5	0.305579
5-48035000.5	5	48035000.5	0.305712
5-48040000.5	5	48040000.5	0.31302
5-48045000.5	5	48045000.5	0.317435
5-48050000.5	5	48050000.5	0.317824
5-48055000.5	5	48055000.5	0.318673
5-48060000.5	5	48060000.5	0.312307
5-48065000.5	5	48065000.5	0.316393
5-48070000.5	5	48070000.5	0.298757
5-48075000.5	5	48075000.5	0.304079
5-48080000.5	5	48080000.5	0.304195
5-48085000.5	5	48085000.5	0.303596
5-48090000.5	5	48090000.5	0.220255
5-48115000.5	5	48115000.5	0.304049
5-48120000.5	5	48120000.5	0.312172
5-48125000.5	5	48125000.5	0.312149
5-48130000.5	5	48130000.5	0.312149
5-48135000.5	5	48135000.5	0.311746
5-48140000.5	5	48140000.5	0.310489
5-48145000.5	5	48145000.5	0.310489
5-48150000.5	5	48150000.5	0.316343
5-48155000.5	5	48155000.5	0.325042
5-48160000.5	5	48160000.5	0.325344
5-48165000.5	5	48165000.5	0.338145
5-48170000.5	5	48170000.5	0.34461
5-48175000.5	5	48175000.5	0.344978
5-48180000.5	5	48180000.5	0.344978
5-48185000.5	5	48185000.5	0.343989
5-48190000.5	5	48190000.5	0.341701
5-48195000.5	5	48195000.5	0.341701
5-48200000.5	5	48200000.5	0.33382
5-48210000.5	5	48210000.5	0.339589
5-48215000.5	5	48215000.5	0.355357
5-48220000.5	5	48220000.5	0.355357
5-48225000.5	5	48225000.5	0.345507
5-48230000.5	5	48230000.5	0.345507
5-48235000.5	5	48235000.5	0.344494
5-48240000.5	5	48240000.5	0.340551
5-48245000.5	5	48245000.5	0.334968
5-48250000.5	5	48250000.5	0.334968
5-48255000.5	5	48255000.5	0.329167
5-48260000.5	5	48260000.5	0.32088
5-48265000.5	5	48265000.5	0.283766
5-48270000.5	5	48270000.5	0.26495
5-48275000.5	5	48275000.5	0.260581
5-48280000.5	5	48280000.5	0.228488
5-48285000.5	5	48285000.5	0.194468
5-48290000.5	5	48290000.5	0.162891
5-59745000.5	5	59745000.5	0.142928
5-59750000.5	5	59750000.5	0.163951
5-59755000.5	5	59755000.5	0.168258
5-59760000.5	5	59760000.5	0.169644
5-59765000.5	5	59765000.5	0.170805
5-59770000.5	5	59770000.5	0.162693
5-59775000.5	5	59775000.5	0.162298
5-59780000.5	5	59780000.5	0.159576
5-59785000.5	5	59785000.5	0.159576
5-59790000.5	5	59790000.5	0.157472
5-59795000.5	5	59795000.5	0.150854
5-60335000.5	5	60335000.5	0.156394
5-60340000.5	5	60340000.5	0.160708
5-60345000.5	5	60345000.5	0.172038
5-60350000.5	5	60350000.5	0.170361
5-60355000.5	5	60355000.5	0.168395
5-60360000.5	5	60360000.5	0.167127
5-60365000.5	5	60365000.5	0.16708
5-60370000.5	5	60370000.5	0.166999
5-60375000.5	5	60375000.5	0.167118
5-60380000.5	5	60380000.5	0.181634
5-60385000.5	5	60385000.5	0.169933
5-60390000.5	5	60390000.5	0.167286
5-60395000.5	5	60395000.5	0.147564
5-60400000.5	5	60400000.5	0.143746
5-60405000.5	5	60405000.5	0.146225
5-60410000.5	5	60410000.5	0.150835
5-60415000.5	5	60415000.5	0.149193
5-60420000.5	5	60420000.5	0.146118
5-60425000.5	5	60425000.5	0.147464
5-60430000.5	5	60430000.5	0.149956
5-60465000.5	5	60465000.5	0.140643
5-60470000.5	5	60470000.5	0.161526
5-60475000.5	5	60475000.5	0.164725
5-60480000.5	5	60480000.5	0.163806
5-60485000.5	5	60485000.5	0.162199
5-60490000.5	5	60490000.5	0.15894
5-60495000.5	5	60495000.5	0.161066
5-60500000.5	5	60500000.5	0.156115
5-60505000.5	5	60505000.5	0.156701
5-60510000.5	5	60510000.5	0.156701
5-60515000.5	5	60515000.5	0.13556
5-60830000.5	5	60830000.5	0.141233
5-60835000.5	5	60835000.5	0.144338
5-60865000.5	5	60865000.5	0.133837
5-60870000.5	5	60870000.5	0.139809
5-60875000.5	5	60875000.5	0.139829
5-60890000.5	5	60890000.5	0.152037
5-60895000.5	5	60895000.5	0.172746
5-60900000.5	5	60900000.5	0.138627
5-60910000.5	5	60910000.5	0.137633
5-73410000.5	5	73410000.5	0.232555
5-73415000.5	5	73415000.5	0.232555
5-73420000.5	5	73420000.5	0.162742
5-73425000.5	5	73425000.5	0.138862
5-75090000.5	5	75090000.5	0.182737
5-75095000.5	5	75095000.5	0.199739
5-75100000.5	5	75100000.5	0.193576
5-75105000.5	5	75105000.5	0.193334
5-75110000.5	5	75110000.5	0.1943
5-75115000.5	5	75115000.5	0.196513
5-75120000.5	5	75120000.5	0.183691
5-75125000.5	5	75125000.5	0.183869
5-75130000.5	5	75130000.5	0.18401
5-75135000.5	5	75135000.5	0.1871
5-75140000.5	5	75140000.5	0.166257
5-75145000.5	5	75145000.5	0.17525
5-75150000.5	5	75150000.5	0.183809
5-75155000.5	5	75155000.5	0.175916
5-75160000.5	5	75160000.5	0.138211
5-75165000.5	5	75165000.5	0.150435
5-75170000.5	5	75170000.5	0.143852
5-81505000.5	5	81505000.5	0.133818
5-81545000.5	5	81545000.5	0.134899
5-81550000.5	5	81550000.5	0.134975
5-81565000.5	5	81565000.5	0.133616
5-81570000.5	5	81570000.5	0.137791
5-81575000.5	5	81575000.5	0.141176
5-81580000.5	5	81580000.5	0.140899
5-81585000.5	5	81585000.5	0.137645
5-81590000.5	5	81590000.5	0.135592
5-81605000.5	5	81605000.5	0.134221
5-81610000.5	5	81610000.5	0.134221
5-81615000.5	5	81615000.5	0.134221
5-81760000.5	5	81760000.5	0.133547
5-82310000.5	5	82310000.5	0.142295
5-82315000.5	5	82315000.5	0.142295
5-82380000.5	5	82380000.5	0.137837
5-82385000.5	5	82385000.5	0.162947
5-82390000.5	5	82390000.5	0.15749
5-82395000.5	5	82395000.5	0.15629
5-82400000.5	5	82400000.5	0.147151
5-82405000.5	5	82405000.5	0.147477
5-82410000.5	5	82410000.5	0.147477
5-82415000.5	5	82415000.5	0.150262
5-82420000.5	5	82420000.5	0.144274
5-82425000.5	5	82425000.5	0.13686
5-95950000.5	5	95950000.5	0.147504
5-95955000.5	5	95955000.5	0.153354
5-95960000.5	5	95960000.5	0.167867
5-95965000.5	5	95965000.5	0.169927
5-95970000.5	5	95970000.5	0.199758
5-95975000.5	5	95975000.5	0.200224
5-95980000.5	5	95980000.5	0.202331
5-95985000.5	5	95985000.5	0.174367
5-95990000.5	5	95990000.5	0.164715
5-95995000.5	5	95995000.5	0.151596
5-97650000.5	5	97650000.5	0.149208
5-97655000.5	5	97655000.5	0.147817
5-99475000.5	5	99475000.5	0.142498
5-99480000.5	5	99480000.5	0.134545
5-99485000.5	5	99485000.5	0.137234
5-99490000.5	5	99490000.5	0.137234
5-99620000.5	5	99620000.5	0.137615
5-99625000.5	5	99625000.5	0.135137
5-99635000.5	5	99635000.5	0.134116
5-99640000.5	5	99640000.5	0.144446
5-99645000.5	5	99645000.5	0.138917
5-99650000.5	5	99650000.5	0.136569
5-99655000.5	5	99655000.5	0.136569
5-99660000.5	5	99660000.5	0.139851
5-99665000.5	5	99665000.5	0.13818
5-99700000.5	5	99700000.5	0.134174
5-99705000.5	5	99705000.5	0.136449
5-99715000.5	5	99715000.5	0.133997
5-99720000.5	5	99720000.5	0.143506
5-99725000.5	5	99725000.5	0.143169
5-99730000.5	5	99730000.5	0.139434
5-99735000.5	5	99735000.5	0.137371
5-99740000.5	5	99740000.5	0.13492
5-99800000.5	5	99800000.5	0.141161
5-99805000.5	5	99805000.5	0.137007
5-99810000.5	5	99810000.5	0.140524
5-99815000.5	5	99815000.5	0.138305
5-99820000.5	5	99820000.5	0.140616
5-99825000.5	5	99825000.5	0.135545
5-99965000.5	5	99965000.5	0.135563
5-139535000.5	5	139535000.5	0.148426
5-139550000.5	5	139550000.5	0.152638
5-139565000.5	5	139565000.5	0.1383
5-139570000.5	5	139570000.5	0.1383
5-139575000.5	5	139575000.5	0.138449
5-139580000.5	5	139580000.5	0.138624
5-139585000.5	5	139585000.5	0.140182
5-139590000.5	5	139590000.5	0.140182
5-139595000.5	5	139595000.5	0.140259
5-139605000.5	5	139605000.5	0.166218
5-139610000.5	5	139610000.5	0.136708
5-139660000.5	5	139660000.5	0.139341
5-139665000.5	5	139665000.5	0.147069
5-139670000.5	5	139670000.5	0.147851
5-139675000.5	5	139675000.5	0.143937
5-139680000.5	5	139680000.5	0.138164
5-139685000.5	5	139685000.5	0.141684
5-139690000.5	5	139690000.5	0.14393
5-139695000.5	5	139695000.5	0.143834
5-139700000.5	5	139700000.5	0.143787
5-139705000.5	5	139705000.5	0.143154
5-139710000.5	5	139710000.5	0.139006
5-140790000.5	5	140790000.5	0.133645
5-140880000.5	5	140880000.5	0.135413
5-140885000.5	5	140885000.5	0.140035
5-140890000.5	5	140890000.5	0.145112
5-140895000.5	5	140895000.5	0.143997
5-140900000.5	5	140900000.5	0.141351
5-140905000.5	5	140905000.5	0.144329
5-140910000.5	5	140910000.5	0.136094
5-141100000.5	5	141100000.5	0.135845
5-151610000.5	5	151610000.5	0.187924
5-154610000.5	5	154610000.5	0.13563
5-158520000.5	5	158520000.5	0.160543
5-186445000.5	5	186445000.5	0.147359
5-186450000.5	5	186450000.5	0.154464
6-100055000.5	6	100055000.5	0.162563
6-100060000.5	6	100060000.5	0.162497
6-100065000.5	6	100065000.5	0.16457
6-100070000.5	6	100070000.5	0.178295
6-100075000.5	6	100075000.5	0.178268
6-100080000.5	6	100080000.5	0.2005
6-100085000.5	6	100085000.5	0.208713
6-100090000.5	6	100090000.5	0.208661
6-100095000.5	6	100095000.5	0.216569
6-100100000.5	6	100100000.5	0.286804
6-100105000.5	6	100105000.5	0.290073
6-100110000.5	6	100110000.5	0.290317
6-100115000.5	6	100115000.5	0.290317
6-100120000.5	6	100120000.5	0.282579
6-100125000.5	6	100125000.5	0.282822
6-100130000.5	6	100130000.5	0.250273
6-103030000.5	6	103030000.5	0.152779
6-103035000.5	6	103035000.5	0.152779
6-103040000.5	6	103040000.5	0.151243
6-103045000.5	6	103045000.5	0.151842
6-103050000.5	6	103050000.5	0.151413
6-103055000.5	6	103055000.5	0.151333
6-103060000.5	6	103060000.5	0.15162
6-103065000.5	6	103065000.5	0.149108
6-103070000.5	6	103070000.5	0.176119
6-103075000.5	6	103075000.5	0.19277
6-103080000.5	6	103080000.5	0.152377
6-103145000.5	6	103145000.5	0.138686
6-103150000.5	6	103150000.5	0.139234
6-103155000.5	6	103155000.5	0.139678
6-103160000.5	6	103160000.5	0.159892
6-103165000.5	6	103165000.5	0.159892
6-103170000.5	6	103170000.5	0.180757
6-103175000.5	6	103175000.5	0.180757
6-103180000.5	6	103180000.5	0.180757
6-103185000.5	6	103185000.5	0.180757
6-103190000.5	6	103190000.5	0.180757
6-103195000.5	6	103195000.5	0.179861
6-103200000.5	6	103200000.5	0.179861
6-103205000.5	6	103205000.5	0.179861
6-103240000.5	6	103240000.5	0.174076
6-103245000.5	6	103245000.5	0.155191
6-103250000.5	6	103250000.5	0.139043
6-110530000.5	6	110530000.5	0.149397
6-110535000.5	6	110535000.5	0.152676
6-110540000.5	6	110540000.5	0.152676
6-110545000.5	6	110545000.5	0.153667
6-110550000.5	6	110550000.5	0.153667
6-110555000.5	6	110555000.5	0.154125
6-148585000.5	6	148585000.5	0.136154
6-148590000.5	6	148590000.5	0.135179
7-5160000.5	7	5160000.5	0.185921
7-5165000.5	7	5165000.5	0.188051
7-5170000.5	7	5170000.5	0.149624
7-5175000.5	7	5175000.5	0.150342
7-5180000.5	7	5180000.5	0.150342
7-32930000.5	7	32930000.5	0.147154
7-103435000.5	7	103435000.5	0.139192
7-103440000.5	7	103440000.5	0.141098
7-103445000.5	7	103445000.5	0.13528
7-103455000.5	7	103455000.5	0.133842
7-103460000.5	7	103460000.5	0.133864
7-103475000.5	7	103475000.5	0.135164
7-162725000.5	7	162725000.5	0.149303
7-162730000.5	7	162730000.5	0.149303
7-162735000.5	7	162735000.5	0.149303
7-172400000.5	7	172400000.5	0.142164
7-174200000.5	7	174200000.5	0.133852
7-174205000.5	7	174205000.5	0.13409
7-174210000.5	7	174210000.5	0.13409
7-174215000.5	7	174215000.5	0.134423
7-174230000.5	7	174230000.5	0.140685
8-75615000.5	8	75615000.5	0.136803
8-75620000.5	8	75620000.5	0.147528
8-75625000.5	8	75625000.5	0.149913
8-75630000.5	8	75630000.5	0.150088
8-75635000.5	8	75635000.5	0.152704
8-75640000.5	8	75640000.5	0.150478
8-75645000.5	8	75645000.5	0.149794
8-75650000.5	8	75650000.5	0.152827
8-75655000.5	8	75655000.5	0.153848
8-75660000.5	8	75660000.5	0.155549
8-75665000.5	8	75665000.5	0.154093
8-75670000.5	8	75670000.5	0.152847
8-75675000.5	8	75675000.5	0.15341
8-75680000.5	8	75680000.5	0.150909
8-75685000.5	8	75685000.5	0.151251
8-75690000.5	8	75690000.5	0.150136
8-75695000.5	8	75695000.5	0.151166
8-75700000.5	8	75700000.5	0.153148
8-75705000.5	8	75705000.5	0.153929
8-75710000.5	8	75710000.5	0.15288
8-75715000.5	8	75715000.5	0.154325
8-75720000.5	8	75720000.5	0.152201
8-75725000.5	8	75725000.5	0.150748
8-75730000.5	8	75730000.5	0.154833
8-75735000.5	8	75735000.5	0.152718
8-75740000.5	8	75740000.5	0.155738
8-75745000.5	8	75745000.5	0.154954
8-75750000.5	8	75750000.5	0.155103
8-75755000.5	8	75755000.5	0.153377
8-75760000.5	8	75760000.5	0.153179
8-75765000.5	8	75765000.5	0.151595
8-75770000.5	8	75770000.5	0.151808
8-75775000.5	8	75775000.5	0.150663
8-75780000.5	8	75780000.5	0.13985
8-75785000.5	8	75785000.5	0.137782
8-75790000.5	8	75790000.5	0.137457
8-75795000.5	8	75795000.5	0.13582
8-83950000.5	8	83950000.5	0.139098
8-83955000.5	8	83955000.5	0.141018
8-83960000.5	8	83960000.5	0.152965
8-83965000.5	8	83965000.5	0.151342
8-83970000.5	8	83970000.5	0.151981
8-83975000.5	8	83975000.5	0.153269
8-83980000.5	8	83980000.5	0.153683
8-83985000.5	8	83985000.5	0.15677
8-83990000.5	8	83990000.5	0.157591
8-83995000.5	8	83995000.5	0.156882
8-84000000.5	8	84000000.5	0.152989
8-84005000.5	8	84005000.5	0.15624
8-84010000.5	8	84010000.5	0.139534
8-84015000.5	8	84015000.5	0.135733
8-84020000.5	8	84020000.5	0.14373
8-84025000.5	8	84025000.5	0.143709
8-84030000.5	8	84030000.5	0.146749
8-84035000.5	8	84035000.5	0.147026
8-84040000.5	8	84040000.5	0.14699
8-84045000.5	8	84045000.5	0.149039
8-84050000.5	8	84050000.5	0.148211
8-84055000.5	8	84055000.5	0.144793
8-93445000.5	8	93445000.5	0.15219
8-93450000.5	8	93450000.5	0.15219
8-107445000.5	8	107445000.5	0.154811
8-107450000.5	8	107450000.5	0.153635
8-107455000.5	8	107455000.5	0.151396
8-107460000.5	8	107460000.5	0.151396
8-107465000.5	8	107465000.5	0.151396
8-107470000.5	8	107470000.5	0.167973
8-107475000.5	8	107475000.5	0.17581
8-107480000.5	8	107480000.5	0.187898
8-107485000.5	8	107485000.5	0.18797
8-107490000.5	8	107490000.5	0.190874
8-107495000.5	8	107495000.5	0.191829
8-107500000.5	8	107500000.5	0.190808
8-107505000.5	8	107505000.5	0.192909
8-107510000.5	8	107510000.5	0.192411
8-107515000.5	8	107515000.5	0.192411
8-107520000.5	8	107520000.5	0.192411
8-107525000.5	8	107525000.5	0.190306
8-107530000.5	8	107530000.5	0.18581
8-107535000.5	8	107535000.5	0.152054
8-113760000.5	8	113760000.5	0.141474
8-119280000.5	8	119280000.5	0.143127
8-119285000.5	8	119285000.5	0.149505
8-119290000.5	8	119290000.5	0.146996
8-119295000.5	8	119295000.5	0.135838
8-134535000.5	8	134535000.5	0.145435
8-134540000.5	8	134540000.5	0.147275
8-134545000.5	8	134545000.5	0.147328
8-170170000.5	8	170170000.5	0.13537
9-485000.5	9	485000.5	0.156271
9-3645000.5	9	3645000.5	0.157055
9-3650000.5	9	3650000.5	0.156432
9-3655000.5	9	3655000.5	0.155219
9-3660000.5	9	3660000.5	0.1564
9-3665000.5	9	3665000.5	0.157917
9-3670000.5	9	3670000.5	0.159292
9-3675000.5	9	3675000.5	0.161284
9-3680000.5	9	3680000.5	0.164412
9-3685000.5	9	3685000.5	0.151439
9-3690000.5	9	3690000.5	0.1509
9-3695000.5	9	3695000.5	0.138162
9-3700000.5	9	3700000.5	0.134608
9-17715000.5	9	17715000.5	0.173627
9-17720000.5	9	17720000.5	0.173627
9-17725000.5	9	17725000.5	0.166421
9-17730000.5	9	17730000.5	0.166421
9-103040000.5	9	103040000.5	0.155595
9-103045000.5	9	103045000.5	0.178197
9-103050000.5	9	103050000.5	0.156616
9-107280000.5	9	107280000.5	0.153501
9-107285000.5	9	107285000.5	0.152818
9-107290000.5	9	107290000.5	0.152733
9-107295000.5	9	107295000.5	0.177214
9-107300000.5	9	107300000.5	0.199971
9-107305000.5	9	107305000.5	0.168695
9-107310000.5	9	107310000.5	0.164252
9-107315000.5	9	107315000.5	0.164229
9-107320000.5	9	107320000.5	0.145564
9-107325000.5	9	107325000.5	0.145564
9-107330000.5	9	107330000.5	0.142915
9-107335000.5	9	107335000.5	0.143127
9-107340000.5	9	107340000.5	0.142994
9-127515000.5	9	127515000.5	0.144772
9-127520000.5	9	127520000.5	0.189805
9-127525000.5	9	127525000.5	0.201346
9-127530000.5	9	127530000.5	0.217685
9-127535000.5	9	127535000.5	0.217836
9-127540000.5	9	127540000.5	0.229629
9-127545000.5	9	127545000.5	0.26066
9-127550000.5	9	127550000.5	0.267555
9-127555000.5	9	127555000.5	0.296427
9-127560000.5	9	127560000.5	0.301468
9-127565000.5	9	127565000.5	0.299657
9-127570000.5	9	127570000.5	0.294337
9-127575000.5	9	127575000.5	0.307674
9-127580000.5	9	127580000.5	0.312819
9-127585000.5	9	127585000.5	0.312212
9-127590000.5	9	127590000.5	0.303646
9-127595000.5	9	127595000.5	0.2759
9-127600000.5	9	127600000.5	0.259277
9-127605000.5	9	127605000.5	0.256865
9-127610000.5	9	127610000.5	0.23178
9-127615000.5	9	127615000.5	0.164932
9-127620000.5	9	127620000.5	0.156537
9-127625000.5	9	127625000.5	0.14901
9-127630000.5	9	127630000.5	0.140058
9-127635000.5	9	127635000.5	0.139933
9-127675000.5	9	127675000.5	0.13763
9-127680000.5	9	127680000.5	0.170803
9-127685000.5	9	127685000.5	0.173009
9-127690000.5	9	127690000.5	0.171608
9-127695000.5	9	127695000.5	0.175355
9-127700000.5	9	127700000.5	0.174039
9-127705000.5	9	127705000.5	0.187877
9-127710000.5	9	127710000.5	0.179814
9-127715000.5	9	127715000.5	0.172337
10-10280000.5	10	10280000.5	0.135468
10-10285000.5	10	10285000.5	0.134062
10-11225000.5	10	11225000.5	0.173289
10-11230000.5	10	11230000.5	0.181782
10-11235000.5	10	11235000.5	0.190562
10-11240000.5	10	11240000.5	0.209751
10-11245000.5	10	11245000.5	0.229027
10-11250000.5	10	11250000.5	0.233678
10-11255000.5	10	11255000.5	0.233574
10-11260000.5	10	11260000.5	0.239446
10-11265000.5	10	11265000.5	0.247394
10-11270000.5	10	11270000.5	0.258273
10-11275000.5	10	11275000.5	0.251874
10-11280000.5	10	11280000.5	0.247898
10-11285000.5	10	11285000.5	0.246204
10-11290000.5	10	11290000.5	0.24998
10-11295000.5	10	11295000.5	0.232299
10-11300000.5	10	11300000.5	0.236783
10-11305000.5	10	11305000.5	0.237275
10-11310000.5	10	11310000.5	0.234214
10-11315000.5	10	11315000.5	0.237718
10-11320000.5	10	11320000.5	0.218338
10-11325000.5	10	11325000.5	0.183487
10-11330000.5	10	11330000.5	0.159925
10-11460000.5	10	11460000.5	0.138138
10-11465000.5	10	11465000.5	0.145159
10-11470000.5	10	11470000.5	0.138646
10-11485000.5	10	11485000.5	0.136369
10-12230000.5	10	12230000.5	0.151677
10-12235000.5	10	12235000.5	0.157793
10-12240000.5	10	12240000.5	0.157793
10-12245000.5	10	12245000.5	0.15566
10-12250000.5	10	12250000.5	0.141416
10-15805000.5	10	15805000.5	0.139675
10-61770000.5	10	61770000.5	0.133801
10-61775000.5	10	61775000.5	0.133801
10-61780000.5	10	61780000.5	0.133801
10-61785000.5	10	61785000.5	0.15205
10-61795000.5	10	61795000.5	0.155498
10-61800000.5	10	61800000.5	0.133846
10-78475000.5	10	78475000.5	0.134886
10-78480000.5	10	78480000.5	0.136169
10-78485000.5	10	78485000.5	0.142671
10-78490000.5	10	78490000.5	0.157063
10-78495000.5	10	78495000.5	0.163521
10-78500000.5	10	78500000.5	0.163521
10-78505000.5	10	78505000.5	0.161418
10-78510000.5	10	78510000.5	0.159718
10-78515000.5	10	78515000.5	0.158935
10-78520000.5	10	78520000.5	0.159421
10-78525000.5	10	78525000.5	0.145349
10-109075000.5	10	109075000.5	0.154565
10-109080000.5	10	109080000.5	0.165133
10-109085000.5	10	109085000.5	0.16513
10-109090000.5	10	109090000.5	0.162596
10-109095000.5	10	109095000.5	0.143221
10-116675000.5	10	116675000.5	0.147656
10-116680000.5	10	116680000.5	0.159936
10-116685000.5	10	116685000.5	0.157317
10-116690000.5	10	116690000.5	0.155474
10-116695000.5	10	116695000.5	0.148017
10-116700000.5	10	116700000.5	0.148017
10-116705000.5	10	116705000.5	0.148017
10-116795000.5	10	116795000.5	0.193092
10-116800000.5	10	116800000.5	0.192002
10-116805000.5	10	116805000.5	0.190958
10-116810000.5	10	116810000.5	0.190958
10-116815000.5	10	116815000.5	0.190958
10-116820000.5	10	116820000.5	0.190958
10-116825000.5	10	116825000.5	0.19148
10-116830000.5	10	116830000.5	0.19148
10-116835000.5	10	116835000.5	0.19148
10-116840000.5	10	116840000.5	0.19191
10-116945000.5	10	116945000.5	0.135325
10-116950000.5	10	116950000.5	0.13527
10-116980000.5	10	116980000.5	0.138056
10-118340000.5	10	118340000.5	0.138893
10-118345000.5	10	118345000.5	0.144655
10-118350000.5	10	118350000.5	0.14481
