1	2940001	NA
1	9140001	0.082918
1	10715001	0.0800926
1	13935001	0.115277
1	18065001	NA
1	24305001	0.109072
1	28615001	0.118139
1	33590001	NA
1	38155001	0.11335
1	38890001	NA
1	39105001	NA
1	41230001	NA
1	45275001	0.0844828
1	46385001	0.0815762
1	57485001	NA
1	72550001	0.081377
1	80190001	0.098513
1	98535001	0.0894561
1	100180001	0.0866743
1	104165001	NA
1	115335001	NA
1	115630001	0.127954
1	120485001	NA
1	121295001	NA
1	150305001	NA
1	151625001	0.104226
1	152820001	NA
1	153195001	0.109349
1	155930001	0.0876093
1	156165001	0.0980661
1	157070001	0.20395
1	158115001	0.101294
1	159540001	0.191449
1	161735001	0.109329
1	162405001	NA
1	163175001	NA
1	164630001	0.110958
1	165150001	0.0910838
1	168515001	0.139016
1	171885001	0.0821713
1	172950001	NA
1	173810001	0.113277
1	180655001	0.099164
1	181755001	NA
1	182510001	0.114546
1	183125001	0.0941014
1	184260001	0.130186
1	189380001	0.0833611
1	189835001	0.110958
1	190375001	NA
1	191240001	0.115143
1	192750001	NA
1	198140001	0.102493
1	202355001	0.0819998
1	205195001	0.188545
1	205545001	0.0958145
1	206995001	NA
1	207100001	0.0797076
1	209345001	0.154509
1	211240001	NA
1	213750001	0.0985483
1	215175001	0.169087
1	218010001	0.129318
1	220485001	0.087458
1	224930001	0.119656
1	227405001	0.0816784
1	230495001	0.0804207
1	230830001	0.0952682
1	233080001	0.125105
1	234040001	0.164532
1	235310001	0.0821661
1	236245001	NA
1	236815001	0.0982342
1	238920001	0.126263
1	239370001	0.0843326
1	241015001	NA
1	242515001	0.133325
1	243195001	NA
1	250145001	NA
1	250350001	0.134775
1	251480001	0.0864981
1	252135001	0.0813753
1	261215001	0.0976022
1	267660001	0.099339
1	274360001	0.0900284
1	284405001	0.102536
1	284750001	0.143705
1	285380001	0.106031
1	287555001	NA
1	295670001	0.128033
1	299005001	0.181133
1	304190001	0.18602
2	7690001	NA
2	9845001	NA
2	18105001	0.0869087
2	21265001	0.145566
2	21665001	0.100884
2	21955001	0.101382
2	27125001	0.105453
2	28200001	0.102019
2	29235001	0.130924
2	31125001	0.0871343
2	33400001	0.147905
2	34510001	0.0836942
2	34940001	0.128072
2	37965001	0.13122
2	39035001	0.130252
2	46670001	0.0961343
2	47210001	0.088335
2	51125001	0.0818499
2	51480001	0.104016
2	52790001	NA
2	63435001	0.0962449
2	66635001	0.195812
2	74630001	0.0900214
2	75385001	NA
2	84660001	0.121401
2	92005001	NA
2	103605001	NA
2	103745001	0.106959
2	105050001	0.10565
2	106930001	NA
2	109310001	0.11303
2	113415001	NA
2	114090001	0.123777
2	115365001	0.0906315
2	117200001	0.0872036
2	131635001	0.0826678
2	135495001	0.100352
2	147860001	NA
2	150065001	0.145211
2	165855001	NA
2	166225001	0.114476
2	167175001	0.108633
2	180295001	0.180195
2	182580001	0.0794572
2	188375001	0.0823215
2	193595001	0.0848392
2	193715001	NA
2	194925001	0.0938899
2	195270001	NA
2	204790001	0.0802861
2	206280001	NA
2	206475001	NA
2	206830001	0.0941153
2	208445001	0.180161
2	210160001	0.107777
2	220000001	0.08555
2	221470001	0.0958327
2	224465001	0.0824971
2	226600001	0.0929927
2	231865001	NA
2	244415001	0.139018
3	830001	NA
3	1260001	NA
3	2145001	0.118346
3	3050001	0.120861
3	3200001	NA
3	4985001	NA
3	5840001	0.106329
3	8430001	NA
3	10855001	NA
3	12390001	0.0913925
3	14040001	0.0885549
3	15535001	NA
3	15910001	NA
3	25380001	0.118609
3	37880001	0.090709
3	59335001	NA
3	60330001	NA
3	65875001	0.0796237
3	68740001	NA
3	115125001	NA
3	118065001	0.14467
3	124225001	0.0811525
3	125835001	0.0810025
3	132590001	0.084243
3	147015001	0.111583
3	147380001	0.114064
3	147745001	0.0832686
3	151280001	0.0826512
3	153450001	0.081252
3	158265001	0.127418
3	161915001	0.0924877
3	163790001	NA
3	165955001	0.0800621
3	166200001	0.100193
3	169020001	NA
3	171410001	0.0949063
3	174535001	0.115169
3	176140001	0.103756
3	176900001	NA
3	177350001	NA
3	180850001	NA
3	181385001	0.100566
3	186805001	0.100854
3	187460001	0.0861791
3	191920001	0.106911
3	193925001	NA
3	197015001	NA
3	197205001	0.101428
3	198485001	0.122983
3	199115001	0.160086
3	200030001	0.0862135
3	200735001	0.149737
3	201450001	NA
3	203265001	NA
3	206285001	0.088335
3	212805001	0.0876708
3	217730001	0.116594
3	218245001	0.170246
3	219310001	0.136685
3	224635001	0.174724
3	225460001	NA
3	226405001	0.115714
3	226805001	NA
3	227845001	0.153575
3	229155001	NA
3	229915001	0.0807657
3	230480001	0.137204
3	230860001	NA
3	231440001	NA
3	232345001	NA
3	232955001	0.108
4	5165001	NA
4	8945001	NA
4	10575001	NA
4	14820001	NA
4	31005001	NA
4	32875001	NA
4	33665001	NA
4	35620001	0.0898723
4	36515001	0.0899721
4	39910001	NA
4	47730001	NA
4	101275001	0.102843
4	116870001	0.100736
4	127395001	0.0809588
4	133790001	NA
4	134115001	NA
4	134835001	0.104662
4	142165001	0.102167
4	144405001	0.107457
4	145080001	0.0818362
4	145675001	0.0851778
4	147125001	NA
4	153230001	NA
4	154815001	0.123002
4	157625001	NA
4	158070001	0.0810092
4	159195001	0.0790949
4	160865001	NA
4	163320001	0.0856614
4	165295001	0.106674
4	171655001	0.141776
4	173365001	0.107783
4	176840001	0.119128
4	181545001	NA
4	181685001	NA
4	183825001	0.128827
4	184975001	0.0838131
4	190395001	0.135489
4	190625001	0.083836
4	195940001	NA
4	196090001	NA
4	199080001	0.16254
4	199370001	0.0895727
4	199590001	NA
4	199780001	0.0812464
4	201785001	0.0814914
4	204140001	NA
4	206300001	0.105709
4	207135001	0.0794251
4	207295001	NA
4	208590001	0.0960685
4	212280001	NA
4	219985001	NA
4	220695001	0.0886815
4	222625001	NA
4	228900001	0.0926599
4	232590001	0.0921043
5	2975001	0.0882265
5	4805001	0.143102
5	5650001	NA
5	7375001	0.0830534
5	8190001	0.0805189
5	10640001	0.0816228
5	14000001	0.0842658
5	16515001	0.127616
5	27900001	0.0806562
5	32975001	0.0838374
5	33325001	0.0894258
5	33835001	0.0835449
5	35135001	0.0841146
5	36130001	0.0845902
5	43965001	NA
5	44210001	0.122398
5	44860001	0.0985735
5	46075001	0.126904
5	46400001	0.291291
5	50035001	0.138595
5	50350001	0.0828134
5	58755001	0.234222
5	72880001	0.12509
5	74915001	0.195326
5	81340001	0.176442
5	85000001	0.0854814
5	87370001	NA
5	95915001	0.10865
5	97460001	0.0924019
5	99255001	0.0936067
5	139445001	0.152653
5	139830001	NA
5	140665001	0.142421
5	151510001	0.0854922
5	151795001	0.0895343
5	154235001	0.142708
5	173605001	0.145074
5	178370001	0.0964603
5	182780001	0.0884509
5	183010001	0.12478
5	186075001	0.11075
5	186655001	0.0949015
5	192355001	NA
5	194665001	0.153077
5	206455001	NA
5	213910001	0.0896943
5	216135001	NA
5	218485001	0.0953674
5	221285001	0.0808341
6	64985001	0.130617
6	69855001	NA
6	79815001	NA
6	80390001	NA
6	90925001	NA
6	95720001	NA
6	96580001	0.104354
6	99375001	NA
6	99520001	0.0807853
6	99940001	0.244288
6	100620001	0.122105
6	102925001	0.182789
6	110480001	0.116666
6	118875001	NA
6	121020001	NA
6	129125001	0.0955941
6	137930001	NA
6	143000001	0.101264
6	147915001	0.0904556
6	148385001	0.153134
6	151080001	0.123034
6	161200001	NA
7	1815001	NA
7	3005001	NA
7	5065001	0.135663
7	7455001	0.148548
7	9655001	0.107094
7	14420001	NA
7	18280001	NA
7	19460001	0.155236
7	40750001	0.114755
7	92510001	NA
7	93800001	NA
7	94245001	0.0850794
7	96180001	NA
7	98665001	0.12561
7	99990001	0.0843956
7	102190001	0.0854385
7	103140001	0.165079
7	107860001	NA
7	111465001	0.107344
7	123260001	0.084372
7	130010001	0.0869642
7	132025001	0.12208
7	137350001	0.0931006
7	169490001	0.0795012
7	171895001	NA
7	172330001	0.103412
7	174125001	0.143441
8	840001	NA
8	4985001	0.106792
8	8085001	0.123257
8	9635001	NA
8	11415001	0.0992823
8	12510001	NA
8	12640001	0.132112
8	13580001	NA
8	14975001	0.126053
8	20205001	0.100302
8	28570001	0.0996288
8	30325001	NA
8	75045001	0.130361
8	77030001	0.100219
8	77900001	0.0830033
8	80245001	0.0813807
8	80940001	NA
8	81360001	0.0964368
8	82175001	0.292511
8	83860001	0.108457
8	85490001	0.120814
8	88170001	0.0980973
8	92395001	0.0994612
8	93235001	0.0915738
8	104405001	0.133199
8	105520001	NA
8	107055001	0.166631
8	109225001	NA
8	109445001	0.114647
8	112485001	0.120887
8	112910001	0.0926097
8	113640001	0.126862
8	116585001	0.129306
8	119125001	0.135003
8	119780001	0.0868249
8	125635001	0.0805159
8	132460001	0.107103
8	133695001	0.101526
8	134475001	0.100763
8	136310001	0.15325
8	137950001	0.0892362
8	149135001	0.136364
8	150085001	0.0914945
8	170035001	0.131955
8	175305001	NA
8	177495001	NA
9	440001	0.118074
9	1750001	0.0799
9	2395001	0.0817721
9	2780001	0.0798095
9	3205001	0.118338
9	10120001	NA
9	10635001	0.124358
9	16595001	0.100058
9	22265001	0.0877331
9	102355001	0.140204
9	102735001	0.14
9	105915001	0.0945817
9	107085001	0.144715
9	110675001	0.0839662
9	112005001	0.0984314
9	127015001	0.0981214
9	127435001	0.272209
9	129455001	NA
9	129625001	NA
9	132055001	NA
9	132400001	0.115084
9	139260001	NA
9	139480001	0.0918017
9	139750001	0.0810594
9	140555001	0.0936071
9	146695001	NA
9	154000001	0.0870697
9	155325001	NA
9	156175001	0.156433
9	157645001	NA
10	6910001	0.119979
10	8275001	NA
10	8785001	NA
10	9595001	0.175015
10	10880001	NA
10	11180001	0.265547
10	12155001	0.140274
10	17800001	0.0837076
10	19250001	NA
10	31560001	0.0880759
10	34055001	0.107867
10	59980001	0.0858723
10	61600001	0.138718
10	62865001	0.0910604
10	77720001	0.154403
10	78670001	0.135351
10	81290001	NA
10	82580001	0.0846895
10	84590001	NA
10	85310001	NA
10	104175001	0.0953745
10	106145001	0.150249
10	107055001	NA
10	108770001	0.140345
10	116630001	0.154436
10	117110001	0.0817862
10	118220001	0.106726
10	118570001	NA
10	120290001	0.118164
10	122285001	0.096166
10	125425001	0.125605
10	136900001	0.100395
10	139590001	NA
10	144995001	NA
10	145170001	NA
10	145605001	0.105367
