1	2940001	3000000	1	2940001	3000000	9.998504519	XPCLR	59999
1	9140001	9375000	1	9150001	9375000	17.73805396	XPCLR	224999
1	10715001	10860000	1	10715001	10830000	9.964706807	XPCLR	114999
1	13935001	14375000	1	14015001	14375000	23.36957074	XPCLR	359999
1	18065001	18135000	1	18065001	18135000	11.83483362	XPCLR	69999
1	24305001	24460000	.	-1	-1	.	.	0
1	28615001	29425000	1	28615001	28890000	14.53011213	XPCLR	274999
1	33590001	33850000	1	33590001	33850000	10.90020702	XPCLR	259999
1	38155001	38590000	.	-1	-1	.	.	0
1	38890001	39045000	1	38890001	39045000	19.0339315	XPCLR	154999
1	39105001	39175000	1	39105001	39175000	18.790179	XPCLR	69999
1	41230001	41625000	1	41230001	41625000	9.77234305	XPCLR	394999
1	45275001	45485000	1	45275001	45470000	30.4621329	XPCLR	194999
1	46385001	46665000	.	-1	-1	.	.	0
1	57485001	57535000	1	57485001	57535000	13.83009453	XPCLR	49999
1	72550001	72650000	.	-1	-1	.	.	0
1	80190001	80615000	1	80225001	80425000	10.97147878	XPCLR	199999
1	98535001	98975000	1	98565001	98975000	16.18992069	XPCLR	409999
1	100180001	100390000	.	-1	-1	.	.	0
1	104165001	104225000	1	104165001	104225000	13.44238314	XPCLR	59999
1	115335001	115400000	1	115335001	115400000	9.49224014	XPCLR	64999
1	115630001	117435000	1	115630001	116120000	9.965622847	XPCLR	489999
1	115630001	117435000	1	116310001	117395000	35.46967627	XPCLR	1084999
1	120485001	120580000	1	120485001	120580000	10.07149734	XPCLR	94999
1	121295001	121415000	1	121295001	121415000	9.514620595	XPCLR	119999
1	150305001	150490000	1	150305001	150490000	9.71698977	XPCLR	184999
1	151625001	152120000	.	-1	-1	.	.	0
1	152820001	152890000	1	152820001	152890000	26.37664137	XPCLR	69999
1	153195001	153790000	.	-1	-1	.	.	0
1	155930001	156065000	.	-1	-1	.	.	0
1	156165001	156965000	.	-1	-1	.	.	0
1	157070001	157620000	1	157115001	157620000	35.30115559	XPCLR	504999
1	158115001	159010000	.	-1	-1	.	.	0
1	159540001	159930000	1	159540001	159880000	14.51688944	XPCLR	339999
1	161735001	162060000	.	-1	-1	.	.	0
1	162405001	162495000	1	162405001	162495000	9.863127733	XPCLR	89999
1	163175001	163275000	1	163175001	163275000	15.03325744	XPCLR	99999
1	164630001	164990000	.	-1	-1	.	.	0
1	165150001	165260000	.	-1	-1	.	.	0
1	168515001	168965000	1	168640001	168800000	16.24447604	XPCLR	159999
1	171885001	172155000	.	-1	-1	.	.	0
1	172950001	173165000	1	172950001	173165000	11.16155855	XPCLR	214999
1	173810001	174120000	1	173810001	174120000	11.16375218	XPCLR	309999
1	180655001	180865000	.	-1	-1	.	.	0
1	181755001	181850000	1	181755001	181850000	9.414673935	XPCLR	94999
1	182510001	182800000	.	-1	-1	.	.	0
1	183125001	183530000	1	183420001	183530000	11.76589968	XPCLR	109999
1	184260001	184855000	.	-1	-1	.	.	0
1	189380001	189545000	.	-1	-1	.	.	0
1	189835001	190120000	.	-1	-1	.	.	0
1	190375001	190450000	1	190375001	190450000	13.56843096	XPCLR	74999
1	191240001	191415000	.	-1	-1	.	.	0
1	192750001	192840000	1	192750001	192840000	17.87063963	XPCLR	89999
1	198140001	198505000	1	198285001	198375000	48.61892453	XPCLR	89999
1	202355001	202460000	.	-1	-1	.	.	0
1	205195001	205380000	.	-1	-1	.	.	0
1	205545001	205770000	.	-1	-1	.	.	0
1	206995001	207050000	1	206995001	207050000	9.324987629	XPCLR	54999
1	207100001	207310000	.	-1	-1	.	.	0
1	209345001	209915000	.	-1	-1	.	.	0
1	211240001	211320000	1	211240001	211320000	9.878493043	XPCLR	79999
1	213750001	214035000	.	-1	-1	.	.	0
1	215175001	215915000	1	215300001	215915000	28.41934007	XPCLR	614999
1	218010001	218305000	1	218015001	218305000	15.98414911	XPCLR	289999
1	220485001	220770000	1	220565001	220770000	11.86404604	XPCLR	204999
1	224930001	225175000	.	-1	-1	.	.	0
1	227405001	227510000	.	-1	-1	.	.	0
1	230495001	230660000	.	-1	-1	.	.	0
1	230830001	231055000	.	-1	-1	.	.	0
1	233080001	233480000	1	233335001	233470000	21.36537675	XPCLR	134999
1	234040001	234425000	1	234170001	234405000	31.3940974	XPCLR	234999
1	235310001	235950000	1	235310001	235910000	13.30235492	XPCLR	599999
1	236245001	236610000	1	236245001	236610000	12.21631477	XPCLR	364999
1	236815001	237035000	.	-1	-1	.	.	0
1	238920001	239185000	.	-1	-1	.	.	0
1	239370001	239465000	.	-1	-1	.	.	0
1	241015001	241230000	1	241015001	241230000	12.99899465	XPCLR	214999
1	242515001	243045000	1	242665001	243045000	21.9153609	XPCLR	379999
1	243195001	243295000	1	243195001	243295000	11.48423328	XPCLR	99999
1	250145001	250220000	1	250145001	250220000	11.43021176	XPCLR	74999
1	250350001	250680000	1	250395001	250640000	10.38359628	XPCLR	244999
1	251480001	251705000	.	-1	-1	.	.	0
1	252135001	252275000	.	-1	-1	.	.	0
1	261215001	261490000	.	-1	-1	.	.	0
1	267660001	267855000	.	-1	-1	.	.	0
1	274360001	274780000	.	-1	-1	.	.	0
1	284405001	284510000	.	-1	-1	.	.	0
1	284750001	285010000	1	284945001	285005000	9.540652569	XPCLR	59999
1	285380001	285525000	1	285385001	285525000	13.84536376	XPCLR	139999
1	287555001	287845000	1	287555001	287845000	15.71247842	XPCLR	289999
1	295670001	295805000	.	-1	-1	.	.	0
1	299005001	299350000	1	299180001	299350000	18.34344566	XPCLR	169999
1	304190001	304530000	1	304190001	304495000	10.05696216	XPCLR	304999
2	7690001	7740000	2	7690001	7740000	13.40779646	XPCLR	49999
2	9845001	9940000	2	9845001	9940000	10.99182366	XPCLR	94999
2	18105001	18170000	.	-1	-1	.	.	0
2	21265001	21410000	.	-1	-1	.	.	0
2	21665001	21815000	.	-1	-1	.	.	0
2	21955001	22185000	.	-1	-1	.	.	0
2	27125001	27350000	.	-1	-1	.	.	0
2	28200001	28885000	.	-1	-1	.	.	0
2	29235001	29385000	.	-1	-1	.	.	0
2	31125001	31300000	.	-1	-1	.	.	0
2	33400001	33675000	.	-1	-1	.	.	0
2	34510001	34885000	.	-1	-1	.	.	0
2	34940001	35225000	2	34995001	35085000	11.58832064	XPCLR	89999
2	37965001	38345000	2	38065001	38345000	14.58239528	XPCLR	279999
2	39035001	39520000	2	39035001	39475000	11.18488667	XPCLR	439999
2	46670001	46865000	2	46680001	46865000	12.07273562	XPCLR	184999
2	47210001	47305000	.	-1	-1	.	.	0
2	51125001	51480000	2	51185001	51480000	14.13942192	XPCLR	294999
2	51480001	51800000	.	-1	-1	.	.	0
2	52790001	53145000	2	52790001	53145000	12.15329467	XPCLR	354999
2	63435001	63645000	2	63460001	63645000	10.85439146	XPCLR	184999
2	66635001	66855000	.	-1	-1	.	.	0
2	74630001	74725000	.	-1	-1	.	.	0
2	75385001	75620000	2	75385001	75620000	11.83879721	XPCLR	234999
2	84660001	84720000	.	-1	-1	.	.	0
2	92005001	92065000	2	92005001	92065000	9.543845228	XPCLR	59999
2	103605001	103660000	2	103605001	103660000	11.30595043	XPCLR	54999
2	103745001	104030000	2	103835001	103935000	21.36001219	XPCLR	99999
2	105050001	105690000	2	105050001	105440000	12.23213859	XPCLR	389999
2	106930001	107165000	2	106930001	107165000	11.03650105	XPCLR	234999
2	109310001	110405000	2	109395001	110405000	31.67540208	XPCLR	1009999
2	113415001	113620000	2	113415001	113620000	10.94049213	XPCLR	204999
2	114090001	114580000	2	114335001	114565000	17.71361704	XPCLR	229999
2	115365001	116500000	2	115595001	115690000	11.51789958	XPCLR	94999
2	115365001	116500000	2	115900001	116075000	9.896663372	XPCLR	174999
2	117200001	117610000	.	-1	-1	.	.	0
2	131635001	131810000	.	-1	-1	.	.	0
2	135495001	135605000	.	-1	-1	.	.	0
2	147860001	147945000	2	147860001	147945000	26.13530212	XPCLR	84999
2	150065001	150115000	.	-1	-1	.	.	0
2	165855001	165910000	2	165855001	165910000	10.35060958	XPCLR	54999
2	166225001	166440000	.	-1	-1	.	.	0
2	167175001	167705000	.	-1	-1	.	.	0
2	180295001	180345000	.	-1	-1	.	.	0
2	182580001	182700000	.	-1	-1	.	.	0
2	188375001	188545000	.	-1	-1	.	.	0
2	193595001	193645000	.	-1	-1	.	.	0
2	193715001	193830000	2	193715001	193830000	18.81057671	XPCLR	114999
2	194925001	195250000	.	-1	-1	.	.	0
2	195270001	195410000	2	195270001	195410000	13.95815101	XPCLR	139999
2	204790001	205015000	.	-1	-1	.	.	0
2	206280001	206345000	2	206280001	206345000	9.663125089	XPCLR	64999
2	206475001	206590000	2	206475001	206590000	10.39032887	XPCLR	114999
2	206830001	207505000	2	206830001	207245000	13.04480892	XPCLR	414999
2	208445001	209845000	2	209085001	209375000	15.45286352	XPCLR	289999
2	208445001	209845000	2	209470001	209845000	20.58303231	XPCLR	374999
2	210160001	210740000	2	210165001	210740000	19.80371838	XPCLR	574999
2	220000001	220195000	.	-1	-1	.	.	0
2	221470001	221760000	.	-1	-1	.	.	0
2	224465001	224760000	2	224470001	224760000	10.40129734	XPCLR	289999
2	226600001	226670000	.	-1	-1	.	.	0
2	231865001	232090000	2	231865001	232090000	19.82927298	XPCLR	224999
2	244415001	244490000	.	-1	-1	.	.	0
3	830001	950000	3	830001	950000	9.84765126	XPCLR	119999
3	1260001	1335000	3	1260001	1335000	9.757939801	XPCLR	74999
3	2145001	2330000	3	2190001	2300000	34.71557244	XPCLR	109999
3	3050001	3165000	.	-1	-1	.	.	0
3	3200001	3530000	3	3200001	3530000	14.89505804	XPCLR	329999
3	4985001	5145000	3	4985001	5145000	17.43570398	XPCLR	159999
3	5840001	5935000	.	-1	-1	.	.	0
3	8430001	8560000	3	8430001	8560000	11.95668261	XPCLR	129999
3	10855001	11060000	3	10855001	11060000	11.71607397	XPCLR	204999
3	12390001	12515000	.	-1	-1	.	.	0
3	14040001	14165000	.	-1	-1	.	.	0
3	15535001	15625000	3	15535001	15625000	10.04444954	XPCLR	89999
3	15910001	16050000	3	15910001	16050000	12.27744604	XPCLR	139999
3	25380001	25600000	3	25460001	25600000	11.85130359	XPCLR	139999
3	37880001	38070000	.	-1	-1	.	.	0
3	59335001	59450000	3	59335001	59450000	9.742482043	XPCLR	114999
3	60330001	60550000	3	60330001	60550000	19.74301943	XPCLR	219999
3	65875001	66455000	.	-1	-1	.	.	0
3	68740001	68790000	3	68740001	68790000	14.50489394	XPCLR	49999
3	115125001	115280000	3	115125001	115280000	12.2642827	XPCLR	154999
3	118065001	118300000	.	-1	-1	.	.	0
3	124225001	125080000	3	124260001	125080000	23.7206947	XPCLR	819999
3	125835001	126080000	3	125835001	126040000	20.35508496	XPCLR	204999
3	132590001	132685000	.	-1	-1	.	.	0
3	147015001	147315000	.	-1	-1	.	.	0
3	147380001	147690000	3	147465001	147690000	9.665708977	XPCLR	224999
3	147745001	148000000	3	147765001	148000000	22.637856	XPCLR	234999
3	151280001	151375000	.	-1	-1	.	.	0
3	153450001	153590000	.	-1	-1	.	.	0
3	158265001	158650000	.	-1	-1	.	.	0
3	161915001	162150000	.	-1	-1	.	.	0
3	163790001	163845000	3	163790001	163845000	10.78449811	XPCLR	54999
3	165955001	166105000	.	-1	-1	.	.	0
3	166200001	166715000	.	-1	-1	.	.	0
3	169020001	169180000	3	169020001	169180000	14.86360915	XPCLR	159999
3	171410001	171550000	.	-1	-1	.	.	0
3	174535001	174750000	3	174535001	174750000	12.64625919	XPCLR	214999
3	176140001	176250000	.	-1	-1	.	.	0
3	176900001	177095000	3	176900001	177095000	10.7102421	XPCLR	194999
3	177350001	177510000	3	177350001	177510000	10.11894159	XPCLR	159999
3	180850001	180985000	3	180850001	180985000	9.999500109	XPCLR	134999
3	181385001	181660000	3	181405001	181660000	10.79617287	XPCLR	254999
3	186805001	186990000	.	-1	-1	.	.	0
3	187460001	187570000	.	-1	-1	.	.	0
3	191920001	192365000	3	192065001	192360000	9.780205722	XPCLR	294999
3	193925001	194005000	3	193925001	194005000	12.25069024	XPCLR	79999
3	197015001	197065000	3	197015001	197065000	9.54422941	XPCLR	49999
3	197205001	198045000	3	197295001	197485000	12.20197418	XPCLR	189999
3	198485001	198760000	3	198625001	198745000	51.60852844	XPCLR	119999
3	199115001	199485000	3	199165001	199265000	9.897666827	XPCLR	99999
3	200030001	200145000	.	-1	-1	.	.	0
3	200735001	201420000	3	200935001	201135000	13.4470636	XPCLR	199999
3	201450001	201605000	3	201450001	201605000	14.01444177	XPCLR	154999
3	203265001	203335000	3	203265001	203335000	28.16133664	XPCLR	69999
3	206285001	206425000	.	-1	-1	.	.	0
3	212805001	213210000	.	-1	-1	.	.	0
3	217730001	217940000	.	-1	-1	.	.	0
3	218245001	218470000	.	-1	-1	.	.	0
3	219310001	219870000	.	-1	-1	.	.	0
3	224635001	225155000	3	225020001	225155000	11.81901248	XPCLR	134999
3	225460001	225590000	3	225460001	225590000	10.24428694	XPCLR	129999
3	226405001	226545000	.	-1	-1	.	.	0
3	226805001	226950000	3	226805001	226950000	15.02331664	XPCLR	144999
3	227845001	228250000	.	-1	-1	.	.	0
3	229155001	229280000	3	229155001	229280000	12.24513116	XPCLR	124999
3	229915001	230050000	.	-1	-1	.	.	0
3	230480001	230720000	.	-1	-1	.	.	0
3	230860001	231070000	3	230860001	231070000	11.7250904	XPCLR	209999
3	231440001	231490000	3	231440001	231490000	9.457812369	XPCLR	49999
3	232345001	232590000	3	232345001	232590000	9.983472524	XPCLR	244999
3	232955001	233675000	.	-1	-1	.	.	0
4	5165001	5470000	4	5165001	5470000	15.52860789	XPCLR	304999
4	8945001	9315000	4	8945001	9315000	12.82146707	XPCLR	369999
4	10575001	10950000	4	10575001	10950000	12.28824153	XPCLR	374999
4	14820001	14965000	4	14820001	14965000	10.69714106	XPCLR	144999
4	31005001	31260000	4	31005001	31260000	14.50012731	XPCLR	254999
4	32875001	32970000	4	32875001	32970000	31.69570359	XPCLR	94999
4	33665001	33960000	4	33665001	33960000	9.861785526	XPCLR	294999
4	35620001	35735000	.	-1	-1	.	.	0
4	36515001	36720000	.	-1	-1	.	.	0
4	39910001	39975000	4	39910001	39975000	14.05379508	XPCLR	64999
4	47730001	47850000	4	47730001	47850000	11.56334095	XPCLR	119999
4	101275001	101480000	4	101340001	101455000	9.927525305	XPCLR	114999
4	116870001	117920000	.	-1	-1	.	.	0
4	127395001	127540000	.	-1	-1	.	.	0
4	133790001	133890000	4	133790001	133890000	10.22554412	XPCLR	99999
4	134115001	134325000	4	134115001	134325000	14.01313191	XPCLR	209999
4	134835001	135285000	4	134865001	135255000	15.18627497	XPCLR	389999
4	142165001	143550000	.	-1	-1	.	.	0
4	144405001	144845000	4	144605001	144845000	26.34341771	XPCLR	239999
4	145080001	145565000	4	145080001	145565000	23.08061558	XPCLR	484999
4	145675001	145815000	.	-1	-1	.	.	0
4	147125001	147235000	4	147125001	147235000	11.19477255	XPCLR	109999
4	153230001	153990000	4	153230001	153990000	20.20633591	XPCLR	759999
4	154815001	154950000	.	-1	-1	.	.	0
4	157625001	157775000	4	157625001	157775000	25.00154807	XPCLR	149999
4	158070001	158520000	4	158275001	158505000	21.18695197	XPCLR	229999
4	159195001	159595000	4	159530001	159580000	9.667439818	XPCLR	49999
4	160865001	161125000	4	160865001	161125000	11.36081223	XPCLR	259999
4	163320001	163670000	4	163490001	163670000	20.79608861	XPCLR	179999
4	165295001	165570000	.	-1	-1	.	.	0
4	171655001	173280000	.	-1	-1	.	.	0
4	173365001	173665000	4	173415001	173530000	18.82844429	XPCLR	114999
4	176840001	177030000	.	-1	-1	.	.	0
4	181545001	181635000	4	181545001	181635000	9.961548206	XPCLR	89999
4	181685001	181755000	4	181685001	181755000	14.87505852	XPCLR	69999
4	183825001	184040000	4	183910001	184020000	9.929137741	XPCLR	109999
4	184975001	185180000	.	-1	-1	.	.	0
4	190395001	190535000	.	-1	-1	.	.	0
4	190625001	190695000	.	-1	-1	.	.	0
4	195940001	196020000	4	195940001	196020000	9.813049519	XPCLR	79999
4	196090001	196225000	4	196090001	196225000	9.933290574	XPCLR	134999
4	199080001	199300000	4	199100001	199295000	31.62822359	XPCLR	194999
4	199370001	199495000	.	-1	-1	.	.	0
4	199590001	199705000	4	199590001	199705000	16.52077522	XPCLR	114999
4	199780001	200060000	4	199915001	200060000	12.36352305	XPCLR	144999
4	201785001	202010000	.	-1	-1	.	.	0
4	204140001	204305000	4	204140001	204305000	9.789696777	XPCLR	164999
4	206300001	206565000	.	-1	-1	.	.	0
4	207135001	207215000	.	-1	-1	.	.	0
4	207295001	207360000	4	207295001	207360000	12.40800217	XPCLR	64999
4	208590001	208730000	.	-1	-1	.	.	0
4	212280001	212650000	4	212280001	212650000	10.14231168	XPCLR	369999
4	219985001	220060000	4	219985001	220060000	10.55998587	XPCLR	74999
4	220695001	220800000	.	-1	-1	.	.	0
4	222625001	222825000	4	222625001	222825000	20.3386157	XPCLR	199999
4	228900001	229100000	.	-1	-1	.	.	0
4	232590001	232825000	.	-1	-1	.	.	0
5	2975001	3210000	.	-1	-1	.	.	0
5	4805001	5045000	5	4805001	5035000	14.39244885	XPCLR	229999
5	5650001	5735000	5	5650001	5735000	16.96437077	XPCLR	84999
5	7375001	7510000	.	-1	-1	.	.	0
5	8190001	8290000	.	-1	-1	.	.	0
5	10640001	10710000	.	-1	-1	.	.	0
5	14000001	14235000	5	14000001	14235000	12.81776628	XPCLR	234999
5	16515001	16675000	5	16520001	16675000	17.22832923	XPCLR	154999
5	27900001	28250000	.	-1	-1	.	.	0
5	32975001	33075000	.	-1	-1	.	.	0
5	33325001	33665000	5	33465001	33665000	13.26022296	XPCLR	199999
5	33835001	34085000	.	-1	-1	.	.	0
5	35135001	35425000	5	35135001	35425000	14.47584592	XPCLR	289999
5	36130001	36630000	.	-1	-1	.	.	0
5	43965001	44065000	5	43965001	44065000	14.27766271	XPCLR	99999
5	44210001	44390000	5	44210001	44390000	30.35087789	XPCLR	179999
5	44860001	45995000	5	44860001	45995000	21.94476894	XPCLR	1134999
5	46075001	46225000	.	-1	-1	.	.	0
5	46400001	48470000	5	46515001	46815000	21.69250649	XPCLR	299999
5	46400001	48470000	5	46920001	48470000	102.0998718	XPCLR	1549999
5	50035001	50285000	5	50035001	50275000	20.89781542	XPCLR	239999
5	50350001	50700000	.	-1	-1	.	.	0
5	58755001	61100000	5	59655001	60105000	29.6729171	XPCLR	449999
5	58755001	61100000	5	60280001	60980000	93.505862	XPCLR	699999
5	72880001	74825000	5	73045001	73120000	13.73604392	XPCLR	74999
5	72880001	74825000	5	73290001	74815000	53.00731038	XPCLR	1524999
5	74915001	75400000	5	74915001	75305000	23.84182199	XPCLR	389999
5	81340001	82610000	5	82235001	82465000	11.83456189	XPCLR	229999
5	85000001	85120000	.	-1	-1	.	.	0
5	87370001	87530000	5	87370001	87530000	10.23678324	XPCLR	159999
5	95915001	96050000	.	-1	-1	.	.	0
5	97460001	97720000	.	-1	-1	.	.	0
5	99255001	100280000	.	-1	-1	.	.	0
5	139445001	139775000	5	139445001	139760000	13.42532487	XPCLR	314999
5	139830001	139950000	5	139830001	139950000	10.41447628	XPCLR	119999
5	140665001	141205000	5	140870001	141170000	9.297014908	XPCLR	299999
5	151510001	151670000	.	-1	-1	.	.	0
5	151795001	152300000	.	-1	-1	.	.	0
5	154235001	154810000	.	-1	-1	.	.	0
5	173605001	173745000	.	-1	-1	.	.	0
5	178370001	178630000	.	-1	-1	.	.	0
5	182780001	182925000	.	-1	-1	.	.	0
5	183010001	183115000	.	-1	-1	.	.	0
5	186075001	186580000	5	186085001	186280000	13.17428606	XPCLR	194999
5	186655001	187440000	.	-1	-1	.	.	0
5	192355001	192445000	5	192355001	192445000	13.15769845	XPCLR	89999
5	194665001	195005000	5	194680001	194920000	29.67351574	XPCLR	239999
5	206455001	206550000	5	206455001	206550000	12.18938882	XPCLR	94999
5	213910001	214075000	.	-1	-1	.	.	0
5	216135001	216220000	5	216135001	216220000	9.406530241	XPCLR	84999
5	218485001	218760000	5	218500001	218760000	9.658233933	XPCLR	259999
5	221285001	221345000	.	-1	-1	.	.	0
6	64985001	65225000	6	64985001	65225000	9.429237626	XPCLR	239999
6	69855001	69960000	6	69855001	69960000	11.36028805	XPCLR	104999
6	79815001	79965000	6	79815001	79965000	20.66604378	XPCLR	149999
6	80390001	80475000	6	80390001	80475000	12.57769848	XPCLR	84999
6	90925001	91060000	6	90925001	91060000	10.92398401	XPCLR	134999
6	95720001	95830000	6	95720001	95830000	13.43935005	XPCLR	109999
6	96580001	97145000	6	96725001	97040000	16.31272041	XPCLR	314999
6	99375001	99440000	6	99375001	99440000	15.12796431	XPCLR	64999
6	99520001	99775000	.	-1	-1	.	.	0
6	99940001	100225000	6	100040001	100225000	65.47369783	XPCLR	184999
6	100620001	100765000	.	-1	-1	.	.	0
6	102925001	103385000	6	102955001	103385000	57.85510809	XPCLR	429999
6	110480001	110625000	6	110490001	110565000	16.4871292	XPCLR	74999
6	118875001	118935000	6	118875001	118935000	15.39247027	XPCLR	59999
6	121020001	121085000	6	121020001	121085000	9.554822786	XPCLR	64999
6	129125001	129370000	6	129165001	129370000	18.15135425	XPCLR	204999
6	137930001	137980000	6	137930001	137980000	13.46834473	XPCLR	49999
6	143000001	143155000	.	-1	-1	.	.	0
6	147915001	148085000	.	-1	-1	.	.	0
6	148385001	149235000	.	-1	-1	.	.	0
6	151080001	151455000	6	151350001	151450000	10.2829922	XPCLR	99999
6	161200001	161305000	6	161200001	161305000	17.04514475	XPCLR	104999
7	1815001	1915000	7	1815001	1915000	9.686212204	XPCLR	99999
7	3005001	3200000	7	3005001	3200000	9.602106016	XPCLR	194999
7	5065001	5245000	7	5065001	5245000	23.83919457	XPCLR	179999
7	7455001	7835000	7	7470001	7590000	24.062599	XPCLR	119999
7	9655001	10070000	.	-1	-1	.	.	0
7	14420001	14515000	7	14420001	14515000	9.552219881	XPCLR	94999
7	18280001	18515000	7	18280001	18515000	12.3285459	XPCLR	234999
7	19460001	20015000	7	19705001	19875000	21.93050434	XPCLR	169999
7	40750001	41065000	7	40865001	41065000	17.82031432	XPCLR	199999
7	92510001	93080000	7	92510001	93080000	18.05941799	XPCLR	569999
7	93800001	94185000	7	93800001	94185000	18.32860961	XPCLR	384999
7	94245001	94955000	7	94245001	94955000	16.4204107	XPCLR	709999
7	96180001	96700000	7	96180001	96700000	9.322593115	XPCLR	519999
7	98665001	99750000	7	98965001	99550000	11.6562233	XPCLR	584999
7	99990001	100340000	.	-1	-1	.	.	0
7	102190001	102330000	.	-1	-1	.	.	0
7	103140001	103640000	7	103370001	103575000	23.82970435	XPCLR	204999
7	107860001	108045000	7	107860001	108045000	15.464846	XPCLR	184999
7	111465001	111675000	7	111465001	111660000	23.28974861	XPCLR	194999
7	123260001	123435000	.	-1	-1	.	.	0
7	130010001	130175000	.	-1	-1	.	.	0
7	132025001	132075000	.	-1	-1	.	.	0
7	137350001	137525000	.	-1	-1	.	.	0
7	169490001	169765000	.	-1	-1	.	.	0
7	171895001	172200000	7	171895001	172200000	21.77656269	XPCLR	304999
7	172330001	172475000	.	-1	-1	.	.	0
7	174125001	174320000	.	-1	-1	.	.	0
8	840001	910000	8	840001	910000	12.76745206	XPCLR	69999
8	4985001	5400000	8	4985001	5260000	16.03609598	XPCLR	274999
8	8085001	8320000	.	-1	-1	.	.	0
8	9635001	9820000	8	9635001	9820000	9.480039994	XPCLR	184999
8	11415001	11945000	8	11580001	11945000	24.89692076	XPCLR	364999
8	12510001	12635000	8	12510001	12635000	27.07766198	XPCLR	124999
8	12640001	13030000	.	-1	-1	.	.	0
8	13580001	13750000	8	13580001	13750000	24.9517494	XPCLR	169999
8	14975001	15380000	8	15010001	15140000	62.51008747	XPCLR	129999
8	20205001	20405000	.	-1	-1	.	.	0
8	28570001	29075000	.	-1	-1	.	.	0
8	30325001	30520000	8	30325001	30520000	11.62556527	XPCLR	194999
8	75045001	75945000	8	75045001	75405000	17.80198002	XPCLR	359999
8	75045001	75945000	8	75485001	75945000	30.12354532	XPCLR	459999
8	77030001	77345000	.	-1	-1	.	.	0
8	77900001	78910000	.	-1	-1	.	.	0
8	80245001	80445000	.	-1	-1	.	.	0
8	80940001	81035000	8	80940001	81035000	10.30959438	XPCLR	94999
8	81360001	81985000	8	81820001	81985000	17.1772133	XPCLR	164999
8	82175001	82225000	.	-1	-1	.	.	0
8	83860001	84100000	8	83860001	84100000	16.34946632	XPCLR	239999
8	85490001	86775000	.	-1	-1	.	.	0
8	88170001	88220000	.	-1	-1	.	.	0
8	92395001	92580000	.	-1	-1	.	.	0
8	93235001	93695000	.	-1	-1	.	.	0
8	104405001	104635000	.	-1	-1	.	.	0
8	105520001	105660000	8	105520001	105660000	10.6806857	XPCLR	139999
8	107055001	107585000	8	107075001	107150000	13.0000306	XPCLR	74999
8	107055001	107585000	8	107270001	107585000	21.83068431	XPCLR	314999
8	109225001	109280000	8	109225001	109280000	12.73046209	XPCLR	54999
8	109445001	110665000	8	109450001	110095000	20.30223982	XPCLR	644999
8	112485001	112770000	.	-1	-1	.	.	0
8	112910001	113430000	8	113235001	113430000	15.05113578	XPCLR	194999
8	113640001	113830000	.	-1	-1	.	.	0
8	116585001	117905000	8	117570001	117725000	13.14072509	XPCLR	154999
8	119125001	119685000	.	-1	-1	.	.	0
8	119780001	120000000	.	-1	-1	.	.	0
8	125635001	125820000	.	-1	-1	.	.	0
8	132460001	132710000	.	-1	-1	.	.	0
8	133695001	134010000	.	-1	-1	.	.	0
8	134475001	134625000	.	-1	-1	.	.	0
8	136310001	136510000	.	-1	-1	.	.	0
8	137950001	138095000	.	-1	-1	.	.	0
8	149135001	149185000	.	-1	-1	.	.	0
8	150085001	150205000	.	-1	-1	.	.	0
8	170035001	170340000	8	170065001	170250000	16.1575343	XPCLR	184999
8	175305001	175420000	8	175305001	175420000	9.40246922	XPCLR	114999
8	177495001	177575000	8	177495001	177575000	9.436837647	XPCLR	79999
9	440001	520000	.	-1	-1	.	.	0
9	1750001	1935000	.	-1	-1	.	.	0
9	2395001	2725000	.	-1	-1	.	.	0
9	2780001	2890000	.	-1	-1	.	.	0
9	3205001	3760000	9	3300001	3715000	13.27278076	XPCLR	414999
9	10120001	10195000	9	10120001	10195000	14.98535293	XPCLR	74999
9	10635001	10765000	9	10685001	10745000	9.813765418	XPCLR	59999
9	16595001	16735000	.	-1	-1	.	.	0
9	22265001	22545000	.	-1	-1	.	.	0
9	102355001	102490000	.	-1	-1	.	.	0
9	102735001	103685000	9	103280001	103685000	10.89509228	XPCLR	404999
9	102735001	103685000	9	102735001	102950000	17.06769704	XPCLR	214999
9	105915001	106090000	.	-1	-1	.	.	0
9	107085001	108280000	9	107095001	107425000	32.34712024	XPCLR	329999
9	107085001	108280000	9	107745001	108250000	16.63863979	XPCLR	504999
9	110675001	111075000	9	110675001	110790000	9.371500492	XPCLR	114999
9	112005001	112150000	.	-1	-1	.	.	0
9	127015001	127360000	9	127070001	127340000	22.55246041	XPCLR	269999
9	127435001	127950000	9	127435001	127890000	59.51070354	XPCLR	454999
9	129455001	129550000	9	129455001	129550000	11.05294904	XPCLR	94999
9	129625001	129905000	9	129625001	129905000	19.2735714	XPCLR	279999
9	132055001	132290000	9	132055001	132290000	10.10961686	XPCLR	234999
9	132400001	132705000	.	-1	-1	.	.	0
9	139260001	139415000	9	139260001	139415000	14.05161719	XPCLR	154999
9	139480001	139655000	.	-1	-1	.	.	0
9	139750001	140115000	9	139840001	140115000	13.35038277	XPCLR	274999
9	140555001	140905000	9	140555001	140905000	12.30538315	XPCLR	349999
9	146695001	146755000	9	146695001	146755000	10.81090157	XPCLR	59999
9	154000001	154410000	9	154000001	154395000	26.29559812	XPCLR	394999
9	155325001	155405000	9	155325001	155405000	15.71704706	XPCLR	79999
9	156175001	156525000	9	156270001	156515000	39.4526366	XPCLR	244999
9	157645001	157830000	9	157645001	157830000	11.36320143	XPCLR	184999
10	6910001	8060000	10	7440001	7850000	20.24005645	XPCLR	409999
10	8275001	8365000	10	8275001	8365000	15.07993606	XPCLR	89999
10	8785001	8875000	10	8785001	8875000	14.03685994	XPCLR	89999
10	9595001	10405000	10	9640001	9995000	21.57658812	XPCLR	354999
10	10880001	11110000	10	10880001	11110000	13.7768168	XPCLR	229999
10	11180001	11810000	10	11420001	11485000	56.57492572	XPCLR	64999
10	11180001	11810000	10	11180001	11350000	73.1894427	XPCLR	169999
10	11180001	11810000	10	11620001	11770000	10.42492984	XPCLR	149999
10	12155001	12360000	10	12155001	12360000	33.38285061	XPCLR	204999
10	17800001	17900000	.	-1	-1	.	.	0
10	19250001	19350000	10	19250001	19350000	11.50881211	XPCLR	99999
10	31560001	31710000	.	-1	-1	.	.	0
10	34055001	34320000	.	-1	-1	.	.	0
10	59980001	60030000	.	-1	-1	.	.	0
10	61600001	62335000	10	61655001	62095000	14.15254093	XPCLR	439999
10	62865001	63370000	.	-1	-1	.	.	0
10	77720001	78600000	.	-1	-1	.	.	0
10	78670001	78855000	10	78700001	78855000	41.69788167	XPCLR	154999
10	81290001	81400000	10	81290001	81400000	9.420465369	XPCLR	109999
10	82580001	82975000	.	-1	-1	.	.	0
10	84590001	84870000	10	84590001	84870000	12.10137251	XPCLR	279999
10	85310001	85475000	10	85310001	85475000	11.8686937	XPCLR	164999
10	104175001	106025000	.	-1	-1	.	.	0
10	106145001	106715000	.	-1	-1	.	.	0
10	107055001	107120000	10	107055001	107120000	9.691774753	XPCLR	64999
10	108770001	109265000	.	-1	-1	.	.	0
10	116630001	117080000	10	116780001	117080000	23.34059176	XPCLR	299999
10	117110001	117490000	.	-1	-1	.	.	0
10	118220001	118380000	10	118220001	118370000	29.79915102	XPCLR	149999
10	118570001	118730000	10	118570001	118730000	20.92089526	XPCLR	159999
10	120290001	120345000	.	-1	-1	.	.	0
10	122285001	122375000	.	-1	-1	.	.	0
10	125425001	125810000	10	125535001	125810000	19.93959685	XPCLR	274999
10	136900001	137115000	.	-1	-1	.	.	0
10	139590001	139830000	10	139590001	139830000	21.38903329	XPCLR	239999
10	144995001	145045000	10	144995001	145045000	10.15643294	XPCLR	49999
10	145170001	145325000	10	145170001	145325000	12.53429709	XPCLR	154999
10	145605001	145850000	10	145700001	145850000	11.7685801	XPCLR	149999
