id	chrom	pos	XPCLR
10_108900001_108950000	10	108925000.5	15.8288908063353
10_114050001_114100000	10	114075000.5	9.41573910117665
10_114175001_114225000	10	114200000.5	19.3507049802231
10_115250001_115300000	10	115275000.5	11.140484298081
10_115255001_115305000	10	115280000.5	13.2528326110122
10_115260001_115310000	10	115285000.5	14.6992144715072
10_115950001_116000000	10	115975000.5	7.90083486067857
10_116665001_116715000	10	116690000.5	14.2156270280367
10_116875001_116925000	10	116900000.5	24.8904457800431
10_116910001_116960000	10	116935000.5	7.88979979781141
10_116980001_117030000	10	117005000.5	17.9550334133875
10_118860001_118910000	10	118885000.5	11.3235376030087
10_125535001_125585000	10	125560000.5	30.5143912245064
10_125540001_125590000	10	125565000.5	33.4211108072805
10_125545001_125595000	10	125570000.5	11.1319863272447
10_125550001_125600000	10	125575000.5	31.8845840067211
10_125555001_125605000	10	125580000.5	22.0770089101039
10_125565001_125615000	10	125590000.5	18.5528468877715
10_125605001_125655000	10	125630000.5	17.2666349193688
10_125610001_125660000	10	125635000.5	29.9273949313877
10_125625001_125675000	10	125650000.5	36.1014667160327
10_125630001_125680000	10	125655000.5	22.823441025351
10_125660001_125710000	10	125685000.5	13.5371419862657
10_125675001_125725000	10	125700000.5	12.6821442897579
10_125715001_125765000	10	125740000.5	12.7876999526756
10_132105001_132155000	10	132130000.5	7.85652430567944
10_135525001_135575000	10	135550000.5	17.3686859242436
10_138100001_138150000	10	138125000.5	7.81632225288837
10_145105001_145155000	10	145130000.5	13.7250193581667
10_145125001_145175000	10	145150000.5	22.4588179910409
10_147375001_147425000	10	147400000.5	9.53061860672733
10_148770001_148820000	10	148795000.5	18.6590574345051
10_148795001_148845000	10	148820000.5	8.52586982872231
10_148850001_148900000	10	148875000.5	47.6076242890949
10_149550001_149600000	10	149575000.5	7.96625137204774
10_149720001_149770000	10	149745000.5	8.06884116209449
10_06065001_06115000	10	6090000.5	8.40083271309538
10_06920001_06970000	10	6945000.5	12.4056439709663
10_10885001_10935000	10	10910000.5	37.9816510856364
10_10900001_10950000	10	10925000.5	14.3227069876156
10_10905001_10955000	10	10930000.5	19.3749193386571
10_10910001_10960000	10	10935000.5	9.69921866781596
10_10915001_10965000	10	10940000.5	18.3934224965777
10_11210001_11260000	10	11235000.5	18.7588197344098
10_11225001_11275000	10	11250000.5	51.5028449231062
10_11250001_11300000	10	11275000.5	54.0236750400409
10_12225001_12275000	10	12250000.5	61.6400816508049
10_12375001_12425000	10	12400000.5	8.43700420956054
10_17820001_17870000	10	17845000.5	13.2132843443428
10_18005001_18055000	10	18030000.5	20.0077904710939
10_18020001_18070000	10	18045000.5	15.1656982089888
10_18675001_18725000	10	18700000.5	7.9444613162234
10_21355001_21405000	10	21380000.5	9.60184574636185
10_25660001_25710000	10	25685000.5	11.7342286833705
10_25665001_25715000	10	25690000.5	15.3330500778543
10_25690001_25740000	10	25715000.5	13.7250839814132
10_25695001_25745000	10	25720000.5	10.7439240280672
10_32830001_32880000	10	32855000.5	10.191987898684
10_32940001_32990000	10	32965000.5	13.3091658421093
10_34010001_34060000	10	34035000.5	8.78239727977075
10_34075001_34125000	10	34100000.5	10.411270394975
10_34085001_34135000	10	34110000.5	10.6108545811637
10_34230001_34280000	10	34255000.5	11.6734917586979
10_43830001_43880000	10	43855000.5	9.04928415025512
10_49480001_49530000	10	49505000.5	7.77134540130595
10_61820001_61870000	10	61845000.5	9.69273575266863
10_61875001_61925000	10	61900000.5	18.2893389994671
10_61940001_61990000	10	61965000.5	11.3556959229536
10_62005001_62055000	10	62030000.5	11.6581376737475
10_62070001_62120000	10	62095000.5	9.13921049614356
10_62095001_62145000	10	62120000.5	11.5618138424426
10_62215001_62265000	10	62240000.5	20.4398298428209
10_62220001_62270000	10	62245000.5	10.133054381798
10_62225001_62275000	10	62250000.5	12.7353962363164
10_62250001_62300000	10	62275000.5	23.2466315483563
10_62855001_62905000	10	62880000.5	8.78932743430335
10_64160001_64210000	10	64185000.5	12.8185589573329
10_64210001_64260000	10	64235000.5	17.3542310011897
10_77500001_77550000	10	77525000.5	15.8987851370041
10_82665001_82715000	10	82690000.5	12.1902179080735
10_82680001_82730000	10	82705000.5	14.6069331105793
10_82790001_82840000	10	82815000.5	8.36752738890459
10_83655001_83705000	10	83680000.5	10.4875766235785
10_83675001_83725000	10	83700000.5	12.4226696534878
10_83680001_83730000	10	83705000.5	8.21329423823204
10_84735001_84785000	10	84760000.5	8.25420859768496
10_99345001_99395000	10	99370000.5	8.33260577666914
10_99800001_99850000	10	99825000.5	7.77569097077853
1_100220001_100270000	1	100245000.5	30.8083462729702
1_101050001_101100000	1	101075000.5	18.4874274874009
1_103385001_103435000	1	103410000.5	7.96220751744411
1_104840001_104890000	1	104865000.5	12.8342367721554
1_106045001_106095000	1	106070000.5	8.31715653701298
1_108015001_108065000	1	108040000.5	7.89110320843633
1_112920001_112970000	1	112945000.5	9.81575733719325
1_116880001_116930000	1	116905000.5	15.9737140850111
1_116895001_116945000	1	116920000.5	11.1084029722423
1_116975001_117025000	1	117000000.5	7.90350407361382
1_123175001_123225000	1	123200000.5	9.68373419515461
1_127125001_127175000	1	127150000.5	9.9151658862682
1_127245001_127295000	1	127270000.5	10.6870490866692
1_127635001_127685000	1	127660000.5	9.7830815971966
1_127640001_127690000	1	127665000.5	12.8031256566351
1_127645001_127695000	1	127670000.5	13.9044604753591
1_127810001_127860000	1	127835000.5	9.29039700321033
1_127825001_127875000	1	127850000.5	8.03175216225549
1_127830001_127880000	1	127855000.5	9.1500328675441
1_127835001_127885000	1	127860000.5	10.2328178094004
1_127850001_127900000	1	127875000.5	16.1548772637802
1_127860001_127910000	1	127885000.5	12.6680980255899
1_127940001_127990000	1	127965000.5	8.33879025211482
1_128020001_128070000	1	128045000.5	10.337038893228
1_128080001_128130000	1	128105000.5	12.9398994325095
1_128300001_128350000	1	128325000.5	11.8986896800567
1_128425001_128475000	1	128450000.5	7.8455120202473
1_128450001_128500000	1	128475000.5	12.1037638162147
1_128585001_128635000	1	128610000.5	9.90462710122864
1_128600001_128650000	1	128625000.5	14.3071963778956
1_128715001_128765000	1	128740000.5	10.4294785177299
1_131460001_131510000	1	131485000.5	8.51579651590788
1_131620001_131670000	1	131645000.5	14.8699294736249
1_132210001_132260000	1	132235000.5	9.06508601025814
1_132215001_132265000	1	132240000.5	13.3453532278195
1_132280001_132330000	1	132305000.5	9.92009939774817
1_132290001_132340000	1	132315000.5	10.1305283613015
1_132295001_132345000	1	132320000.5	9.67779744924053
1_132550001_132600000	1	132575000.5	9.30545533898817
1_133005001_133055000	1	133030000.5	10.9511706905118
1_133605001_133655000	1	133630000.5	12.4310173193189
1_134045001_134095000	1	134070000.5	28.4286665654776
1_134050001_134100000	1	134075000.5	8.39273129051776
1_134845001_134895000	1	134870000.5	10.9718748164057
1_135695001_135745000	1	135720000.5	11.6774230475716
1_137335001_137385000	1	137360000.5	13.2167239978164
1_138420001_138470000	1	138445000.5	10.4366271959482
1_138425001_138475000	1	138450000.5	9.1714044735466
1_141330001_141380000	1	141355000.5	10.1009775709458
1_143870001_143920000	1	143895000.5	8.40497125565585
1_149520001_149570000	1	149545000.5	10.3931433715373
1_149525001_149575000	1	149550000.5	12.6222727593751
1_149530001_149580000	1	149555000.5	15.6239039203329
1_149535001_149585000	1	149560000.5	31.5087244118263
1_149540001_149590000	1	149565000.5	17.4471621176309
1_149585001_149635000	1	149610000.5	16.6662732162932
1_150375001_150425000	1	150400000.5	12.4633749672666
1_150420001_150470000	1	150445000.5	8.28194227009919
1_153730001_153780000	1	153755000.5	11.6616015296181
1_157260001_157310000	1	157285000.5	96.2971044661903
1_157270001_157320000	1	157295000.5	8.77286646312848
1_157280001_157330000	1	157305000.5	97.3074245184293
1_157285001_157335000	1	157310000.5	137.999423982943
1_157290001_157340000	1	157315000.5	12.4091469940013
1_157320001_157370000	1	157345000.5	31.1406798150726
1_157335001_157385000	1	157360000.5	16.5303739363967
1_157340001_157390000	1	157365000.5	12.8362731512884
1_157345001_157395000	1	157370000.5	33.5735474581639
1_157490001_157540000	1	157515000.5	20.4958250163879
1_157510001_157560000	1	157535000.5	32.2626067216677
1_158260001_158310000	1	158285000.5	13.9518576469258
1_159735001_159785000	1	159760000.5	8.83855826417596
1_159815001_159865000	1	159840000.5	11.4059500042229
1_159820001_159870000	1	159845000.5	8.81072957561395
1_159840001_159890000	1	159865000.5	10.1443689749642
1_161915001_161965000	1	161940000.5	18.405601771816
1_161925001_161975000	1	161950000.5	7.79359890997324
1_162435001_162485000	1	162460000.5	17.626995657956
1_162450001_162500000	1	162475000.5	26.4069358845616
1_162455001_162505000	1	162480000.5	14.791285028212
1_163700001_163750000	1	163725000.5	9.22896505693933
1_168790001_168840000	1	168815000.5	18.5201212319432
1_170360001_170410000	1	170385000.5	9.64911540631425
1_171935001_171985000	1	171960000.5	15.623478634719
1_172010001_172060000	1	172035000.5	13.6565469741416
1_172035001_172085000	1	172060000.5	9.98928048683956
1_172155001_172205000	1	172180000.5	10.7108677609145
1_173025001_173075000	1	173050000.5	8.01938625043562
1_173060001_173110000	1	173085000.5	12.4177105152419
1_173095001_173145000	1	173120000.5	13.9584268785979
1_173170001_173220000	1	173195000.5	8.50211491933263
1_173180001_173230000	1	173205000.5	10.9908871757492
1_173315001_173365000	1	173340000.5	8.78360880323336
1_173505001_173555000	1	173530000.5	18.8350962699645
1_173515001_173565000	1	173540000.5	17.8165143023248
1_173875001_173925000	1	173900000.5	20.8242572161116
1_173880001_173930000	1	173905000.5	16.2605969603846
1_173890001_173940000	1	173915000.5	20.207959038445
1_173910001_173960000	1	173935000.5	9.85924082046347
1_173930001_173980000	1	173955000.5	10.6756207841441
1_173935001_173985000	1	173960000.5	8.67883131230349
1_173990001_174040000	1	174015000.5	12.2335798442106
1_174025001_174075000	1	174050000.5	15.6404044338473
1_174130001_174180000	1	174155000.5	8.67804126328011
1_174140001_174190000	1	174165000.5	9.23592867981867
1_174675001_174725000	1	174700000.5	10.6139934576866
1_181315001_181365000	1	181340000.5	10.9986490356925
1_184585001_184635000	1	184610000.5	11.2878364909128
1_191065001_191115000	1	191090000.5	8.47016853340182
1_192730001_192780000	1	192755000.5	15.685382300384
1_192740001_192790000	1	192765000.5	13.8171901851754
1_192745001_192795000	1	192770000.5	14.8073180952177
1_198825001_198875000	1	198850000.5	14.0957223162661
1_199115001_199165000	1	199140000.5	10.4265355696547
1_199715001_199765000	1	199740000.5	7.90910303813303
1_00535001_00585000	1	560000.5	8.06478052593468
1_00655001_00705000	1	680000.5	14.0118534383496
1_08790001_08840000	1	8815000.5	9.03530280594401
1_12865001_12915000	1	12890000.5	13.1144685842875
1_13765001_13815000	1	13790000.5	13.487367852458
1_14060001_14110000	1	14085000.5	13.8059528331225
1_14155001_14205000	1	14180000.5	10.6409922014669
1_200290001_200340000	1	200315000.5	17.5871126940303
1_200295001_200345000	1	200320000.5	23.6115400135057
1_200300001_200350000	1	200325000.5	23.1255366539392
1_200390001_200440000	1	200415000.5	12.7543940419512
1_206915001_206965000	1	206940000.5	10.7234299880602
1_207440001_207490000	1	207465000.5	9.05528880530005
1_211360001_211410000	1	211385000.5	8.968800700972
1_211365001_211415000	1	211390000.5	14.4973176663467
1_211370001_211420000	1	211395000.5	31.9211123884547
1_211385001_211435000	1	211410000.5	32.5150724475938
1_212160001_212210000	1	212185000.5	9.4852811791082
1_213460001_213510000	1	213485000.5	8.13146407781693
1_214360001_214410000	1	214385000.5	8.22706162818776
1_215205001_215255000	1	215230000.5	11.9192237487387
1_215285001_215335000	1	215310000.5	47.3173375726009
1_215290001_215340000	1	215315000.5	32.2540588596652
1_215295001_215345000	1	215320000.5	9.22016789577776
1_215305001_215355000	1	215330000.5	23.6004575467326
1_215320001_215370000	1	215345000.5	32.2186293623583
1_215325001_215375000	1	215350000.5	31.2578335823519
1_215335001_215385000	1	215360000.5	19.8607533760118
1_215345001_215395000	1	215370000.5	8.96620628391355
1_215380001_215430000	1	215405000.5	8.237776103839
1_215410001_215460000	1	215435000.5	38.2603762600312
1_215425001_215475000	1	215450000.5	30.74039098286
1_215535001_215585000	1	215560000.5	10.2999392735824
1_215610001_215660000	1	215635000.5	11.1617876568368
1_215675001_215725000	1	215700000.5	9.58503174816542
1_218015001_218065000	1	218040000.5	15.3498363938969
1_218030001_218080000	1	218055000.5	15.849540721749
1_218110001_218160000	1	218135000.5	28.2828207234036
1_218115001_218165000	1	218140000.5	12.7867684009985
1_218125001_218175000	1	218150000.5	8.70959220119289
1_218275001_218325000	1	218300000.5	13.9760751935582
1_218280001_218330000	1	218305000.5	8.12274848485896
1_28680001_28730000	1	28705000.5	9.52198925546713
1_29165001_29215000	1	29190000.5	11.6667872646607
1_29170001_29220000	1	29195000.5	9.72639311029081
1_33340001_33390000	1	33365000.5	8.77312400072742
1_33685001_33735000	1	33710000.5	33.1477244986476
1_33710001_33760000	1	33735000.5	15.2434628833072
1_33725001_33775000	1	33750000.5	8.98636433389117
1_37280001_37330000	1	37305000.5	11.3214757507786
1_38325001_38375000	1	38350000.5	8.39585273022766
1_38385001_38435000	1	38410000.5	13.7488355128224
1_38390001_38440000	1	38415000.5	10.184001415586
1_38420001_38470000	1	38445000.5	11.9097288274031
1_222840001_222890000	1	222865000.5	10.1075799962908
1_222975001_223025000	1	223000000.5	11.16011374132
1_222980001_223030000	1	223005000.5	15.4047898052502
1_222985001_223035000	1	223010000.5	11.6146730114071
1_223010001_223060000	1	223035000.5	15.4724721301636
1_223060001_223110000	1	223085000.5	12.7383881096839
1_223150001_223200000	1	223175000.5	10.4926461062198
1_225100001_225150000	1	225125000.5	10.7188739979974
1_225105001_225155000	1	225130000.5	19.244187649182
1_229905001_229955000	1	229930000.5	14.9689344616636
1_234310001_234360000	1	234335000.5	12.6153562895819
1_234315001_234365000	1	234340000.5	13.5452638922632
1_234360001_234410000	1	234385000.5	28.4053708428825
1_234635001_234685000	1	234660000.5	14.1360769510297
1_235415001_235465000	1	235440000.5	14.6986512019631
1_235730001_235780000	1	235755000.5	9.85824806492917
1_236385001_236435000	1	236410000.5	8.21474887503516
1_238990001_239040000	1	239015000.5	18.6215975439632
1_239020001_239070000	1	239045000.5	9.92838063748025
1_239100001_239150000	1	239125000.5	13.5247475871962
1_242290001_242340000	1	242315000.5	14.9929653864859
1_242755001_242805000	1	242780000.5	43.1919445612328
1_248485001_248535000	1	248510000.5	10.012077998849
1_249810001_249860000	1	249835000.5	12.0548225647113
1_249820001_249870000	1	249845000.5	8.0705174508679
1_252790001_252840000	1	252815000.5	14.3890878267537
1_255830001_255880000	1	255855000.5	10.3191677560033
1_267760001_267810000	1	267785000.5	20.5489040461899
1_267765001_267815000	1	267790000.5	17.9681348241588
1_269000001_269050000	1	269025000.5	10.8828505202941
1_277520001_277570000	1	277545000.5	8.65585245554234
1_277525001_277575000	1	277550000.5	10.6115957180277
1_283645001_283695000	1	283670000.5	9.79957862925744
1_284100001_284150000	1	284125000.5	7.85031275912661
1_284925001_284975000	1	284950000.5	9.08601971289852
1_285380001_285430000	1	285405000.5	28.6777783156294
1_285385001_285435000	1	285410000.5	20.0256399567135
1_285390001_285440000	1	285415000.5	15.8261584793275
1_285395001_285445000	1	285420000.5	20.5227572748186
1_285735001_285785000	1	285760000.5	11.1077922880125
1_286305001_286355000	1	286330000.5	9.95437519935484
1_287425001_287475000	1	287450000.5	12.5969279659633
1_287430001_287480000	1	287455000.5	9.25516633980368
1_304425001_304475000	1	304450000.5	8.25605821140465
1_305905001_305955000	1	305930000.5	8.77780233478754
1_305935001_305985000	1	305960000.5	10.3057018743752
1_305985001_306035000	1	306010000.5	10.6583914829736
1_42290001_42340000	1	42315000.5	8.60271465359466
1_43805001_43855000	1	43830000.5	8.67735507598093
1_43815001_43865000	1	43840000.5	10.4973408652355
1_43825001_43875000	1	43850000.5	14.0361506786008
1_45315001_45365000	1	45340000.5	22.7332067494621
1_45365001_45415000	1	45390000.5	20.4390052941824
1_45370001_45420000	1	45395000.5	23.3672469076472
1_48785001_48835000	1	48810000.5	8.72506582577711
1_60190001_60240000	1	60215000.5	9.98952623357616
1_60385001_60435000	1	60410000.5	11.6545889154783
1_63245001_63295000	1	63270000.5	21.528727268118
1_73820001_73870000	1	73845000.5	9.01431441843698
1_82300001_82350000	1	82325000.5	9.96401017947443
1_85735001_85785000	1	85760000.5	10.0830107957865
1_92735001_92785000	1	92760000.5	8.01399911393301
1_93265001_93315000	1	93290000.5	8.22919250702731
2_100065001_100115000	2	100090000.5	14.2243908325695
2_102235001_102285000	2	102260000.5	13.2406483893558
2_102925001_102975000	2	102950000.5	10.8576972305418
2_103175001_103225000	2	103200000.5	8.04110759748829
2_103900001_103950000	2	103925000.5	8.79026818081826
2_104110001_104160000	2	104135000.5	13.0827549253368
2_105255001_105305000	2	105280000.5	9.27642130339433
2_105265001_105315000	2	105290000.5	20.2014641681875
2_105545001_105595000	2	105570000.5	11.1569981020806
2_106830001_106880000	2	106855000.5	7.95580130054532
2_106975001_107025000	2	107000000.5	14.1916072900236
2_110005001_110055000	2	110030000.5	8.4835754847648
2_112050001_112100000	2	112075000.5	8.07650880057065
2_112095001_112145000	2	112120000.5	23.4393809068591
2_112100001_112150000	2	112125000.5	21.5545355879844
2_112105001_112155000	2	112130000.5	21.90789315316
2_113050001_113100000	2	113075000.5	10.8786667650735
2_113065001_113115000	2	113090000.5	20.7235332221021
2_113525001_113575000	2	113550000.5	12.2236285715074
2_115020001_115070000	2	115045000.5	12.9201379294933
2_115400001_115450000	2	115425000.5	10.699821842257
2_115755001_115805000	2	115780000.5	14.3341176565556
2_116030001_116080000	2	116055000.5	23.085041622427
2_116035001_116085000	2	116060000.5	17.1100532387987
2_116170001_116220000	2	116195000.5	10.1025877879251
2_116355001_116405000	2	116380000.5	15.3448751362101
2_117090001_117140000	2	117115000.5	24.8103564491378
2_118600001_118650000	2	118625000.5	10.1301264482516
2_118605001_118655000	2	118630000.5	7.9184041321281
2_130395001_130445000	2	130420000.5	12.6768157616842
2_130420001_130470000	2	130445000.5	11.4269438716652
2_130655001_130705000	2	130680000.5	8.34024551049521
2_130805001_130855000	2	130830000.5	11.3485187233248
2_131730001_131780000	2	131755000.5	10.7210546123465
2_131735001_131785000	2	131760000.5	10.6930976950817
2_131750001_131800000	2	131775000.5	11.528628726665
2_132050001_132100000	2	132075000.5	14.5756238555617
2_132055001_132105000	2	132080000.5	9.78610872286566
2_132065001_132115000	2	132090000.5	8.69061209534541
2_132335001_132385000	2	132360000.5	11.9939992318771
2_135515001_135565000	2	135540000.5	23.8899247980348
2_135520001_135570000	2	135545000.5	14.8223003402281
2_147055001_147105000	2	147080000.5	40.2395139994428
2_147870001_147920000	2	147895000.5	12.5364194146463
2_147880001_147930000	2	147905000.5	8.05221678942308
2_148005001_148055000	2	148030000.5	8.29806907698435
2_148015001_148065000	2	148040000.5	18.9872824720999
2_149735001_149785000	2	149760000.5	9.01870857929143
2_150725001_150775000	2	150750000.5	11.7834425026932
2_150750001_150800000	2	150775000.5	10.6450944693223
2_151955001_152005000	2	151980000.5	8.4285607736216
2_152410001_152460000	2	152435000.5	10.6596108433322
2_153025001_153075000	2	153050000.5	10.6256933631986
2_153715001_153765000	2	153740000.5	8.66263901876641
2_154205001_154255000	2	154230000.5	9.94532508814422
2_154420001_154470000	2	154445000.5	9.76458436289226
2_158130001_158180000	2	158155000.5	8.54789259978156
2_166095001_166145000	2	166120000.5	10.0882631493196
2_166370001_166420000	2	166395000.5	11.9291738241026
2_166670001_166720000	2	166695000.5	8.03208535663765
2_170790001_170840000	2	170815000.5	9.78917521557457
2_171150001_171200000	2	171175000.5	10.3891971258036
2_176300001_176350000	2	176325000.5	10.8290289848468
2_176320001_176370000	2	176345000.5	9.3089532232909
2_176330001_176380000	2	176355000.5	10.4314039433781
2_179320001_179370000	2	179345000.5	33.7604710914492
2_190460001_190510000	2	190485000.5	9.20251431489089
2_191285001_191335000	2	191310000.5	10.4855789195365
2_191820001_191870000	2	191845000.5	8.09917559400139
2_191845001_191895000	2	191870000.5	12.426050096834
2_191860001_191910000	2	191885000.5	14.3170682738373
2_195190001_195240000	2	195215000.5	10.8332661596598
2_02470001_02520000	2	2495000.5	13.9025947884825
2_03905001_03955000	2	3930000.5	8.918077525299
2_11860001_11910000	2	11885000.5	10.1282761152912
2_12005001_12055000	2	12030000.5	8.36065276974659
2_14080001_14130000	2	14105000.5	38.2524477816852
2_14100001_14150000	2	14125000.5	8.00212240155952
2_16320001_16370000	2	16345000.5	7.95213397083523
2_18430001_18480000	2	18455000.5	13.9270369210076
2_19965001_20015000	2	19990000.5	8.75660550541789
2_202485001_202535000	2	202510000.5	14.9786298782932
2_203265001_203315000	2	203290000.5	13.4107095091728
2_206020001_206070000	2	206045000.5	26.6382513617132
2_206025001_206075000	2	206050000.5	28.8041913894577
2_206200001_206250000	2	206225000.5	10.5243336602861
2_208710001_208760000	2	208735000.5	10.8584834882623
2_208825001_208875000	2	208850000.5	10.7903421534226
2_209210001_209260000	2	209235000.5	16.0154558240998
2_209215001_209265000	2	209240000.5	8.51901161015206
2_209225001_209275000	2	209250000.5	10.4915396210817
2_209330001_209380000	2	209355000.5	15.7352140203762
2_209480001_209530000	2	209505000.5	15.2834532355778
2_209485001_209535000	2	209510000.5	21.7526165190218
2_209495001_209545000	2	209520000.5	15.8216354759239
2_209500001_209550000	2	209525000.5	18.6581857726988
2_209505001_209555000	2	209530000.5	13.3333837503451
2_209510001_209560000	2	209535000.5	18.8092812898214
2_209750001_209800000	2	209775000.5	16.5874653851133
2_209760001_209810000	2	209785000.5	11.5396157584628
2_210275001_210325000	2	210300000.5	9.85888931682405
2_210305001_210355000	2	210330000.5	19.5436690621594
2_210325001_210375000	2	210350000.5	9.14554848962513
2_210330001_210380000	2	210355000.5	22.2406532537384
2_210435001_210485000	2	210460000.5	9.40222014356823
2_210460001_210510000	2	210485000.5	12.3926015985915
2_210530001_210580000	2	210555000.5	10.7642993392415
2_210545001_210595000	2	210570000.5	9.00451276813783
2_211460001_211510000	2	211485000.5	10.4641628828077
2_211465001_211515000	2	211490000.5	11.3349219479085
2_216490001_216540000	2	216515000.5	7.97838798475394
2_20680001_20730000	2	20705000.5	10.3013266183258
2_21935001_21985000	2	21960000.5	27.9575423622844
2_21960001_22010000	2	21985000.5	9.19507927943221
2_22050001_22100000	2	22075000.5	18.6437010680522
2_22140001_22190000	2	22165000.5	10.3611442828998
2_28325001_28375000	2	28350000.5	13.8231693665263
2_28385001_28435000	2	28410000.5	24.5584501933205
2_28390001_28440000	2	28415000.5	11.9143594711269
2_28685001_28735000	2	28710000.5	10.8301275368711
2_28845001_28895000	2	28870000.5	10.4105173572327
2_32595001_32645000	2	32620000.5	18.4801160195851
2_32600001_32650000	2	32625000.5	17.7261864716099
2_32605001_32655000	2	32630000.5	22.516528462207
2_33480001_33530000	2	33505000.5	9.6296150298881
2_34925001_34975000	2	34950000.5	13.48632107987
2_35075001_35125000	2	35100000.5	8.43373665134334
2_38185001_38235000	2	38210000.5	9.66154464642716
2_39365001_39415000	2	39390000.5	19.1873683107242
2_39370001_39420000	2	39395000.5	16.2200302637022
2_39580001_39630000	2	39605000.5	10.6300474271136
2_220045001_220095000	2	220070000.5	13.7530838017044
2_220060001_220110000	2	220085000.5	11.4847632881956
2_220070001_220120000	2	220095000.5	16.8410576641558
2_220095001_220145000	2	220120000.5	8.60570603692685
2_223420001_223470000	2	223445000.5	22.9607530874017
2_223640001_223690000	2	223665000.5	8.14520781482003
2_223755001_223805000	2	223780000.5	9.23232863105011
2_224490001_224540000	2	224515000.5	14.5891269771719
2_224565001_224615000	2	224590000.5	11.7650213419091
2_224570001_224620000	2	224595000.5	14.7798073085921
2_224590001_224640000	2	224615000.5	16.8902830150652
2_224605001_224655000	2	224630000.5	8.43872726660322
2_224615001_224665000	2	224640000.5	27.2924100101145
2_224625001_224675000	2	224650000.5	8.73702726023402
2_224635001_224685000	2	224660000.5	14.3249318443334
2_224640001_224690000	2	224665000.5	11.1719555971706
2_224735001_224785000	2	224760000.5	8.15885788299477
2_224740001_224790000	2	224765000.5	8.8229416408696
2_225105001_225155000	2	225130000.5	14.9795556354477
2_225120001_225170000	2	225145000.5	16.1479041378122
2_234500001_234550000	2	234525000.5	12.8091274196976
2_237610001_237660000	2	237635000.5	8.96329214571904
2_46170001_46220000	2	46195000.5	18.2827732941421
2_46175001_46225000	2	46200000.5	10.1781575953723
2_46180001_46230000	2	46205000.5	9.35892068923198
2_56490001_56540000	2	56515000.5	8.10486500367654
2_67385001_67435000	2	67410000.5	7.75050164245832
2_75075001_75125000	2	75100000.5	11.5156419834567
2_75215001_75265000	2	75240000.5	19.3301516018441
2_75265001_75315000	2	75290000.5	10.4760017445167
2_75440001_75490000	2	75465000.5	10.8329979380094
2_75685001_75735000	2	75710000.5	21.8261492198237
2_75695001_75745000	2	75720000.5	10.2256233553874
2_75705001_75755000	2	75730000.5	12.3428838984493
2_79055001_79105000	2	79080000.5	10.3757252848824
2_79060001_79110000	2	79085000.5	8.08854584592012
2_79115001_79165000	2	79140000.5	9.41673183606028
2_79120001_79170000	2	79145000.5	10.3214599266215
2_79215001_79265000	2	79240000.5	8.93189971264792
2_79330001_79380000	2	79355000.5	14.0735592178013
2_79435001_79485000	2	79460000.5	14.1426580004955
2_79445001_79495000	2	79470000.5	10.2221286801336
2_79450001_79500000	2	79475000.5	12.9134847565615
2_79590001_79640000	2	79615000.5	15.4426590917611
2_91980001_92030000	2	92005000.5	19.5962458227291
2_92880001_92930000	2	92905000.5	10.7106045362698
2_92885001_92935000	2	92910000.5	12.0602531371976
2_92900001_92950000	2	92925000.5	8.0081597361233
2_92990001_93040000	2	93015000.5	13.8699462309233
2_93580001_93630000	2	93605000.5	13.2373912997101
2_93950001_94000000	2	93975000.5	13.1961013144639
3_102490001_102540000	3	102515000.5	13.8734268419275
3_112230001_112280000	3	112255000.5	8.35168491368046
3_123690001_123740000	3	123715000.5	15.1825032355439
3_123695001_123745000	3	123720000.5	14.8965063926644
3_123795001_123845000	3	123820000.5	9.14182179886916
3_123805001_123855000	3	123830000.5	8.47484765854335
3_124275001_124325000	3	124300000.5	23.3012882231168
3_124280001_124330000	3	124305000.5	22.4813499773513
3_124285001_124335000	3	124310000.5	25.3052254055116
3_124330001_124380000	3	124355000.5	40.8885931037983
3_124355001_124405000	3	124380000.5	10.9019617885925
3_124500001_124550000	3	124525000.5	9.53853639054387
3_124520001_124570000	3	124545000.5	13.2141064304764
3_125165001_125215000	3	125190000.5	10.1687318001107
3_125680001_125730000	3	125705000.5	10.2921696490817
3_125685001_125735000	3	125710000.5	10.3499496154117
3_125690001_125740000	3	125715000.5	10.0085288336515
3_140025001_140075000	3	140050000.5	9.16300789918731
3_147385001_147435000	3	147410000.5	10.4908269297569
3_147490001_147540000	3	147515000.5	9.57644977291486
3_147495001_147545000	3	147520000.5	11.64967675244
3_151090001_151140000	3	151115000.5	9.5894215633266
3_151305001_151355000	3	151330000.5	18.486880450736
3_151310001_151360000	3	151335000.5	18.4777102418444
3_151575001_151625000	3	151600000.5	10.025946565832
3_152205001_152255000	3	152230000.5	17.3833280850799
3_152570001_152620000	3	152595000.5	19.1516837205671
3_153060001_153110000	3	153085000.5	39.9423187077243
3_153065001_153115000	3	153090000.5	8.16539961855108
3_155975001_156025000	3	156000000.5	12.0935202227938
3_158610001_158660000	3	158635000.5	9.39933299830057
3_158660001_158710000	3	158685000.5	10.1778652454696
3_158665001_158715000	3	158690000.5	11.2537825915207
3_160090001_160140000	3	160115000.5	8.47493265369334
3_160505001_160555000	3	160530000.5	8.10651761788219
3_163615001_163665000	3	163640000.5	9.13410971700227
3_164090001_164140000	3	164115000.5	14.6170813167286
3_164095001_164145000	3	164120000.5	41.3966769619133
3_164100001_164150000	3	164125000.5	32.4763282041729
3_164105001_164155000	3	164130000.5	40.7103517239645
3_166590001_166640000	3	166615000.5	9.61396099937798
3_168025001_168075000	3	168050000.5	8.48973938887212
3_168335001_168385000	3	168360000.5	12.0018700860187
3_169785001_169835000	3	169810000.5	14.4514122221987
3_170010001_170060000	3	170035000.5	7.80350555381688
3_171420001_171470000	3	171445000.5	25.0471782464597
3_171430001_171480000	3	171455000.5	21.5337717825543
3_177180001_177230000	3	177205000.5	8.92405841878906
3_180990001_181040000	3	181015000.5	8.77533118203439
3_180995001_181045000	3	181020000.5	13.6575919800467
3_181400001_181450000	3	181425000.5	10.6250376269002
3_181610001_181660000	3	181635000.5	11.7261797796168
3_182085001_182135000	3	182110000.5	11.1753004164523
3_182095001_182145000	3	182120000.5	12.0865459425038
3_182110001_182160000	3	182135000.5	7.92617037533972
3_183830001_183880000	3	183855000.5	11.4994673486518
3_184005001_184055000	3	184030000.5	10.6205736633553
3_184015001_184065000	3	184040000.5	10.2100237820962
3_184030001_184080000	3	184055000.5	13.7722134658567
3_184805001_184855000	3	184830000.5	8.94263188143174
3_186830001_186880000	3	186855000.5	13.0371741608892
3_187005001_187055000	3	187030000.5	21.7072065626944
3_187015001_187065000	3	187040000.5	11.7310677149081
3_187050001_187100000	3	187075000.5	22.8388331556895
3_187110001_187160000	3	187135000.5	8.60066714445071
3_187595001_187645000	3	187620000.5	11.8941036117661
3_187600001_187650000	3	187625000.5	16.9139699171141
3_187840001_187890000	3	187865000.5	19.8571389878902
3_187845001_187895000	3	187870000.5	15.4242099162224
3_190640001_190690000	3	190665000.5	20.3647720327293
3_193715001_193765000	3	193740000.5	9.38729897552321
3_194295001_194345000	3	194320000.5	7.88839058486707
3_196845001_196895000	3	196870000.5	19.2110372091961
3_197405001_197455000	3	197430000.5	67.7576455130816
3_197425001_197475000	3	197450000.5	28.1685273549559
3_197735001_197785000	3	197760000.5	9.98847271708189
3_197815001_197865000	3	197840000.5	17.2508295581356
3_197840001_197890000	3	197865000.5	38.8430278765385
3_199375001_199425000	3	199400000.5	12.6040050776949
3_199385001_199435000	3	199410000.5	11.8088712983471
3_02235001_02285000	3	2260000.5	8.61466488344388
3_02265001_02315000	3	2290000.5	10.7998034831944
3_02705001_02755000	3	2730000.5	10.9981849753713
3_03270001_03320000	3	3295000.5	11.4078219225437
3_04700001_04750000	3	4725000.5	7.88729753838686
3_04715001_04765000	3	4740000.5	8.41870867262537
3_04985001_05035000	3	5010000.5	10.8237321434975
3_08555001_08605000	3	8580000.5	12.8426381578491
3_10940001_10990000	3	10965000.5	18.2638085385665
3_10945001_10995000	3	10970000.5	33.5677816834315
3_11440001_11490000	3	11465000.5	9.32653895511692
3_16480001_16530000	3	16505000.5	14.9243583812459
3_200055001_200105000	3	200080000.5	16.813485380466
3_200550001_200600000	3	200575000.5	15.5354834979346
3_201660001_201710000	3	201685000.5	14.6098103798531
3_203105001_203155000	3	203130000.5	10.3455706778968
3_204195001_204245000	3	204220000.5	9.11911014411021
3_207985001_208035000	3	208010000.5	17.3587474342274
3_212715001_212765000	3	212740000.5	10.4129547207848
3_213220001_213270000	3	213245000.5	23.875661554886
3_218280001_218330000	3	218305000.5	11.1870359673941
3_218285001_218335000	3	218310000.5	10.2300981303192
3_218325001_218375000	3	218350000.5	9.93064149116958
3_218335001_218385000	3	218360000.5	18.6301447415825
3_218370001_218420000	3	218395000.5	9.53936179297
3_218375001_218425000	3	218400000.5	9.82826698154804
3_219570001_219620000	3	219595000.5	8.9382716052578
3_26775001_26825000	3	26800000.5	12.2812057574441
3_30390001_30440000	3	30415000.5	7.97572640393815
3_35240001_35290000	3	35265000.5	10.7320045343545
3_35820001_35870000	3	35845000.5	8.55543332932717
3_224920001_224970000	3	224945000.5	10.8775378834274
3_224980001_225030000	3	225005000.5	11.4484614122458
3_225040001_225090000	3	225065000.5	15.5274399418474
3_226390001_226440000	3	226415000.5	9.53666177376567
3_226435001_226485000	3	226460000.5	21.4075437196921
3_226455001_226505000	3	226480000.5	18.472088752815
3_226485001_226535000	3	226510000.5	9.07740853291557
3_226685001_226735000	3	226710000.5	25.8781286553654
3_226690001_226740000	3	226715000.5	44.0760378783888
3_227365001_227415000	3	227390000.5	10.539758934754
3_227875001_227925000	3	227900000.5	13.2045906424632
3_227880001_227930000	3	227905000.5	16.0718662267109
3_229180001_229230000	3	229205000.5	14.0019847251262
3_229240001_229290000	3	229265000.5	13.0822981220605
3_229660001_229710000	3	229685000.5	10.4857269672987
3_230650001_230700000	3	230675000.5	12.9104091804597
3_235010001_235060000	3	235035000.5	7.94189932512654
3_42915001_42965000	3	42940000.5	9.57222438761073
3_42925001_42975000	3	42950000.5	10.9838563551516
3_52460001_52510000	3	52485000.5	10.6858602391402
3_57225001_57275000	3	57250000.5	12.0658471433108
3_60760001_60810000	3	60785000.5	8.63184198073756
3_75450001_75500000	3	75475000.5	10.0119317347998
3_77970001_78020000	3	77995000.5	7.90705459302723
3_78360001_78410000	3	78385000.5	8.68520960793435
4_114440001_114490000	4	114465000.5	11.0753656009867
4_118885001_118935000	4	118910000.5	9.32012203431742
4_119290001_119340000	4	119315000.5	8.56867640026499
4_120000001_120050000	4	120025000.5	12.6683579740805
4_120005001_120055000	4	120030000.5	10.7783486841591
4_120520001_120570000	4	120545000.5	8.46895841007512
4_121175001_121225000	4	121200000.5	8.5903854978701
4_123540001_123590000	4	123565000.5	11.5274522866097
4_123880001_123930000	4	123905000.5	8.54847528375771
4_124560001_124610000	4	124585000.5	11.0767909078052
4_124620001_124670000	4	124645000.5	7.76967959862571
4_124705001_124755000	4	124730000.5	11.9112493983241
4_124730001_124780000	4	124755000.5	12.6955489712703
4_124740001_124790000	4	124765000.5	15.2450609597172
4_125255001_125305000	4	125280000.5	8.62226463087194
4_130240001_130290000	4	130265000.5	7.79237884099166
4_133375001_133425000	4	133400000.5	7.77643231156094
4_134995001_135045000	4	135020000.5	7.93778335739898
4_138500001_138550000	4	138525000.5	8.09022669994812
4_139790001_139840000	4	139815000.5	7.85269456587346
4_145085001_145135000	4	145110000.5	9.88808860271604
4_145145001_145195000	4	145170000.5	18.2612536807306
4_146390001_146440000	4	146415000.5	8.37124252890044
4_147160001_147210000	4	147185000.5	8.49108704504715
4_147215001_147265000	4	147240000.5	10.0355909094858
4_147265001_147315000	4	147290000.5	11.0410481527345
4_147285001_147335000	4	147310000.5	9.83298634466075
4_148045001_148095000	4	148070000.5	10.0475152714233
4_152160001_152210000	4	152185000.5	7.90607583426271
4_153365001_153415000	4	153390000.5	9.04693715522012
4_153425001_153475000	4	153450000.5	37.4629249235664
4_153430001_153480000	4	153455000.5	13.4498772893692
4_153435001_153485000	4	153460000.5	15.7138581195395
4_153680001_153730000	4	153705000.5	27.0810009929081
4_153815001_153865000	4	153840000.5	30.92932522313
4_153845001_153895000	4	153870000.5	11.7806622840238
4_153850001_153900000	4	153875000.5	43.517110263521
4_153855001_153905000	4	153880000.5	33.5689520782286
4_158310001_158360000	4	158335000.5	19.2643521396724
4_158320001_158370000	4	158345000.5	12.9332815346836
4_158335001_158385000	4	158360000.5	15.5683645558752
4_158810001_158860000	4	158835000.5	8.94287437284709
4_163105001_163155000	4	163130000.5	9.01601120418053
4_164185001_164235000	4	164210000.5	8.75854052237906
4_165030001_165080000	4	165055000.5	11.4465134330904
4_166705001_166755000	4	166730000.5	10.2992952177808
4_170400001_170450000	4	170425000.5	8.62574739795417
4_171360001_171410000	4	171385000.5	10.6142652919271
4_174020001_174070000	4	174045000.5	9.63975241645622
4_175075001_175125000	4	175100000.5	8.98652298246179
4_175170001_175220000	4	175195000.5	29.0384394114529
4_175180001_175230000	4	175205000.5	16.8896932698785
4_178280001_178330000	4	178305000.5	8.99527895413269
4_182750001_182800000	4	182775000.5	8.35152163187155
4_184085001_184135000	4	184110000.5	13.0310052424528
4_184090001_184140000	4	184115000.5	9.69401287538795
4_184305001_184355000	4	184330000.5	8.52266062783303
4_186995001_187045000	4	187020000.5	8.27202448130606
4_190480001_190530000	4	190505000.5	13.4521395467054
4_190850001_190900000	4	190875000.5	11.3520047913117
4_195505001_195555000	4	195530000.5	13.1830131629538
4_196595001_196645000	4	196620000.5	9.35009157931171
4_196600001_196650000	4	196625000.5	12.1477532736546
4_198885001_198935000	4	198910000.5	10.4497156540869
4_199120001_199170000	4	199145000.5	11.8689820512362
4_199235001_199285000	4	199260000.5	8.65003744506618
4_199410001_199460000	4	199435000.5	8.18771648477173
4_199435001_199485000	4	199460000.5	18.4341385216791
4_199815001_199865000	4	199840000.5	10.4806541870108
4_199915001_199965000	4	199940000.5	10.5610091649058
4_199975001_200025000	4	200000000.5	16.6755264427677
4_02975001_03025000	4	3000000.5	8.10670495664328
4_05250001_05300000	4	5275000.5	12.3719141114515
4_07655001_07705000	4	7680000.5	10.7412404613568
4_07660001_07710000	4	7685000.5	8.57796592448517
4_10535001_10585000	4	10560000.5	10.7970591327655
4_11020001_11070000	4	11045000.5	11.7627104980359
4_11025001_11075000	4	11050000.5	10.1630607284696
4_11030001_11080000	4	11055000.5	11.0789477999223
4_11035001_11085000	4	11060000.5	14.3132223750337
4_12155001_12205000	4	12180000.5	13.3958482915489
4_19410001_19460000	4	19435000.5	13.0418239801387
4_19415001_19465000	4	19440000.5	12.5545110226951
4_200105001_200155000	4	200130000.5	8.19629135689479
4_200145001_200195000	4	200170000.5	11.5673171381906
4_200320001_200370000	4	200345000.5	8.16902281237429
4_200535001_200585000	4	200560000.5	10.1873354016787
4_200555001_200605000	4	200580000.5	19.0383148388082
4_203730001_203780000	4	203755000.5	9.27465216944802
4_203970001_204020000	4	203995000.5	7.96561982717168
4_203980001_204030000	4	204005000.5	11.4938729427964
4_212370001_212420000	4	212395000.5	20.0491795103878
4_212380001_212430000	4	212405000.5	9.19820388021131
4_212390001_212440000	4	212415000.5	10.9186527536918
4_212415001_212465000	4	212440000.5	14.4716936935665
4_212555001_212605000	4	212580000.5	9.80253149188567
4_217640001_217690000	4	217665000.5	12.4429787459953
4_217710001_217760000	4	217735000.5	7.82493713853569
4_218460001_218510000	4	218485000.5	10.6333888780544
4_29115001_29165000	4	29140000.5	18.3218439622306
4_29135001_29185000	4	29160000.5	14.7360008565185
4_29140001_29190000	4	29165000.5	13.570951878304
4_31005001_31055000	4	31030000.5	10.50257308928
4_36105001_36155000	4	36130000.5	9.36432653373276
4_36230001_36280000	4	36255000.5	12.0601299115011
4_36540001_36590000	4	36565000.5	10.8157608330415
4_36545001_36595000	4	36570000.5	24.3361205987723
4_36625001_36675000	4	36650000.5	28.0971275218012
4_39395001_39445000	4	39420000.5	9.54474640058982
4_39420001_39470000	4	39445000.5	28.2375897722395
4_222690001_222740000	4	222715000.5	37.0803437174556
4_222715001_222765000	4	222740000.5	11.3241360313533
4_222725001_222775000	4	222750000.5	8.66280216080244
4_228915001_228965000	4	228940000.5	10.3170365392983
4_41015001_41065000	4	41040000.5	8.33244935284085
4_44580001_44630000	4	44605000.5	9.8342311425946
4_47420001_47470000	4	47445000.5	8.25697884718238
4_48035001_48085000	4	48060000.5	10.5464479681492
4_49995001_50045000	4	50020000.5	8.98422784017544
4_75460001_75510000	4	75485000.5	9.56339964217682
5_114735001_114785000	5	114760000.5	8.1350140352211
5_127755001_127805000	5	127780000.5	14.321136452257
5_129995001_130045000	5	130020000.5	8.29295703405239
5_130095001_130145000	5	130120000.5	8.75245486667259
5_131515001_131565000	5	131540000.5	8.52518699617445
5_131585001_131635000	5	131610000.5	8.13650767394122
5_131590001_131640000	5	131615000.5	10.1947386316804
5_131815001_131865000	5	131840000.5	8.70530565985123
5_131825001_131875000	5	131850000.5	10.0154464618782
5_131840001_131890000	5	131865000.5	15.4354178959671
5_131915001_131965000	5	131940000.5	9.3716171867286
5_131995001_132045000	5	132020000.5	19.1644213943998
5_132065001_132115000	5	132090000.5	12.4602393658863
5_132090001_132140000	5	132115000.5	13.025574761176
5_132140001_132190000	5	132165000.5	9.90762096377048
5_133115001_133165000	5	133140000.5	9.73546421927256
5_133295001_133345000	5	133320000.5	10.1201852729243
5_133415001_133465000	5	133440000.5	10.0935300852876
5_133665001_133715000	5	133690000.5	8.55072244620908
5_133675001_133725000	5	133700000.5	8.51495929147984
5_133900001_133950000	5	133925000.5	15.4371935770628
5_134190001_134240000	5	134215000.5	9.50177551475579
5_134205001_134255000	5	134230000.5	10.8596735379407
5_136935001_136985000	5	136960000.5	10.8915340075112
5_138235001_138285000	5	138260000.5	7.96360477403891
5_138325001_138375000	5	138350000.5	8.17272150007227
5_138915001_138965000	5	138940000.5	11.4586957843527
5_138920001_138970000	5	138945000.5	9.42413131272963
5_138925001_138975000	5	138950000.5	15.3602035217855
5_139160001_139210000	5	139185000.5	18.2545249912582
5_139190001_139240000	5	139215000.5	9.17194359791975
5_139645001_139695000	5	139670000.5	8.4108202806222
5_139685001_139735000	5	139710000.5	15.9486180300828
5_142715001_142765000	5	142740000.5	21.1136144306156
5_142955001_143005000	5	142980000.5	12.4774507201143
5_142960001_143010000	5	142985000.5	13.3067529264879
5_142965001_143015000	5	142990000.5	14.1103546779279
5_142975001_143025000	5	143000000.5	22.2970165078473
5_143180001_143230000	5	143205000.5	11.9142973504868
5_143275001_143325000	5	143300000.5	8.50622643947105
5_144995001_145045000	5	145020000.5	9.75400375918178
5_145050001_145100000	5	145075000.5	8.97966461596752
5_145130001_145180000	5	145155000.5	8.50982193503194
5_145780001_145830000	5	145805000.5	14.718988850678
5_146555001_146605000	5	146580000.5	9.1098565409734
5_146725001_146775000	5	146750000.5	16.3979307168456
5_151765001_151815000	5	151790000.5	13.6959226080897
5_154605001_154655000	5	154630000.5	22.4968152666792
5_154650001_154700000	5	154675000.5	13.7827546135214
5_155540001_155590000	5	155565000.5	8.1036887559618
5_156040001_156090000	5	156065000.5	17.2411904260144
5_156300001_156350000	5	156325000.5	7.87043706390426
5_158175001_158225000	5	158200000.5	10.86051624571
5_158180001_158230000	5	158205000.5	15.9890760465727
5_158185001_158235000	5	158210000.5	15.8316606749847
5_158630001_158680000	5	158655000.5	13.5427795605694
5_160425001_160475000	5	160450000.5	10.4856632669561
5_160595001_160645000	5	160620000.5	9.26472220725611
5_169150001_169200000	5	169175000.5	10.8784141668073
5_171955001_172005000	5	171980000.5	9.92585161422738
5_171960001_172010000	5	171985000.5	11.0396418021481
5_171970001_172020000	5	171995000.5	11.200550702976
5_179375001_179425000	5	179400000.5	8.6914789630988
5_183090001_183140000	5	183115000.5	15.1305462084145
5_186155001_186205000	5	186180000.5	12.7938256019256
5_192365001_192415000	5	192390000.5	11.2970580270688
5_192540001_192590000	5	192565000.5	8.48455135990241
5_192565001_192615000	5	192590000.5	12.0405257649502
5_193835001_193885000	5	193860000.5	18.2299196582726
5_193840001_193890000	5	193865000.5	9.39997476635176
5_194880001_194930000	5	194905000.5	8.97636146526895
5_194890001_194940000	5	194915000.5	8.15519785693982
5_196375001_196425000	5	196400000.5	8.75647336793742
5_196380001_196430000	5	196405000.5	11.4041797315886
5_05135001_05185000	5	5160000.5	8.00286236817766
5_05540001_05590000	5	5565000.5	8.42873408094476
5_07085001_07135000	5	7110000.5	8.08951354271397
5_07150001_07200000	5	7175000.5	8.35524869985568
5_07180001_07230000	5	7205000.5	8.04471980558219
5_07530001_07580000	5	7555000.5	9.20601391389999
5_07565001_07615000	5	7590000.5	9.70695976000007
5_13830001_13880000	5	13855000.5	8.5377186884532
5_14125001_14175000	5	14150000.5	27.9927323483645
5_14385001_14435000	5	14410000.5	15.9802499882782
5_14920001_14970000	5	14945000.5	15.8319843640226
5_18980001_19030000	5	19005000.5	9.80781726997918
5_19180001_19230000	5	19205000.5	8.56852279687934
5_19315001_19365000	5	19340000.5	23.7964274028683
5_19760001_19810000	5	19785000.5	80.6365304475162
5_19765001_19815000	5	19790000.5	10.8825679563474
5_201330001_201380000	5	201355000.5	11.9932832741098
5_205900001_205950000	5	205925000.5	11.8995552603403
5_205915001_205965000	5	205940000.5	27.7740480717467
5_205920001_205970000	5	205945000.5	18.5617217268018
5_205925001_205975000	5	205950000.5	9.6942615656713
5_206695001_206745000	5	206720000.5	11.8303744152271
5_207140001_207190000	5	207165000.5	8.80603513765391
5_207300001_207350000	5	207325000.5	26.1444377709929
5_208855001_208905000	5	208880000.5	15.1472025451513
5_208865001_208915000	5	208890000.5	9.84633901758028
5_209045001_209095000	5	209070000.5	16.381921677007
5_209680001_209730000	5	209705000.5	24.1082417200713
5_209695001_209745000	5	209720000.5	32.229569353702
5_209700001_209750000	5	209725000.5	38.6383728166284
5_213415001_213465000	5	213440000.5	10.2900657821383
5_217225001_217275000	5	217250000.5	10.1590655697585
5_218500001_218550000	5	218525000.5	9.87498326889795
5_20785001_20835000	5	20810000.5	13.7101415113341
5_32980001_33030000	5	33005000.5	9.4158563301196
5_33000001_33050000	5	33025000.5	17.3578426376994
5_33005001_33055000	5	33030000.5	28.8004300442585
5_33395001_33445000	5	33420000.5	7.97154913526509
5_33590001_33640000	5	33615000.5	18.4767008997349
5_33595001_33645000	5	33620000.5	24.6868052178426
5_33600001_33650000	5	33625000.5	25.3176281150253
5_33605001_33655000	5	33630000.5	10.9562251287226
5_33610001_33660000	5	33635000.5	22.8796851614369
5_33615001_33665000	5	33640000.5	11.8292316621815
5_33625001_33675000	5	33650000.5	41.9312470836452
5_33640001_33690000	5	33665000.5	11.1597007740742
5_33645001_33695000	5	33670000.5	7.99127591583198
5_35140001_35190000	5	35165000.5	7.90247578114514
5_36250001_36300000	5	36275000.5	14.8254006649237
5_36265001_36315000	5	36290000.5	13.0703909029788
5_36505001_36555000	5	36530000.5	9.59482116042102
5_39630001_39680000	5	39655000.5	19.4437095506938
5_44000001_44050000	5	44025000.5	8.92459705575158
5_44085001_44135000	5	44110000.5	9.38542017362391
5_44955001_45005000	5	44980000.5	9.23541595389139
5_44965001_45015000	5	44990000.5	12.1316340197669
5_45005001_45055000	5	45030000.5	12.7505565326456
5_45015001_45065000	5	45040000.5	11.1085385437522
5_45150001_45200000	5	45175000.5	19.2777978801226
5_45175001_45225000	5	45200000.5	9.66188614560588
5_45185001_45235000	5	45210000.5	16.5546768466905
5_45235001_45285000	5	45260000.5	18.0797660778339
5_45245001_45295000	5	45270000.5	7.80337022655391
5_45255001_45305000	5	45280000.5	7.86149022653177
5_45265001_45315000	5	45290000.5	17.8606369441757
5_45270001_45320000	5	45295000.5	17.716147047706
5_45295001_45345000	5	45320000.5	24.7571150923215
5_45315001_45365000	5	45340000.5	10.8909815758969
5_45330001_45380000	5	45355000.5	7.8380448034294
5_45350001_45400000	5	45375000.5	7.99842374663666
5_45385001_45435000	5	45410000.5	22.9483310404806
5_45390001_45440000	5	45415000.5	14.9006388936556
5_45595001_45645000	5	45620000.5	12.7701296983988
5_45750001_45800000	5	45775000.5	7.86725517475412
5_45760001_45810000	5	45785000.5	12.8584560118313
5_45825001_45875000	5	45850000.5	15.2282799587061
5_45845001_45895000	5	45870000.5	16.7452000603497
5_45880001_45930000	5	45905000.5	10.5527534795968
5_45940001_45990000	5	45965000.5	25.3531755485171
5_45945001_45995000	5	45970000.5	20.7081446013971
5_45950001_46000000	5	45975000.5	8.36370479379653
5_46000001_46050000	5	46025000.5	10.9527136930763
5_46025001_46075000	5	46050000.5	18.199369903622
5_46040001_46090000	5	46065000.5	16.6425241483653
5_46050001_46100000	5	46075000.5	7.90812597552906
5_46225001_46275000	5	46250000.5	24.4977396482379
5_46230001_46280000	5	46255000.5	29.3147449038202
5_46240001_46290000	5	46265000.5	9.90964865035886
5_46270001_46320000	5	46295000.5	29.0947955928768
5_46355001_46405000	5	46380000.5	12.870077229178
5_46405001_46455000	5	46430000.5	9.54330867678675
5_46520001_46570000	5	46545000.5	12.525687877924
5_46615001_46665000	5	46640000.5	12.6016546229698
5_46650001_46700000	5	46675000.5	7.87312435466043
5_46660001_46710000	5	46685000.5	12.2598190987007
5_46675001_46725000	5	46700000.5	14.360571285742
5_46705001_46755000	5	46730000.5	11.3728692963753
5_46760001_46810000	5	46785000.5	18.9528887828238
5_46765001_46815000	5	46790000.5	14.3271118322436
5_46825001_46875000	5	46850000.5	12.0272113318837
5_46840001_46890000	5	46865000.5	11.565382197372
5_46860001_46910000	5	46885000.5	25.7801681096586
5_46865001_46915000	5	46890000.5	11.6593061140612
5_46885001_46935000	5	46910000.5	19.3292959142938
5_46900001_46950000	5	46925000.5	16.2243843273536
5_46905001_46955000	5	46930000.5	9.99470290261741
5_46920001_46970000	5	46945000.5	28.9114476995649
5_46955001_47005000	5	46980000.5	20.2604756481024
5_46960001_47010000	5	46985000.5	29.7840284386291
5_46975001_47025000	5	47000000.5	8.74515005546226
5_47040001_47090000	5	47065000.5	10.2336681865375
5_47045001_47095000	5	47070000.5	10.9734934322913
5_47050001_47100000	5	47075000.5	15.0890057922012
5_47065001_47115000	5	47090000.5	10.4697748616331
5_47135001_47185000	5	47160000.5	12.9125358916987
5_47175001_47225000	5	47200000.5	41.8757608748493
5_47180001_47230000	5	47205000.5	13.1743015661186
5_47185001_47235000	5	47210000.5	19.9870223198996
5_47195001_47245000	5	47220000.5	17.6606547510967
5_47200001_47250000	5	47225000.5	11.5662623003658
5_47215001_47265000	5	47240000.5	9.99370700747241
5_47265001_47315000	5	47290000.5	25.8768069363858
5_47425001_47475000	5	47450000.5	17.5184280743667
5_47480001_47530000	5	47505000.5	9.07624932650504
5_47485001_47535000	5	47510000.5	51.1926395162417
5_47490001_47540000	5	47515000.5	51.1734038660144
5_47495001_47545000	5	47520000.5	9.17370874613101
5_47550001_47600000	5	47575000.5	20.7425318937495
5_47555001_47605000	5	47580000.5	102.028856501155
5_47565001_47615000	5	47590000.5	137.924537481795
5_47570001_47620000	5	47595000.5	99.9723416425766
5_47575001_47625000	5	47600000.5	98.4894038979532
5_47580001_47630000	5	47605000.5	60.058209042883
5_47675001_47725000	5	47700000.5	63.7089602050802
5_47680001_47730000	5	47705000.5	60.0232054763006
5_47685001_47735000	5	47710000.5	43.5449737826966
5_47690001_47740000	5	47715000.5	101.933657471618
5_47695001_47745000	5	47720000.5	31.0320809133203
5_47700001_47750000	5	47725000.5	15.5540386800453
5_47705001_47755000	5	47730000.5	46.5226984381625
5_47710001_47760000	5	47735000.5	32.969408586272
5_47720001_47770000	5	47745000.5	91.0699282307689
5_47725001_47775000	5	47750000.5	9.99624269116299
5_47735001_47785000	5	47760000.5	10.4071070124969
5_47740001_47790000	5	47765000.5	31.7305616453481
5_47745001_47795000	5	47770000.5	46.1372813580726
5_47755001_47805000	5	47780000.5	54.2963048316008
5_47760001_47810000	5	47785000.5	90.8861974881144
5_47765001_47815000	5	47790000.5	125.842417234516
5_47785001_47835000	5	47810000.5	78.2869734812744
5_47790001_47840000	5	47815000.5	11.2203058437111
5_47795001_47845000	5	47820000.5	25.3741950070428
5_47800001_47850000	5	47825000.5	58.9330881635276
5_47825001_47875000	5	47850000.5	85.7441983800134
5_47830001_47880000	5	47855000.5	86.7339909952261
5_47835001_47885000	5	47860000.5	82.483690534583
5_47840001_47890000	5	47865000.5	79.3701983163584
5_47845001_47895000	5	47870000.5	66.9739026651204
5_47850001_47900000	5	47875000.5	107.65032820842
5_47855001_47905000	5	47880000.5	139.702028028897
5_47875001_47925000	5	47900000.5	67.8935301298379
5_47905001_47955000	5	47930000.5	36.101253107993
5_47910001_47960000	5	47935000.5	111.736606512608
5_47920001_47970000	5	47945000.5	24.4728116397368
5_47925001_47975000	5	47950000.5	23.3915994067236
5_47985001_48035000	5	48010000.5	10.6727117346227
5_48005001_48055000	5	48030000.5	10.6210578278051
5_48010001_48060000	5	48035000.5	38.1104365584003
5_48015001_48065000	5	48040000.5	40.116821417289
5_48025001_48075000	5	48050000.5	17.2150417210063
5_48030001_48080000	5	48055000.5	38.600449062441
5_48115001_48165000	5	48140000.5	28.2086954655634
5_48120001_48170000	5	48145000.5	38.1814130655517
5_48190001_48240000	5	48215000.5	20.7452495550912
5_48195001_48245000	5	48220000.5	38.572186393192
5_48200001_48250000	5	48225000.5	10.044987295026
5_48205001_48255000	5	48230000.5	9.02081186992461
5_48310001_48360000	5	48335000.5	10.2469244802454
5_48400001_48450000	5	48425000.5	7.84246986022237
5_48410001_48460000	5	48435000.5	8.85305375402498
5_48780001_48830000	5	48805000.5	14.6027358114512
5_48785001_48835000	5	48810000.5	8.89749104250359
5_48790001_48840000	5	48815000.5	19.206429738844
5_48805001_48855000	5	48830000.5	14.6999002320348
5_48845001_48895000	5	48870000.5	15.2596256470334
5_48885001_48935000	5	48910000.5	12.5548995415699
5_48895001_48945000	5	48920000.5	17.1317022341451
5_48935001_48985000	5	48960000.5	21.233155222514
5_48940001_48990000	5	48965000.5	18.7263342594001
5_48955001_49005000	5	48980000.5	21.0169962898631
5_49005001_49055000	5	49030000.5	15.0185619966607
5_49360001_49410000	5	49385000.5	11.0267215492951
5_49540001_49590000	5	49565000.5	13.5772283135624
5_50105001_50155000	5	50130000.5	13.6071191679663
5_50110001_50160000	5	50135000.5	9.90087241662889
5_50150001_50200000	5	50175000.5	17.0882239329082
5_50235001_50285000	5	50260000.5	28.8735544067243
5_50420001_50470000	5	50445000.5	7.91945418435597
5_50680001_50730000	5	50705000.5	12.4948598931366
5_54500001_54550000	5	54525000.5	10.702417666773
5_59685001_59735000	5	59710000.5	12.1638029255635
5_59750001_59800000	5	59775000.5	70.8743956571936
5_59755001_59805000	5	59780000.5	30.6107802839578
5_59760001_59810000	5	59785000.5	48.7331708599776
5_59765001_59815000	5	59790000.5	44.2862650694507
5_59780001_59830000	5	59805000.5	17.4574468910933
5_60335001_60385000	5	60360000.5	22.0491839304938
5_60355001_60405000	5	60380000.5	7.90014718838472
5_60395001_60445000	5	60420000.5	17.0993679886906
5_60400001_60450000	5	60425000.5	22.685205762387
5_60450001_60500000	5	60475000.5	25.6704162732573
5_60480001_60530000	5	60505000.5	21.7164480611106
5_60555001_60605000	5	60580000.5	22.200704089512
5_60560001_60610000	5	60585000.5	10.6348371539698
5_60740001_60790000	5	60765000.5	12.2584428161469
5_60745001_60795000	5	60770000.5	13.5961152739043
5_60805001_60855000	5	60830000.5	15.6615173263124
5_60860001_60910000	5	60885000.5	10.5091644667074
5_62200001_62250000	5	62225000.5	8.70142379163548
5_63880001_63930000	5	63905000.5	8.37949566628069
5_64390001_64440000	5	64415000.5	9.57504193552165
5_70115001_70165000	5	70140000.5	9.46745427257716
5_71035001_71085000	5	71060000.5	7.97320510579624
5_73845001_73895000	5	73870000.5	13.42467952856
5_75160001_75210000	5	75185000.5	11.6805322775848
5_75175001_75225000	5	75200000.5	13.1814997680434
5_75180001_75230000	5	75205000.5	26.1473213250692
5_80565001_80615000	5	80590000.5	8.64054054481485
5_81525001_81575000	5	81550000.5	8.17643280601612
5_81670001_81720000	5	81695000.5	16.2473325824849
5_81770001_81820000	5	81795000.5	9.81101706277684
5_82150001_82200000	5	82175000.5	8.29347717398372
5_82160001_82210000	5	82185000.5	12.0664320226379
5_82405001_82455000	5	82430000.5	14.0728234275471
5_82415001_82465000	5	82440000.5	10.8467500033267
5_82420001_82470000	5	82445000.5	13.1220861994211
5_85055001_85105000	5	85080000.5	8.15570852240671
5_85075001_85125000	5	85100000.5	12.3790894141742
5_85080001_85130000	5	85105000.5	7.98079904155179
5_87365001_87415000	5	87390000.5	17.7638192652845
5_87370001_87420000	5	87395000.5	9.54840879122793
5_87410001_87460000	5	87435000.5	32.7654806564611
5_87580001_87630000	5	87605000.5	10.0315521323783
5_87765001_87815000	5	87790000.5	9.55502739611933
5_87820001_87870000	5	87845000.5	18.5881476601911
5_87825001_87875000	5	87850000.5	14.6178842199102
5_87865001_87915000	5	87890000.5	8.45276299997411
5_89280001_89330000	5	89305000.5	34.9279678418641
5_89285001_89335000	5	89310000.5	32.0503685625371
5_89290001_89340000	5	89315000.5	26.3206791785322
5_95945001_95995000	5	95970000.5	13.9706599536739
5_99725001_99775000	5	99750000.5	8.70237053549386
6_100050001_100100000	6	100075000.5	9.04482458329323
6_100055001_100105000	6	100080000.5	66.5817763164579
6_100120001_100170000	6	100145000.5	8.8982657583739
6_100175001_100225000	6	100200000.5	14.8716218840623
6_100455001_100505000	6	100480000.5	13.8237621659076
6_100460001_100510000	6	100485000.5	13.0620767278485
6_101625001_101675000	6	101650000.5	10.2663673370113
6_103015001_103065000	6	103040000.5	14.4069146329456
6_103040001_103090000	6	103065000.5	13.5451499972708
6_103075001_103125000	6	103100000.5	7.96894804020576
6_103080001_103130000	6	103105000.5	7.7545982178637
6_103220001_103270000	6	103245000.5	53.6143298730443
6_103235001_103285000	6	103260000.5	35.6928445356139
6_103240001_103290000	6	103265000.5	42.576953250869
6_103280001_103330000	6	103305000.5	34.0946967693214
6_103305001_103355000	6	103330000.5	94.558489288231
6_106330001_106380000	6	106355000.5	12.3774760053875
6_110575001_110625000	6	110600000.5	8.97933373253358
6_110935001_110985000	6	110960000.5	13.6041343559228
6_113875001_113925000	6	113900000.5	8.16009914639466
6_118880001_118930000	6	118905000.5	24.6763228537177
6_129190001_129240000	6	129215000.5	11.9073324658294
6_134470001_134520000	6	134495000.5	8.21679033409205
6_134985001_135035000	6	135010000.5	12.0052965177998
6_136700001_136750000	6	136725000.5	8.74131767458454
6_136705001_136755000	6	136730000.5	18.2968066096919
6_142790001_142840000	6	142815000.5	9.1441434922703
6_144920001_144970000	6	144945000.5	10.7274122451038
6_147800001_147850000	6	147825000.5	14.8723647579333
6_151230001_151280000	6	151255000.5	14.4986982083662
6_151250001_151300000	6	151275000.5	12.5033268510969
6_153480001_153530000	6	153505000.5	31.0382934242643
6_157795001_157845000	6	157820000.5	13.1133902871034
6_157975001_158025000	6	158000000.5	14.0357647827203
6_169250001_169300000	6	169275000.5	12.2480081817467
6_172310001_172360000	6	172335000.5	14.3020448538513
6_31525001_31575000	6	31550000.5	10.7037741336552
6_32855001_32905000	6	32880000.5	21.9685108124226
6_41580001_41630000	6	41605000.5	9.53750996304569
6_69085001_69135000	6	69110000.5	9.99248485776604
6_69510001_69560000	6	69535000.5	13.9921731644423
6_69555001_69605000	6	69580000.5	9.44830162932701
6_69890001_69940000	6	69915000.5	10.5761135095694
6_69895001_69945000	6	69920000.5	9.44792335228817
6_69910001_69960000	6	69935000.5	12.8493245345546
6_69920001_69970000	6	69945000.5	7.82137694151075
6_70095001_70145000	6	70120000.5	9.41300260671258
6_72215001_72265000	6	72240000.5	21.9439658058238
6_72220001_72270000	6	72245000.5	10.3821830008263
6_72280001_72330000	6	72305000.5	14.3076363960065
6_79810001_79860000	6	79835000.5	34.2692208275793
6_79815001_79865000	6	79840000.5	10.0520768871443
6_79820001_79870000	6	79845000.5	9.89416055320476
6_79825001_79875000	6	79850000.5	21.6403879497865
6_79855001_79905000	6	79880000.5	24.3047629312146
6_81835001_81885000	6	81860000.5	8.35077416361193
6_91280001_91330000	6	91305000.5	26.3787897548375
6_92620001_92670000	6	92645000.5	8.13701449527275
6_96795001_96845000	6	96820000.5	7.88081445043019
6_99505001_99555000	6	99530000.5	8.23222326295053
6_99510001_99560000	6	99535000.5	23.0850042857435
6_99530001_99580000	6	99555000.5	10.3263641373667
6_99695001_99745000	6	99720000.5	19.4286971196117
7_100080001_100130000	7	100105000.5	11.9423258879568
7_101060001_101110000	7	101085000.5	8.40886316850376
7_101065001_101115000	7	101090000.5	9.33255413949924
7_101295001_101345000	7	101320000.5	8.55665178108609
7_101770001_101820000	7	101795000.5	10.2963489203077
7_101850001_101900000	7	101875000.5	14.1642252626196
7_102120001_102170000	7	102145000.5	14.2202463508569
7_102125001_102175000	7	102150000.5	14.5085183053843
7_102130001_102180000	7	102155000.5	17.3947412721081
7_102985001_103035000	7	103010000.5	13.1215383875995
7_103420001_103470000	7	103445000.5	11.4812645716054
7_103425001_103475000	7	103450000.5	13.3174108786355
7_103430001_103480000	7	103455000.5	34.3136431099325
7_103470001_103520000	7	103495000.5	9.52933955744129
7_107990001_108040000	7	108015000.5	11.2006182485936
7_112105001_112155000	7	112130000.5	8.09051686690879
7_114420001_114470000	7	114445000.5	9.01693181615519
7_114525001_114575000	7	114550000.5	8.00714310142195
7_123635001_123685000	7	123660000.5	11.3848477820591
7_128310001_128360000	7	128335000.5	11.173192699581
7_128315001_128365000	7	128340000.5	9.13211589980094
7_128375001_128425000	7	128400000.5	21.8091270118527
7_131675001_131725000	7	131700000.5	8.95178490749913
7_132425001_132475000	7	132450000.5	9.64681926156493
7_132430001_132480000	7	132455000.5	8.2711287032302
7_138060001_138110000	7	138085000.5	7.87486007887469
7_138400001_138450000	7	138425000.5	7.80111520734758
7_138420001_138470000	7	138445000.5	17.4959174113603
7_138430001_138480000	7	138455000.5	8.61435324184376
7_138580001_138630000	7	138605000.5	15.1651024941521
7_138590001_138640000	7	138615000.5	8.68346026824858
7_139020001_139070000	7	139045000.5	7.90255870004387
7_146540001_146590000	7	146565000.5	10.5090575053847
7_146545001_146595000	7	146570000.5	9.60359680979207
7_147285001_147335000	7	147310000.5	10.3553037572281
7_151210001_151260000	7	151235000.5	11.5042263805456
7_169865001_169915000	7	169890000.5	13.3628178866559
7_169870001_169920000	7	169895000.5	8.84699994438211
7_173140001_173190000	7	173165000.5	10.7751441816131
7_174190001_174240000	7	174215000.5	8.82347151824933
7_176540001_176590000	7	176565000.5	8.13159028327271
7_179875001_179925000	7	179900000.5	10.8407627682918
7_180145001_180195000	7	180170000.5	14.3626043857471
7_180195001_180245000	7	180220000.5	10.6160802509236
7_180205001_180255000	7	180230000.5	8.39023870224599
7_180315001_180365000	7	180340000.5	13.7380289025571
7_01965001_02015000	7	1990000.5	12.1461618000865
7_01980001_02030000	7	2005000.5	8.01723057867912
7_02115001_02165000	7	2140000.5	10.9539662733511
7_03105001_03155000	7	3130000.5	13.6579427829418
7_03115001_03165000	7	3140000.5	9.38115638440149
7_03710001_03760000	7	3735000.5	8.10993363713118
7_03825001_03875000	7	3850000.5	8.10886040095272
7_04185001_04235000	7	4210000.5	17.5642944290394
7_05080001_05130000	7	5105000.5	27.8575980560636
7_05170001_05220000	7	5195000.5	10.6677945273979
7_05175001_05225000	7	5200000.5	15.8207709723094
7_07485001_07535000	7	7510000.5	31.0607568891086
7_07500001_07550000	7	7525000.5	13.5235634071987
7_09850001_09900000	7	9875000.5	10.7349698255651
7_09885001_09935000	7	9910000.5	10.5679274218996
7_10955001_11005000	7	10980000.5	21.2189689343587
7_17830001_17880000	7	17855000.5	10.9922252151164
7_19790001_19840000	7	19815000.5	17.9962324134744
7_19800001_19850000	7	19825000.5	12.5870812656499
7_19835001_19885000	7	19860000.5	8.47312971999273
7_20085001_20135000	7	20110000.5	23.4542669926656
7_30205001_30255000	7	30230000.5	10.1364532777865
7_30210001_30260000	7	30235000.5	10.7140293843446
7_30340001_30390000	7	30365000.5	12.2885357084575
7_31445001_31495000	7	31470000.5	11.1080114084525
7_40885001_40935000	7	40910000.5	14.3905558018474
7_40900001_40950000	7	40925000.5	10.7030663502107
7_40920001_40970000	7	40945000.5	16.8128721172184
7_40960001_41010000	7	40985000.5	13.5992824248069
7_95910001_95960000	7	95935000.5	8.70571823800219
7_96285001_96335000	7	96310000.5	8.03400057458714
7_98885001_98935000	7	98910000.5	8.04687030861987
7_99385001_99435000	7	99410000.5	12.4562110304166
7_99440001_99490000	7	99465000.5	8.63668434697195
8_104520001_104570000	8	104545000.5	18.4103108165431
8_104550001_104600000	8	104575000.5	9.6248099902661
8_104555001_104605000	8	104580000.5	11.8527826000746
8_104560001_104610000	8	104585000.5	10.4359799854208
8_106405001_106455000	8	106430000.5	8.79271572814707
8_107455001_107505000	8	107480000.5	9.28138002401874
8_107470001_107520000	8	107495000.5	8.73988618814207
8_107485001_107535000	8	107510000.5	32.1253785760077
8_107495001_107545000	8	107520000.5	13.6831493951425
8_107500001_107550000	8	107525000.5	12.0872460811711
8_109705001_109755000	8	109730000.5	13.970682040416
8_109715001_109765000	8	109740000.5	18.4079374349685
8_109720001_109770000	8	109745000.5	15.3115836452436
8_109725001_109775000	8	109750000.5	17.8282596325956
8_113445001_113495000	8	113470000.5	13.0419296690566
8_113520001_113570000	8	113545000.5	17.8655220430207
8_113730001_113780000	8	113755000.5	24.490934155663
8_117365001_117415000	8	117390000.5	8.45183855064519
8_120670001_120720000	8	120695000.5	10.9105749713673
8_122450001_122500000	8	122475000.5	11.1398518950484
8_126500001_126550000	8	126525000.5	12.6039958533829
8_133935001_133985000	8	133960000.5	9.80127471132633
8_134510001_134560000	8	134535000.5	11.9844442744446
8_134515001_134565000	8	134540000.5	16.0767192963243
8_143200001_143250000	8	143225000.5	11.7798495463971
8_143210001_143260000	8	143235000.5	14.3125091639095
8_143215001_143265000	8	143240000.5	8.71297793594152
8_171565001_171615000	8	171590000.5	12.0107186478006
8_171785001_171835000	8	171810000.5	15.5562222003533
8_175295001_175345000	8	175320000.5	9.94878945876212
8_175520001_175570000	8	175545000.5	14.4118592028256
8_177505001_177555000	8	177530000.5	13.3222837264331
8_177520001_177570000	8	177545000.5	10.3258822064516
8_02235001_02285000	8	2260000.5	10.1667046451086
8_03645001_03695000	8	3670000.5	10.1350405945384
8_05055001_05105000	8	5080000.5	25.5443996726909
8_05060001_05110000	8	5085000.5	19.6270958802198
8_05065001_05115000	8	5090000.5	22.7970208904905
8_05135001_05185000	8	5160000.5	12.0994239208616
8_05165001_05215000	8	5190000.5	9.53554404297546
8_13645001_13695000	8	13670000.5	11.2016925239358
8_13675001_13725000	8	13700000.5	9.01222974168434
8_13925001_13975000	8	13950000.5	9.62551696239325
8_14455001_14505000	8	14480000.5	7.75334769195274
8_15130001_15180000	8	15155000.5	8.33326668800646
8_15135001_15185000	8	15160000.5	12.046527645772
8_15140001_15190000	8	15165000.5	9.27859966008526
8_19305001_19355000	8	19330000.5	8.17210636604176
8_47630001_47680000	8	47655000.5	7.92195695057578
8_66685001_66735000	8	66710000.5	12.0570798929274
8_67365001_67415000	8	67390000.5	7.80204057593784
8_75100001_75150000	8	75125000.5	13.0933297746475
8_75125001_75175000	8	75150000.5	17.2125262424236
8_75130001_75180000	8	75155000.5	9.68070246290353
8_75135001_75185000	8	75160000.5	19.2284544593336
8_75175001_75225000	8	75200000.5	11.5814390601555
8_75205001_75255000	8	75230000.5	13.0204076723014
8_75315001_75365000	8	75340000.5	8.34825991467858
8_75515001_75565000	8	75540000.5	8.29821547626563
8_75580001_75630000	8	75605000.5	13.0719767554742
8_75595001_75645000	8	75620000.5	13.5075873450893
8_75650001_75700000	8	75675000.5	20.541326319145
8_75655001_75705000	8	75680000.5	13.0449128779424
8_75715001_75765000	8	75740000.5	10.4993479286824
8_75760001_75810000	8	75785000.5	14.9167789788002
8_75800001_75850000	8	75825000.5	8.81257002119514
8_75830001_75880000	8	75855000.5	19.1687595298704
8_75865001_75915000	8	75890000.5	8.31496593123819
8_77900001_77950000	8	77925000.5	8.37351658148162
8_78810001_78860000	8	78835000.5	7.7694526717826
8_83920001_83970000	8	83945000.5	11.0766578060739
8_84030001_84080000	8	84055000.5	9.22177979768907
8_85875001_85925000	8	85900000.5	8.0354679800655
8_89675001_89725000	8	89700000.5	8.66149909609459
8_91870001_91920000	8	91895000.5	7.86418918439807
8_94945001_94995000	8	94970000.5	8.26168445837069
9_100495001_100545000	9	100520000.5	8.74812186890901
9_102835001_102885000	9	102860000.5	8.21788698532021
9_103010001_103060000	9	103035000.5	10.3427206503687
9_103030001_103080000	9	103055000.5	27.4445701470127
9_103035001_103085000	9	103060000.5	9.25790465340731
9_103045001_103095000	9	103070000.5	13.9163486286512
9_103050001_103100000	9	103075000.5	26.0435182518957
9_103055001_103105000	9	103080000.5	9.27554473715242
9_103060001_103110000	9	103085000.5	57.2887724139223
9_103085001_103135000	9	103110000.5	14.6778601213349
9_103090001_103140000	9	103115000.5	8.57743044249477
9_103430001_103480000	9	103455000.5	11.4122249112324
9_103435001_103485000	9	103460000.5	9.94847139600552
9_105810001_105860000	9	105835000.5	23.4220228518609
9_105825001_105875000	9	105850000.5	34.3341356873309
9_105830001_105880000	9	105855000.5	28.6229266337118
9_106585001_106635000	9	106610000.5	17.7769526109864
9_107095001_107145000	9	107120000.5	8.29729238437346
9_107275001_107325000	9	107300000.5	90.2411512736619
9_107615001_107665000	9	107640000.5	16.1584954052228
9_107620001_107670000	9	107645000.5	18.2759063415831
9_107625001_107675000	9	107650000.5	10.0092699923199
9_107630001_107680000	9	107655000.5	9.79127211818115
9_107925001_107975000	9	107950000.5	12.5253431451995
9_107935001_107985000	9	107960000.5	12.4101988908843
9_108045001_108095000	9	108070000.5	17.1924621634381
9_108145001_108195000	9	108170000.5	8.72120771944179
9_108155001_108205000	9	108180000.5	20.8559178436362
9_108190001_108240000	9	108215000.5	8.57682527983434
9_108200001_108250000	9	108225000.5	14.5263785616796
9_108215001_108265000	9	108240000.5	11.7213930797962
9_108225001_108275000	9	108250000.5	43.2972045674763
9_110860001_110910000	9	110885000.5	7.75285954668163
9_111010001_111060000	9	111035000.5	15.9452116203487
9_111090001_111140000	9	111115000.5	15.1675672871324
9_111105001_111155000	9	111130000.5	13.1770871825574
9_112185001_112235000	9	112210000.5	8.28280296431097
9_116325001_116375000	9	116350000.5	10.8071724208284
9_116915001_116965000	9	116940000.5	8.21670676645141
9_127315001_127365000	9	127340000.5	7.80737378891774
9_127510001_127560000	9	127535000.5	42.2629451137429
9_127515001_127565000	9	127540000.5	72.4051652288912
9_127520001_127570000	9	127545000.5	73.6585816640074
9_127525001_127575000	9	127550000.5	53.5625795193501
9_127530001_127580000	9	127555000.5	39.2959951203811
9_127535001_127585000	9	127560000.5	49.1541240058085
9_127540001_127590000	9	127565000.5	93.4477194856184
9_127595001_127645000	9	127620000.5	65.348273477944
9_127625001_127675000	9	127650000.5	22.1194385092985
9_127630001_127680000	9	127655000.5	10.2282733149981
9_127755001_127805000	9	127780000.5	9.43915762459545
9_127760001_127810000	9	127785000.5	14.0828978851493
9_127800001_127850000	9	127825000.5	8.00976083021874
9_130290001_130340000	9	130315000.5	13.8254735495763
9_134445001_134495000	9	134470000.5	12.1718482616668
9_135270001_135320000	9	135295000.5	12.1231445378673
9_135415001_135465000	9	135440000.5	10.6492648438463
9_135420001_135470000	9	135445000.5	8.403600938918
9_135755001_135805000	9	135780000.5	9.11681770646231
9_135760001_135810000	9	135785000.5	12.1126869468098
9_136615001_136665000	9	136640000.5	8.56900413269619
9_136660001_136710000	9	136685000.5	11.4213369875558
9_136675001_136725000	9	136700000.5	10.1455296428093
9_139330001_139380000	9	139355000.5	10.8545326637865
9_139355001_139405000	9	139380000.5	16.1887264687067
9_139445001_139495000	9	139470000.5	9.1026109878311
9_139885001_139935000	9	139910000.5	12.4820814942197
9_139980001_140030000	9	140005000.5	8.05619351344995
9_139995001_140045000	9	140020000.5	13.5510586021363
9_141255001_141305000	9	141280000.5	8.45737638937169
9_145660001_145710000	9	145685000.5	9.62986708051369
9_149385001_149435000	9	149410000.5	17.1338324343792
9_153365001_153415000	9	153390000.5	9.49834789923983
9_153375001_153425000	9	153400000.5	11.6566248840941
9_154315001_154365000	9	154340000.5	9.72297011393289
9_154435001_154485000	9	154460000.5	9.80116041847714
9_154675001_154725000	9	154700000.5	8.16459192854046
9_154720001_154770000	9	154745000.5	12.9551813512824
9_154725001_154775000	9	154750000.5	14.336145363646
9_154735001_154785000	9	154760000.5	7.79045625384549
9_156235001_156285000	9	156260000.5	9.87779932865834
9_156395001_156445000	9	156420000.5	10.4301910947321
9_156435001_156485000	9	156460000.5	14.12515188315
9_156460001_156510000	9	156485000.5	24.4009866957224
9_00440001_00490000	9	465000.5	8.71568371324406
9_02595001_02645000	9	2620000.5	11.0627182430646
9_03620001_03670000	9	3645000.5	71.218782812039
9_03625001_03675000	9	3650000.5	41.97405870445
9_03635001_03685000	9	3660000.5	27.0820482293855
9_03670001_03720000	9	3695000.5	66.0353650193806
9_03675001_03725000	9	3700000.5	21.1202448202594
9_05195001_05245000	9	5220000.5	8.32088260445482
9_05710001_05760000	9	5735000.5	26.950788410074
9_07220001_07270000	9	7245000.5	9.94242775805424
9_15005001_15055000	9	15030000.5	10.5685681118862
9_15035001_15085000	9	15060000.5	26.7875375421998
9_15385001_15435000	9	15410000.5	13.532542208678
9_15395001_15445000	9	15420000.5	14.8289203909753
9_15950001_16000000	9	15975000.5	8.26168757032065
9_16235001_16285000	9	16260000.5	9.00445596007421
9_17515001_17565000	9	17540000.5	8.29334086476291
9_20530001_20580000	9	20555000.5	8.941061736677
9_22300001_22350000	9	22325000.5	13.0802266296241
9_22410001_22460000	9	22435000.5	12.2351045757382
9_22415001_22465000	9	22440000.5	12.5472286491324
9_94745001_94795000	9	94770000.5	13.0714610255066
9_94760001_94810000	9	94785000.5	11.3381882612342
9_99605001_99655000	9	99630000.5	10.6107382171899
