x	BLK1_1	BLK1_2	BLK1_3	BLK2_1	BLK2_2	BLK2_3	BLK2_4	BLK3_1	BLK3_2	BLK3_3	BLK3_4	BLK4_1	BLK4_2	BLK4_3	BLK5_1	BLK5_2	BLK5_3	BLK5_4	BLK6_1	BLK6_2	BLK6_3	BLK6_4
33-16	1	0	0	1	0	0	0	1	0	0	0	1	0	0	1	0	0	0	1	0	0	0
38-11Goodman-Buckler	0	0	3	0	2	0	0	0	2	0	0	0	2	0	0	2	0	0	0	2	0	0
4226	1	0	0	0	0	3	0	0	0	3	0	0	0	3	0	0	3	0	1	0	0	0
4722	1	0	0	0	2	0	0	0	2	0	0	0	2	0	0	2	0	0	1	0	0	0
A188	1	0	0	1	0	0	0	1	0	0	0	1	0	0	1	0	0	0	1	0	0	0
A214NGoodman-Buckler	1	0	0	1	0	0	0	1	0	0	0	1	0	0	1	0	0	0	1	0	0	0
A239	0	2	0	0	0	0	4	0	0	3	0	0	0	3	0	0	0	4	0	0	3	0
A441-5	1	0	0	1	0	0	0	0	0	0	4	1	0	0	1	0	0	0	1	0	0	0
A554	0	0	3	0	2	0	0	0	2	0	0	0	2	0	0	2	0	0	0	2	0	0
A556	1	0	0	1	0	0	0	1	0	0	0	1	0	0	0	2	0	0	0	0	0	4
A6	1	0	0	1	0	0	0	0	0	0	4	1	0	0	0	2	0	0	1	0	0	0
A619	1	0	0	1	0	0	0	1	0	0	0	1	0	0	1	0	0	0	1	0	0	0
A632	1	0	0	1	0	0	0	1	0	0	0	1	0	0	1	0	0	0	1	0	0	0
A634	1	0	0	1	0	0	0	1	0	0	0	1	0	0	1	0	0	0	1	0	0	0
A635	1	0	0	1	0	0	0	1	0	0	0	1	0	0	1	0	0	0	1	0	0	0
A641	1	0	0	1	0	0	0	1	0	0	0	1	0	0	1	0	0	0	1	0	0	0
A654	1	0	0	0	2	0	0	0	2	0	0	1	0	0	1	0	0	0	1	0	0	0
A659	1	0	0	1	0	0	0	1	0	0	0	1	0	0	1	0	0	0	1	0	0	0
A661	1	0	0	0	2	0	0	0	2	0	0	1	0	0	1	0	0	0	1	0	0	0
A679	1	0	0	0	0	3	0	0	0	3	0	0	0	3	0	0	3	0	1	0	0	0
A680	1	0	0	0	0	3	0	0	0	3	0	0	0	3	0	0	3	0	1	0	0	0
A682	0	2	0	1	0	0	0	1	0	0	0	1	0	0	1	0	0	0	1	0	0	0
Ab28A	1	0	0	1	0	0	0	1	0	0	0	1	0	0	1	0	0	0	1	0	0	0
B10	1	0	0	1	0	0	0	1	0	0	0	1	0	0	1	0	0	0	1	0	0	0
B103	0	2	0	0	0	0	4	0	0	3	0	0	0	3	0	0	0	4	0	0	3	0
B104	0	0	3	0	2	0	0	0	2	0	0	0	2	0	0	2	0	0	0	2	0	0
B105	1	0	0	0	0	3	0	0	0	3	0	0	0	3	0	0	3	0	1	0	0	0
B109	1	0	0	0	0	3	0	0	0	3	0	0	0	3	0	0	3	0	1	0	0	0
B14A	1	0	0	1	0	0	0	1	0	0	0	1	0	0	1	0	0	0	1	0	0	0
B164	1	0	0	1	0	0	0	1	0	0	0	1	0	0	0	2	0	0	0	0	0	4
B2	0	2	0	0	0	0	4	0	0	3	0	0	0	3	0	0	0	4	0	0	3	0
B37	0	0	3	1	0	0	0	1	0	0	0	0	2	0	0	2	0	0	0	0	0	4
B46	1	0	0	1	0	0	0	1	0	0	0	1	0	0	1	0	0	0	1	0	0	0
B52	0	0	3	0	2	0	0	0	2	0	0	0	2	0	0	2	0	0	0	2	0	0
B57	0	2	0	0	0	0	4	0	0	3	0	0	0	3	0	2	0	0	1	0	0	0
B64	1	0	0	1	0	0	0	1	0	0	0	1	0	0	1	0	0	0	1	0	0	0
B68	1	0	0	1	0	0	0	1	0	0	0	1	0	0	1	0	0	0	1	0	0	0
B73	1	0	0	0	0	3	0	0	0	3	0	0	0	3	0	0	3	0	1	0	0	0
B75	1	0	0	0	2	0	0	0	2	0	0	1	0	0	1	0	0	0	1	0	0	0
B76	1	0	0	1	0	0	0	1	0	0	0	1	0	0	1	0	0	0	1	0	0	0
B77	0	0	3	0	2	0	0	0	2	0	0	0	2	0	0	2	0	0	0	2	0	0
B79	0	2	0	1	0	0	0	1	0	0	0	1	0	0	1	0	0	0	1	0	0	0
B84	1	0	0	0	0	3	0	0	0	3	0	0	0	3	0	0	3	0	1	0	0	0
B97	1	0	0	1	0	0	0	1	0	0	0	1	0	0	1	0	0	0	1	0	0	0
C103	1	0	0	1	0	0	0	1	0	0	0	1	0	0	1	0	0	0	1	0	0	0
C123	1	0	0	1	0	0	0	0	0	0	4	1	0	0	1	0	0	0	1	0	0	0
C49A	0	2	0	0	0	0	4	0	0	3	0	0	0	3	0	2	0	0	1	0	0	0
CH701-30	1	0	0	0	2	0	0	0	2	0	0	1	0	0	1	0	0	0	1	0	0	0
CH9	1	0	0	0	2	0	0	0	2	0	0	1	0	0	1	0	0	0	1	0	0	0
CI187-2	0	2	0	1	0	0	0	1	0	0	0	1	0	0	1	0	0	0	1	0	0	0
CI21E	1	0	0	1	0	0	0	1	0	0	0	1	0	0	1	0	0	0	1	0	0	0
CI28AGoodman-Buckler	1	0	0	1	0	0	0	1	0	0	0	1	0	0	1	0	0	0	1	0	0	0
CI31A	1	0	0	1	0	0	0	1	0	0	0	1	0	0	1	0	0	0	1	0	0	0
CI3A	0	2	0	0	0	0	4	0	0	3	0	1	0	0	1	0	0	0	1	0	0	0
CI64	1	0	0	0	0	0	4	0	0	3	0	0	2	0	0	2	0	0	1	0	0	0
CI66	1	0	0	0	2	0	0	0	2	0	0	0	2	0	0	2	0	0	1	0	0	0
Ci7Goodman-Buckler	1	0	0	1	0	0	0	1	0	0	0	1	0	0	1	0	0	0	1	0	0	0
Ci90CGoodman-Buckler	1	0	0	0	0	3	0	0	0	3	0	0	0	3	0	0	3	0	1	0	0	0
Ci91BGoodman-Buckler	0	2	0	1	0	0	0	1	0	0	0	1	0	0	1	0	0	0	1	0	0	0
CM105	1	0	0	1	0	0	0	1	0	0	0	1	0	0	1	0	0	0	1	0	0	0
CM37	1	0	0	0	2	0	0	0	2	0	0	1	0	0	1	0	0	0	1	0	0	0
CM7	1	0	0	0	2	0	0	0	2	0	0	1	0	0	1	0	0	0	1	0	0	0
CML10	1	0	0	0	2	0	0	0	2	0	0	0	2	0	0	0	3	0	0	0	0	4
CML103	1	0	0	0	2	0	0	0	2	0	0	0	2	0	0	2	0	0	1	0	0	0
CML108	1	0	0	0	2	0	0	0	2	0	0	0	0	3	0	0	3	0	1	0	0	0
CML11	1	0	0	0	2	0	0	0	2	0	0	0	2	0	0	0	3	0	0	0	0	4
CML14	1	0	0	0	0	0	4	0	0	3	0	1	0	0	1	0	0	0	1	0	0	0
CML154Q	1	0	0	0	2	0	0	0	2	0	0	0	2	0	0	2	0	0	1	0	0	0
CML157Q	1	0	0	0	2	0	0	0	2	0	0	0	2	0	0	2	0	0	1	0	0	0
CML158Q	1	0	0	1	0	0	0	0	0	3	0	0	2	0	0	2	0	0	1	0	0	0
CML218	1	0	0	0	2	0	0	0	2	0	0	0	2	0	0	2	0	0	1	0	0	0
CML220	1	0	0	0	2	0	0	0	2	0	0	0	2	0	0	2	0	0	1	0	0	0
CML228	0	2	0	0	2	0	0	0	2	0	0	0	2	0	0	2	0	0	1	0	0	0
CML238	1	0	0	0	0	3	0	0	0	3	0	0	2	0	0	2	0	0	1	0	0	0
CML247	1	0	0	0	2	0	0	0	2	0	0	0	0	3	0	2	0	0	0	0	0	4
CML254	1	0	0	0	2	0	0	0	2	0	0	0	2	0	0	2	0	0	1	0	0	0
CML258	1	0	0	0	2	0	0	0	2	0	0	0	0	3	0	0	3	0	1	0	0	0
CML261	0	0	3	0	2	0	0	0	2	0	0	0	0	3	0	0	3	0	1	0	0	0
CML264	1	0	0	0	2	0	0	0	2	0	0	0	2	0	0	0	3	0	1	0	0	0
CML277	1	0	0	0	2	0	0	0	2	0	0	0	2	0	0	0	3	0	1	0	0	0
CML281	1	0	0	0	2	0	0	0	2	0	0	0	0	3	0	0	3	0	1	0	0	0
CML287	1	0	0	0	2	0	0	0	2	0	0	0	0	3	0	0	3	0	0	0	0	4
CML311	1	0	0	1	0	0	0	1	0	0	0	1	0	0	1	0	0	0	1	0	0	0
CML314	1	0	0	0	0	0	4	0	0	3	0	0	2	0	0	0	3	0	1	0	0	0
CML321	1	0	0	0	2	0	0	0	2	0	0	0	2	0	0	2	0	0	1	0	0	0
CML322	1	0	0	1	0	0	0	1	0	0	0	1	0	0	1	0	0	0	1	0	0	0
CML323	1	0	0	0	2	0	0	0	0	0	4	0	2	0	0	2	0	0	0	2	0	0
CML328	1	0	0	0	2	0	0	0	2	0	0	0	2	0	0	2	0	0	0	2	0	0
CML331	1	0	0	1	0	0	0	1	0	0	0	1	0	0	1	0	0	0	1	0	0	0
CML332	1	0	0	0	2	0	0	0	2	0	0	0	2	0	0	0	3	0	0	0	0	4
CML333	1	0	0	0	2	0	0	0	2	0	0	0	0	3	0	0	3	0	0	0	0	4
CML341	1	0	0	1	0	0	0	1	0	0	0	0	2	0	0	2	0	0	1	0	0	0
CML38	0	0	3	0	2	0	0	0	2	0	0	0	2	0	0	2	0	0	1	0	0	0
CML45	1	0	0	0	2	0	0	0	2	0	0	0	0	3	0	0	3	0	1	0	0	0
CML5	1	0	0	0	2	0	0	0	2	0	0	0	0	3	0	0	3	0	1	0	0	0
CML52	1	0	0	0	2	0	0	0	2	0	0	0	2	0	0	2	0	0	1	0	0	0
CML61	1	0	0	0	0	0	4	0	0	3	0	0	2	0	0	0	3	0	1	0	0	0
CML69	1	0	0	1	0	0	0	0	0	0	4	1	0	0	1	0	0	0	1	0	0	0
CML77	1	0	0	1	0	0	0	0	0	3	0	0	2	0	0	2	0	0	1	0	0	0
CML91	0	0	3	0	2	0	0	0	2	0	0	0	2	0	0	0	3	0	1	0	0	0
CML92	1	0	0	0	0	0	4	0	0	3	0	0	2	0	0	0	3	0	1	0	0	0
CMV3	1	0	0	1	0	0	0	0	0	0	4	0	0	3	0	2	0	0	0	0	0	4
CO106	0	0	3	1	0	0	0	1	0	0	0	1	0	0	0	0	3	0	0	0	3	0
CO125	1	0	0	1	0	0	0	0	0	0	4	1	0	0	1	0	0	0	1	0	0	0
CO255	1	0	0	1	0	0	0	1	0	0	0	1	0	0	1	0	0	0	1	0	0	0
D940Y	1	0	0	1	0	0	0	1	0	0	0	1	0	0	1	0	0	0	1	0	0	0
DE-2	0	2	0	0	0	0	4	0	0	3	0	0	0	3	0	2	0	0	1	0	0	0
DE1	0	2	0	0	0	0	4	0	0	3	0	0	0	3	0	2	0	0	1	0	0	0
DE811	0	2	0	0	0	0	4	0	0	3	0	0	0	3	0	0	0	4	0	0	3	0
E2558W	1	0	0	1	0	0	0	0	0	0	4	1	0	0	1	0	0	0	1	0	0	0
EP1	0	0	3	1	0	0	0	0	0	3	0	0	2	0	0	2	0	0	0	2	0	0
F2834T	1	0	0	1	0	0	0	1	0	0	0	1	0	0	1	0	0	0	1	0	0	0
F6	0	2	0	0	0	0	4	0	0	3	0	0	0	3	0	0	0	4	0	0	3	0
F7	1	0	0	1	0	0	0	0	0	0	4	0	2	0	0	0	3	0	0	2	0	0
GA209	0	0	3	1	0	0	0	1	0	0	0	0	2	0	0	2	0	0	0	0	0	4
GT112	0	2	0	0	0	0	4	0	0	3	0	0	0	3	0	2	0	0	1	0	0	0
H105W	1	0	0	1	0	0	0	1	0	0	0	1	0	0	1	0	0	0	1	0	0	0
H49	0	0	3	0	2	0	0	0	2	0	0	0	2	0	0	2	0	0	0	2	0	0
H84	1	0	0	1	0	0	0	1	0	0	0	1	0	0	1	0	0	0	1	0	0	0
H91	1	0	0	1	0	0	0	1	0	0	0	1	0	0	1	0	0	0	1	0	0	0
H95	1	0	0	0	2	0	0	0	2	0	0	0	2	0	0	2	0	0	1	0	0	0
H99	1	0	0	0	2	0	0	0	2	0	0	0	2	0	0	2	0	0	1	0	0	0
Hi27Goodman-Buckler	1	0	0	0	0	0	4	0	0	3	0	0	2	0	0	2	0	0	1	0	0	0
HP301	1	0	0	0	2	0	0	0	2	0	0	0	2	0	0	2	0	0	1	0	0	0
I137TN	0	0	3	1	0	0	0	1	0	0	0	0	2	0	0	2	0	0	0	0	0	4
i1677a	0	0	3	1	0	0	0	0	0	0	4	0	0	3	0	2	0	0	0	2	0	0
I205	1	0	0	0	0	3	0	0	0	3	0	0	0	3	0	0	3	0	1	0	0	0
I29	1	0	0	1	0	0	0	1	0	0	0	1	0	0	1	0	0	0	1	0	0	0
IA2132Goodman-Buckler	1	0	0	0	0	3	0	0	0	3	0	0	0	3	0	0	3	0	1	0	0	0
Ia5125	1	0	0	0	0	3	0	0	0	0	4	0	2	0	0	0	3	0	0	2	0	0
IDS28	1	0	0	1	0	0	0	1	0	0	0	1	0	0	1	0	0	0	1	0	0	0
IDS69	1	0	0	0	2	0	0	0	2	0	0	0	2	0	0	2	0	0	1	0	0	0
IDS91	1	0	0	0	2	0	0	0	2	0	0	0	2	0	0	2	0	0	1	0	0	0
Il101	1	0	0	1	0	0	0	1	0	0	0	1	0	0	1	0	0	0	1	0	0	0
Il14H	1	0	0	0	0	3	0	0	0	0	4	0	2	0	0	0	3	0	0	2	0	0
ILLHy	1	0	0	1	0	0	0	1	0	0	0	1	0	0	1	0	0	0	1	0	0	0
K148	1	0	0	0	0	3	0	0	0	3	0	0	0	3	0	0	3	0	0	0	0	4
K4	1	0	0	1	0	0	0	1	0	0	0	1	0	0	1	0	0	0	1	0	0	0
K55	1	0	0	1	0	0	0	1	0	0	0	1	0	0	1	0	0	0	1	0	0	0
K64	1	0	0	1	0	0	0	1	0	0	0	1	0	0	1	0	0	0	1	0	0	0
Ki11	0	0	3	0	2	0	0	0	2	0	0	0	2	0	0	2	0	0	0	2	0	0
Ki14	0	2	0	0	0	0	4	0	0	3	0	0	0	3	0	0	3	0	1	0	0	0
Ki2021	0	2	0	0	0	0	4	0	0	3	0	0	0	3	0	0	3	0	1	0	0	0
Ki21	0	2	0	1	0	0	0	1	0	0	0	1	0	0	1	0	0	0	1	0	0	0
KI3	0	2	0	0	2	0	0	0	2	0	0	0	2	0	0	2	0	0	1	0	0	0
Ki43	0	2	0	0	0	0	4	0	0	3	0	1	0	0	1	0	0	0	1	0	0	0
Ki44	0	2	0	0	2	0	0	0	2	0	0	0	2	0	0	2	0	0	1	0	0	0
Ky21	0	2	0	1	0	0	0	1	0	0	0	1	0	0	1	0	0	0	1	0	0	0
KY226	1	0	0	0	2	0	0	0	2	0	0	0	2	0	0	2	0	0	1	0	0	0
KY228	1	0	0	1	0	0	0	1	0	0	0	1	0	0	1	0	0	0	1	0	0	0
L317	1	0	0	1	0	0	0	1	0	0	0	1	0	0	1	0	0	0	1	0	0	0
L578	1	0	0	1	0	0	0	0	0	3	0	0	2	0	0	2	0	0	1	0	0	0
M14	1	0	0	0	0	3	0	0	0	3	0	0	0	3	0	0	3	0	1	0	0	0
M162W	1	0	0	1	0	0	0	0	0	0	4	1	0	0	1	0	0	0	1	0	0	0
M37W	1	0	0	1	0	0	0	0	0	0	4	0	2	0	0	2	0	0	1	0	0	0
MEF156-55-2	0	0	3	1	0	0	0	0	0	0	4	0	0	3	0	0	3	0	0	2	0	0
Mo17	0	2	0	1	0	0	0	1	0	0	0	1	0	0	1	0	0	0	1	0	0	0
Mo18W	0	0	3	0	0	3	0	0	0	3	0	0	2	0	0	2	0	0	1	0	0	0
MO1W	0	0	3	0	0	3	0	0	0	3	0	0	2	0	0	2	0	0	1	0	0	0
Mo24W	1	0	0	1	0	0	0	1	0	0	0	0	2	0	0	2	0	0	0	0	0	4
Mo44	0	2	0	0	0	0	4	0	0	3	0	0	0	3	0	0	0	4	0	0	3	0
Mo45	1	0	0	0	2	0	0	0	2	0	0	0	2	0	0	2	0	0	0	2	0	0
Mo46	0	2	0	0	0	0	4	0	0	3	0	0	0	3	0	0	0	4	0	0	3	0
Mo47	1	0	0	0	2	0	0	0	2	0	0	0	2	0	0	2	0	0	0	2	0	0
MoG	0	2	0	1	0	0	0	1	0	0	0	1	0	0	1	0	0	0	1	0	0	0
Mp339	0	0	3	1	0	0	0	1	0	0	0	0	2	0	0	2	0	0	0	0	0	4
MS1334	1	0	0	1	0	0	0	1	0	0	0	1	0	0	1	0	0	0	1	0	0	0
MS153	1	0	0	1	0	0	0	1	0	0	0	1	0	0	1	0	0	0	1	0	0	0
Ms71	1	0	0	1	0	0	0	1	0	0	0	1	0	0	1	0	0	0	1	0	0	0
Mt42	1	0	0	0	0	3	0	0	0	3	0	0	0	3	0	0	3	0	1	0	0	0
N192	1	0	0	0	0	3	0	0	0	3	0	0	0	3	0	0	3	0	1	0	0	0
N28Ht	0	0	3	0	0	0	4	0	0	3	0	0	0	3	0	2	0	0	1	0	0	0
N6	1	0	0	0	2	0	0	0	2	0	0	1	0	0	0	2	0	0	0	2	0	0
NC222	0	2	0	0	0	0	4	0	0	3	0	0	0	3	0	0	0	4	0	0	3	0
NC230	0	0	3	0	2	0	0	0	2	0	0	0	2	0	0	2	0	0	0	2	0	0
NC232	0	2	0	0	0	0	4	0	0	3	0	0	0	3	0	2	0	0	1	0	0	0
NC236	1	0	0	0	0	3	0	0	0	3	0	0	0	3	0	0	3	0	1	0	0	0
NC238	1	0	0	1	0	0	0	1	0	0	0	1	0	0	1	0	0	0	1	0	0	0
NC250	0	0	3	1	0	0	0	1	0	0	0	0	2	0	0	2	0	0	0	0	0	4
NC258	0	2	0	0	0	0	4	0	0	3	0	0	0	3	0	0	0	4	0	0	3	0
NC260	0	2	0	0	0	0	4	0	0	3	0	0	0	3	0	0	0	4	0	0	3	0
NC262	0	2	0	0	0	0	4	0	0	3	0	0	0	3	0	0	0	4	0	0	3	0
NC264	0	2	0	1	0	0	0	1	0	0	0	1	0	0	1	0	0	0	1	0	0	0
NC290A	0	2	0	0	0	0	4	0	0	3	0	0	0	3	0	0	0	4	0	0	3	0
NC294	1	0	0	0	0	3	0	0	0	3	0	0	0	3	0	0	3	0	1	0	0	0
NC296	0	2	0	0	0	0	4	0	0	3	0	0	2	0	0	2	0	0	0	0	0	4
NC296A	0	2	0	0	0	0	4	0	0	3	0	0	2	0	0	2	0	0	0	0	0	4
NC298	1	0	0	1	0	0	0	0	0	3	0	0	0	3	1	0	0	0	1	0	0	0
NC300	1	0	0	0	2	0	0	0	2	0	0	0	2	0	0	0	3	0	1	0	0	0
NC302	0	2	0	0	0	0	4	0	0	3	0	0	0	3	0	0	3	0	1	0	0	0
NC304	1	0	0	0	2	0	0	0	2	0	0	0	2	0	0	2	0	0	0	0	0	4
NC306	1	0	0	0	0	3	0	0	0	3	0	0	0	3	0	0	3	0	1	0	0	0
NC310	1	0	0	0	0	3	0	0	0	3	0	0	0	3	0	0	3	0	1	0	0	0
NC314	0	0	3	1	0	0	0	1	0	0	0	0	2	0	0	2	0	0	0	0	0	4
NC318	0	2	0	1	0	0	0	1	0	0	0	1	0	0	1	0	0	0	1	0	0	0
NC320	0	2	0	1	0	0	0	1	0	0	0	1	0	0	1	0	0	0	1	0	0	0
NC324	0	0	3	1	0	0	0	1	0	0	0	0	2	0	0	2	0	0	0	0	0	4
NC326	0	0	3	1	0	0	0	1	0	0	0	0	2	0	0	2	0	0	0	0	0	4
NC328	1	0	0	0	0	3	0	0	0	3	0	0	0	3	0	0	3	0	1	0	0	0
NC33	1	0	0	1	0	0	0	1	0	0	0	1	0	0	1	0	0	0	1	0	0	0
NC336	0	2	0	0	0	0	4	0	0	3	0	0	2	0	0	2	0	0	0	0	0	4
NC338	1	0	0	0	2	0	0	0	2	0	0	0	0	3	0	2	0	0	1	0	0	0
NC340	1	0	0	0	2	0	0	0	2	0	0	0	2	0	0	0	3	0	1	0	0	0
NC342	0	2	0	0	0	0	4	0	0	3	0	0	0	3	0	0	0	4	0	0	3	0
NC344	0	2	0	0	0	0	4	0	0	3	0	0	0	3	0	0	0	4	0	0	3	0
NC346	0	2	0	0	0	0	4	0	0	3	0	0	2	0	0	2	0	0	0	0	0	4
NC348	1	0	0	0	0	0	4	0	0	3	0	0	0	3	0	2	0	0	1	0	0	0
NC350	1	0	0	0	2	0	0	0	2	0	0	0	2	0	0	2	0	0	0	0	0	4
NC352	0	2	0	0	0	0	4	0	0	3	0	0	0	3	0	0	3	0	1	0	0	0
NC354	0	2	0	0	0	0	4	0	0	3	0	0	2	0	0	2	0	0	0	0	0	4
NC356	1	0	0	0	2	0	0	0	0	3	0	0	0	3	0	0	3	0	1	0	0	0
NC358	1	0	0	0	2	0	0	0	0	3	0	0	0	3	0	0	3	0	1	0	0	0
NC360	0	2	0	0	0	0	4	0	0	3	0	0	0	3	0	0	0	4	0	0	3	0
NC362	0	2	0	0	0	0	4	0	0	3	0	0	0	3	0	0	0	4	0	0	3	0
NC364	0	2	0	0	0	0	4	0	0	3	0	0	0	3	0	0	0	4	0	0	3	0
NC366	1	0	0	1	0	0	0	1	0	0	0	1	0	0	1	0	0	0	1	0	0	0
NC368	1	0	0	0	0	3	0	0	0	3	0	0	0	3	0	0	3	0	1	0	0	0
ND246	1	0	0	1	0	0	0	0	0	0	4	0	2	0	0	0	3	0	1	0	0	0
Oh40B	1	0	0	1	0	0	0	1	0	0	0	1	0	0	1	0	0	0	1	0	0	0
Oh43	1	0	0	1	0	0	0	1	0	0	0	1	0	0	1	0	0	0	1	0	0	0
Oh43E	1	0	0	1	0	0	0	1	0	0	0	1	0	0	1	0	0	0	1	0	0	0
Oh603	0	2	0	0	0	0	4	0	0	3	0	0	0	3	0	0	0	4	0	0	3	0
OH7B	0	0	3	0	2	0	0	0	2	0	0	0	2	0	0	2	0	0	0	2	0	0
Os420	1	0	0	1	0	0	0	1	0	0	0	1	0	0	1	0	0	0	1	0	0	0
P39Goodman-Buckler	1	0	0	1	0	0	0	0	0	0	4	0	0	3	0	0	3	0	0	0	0	4
Pa762	1	0	0	1	0	0	0	1	0	0	0	1	0	0	1	0	0	0	1	0	0	0
Pa875	0	0	3	1	0	0	0	0	0	0	4	0	2	0	0	2	0	0	1	0	0	0
Pa880	0	2	0	0	0	0	4	0	0	3	0	0	0	3	0	0	0	4	0	0	3	0
Pa91	0	0	3	0	2	0	0	0	2	0	0	0	2	0	0	2	0	0	0	2	0	0
R168	0	2	0	1	0	0	0	1	0	0	0	1	0	0	1	0	0	0	1	0	0	0
R177	1	0	0	1	0	0	0	1	0	0	0	1	0	0	1	0	0	0	1	0	0	0
R229	1	0	0	0	0	3	0	0	0	3	0	0	0	3	0	0	3	0	1	0	0	0
R4	0	2	0	0	0	0	4	0	0	3	0	0	0	3	0	0	0	4	0	0	3	0
SA24	1	0	0	0	2	0	0	0	2	0	0	0	2	0	0	2	0	0	1	0	0	0
SC213R	1	0	0	1	0	0	0	1	0	0	0	1	0	0	1	0	0	0	1	0	0	0
SC357	1	0	0	1	0	0	0	1	0	0	0	1	0	0	1	0	0	0	1	0	0	0
SC55	0	2	0	0	0	0	4	0	0	3	0	0	0	3	0	0	0	4	0	0	3	0
SD40	0	2	0	0	0	0	4	0	0	3	0	0	0	3	0	0	0	4	0	0	3	0
SD44	0	0	3	1	0	0	0	0	0	0	4	0	0	3	0	2	0	0	0	0	0	4
Sg1533	1	0	0	1	0	0	0	1	0	0	0	1	0	0	1	0	0	0	1	0	0	0
Sg18	1	0	0	1	0	0	0	1	0	0	0	1	0	0	1	0	0	0	1	0	0	0
T232	0	0	3	1	0	0	0	1	0	0	0	0	2	0	0	2	0	0	0	0	0	4
T234	0	2	0	1	0	0	0	1	0	0	0	1	0	0	1	0	0	0	1	0	0	0
T8	0	2	0	0	0	0	4	0	0	3	0	0	0	3	0	0	0	4	0	0	3	0
Tx303	0	2	0	0	0	0	4	0	0	3	0	0	0	3	1	0	0	0	1	0	0	0
Tx601	1	0	0	0	2	0	0	0	2	0	0	0	2	0	0	2	0	0	1	0	0	0
Tzi10	1	0	0	0	2	0	0	0	2	0	0	0	2	0	0	0	3	0	1	0	0	0
Tzi11	1	0	0	0	2	0	0	0	0	3	0	0	2	0	0	2	0	0	1	0	0	0
Tzi16	1	0	0	0	2	0	0	0	2	0	0	0	2	0	0	0	3	0	1	0	0	0
Tzi18	1	0	0	0	0	0	4	0	0	3	0	0	2	0	1	0	0	0	1	0	0	0
Tzi25	1	0	0	0	0	3	0	0	0	3	0	0	0	3	0	0	3	0	1	0	0	0
Tzi8	1	0	0	0	2	0	0	0	2	0	0	0	0	3	0	0	3	0	1	0	0	0
Tzi9	1	0	0	0	0	3	0	0	0	3	0	0	2	0	0	2	0	0	1	0	0	0
U267Y	0	0	3	1	0	0	0	0	0	0	4	0	2	0	0	0	3	0	1	0	0	0
VA102	1	0	0	0	0	3	0	0	0	3	0	0	0	3	0	0	3	0	1	0	0	0
Va14	0	2	0	0	0	0	4	0	0	3	0	0	0	3	0	0	0	4	0	0	3	0
Va17	0	2	0	0	0	0	4	0	0	3	0	0	0	3	0	2	0	0	0	0	3	0
Va22	0	2	0	0	0	0	4	0	0	3	0	0	0	3	0	0	0	4	0	0	3	0
Va26	1	0	0	1	0	0	0	1	0	0	0	1	0	0	1	0	0	0	1	0	0	0
Va35	0	2	0	0	0	0	4	0	0	3	0	0	0	3	0	0	0	4	0	0	3	0
Va59	0	2	0	0	0	0	4	0	0	3	0	0	0	3	0	0	0	4	0	0	3	0
Va85	1	0	0	1	0	0	0	0	0	0	4	1	0	0	1	0	0	0	1	0	0	0
Va99	0	0	3	0	2	0	0	0	2	0	0	0	2	0	0	2	0	0	0	2	0	0
VaW6	1	0	0	1	0	0	0	1	0	0	0	1	0	0	1	0	0	0	1	0	0	0
W117Ht	0	2	0	0	0	0	4	0	0	3	0	0	0	3	0	0	0	4	0	0	3	0
W153R	1	0	0	1	0	0	0	1	0	0	0	1	0	0	1	0	0	0	1	0	0	0
W182B	1	0	0	1	0	0	0	1	0	0	0	1	0	0	1	0	0	0	1	0	0	0
W22	1	0	0	1	0	0	0	1	0	0	0	1	0	0	1	0	0	0	1	0	0	0
W64a	0	2	0	1	0	0	0	1	0	0	0	1	0	0	1	0	0	0	1	0	0	0
Wf9	0	0	3	0	2	0	0	0	2	0	0	0	2	0	0	2	0	0	0	2	0	0
Yu796	1	0	0	1	0	0	0	1	0	0	0	1	0	0	1	0	0	0	1	0	0	0
