Gene	baseMean	log2FoldChange	lfcSE	stat	pvalue	padj
Zm00001d046652	271.170336380571	1.53110984800148	0.114297960069116	13.3957758045343	6.40037280996164e-41	1.71670799508791e-36
Zm00001d005317	289.873225394248	2.3955926509914	0.184632960812421	12.9748915927596	1.69836467603573e-38	2.27767686703152e-34
Zm00001d018255	256.17786948155	4.03417323215694	0.324482065324746	12.4326539530605	1.73767892003178e-35	1.55360079976975e-31
Zm00001d037945	332.907018390719	7.21544996642015	0.604152381482144	11.9430961253827	7.05473382373462e-33	4.73055176550525e-29
Zm00001d021336	1837.78079288272	-5.48153347857218	0.487274578492449	-11.2493729829518	2.33244232236227e-29	1.25121535940802e-25
Zm00001d022593	464.865870123696	2.50691886175739	0.230322512584558	10.8843848290211	1.36819257901349e-27	6.1162768923833e-24
Zm00001d019988	1196.46803741765	-1.45765220712176	0.136874075856349	-10.6495857451603	1.75142706409922e-26	6.71096810189562e-23
Zm00001d020921	1312.6185844062	-5.5069424017304	0.535545934337815	-10.2828572651561	8.41939059159999e-25	2.82281118059869e-21
Zm00001d028510	762.752718021362	1.78799079739976	0.174375090388016	10.2537053510404	1.13891946526946e-24	3.05480978974575e-21
Zm00001d026542	1321.69309470535	-4.15207702532037	0.404871132989163	-10.2553051749222	1.12021585735942e-24	3.05480978974575e-21
Zm00001d002500	748.955866097233	-3.02767781958149	0.298885630159803	-10.1298875357865	4.07117419749242e-24	9.92700312046743e-21
Zm00001d040173	1249.2161803643	1.14076994495927	0.117244916427154	9.72980304581515	2.25028232513045e-22	4.91110104197804e-19
Zm00001d053281	2152.24222771128	-3.19723800198861	0.32905101960944	-9.71654184747248	2.56339626380182e-22	4.91110104197804e-19
Zm00001d015133	1577.16366490098	4.72633982305886	0.486155394195058	9.72187057779005	2.43270738022274e-22	4.91110104197804e-19
Zm00001d040730	643.223902885245	1.47396892716302	0.153969494680016	9.57312310614684	1.03724086448987e-21	1.85472496448983e-18
Zm00001d049191	7678.11570586066	-2.15611754187274	0.2256956827463	-9.55320684754255	1.25742503185807e-21	2.10791588778107e-18
Zm00001d006293	317.777639518018	1.59313587568437	0.167546722131878	9.5086066466307	1.93233308220489e-21	3.04876693711173e-18
Zm00001d032821	1379.02834630126	-1.54110394544345	0.16262125877364	-9.47664504053916	2.62590026416001e-21	3.91288316029444e-18
Zm00001d020773	525.203580779489	1.21458080331958	0.133034004513268	9.12985223412142	6.85928539201718e-20	9.68314488340446e-17
Zm00001d045101	948.304349628095	3.33886924659725	0.368105758052537	9.0704075488021	1.18572670522915e-19	1.59017808438281e-16
Zm00001d032311	1595.83337015105	-2.92101704005186	0.327665092975696	-8.91464212292066	4.89394263628851e-19	5.96660588138775e-16
Zm00001d052733	1547.64910978422	1.2140383899902	0.13778101246986	8.81136208993803	1.23634316143553e-18	1.44179114243582e-15
Zm00001d019994	2179.02372722947	1.10461752069424	0.127450222243967	8.66705056488457	4.43458052543193e-18	4.9560132855473e-15
Zm00001d013676	68.5197017919286	2.18660016665923	0.252960852068984	8.64402593830184	5.42662274945115e-18	5.82211501543116e-15
Zm00001d010673	379.430127695232	1.27901459837255	0.148714042127118	8.60049649702392	7.93719713516521e-18	8.18813467536158e-15
Zm00001d032822	3892.53161832216	-1.73091111505947	0.201483521130044	-8.59083217005266	8.63416740434301e-18	8.57724585626993e-15
Zm00001d046234	10126.1758067383	-2.64113012271271	0.308176813670481	-8.57017791590497	1.0332528119247e-17	9.89782390051578e-15
Zm00001d033602	1166.29087455915	1.38568030851736	0.162450021567484	8.52988688549808	1.464908823494e-17	1.30972614879187e-14
Zm00001d036283	2676.05809584289	1.13069920173019	0.133471633305042	8.4714569960048	2.42342453854198e-17	2.09680945073461e-14
Zm00001d014611	1089.83318780493	1.53192065734164	0.181809923142569	8.42594634474578	3.57846143726508e-17	2.99942164594762e-14
Zm00001d025901	6492.64399331617	-2.09342218834857	0.249041790788852	-8.40590722431586	4.24566677374362e-17	3.45082649107125e-14
Zm00001d041635	1836.07508787807	1.04857243589724	0.124830369227173	8.39997864613368	4.46559837621782e-17	3.52283175432101e-14
Zm00001d028599	981.633125321157	2.37937582764015	0.283859248828201	8.38223816015311	5.19306238279228e-17	3.86911997864596e-14
Zm00001d051505	263.023735592944	1.26854917086691	0.151291458221242	8.38480364841118	5.08104974900156e-17	3.86911997864596e-14
Zm00001d028505	1064.36793970816	1.63616334260038	0.195448472586066	8.37132836574047	5.69723075274372e-17	4.08506829679086e-14
Zm00001d026859	143.335526460114	-4.58722812744555	0.548090253712068	-8.36947582332925	5.78751007673002e-17	4.08506829679086e-14
Zm00001d045965	4669.14565708268	-2.50717340961845	0.301191201686745	-8.32419205998602	8.49058476151164e-17	5.83934524290423e-14
Zm00001d049616	439.630125331006	2.48681526962148	0.299466852112862	8.30414201797619	1.0054332365721e-16	6.7419325678342e-14
Zm00001d033347	503.380921202462	-3.39200107168231	0.409171755257391	-8.28991988840617	1.13324769515081e-16	7.41365114130125e-14
Zm00001d031893	429.461093166109	-2.21642806455623	0.268463669454175	-8.25597023635468	1.50673173753661e-16	9.62227587243021e-14
Zm00001d022669	267.843883087435	-3.02602064331083	0.370545683326634	-8.16639021710963	3.17754300299057e-16	1.98204787037705e-13
Zm00001d037242	227.826471797472	2.61095048161284	0.322298577033841	8.10103012443239	5.44957531195428e-16	3.32201156857359e-13
Zm00001d026170	45.072529191808	-2.54836381330132	0.315128220251998	-8.08675215207153	6.12767825857636e-16	3.65236858336745e-13
Zm00001d043839	312.953201385025	1.63577371532543	0.202448961550845	8.07993137033016	6.48032327408718e-16	3.77859197516448e-13
Zm00001d045499	797.915069012641	1.37461436329657	0.170467936858993	8.06377075140891	7.39764268392751e-16	4.22169302272987e-13
Zm00001d020696	2742.11747077032	-2.06506734466289	0.257457181064397	-8.0210127995861	1.04876798074561e-15	5.74082750603238e-13
Zm00001d009399	41.3390723160351	-5.07437575424779	0.636139863894809	-7.97682403234343	1.50146646143768e-15	8.05446668573631e-13
Zm00001d028007	400.950729684756	1.39762236404612	0.176293445007411	7.92781809889398	2.23029668137187e-15	1.17296112917169e-12
Zm00001d034068	162.259760427733	-2.88101607212118	0.364199175707679	-7.91055077629722	2.56252630632331e-15	1.32177078054238e-12
Zm00001d021442	583.007464472756	2.27780888889892	0.288080251421489	7.90685539067472	2.63971961230306e-15	1.33589734794703e-12
Zm00001d042935	369.543844098316	-1.6492552143001	0.209026762478418	-7.89016293772615	3.01792250763355e-15	1.49901328703235e-12
Zm00001d052726	6019.99234000856	2.46221862838631	0.313346659967618	7.85781035177064	3.9090655213766e-15	1.90634464389751e-12
Zm00001d012229	586.385609833904	2.45233189955326	0.312926546404661	7.83676529757251	4.62300998773013e-15	2.21425667662317e-12
Zm00001d025869	273.403612849878	1.21993989314361	0.156544560773977	7.79292418153701	6.54759137758501e-15	3.08104378823834e-12
Zm00001d016588	10065.798141944	-2.55690527933743	0.33115941005762	-7.72107088514424	1.15356374144407e-14	5.33463563327806e-12
Zm00001d010662	1208.41003140206	-3.14567987088446	0.407651856082381	-7.71658419788664	1.1948865412444e-14	5.43207573038261e-12
Zm00001d008452	1280.80128309797	1.00556206562572	0.130407454862579	7.71092470660789	1.24909343853638e-14	5.58386403473713e-12
Zm00001d046952	2430.17195867141	1.22942190588429	0.159919173393586	7.68777051428657	1.49721045831081e-14	6.58330801849387e-12
Zm00001d038972	8382.78198114972	1.22019005229343	0.158894249237462	7.67925874063508	1.60011759190279e-14	6.92231516935752e-12
Zm00001d011679	233.522005224452	5.60437336825211	0.733589915120636	7.63965432557846	2.17805700821702e-14	9.2729912816503e-12
Zm00001d045679	330.593469172366	1.92698241850143	0.252404078541342	7.63451379089264	2.26674226917251e-14	9.49977517871018e-12
Zm00001d008285	200.818198090389	-1.56709599109224	0.205406415191223	-7.62924560867953	2.36131390925418e-14	9.74387102677165e-12
Zm00001d023280	797.404810942354	-1.79338181821071	0.235891429937185	-7.60257300864328	2.90300101757158e-14	1.17976201959553e-11
Zm00001d033215	85.9055979950555	2.47065068771547	0.326477024017576	7.56760968141653	3.80154171840137e-14	1.52186495479047e-11
Zm00001d040126	824.498493877054	1.25510264018373	0.165973808571173	7.56205241651438	3.96758424901121e-14	1.56497859892616e-11
Zm00001d005775	5056.45760416445	1.42979812953499	0.190389213760847	7.50986939486497	5.91863814778867e-14	2.30072046956504e-11
Zm00001d034782	2351.91767018768	2.03708950819305	0.271619775547698	7.49978348993714	6.39233300665806e-14	2.42916189795546e-11
Zm00001d037757	444.870259329569	1.567283446319	0.208998728461827	7.49900948131967	6.43018770989627e-14	2.42916189795546e-11
Zm00001d031653	527.246789668298	-1.11214847629255	0.148761337818097	-7.47605858218665	7.65848271007578e-14	2.85299754513406e-11
Zm00001d053750	151.765172096302	1.8177164796628	0.245098521304202	7.41626864980861	1.20466023711694e-13	4.3664049837771e-11
Zm00001d039094	230.351322394467	2.18369271348054	0.294635402192452	7.41150824792664	1.24871030701192e-13	4.46572104728984e-11
Zm00001d041726	867.500238902265	-3.30649736843639	0.449286391680246	-7.35944250630588	1.84679876733018e-13	6.51774164964871e-11
Zm00001d010171	13148.8131302984	-1.38783424426059	0.188890284535622	-7.34730347657908	2.02245333270165e-13	7.04496666100306e-11
Zm00001d023543	959.624071387585	1.97028451505048	0.269028053120539	7.3237139852017	2.41200485305743e-13	8.29420438060339e-11
Zm00001d027892	644.674176269483	1.91743286519736	0.262714383865758	7.29854542786334	2.90895293703131e-13	9.87644755405745e-11
Zm00001d045519	2390.05385641479	1.89109063926496	0.259508448605836	7.28720259176344	3.16456867715501e-13	1.06100076323315e-10
Zm00001d018206	2038.70659293389	2.51591995816295	0.346720490849662	7.25633478424512	3.97719991476292e-13	1.3169932853552e-10
Zm00001d049906	102.589834972514	1.79453357879738	0.248395981203264	7.22448716804683	5.02996353963007e-13	1.62546604891515e-10
Zm00001d046937	3126.97761091285	-2.30221745212813	0.318879779457026	-7.21970347586242	5.21010562218868e-13	1.66363634521839e-10
Zm00001d004671	371.150161107823	-5.33764646298955	0.742987988151901	-7.18402793599173	6.76870244639489e-13	2.13588396490828e-10
Zm00001d009646	309.373927838413	-4.22113571592282	0.588978060506534	-7.16688107582913	7.67256260994052e-13	2.39294737585842e-10
Zm00001d028751	1841.1603507909	1.08880221471684	0.152340157285935	7.14717796091816	8.85800116096784e-13	2.69987849022136e-10
Zm00001d029546	10709.5816042125	-3.05364917820708	0.427193852927618	-7.14815804881088	8.79500178114444e-13	2.69987849022136e-10
Zm00001d043598	888.629002540226	3.43336203571722	0.480853592275711	7.14014014009613	9.32358136297468e-13	2.80985504851356e-10
Zm00001d047639	4125.01331994799	-4.33651322185793	0.608550486433383	-7.12597117007258	1.03349349942882e-12	3.04619369688788e-10
Zm00001d020163	250.64578825632	3.74665823606282	0.528169877972202	7.09366132435899	1.30609538650918e-12	3.80783591923361e-10
Zm00001d025025	1129.32108168738	-1.45574548551142	0.206086113876894	-7.0637727992727	1.62041612390858e-12	4.67341949198666e-10
Zm00001d017326	40.1591251918729	3.00077711066364	0.424985867529127	7.06088681986107	1.65443310630127e-12	4.72076646566092e-10
Zm00001d029702	83.690936200235	-1.89120610141699	0.267912124910033	-7.05905379255257	1.67640172705997e-12	4.73309969717922e-10
Zm00001d011734	287.557338540974	-2.18791640963802	0.310937809323537	-7.03650808628888	1.97117217515393e-12	5.50737292520611e-10
Zm00001d052340	1580.20656350175	-3.46537348123836	0.493025269707034	-7.0287948593336	2.08324996205383e-12	5.76050829713483e-10
Zm00001d002650	3624.57383313271	-1.11310317183279	0.158454112940553	-7.02476667330429	2.14424269093856e-12	5.8686609649341e-10
Zm00001d019237	136.804479832884	-3.61133796152595	0.515582949262957	-7.00437818335242	2.48085164138806e-12	6.72135381063742e-10
Zm00001d004401	820.958562145565	-2.16751658729242	0.30999333315486	-6.99213936387985	2.70725746331767e-12	7.26140596811065e-10
Zm00001d031300	3176.57246959186	-3.53420148298545	0.50694154986539	-6.9716153349906	3.13322294267128e-12	8.22391194834602e-10
Zm00001d043427	76.2968586152037	-5.8772919064347	0.847125435716025	-6.93792401767156	3.9790361345848e-12	1.01643530668413e-09
Zm00001d021286	153.442292291235	1.53943748721545	0.223546710558303	6.88642424382245	5.72122047947986e-12	1.44768467642084e-09
Zm00001d017597	280.468857902404	-2.19667173757819	0.319850631326708	-6.86780491402072	6.51972944857605e-12	1.60433195660281e-09
Zm00001d007257	56.1596219966332	2.4482960867169	0.357206329193541	6.85401093604467	7.1807588614236e-12	1.75093012891913e-09
Zm00001d003757	662.739369249818	-2.04337960099117	0.300298505766145	-6.80449473359162	1.01404497743779e-11	2.45033462926453e-09
Zm00001d005451	4774.23918563416	1.11943795038182	0.164670386450623	6.79805260988736	1.06042734616588e-11	2.52122453463384e-09
Zm00001d011073	174.419285886594	-4.27663979340281	0.629119823237775	-6.79781439947802	1.06218168821723e-11	2.52122453463384e-09
Zm00001d046667	302.993665119477	-3.13829454260536	0.462432789199573	-6.7864879305757	1.14896111322352e-11	2.7032837700773e-09
Zm00001d028360	3546.174178246	-2.34365932763936	0.347313552253348	-6.74796394334125	1.49934192931694e-11	3.49698688940338e-09
Zm00001d044806	420.124777073806	1.21508553619402	0.180701874674774	6.72425528722887	1.76492762850695e-11	4.08093869412185e-09
Zm00001d007549	225.293304704378	2.86728927432683	0.427295423192931	6.71032058546578	1.94197286370184e-11	4.45193129488981e-09
Zm00001d015504	4196.12654889042	-1.45826335323294	0.218552534587838	-6.67236989945251	2.51705162894012e-11	5.67330746146486e-09
Zm00001d039517	599.833752714116	1.31726856969243	0.197510790005712	6.66934991072807	2.56938992608323e-11	5.74301471645036e-09
Zm00001d039506	385.472844776568	1.00366930873184	0.150779833407084	6.65652220228995	2.80382795449193e-11	6.21522920622997e-09
Zm00001d049380	2391.62855215534	1.19456141846302	0.179707069510908	6.64727003625481	2.98578954415422e-11	6.56433173387741e-09
Zm00001d029701	225.580260190379	-1.71895457246479	0.25943084745914	-6.62586808508008	3.45213359305087e-11	7.52789652299271e-09
Zm00001d041818	121.284895286481	2.3595844160362	0.356186843451969	6.62456926586169	3.48262186228903e-11	7.53313577341261e-09
Zm00001d011080	5336.62197951624	-2.78682293486081	0.422861396128233	-6.59039335436452	4.38662800726588e-11	9.41265091287084e-09
Zm00001d014716	417.859662343367	-1.69228001085245	0.25748046424418	-6.57245984008942	4.94907386706811e-11	1.03706296298829e-08
Zm00001d028888	5311.38597759543	-4.19697426835416	0.641890865241771	-6.53845458101877	6.21577552370256e-11	1.28245793151346e-08
Zm00001d040297	2986.35939328437	1.28464962100371	0.196607880484169	6.53406983402758	6.40060768852513e-11	1.31051220932535e-08
Zm00001d045468	184.145124129574	1.98014309312079	0.303530266565551	6.5237088726806	6.8589781776738e-11	1.38324445625238e-08
Zm00001d053856	363.66616373961	1.31833821161989	0.202216448449085	6.51944103326407	7.0569874705853e-11	1.41255610400029e-08
Zm00001d032517	399.8583698651	-1.2937183659824	0.199111521373801	-6.49745608418935	8.16895272376365e-11	1.62301962930955e-08
Zm00001d035962	74.7663421477126	1.91612697849236	0.295485526335236	6.48467287808359	8.89245085333155e-11	1.75377438814749e-08
Zm00001d046137	202.75489549969	-8.62264549664217	1.33828470857734	-6.44305762546482	1.17090211430383e-10	2.2757925007143e-08
Zm00001d051804	10506.2253176856	1.50131547135754	0.233112163714553	6.44031374182563	1.19226786832402e-10	2.30064811253143e-08
Zm00001d032306	112.726012649351	1.90217281633802	0.296861915332326	6.40760137321288	1.47826796546518e-10	2.83215024069336e-08
Zm00001d042646	88.7870397550591	2.32017510520315	0.362260006227797	6.40472330733681	1.50642321802149e-10	2.86562294707605e-08
Zm00001d028469	63.007234151934	2.32165307244806	0.363076723997344	6.39438696837268	1.61192735792055e-10	3.00261695149248e-08
Zm00001d025761	806.796451965623	1.72045902161338	0.269058077443667	6.39437789030361	1.61202311913697e-10	3.00261695149248e-08
Zm00001d016771	237.955485239286	1.38109918034842	0.216147550826878	6.38961290592926	1.66306206354306e-10	3.07632073574842e-08
Zm00001d027717	419.315562481413	-1.48661708618815	0.232893137124749	-6.38325845296096	1.73358951340348e-10	3.18481766633618e-08
Zm00001d026078	240.181557635441	-3.6281711775008	0.570456383084975	-6.3601202214269	2.01595902129084e-10	3.6535170857475e-08
Zm00001d012881	685.711979175764	-1.14939897886958	0.181528689843156	-6.33177587445092	2.42355363060007e-10	4.33363703199701e-08
Zm00001d038192	244.089752027434	-2.17011099093965	0.346324887177905	-6.26611332677595	3.70170980462836e-10	6.57531525693655e-08
Zm00001d006503	190.811914507508	3.37144932056307	0.538635993193711	6.25923511084523	3.86870249471368e-10	6.82673278376385e-08
Zm00001d027510	937.5305175235	1.104328021341	0.176662085388341	6.25107542975873	4.0763592919771e-10	7.10689457774494e-08
Zm00001d029906	200.765276762572	2.01975993559176	0.323114114993975	6.25091830367556	4.08046292212632e-10	7.10689457774494e-08
Zm00001d043444	4062.76019255397	-2.4390208570493	0.390444688200555	-6.24677689505787	4.19008892330347e-10	7.25074613553843e-08
Zm00001d028887	5079.15710237767	-4.00491475006042	0.642127766932219	-6.23694373036382	4.46202397340299e-10	7.67182096247532e-08
Zm00001d030213	299.29357602724	1.7191233194561	0.275811884227926	6.2329559303378	4.57714968625206e-10	7.8196375085766e-08
Zm00001d007117	400.826083665554	-1.37261696244187	0.22051693253386	-6.2245422456668	4.82964002055608e-10	8.14720783845e-08
Zm00001d002370	1018.50917737257	4.59544821689085	0.739370984851832	6.21534833127347	5.12109175042511e-10	8.5848701831189e-08
Zm00001d029254	308.10837274735	-1.61616952040078	0.260659523351341	-6.20030873847011	5.63525046642618e-10	9.38811726773187e-08
Zm00001d029921	168.32543139845	1.6560813415662	0.267602369654395	6.18858997289526	6.07047560151578e-10	1.00507590483862e-07
Zm00001d053819	4021.66584144513	-1.15935730905039	0.187401314956451	-6.18649505911848	6.15166117764746e-10	1.01226905587031e-07
Zm00001d033558	1252.14457999157	-1.37995926743195	0.223105074177809	-6.18524375797999	6.20065801535162e-10	1.01411005663269e-07
Zm00001d031769	672.248039004704	2.8710309919129	0.464644832945736	6.17897970308043	6.45171888662205e-10	1.04245785528299e-07
Zm00001d008808	350.014218563551	2.43224060654481	0.393599884270116	6.1794749026797	6.4315156956662e-10	1.04245785528299e-07
Zm00001d004523	172.003302958023	1.14667386159708	0.185819088345087	6.17091533388423	6.78957741524937e-10	1.09047931396299e-07
Zm00001d011006	377.67292423226	1.75346080961009	0.284603079721994	6.16107461424136	7.22529346891752e-10	1.15355250847206e-07
Zm00001d031621	3232.62080847417	-1.65126441288542	0.26812173989398	-6.15863679513031	7.33737890546778e-10	1.16451584025122e-07
Zm00001d008432	1013.40718657561	-1.38252114137546	0.225084065018154	-6.1422435269416	8.13639860772077e-10	1.28373225562521e-07
Zm00001d012241	178.564055127732	1.14423176710683	0.186337416016725	6.14064416887763	8.21875034567436e-10	1.28914223258291e-07
Zm00001d000179	207.438801751242	1.17840281542353	0.192037059776452	6.13633023123402	8.44495192849283e-10	1.31692151526764e-07
Zm00001d020340	648.774477496801	-4.44177191440149	0.724921879175331	-6.12724217877716	8.94153219021587e-10	1.38629928558364e-07
Zm00001d031850	118.381594529949	1.75642354794939	0.28714140538429	6.11692885461336	9.53959296310015e-10	1.46211978546441e-07
Zm00001d023825	744.096224007833	1.10538012710668	0.181037910984603	6.10579364893734	1.02291096902661e-09	1.55889306881999e-07
Zm00001d031875	330.228877454422	-2.43855920330788	0.399577417137351	-6.10284540297143	1.04196616055951e-09	1.56323371469845e-07
Zm00001d052713	29.9065871579856	-5.63230696321718	0.92269910734092	-6.10416431359583	1.03339933333098e-09	1.56323371469845e-07
Zm00001d010410	417.285904752079	1.28486129760295	0.210541547964381	6.10264961963859	1.0432437362278e-09	1.56323371469845e-07
Zm00001d025984	11354.788819564	-1.93765931639201	0.317628702511778	-6.1003911204157	1.05809236174493e-09	1.57667518481792e-07
Zm00001d021537	162.349595766108	1.74492615859498	0.287220972692994	6.07520454455152	1.23829777075403e-09	1.81495206596527e-07
Zm00001d027802	1789.70620714106	1.19421096808211	0.196803407310375	6.06804010358793	1.29480578081522e-09	1.87725841367708e-07
Zm00001d037480	5568.10106309528	-1.96862327109969	0.324412858462598	-6.06826523593746	1.2929924428644e-09	1.87725841367708e-07
Zm00001d047658	131.031189671048	-4.48377014870467	0.741058426813564	-6.05049478754892	1.44401635632375e-09	2.08233369404923e-07
Zm00001d030548	679.723870938008	-1.07603333334165	0.178370719220356	-6.03256710543582	1.61375294479403e-09	2.28165346411577e-07
Zm00001d053304	159.850667763538	-1.91580374484293	0.317634741039551	-6.03146790106432	1.62477000837414e-09	2.28165346411577e-07
Zm00001d036763	211.681754812735	2.83522719016574	0.470056217666809	6.03167681567704	1.6226704808531e-09	2.28165346411577e-07
Zm00001d012167	2754.69764545289	1.03195967662267	0.171123161836414	6.03050846856827	1.63444605371895e-09	2.28328708608591e-07
Zm00001d028151	1357.97544568228	1.51157128588077	0.250935394295373	6.02374682983748	1.70424878966987e-09	2.36846430241063e-07
Zm00001d006516	120.980970759427	2.31253750261691	0.384515780881674	6.01415499076367	1.80827440134405e-09	2.50007917488918e-07
Zm00001d023243	1732.01976663764	-1.51725120789805	0.25291418338738	-5.99907521032196	1.98444435158256e-09	2.71565134684426e-07
Zm00001d015201	592.043686793053	-2.54922785720728	0.425612157749944	-5.98955600959361	2.10414660551292e-09	2.85037476025594e-07
Zm00001d006835	138.75936890936	1.22456017102051	0.204626116161402	5.9843787000024	2.17217395911286e-09	2.92774120257915e-07
Zm00001d024916	357.451776763717	1.57741980302362	0.263960529309447	5.97596847964481	2.28727225678746e-09	3.06746082357766e-07
Zm00001d018601	249.385624942831	2.38614259935471	0.399617953069496	5.97105956082946	2.35717662571296e-09	3.14548216193398e-07
Zm00001d005767	552.330112606241	1.07803153553556	0.18103478105847	5.95483105087626	2.60340633263446e-09	3.45685963633275e-07
Zm00001d034673	5778.90801688675	-1.71909091536554	0.289793049064438	-5.9321330201515	2.99024201732364e-09	3.93158193081641e-07
Zm00001d009351	246.928121255115	-2.06064663493301	0.347897902793629	-5.92313612236799	3.15859176312085e-09	4.13267064733793e-07
Zm00001d002705	558.481225992875	-1.59562851427486	0.270051463719591	-5.90860901954482	3.45008457237206e-09	4.49214409709531e-07
Zm00001d011917	363.221671258749	1.07982403669163	0.183271072114071	5.89195023653014	3.81664125803262e-09	4.92163229918034e-07
Zm00001d006879	244.359504374445	1.3424198076694	0.227992287051029	5.88800535769416	3.90884450494499e-09	5.01641279003035e-07
Zm00001d017441	379.205317452453	1.08424633696098	0.184520877384928	5.87600900411468	4.20275475164551e-09	5.29231398819886e-07
Zm00001d052673	1419.46493302544	2.80923919948345	0.479233176313642	5.8619464142543	4.5747266993056e-09	5.73379997798013e-07
Zm00001d029558	6498.34896055945	-1.32571274201915	0.226655776367319	-5.84901370380561	4.94496352843134e-09	6.14045424812895e-07
Zm00001d017833	1814.12519156512	-1.77154271082246	0.303511449957995	-5.83682332599853	5.32054605390037e-09	6.57639107178413e-07
Zm00001d001360	16.7192963471362	-4.76275609686617	0.819232669206961	-5.81367940499326	6.11144072417178e-09	7.48498005039888e-07
Zm00001d052268	817.005562823468	1.25125322346553	0.215438789055415	5.80792915218108	6.3250268742998e-09	7.67646474309816e-07
Zm00001d022453	1600.93097489758	1.78998710530016	0.308727857916739	5.79794488705619	6.7132505018457e-09	8.11093716038312e-07
Zm00001d042359	208.519638836551	1.34211042581968	0.23172213549954	5.79189563796483	6.95963858920541e-09	8.37091597487298e-07
Zm00001d002004	403.967195463698	-1.13084787772092	0.1955884954255	-5.78177093320738	7.39183146331444e-09	8.85105819236696e-07
Zm00001d026289	417.311899812341	-1.13157643271198	0.19616870482811	-5.76838407381803	8.0035238601935e-09	9.54091186569378e-07
Zm00001d032787	246.497570932142	1.81793842920491	0.315839529553865	5.7558926578089	8.61851401041254e-09	1.02285744596144e-06
Zm00001d037288	475.315716745337	1.57014938046087	0.272864142369546	5.75432655542692	8.69878629783078e-09	1.02783632634545e-06
Zm00001d012391	378.56911237045	-1.07845839389004	0.187677249457804	-5.74634590503477	9.11926595911274e-09	1.07279364717247e-06
Zm00001d018076	472.035798385886	1.75445385718338	0.305677579870927	5.73955688187598	9.4924596692798e-09	1.11181988318525e-06
Zm00001d041951	1702.97311634716	1.14715186555706	0.199947841904091	5.73725554941129	9.62230148014307e-09	1.12212769695825e-06
Zm00001d042013	336.188109506766	1.05727124558813	0.184434593982732	5.73249965072775	9.89612386595736e-09	1.14906421789051e-06
Zm00001d031887	282.974120737125	1.09760726594247	0.191705108585527	5.72549826158013	1.03130602012794e-08	1.18719699879278e-06
Zm00001d052482	398.962594480466	-2.05344369952054	0.358909012938451	-5.72134893662501	1.0568159806691e-08	1.21136402707293e-06
Zm00001d005570	993.8514793124	1.50550216336579	0.263670680817581	5.70978221278747	1.13120834737084e-08	1.2911178848162e-06
Zm00001d049716	1890.07066913974	-1.19147961693546	0.208802434793493	-5.7062534644955	1.15489981979997e-08	1.31257300706249e-06
Zm00001d017713	1078.02086975192	1.78828075066494	0.313908696605838	5.69681811941134	1.22064023090874e-08	1.37563076779135e-06
Zm00001d031428	31.8622738006266	-6.04857888424277	1.06298932360343	-5.69015958103761	1.26920701194392e-08	1.42437951775564e-06
Zm00001d029372	47.0290737388219	2.58446029629207	0.454646485976096	5.68454915194914	1.31158198205305e-08	1.45971999678949e-06
Zm00001d005590	457.534323165443	-1.83575698780594	0.323294183394607	-5.67828647125783	1.3605072823124e-08	1.50791431099931e-06
Zm00001d037934	10192.4605591037	1.01133501869585	0.178161027500288	5.67652214901049	1.37460764067276e-08	1.51727268058126e-06
Zm00001d009660	648.541491324752	-1.32429150262039	0.233597865731986	-5.66910788534252	1.43542962858854e-08	1.57791366795089e-06
Zm00001d018508	369.360229121694	1.10074758306035	0.194271350641942	5.6660314525178	1.46142710416069e-08	1.5999346035836e-06
Zm00001d006053	472.204757020781	1.18379423793269	0.209282042156649	5.6564539686908	1.54532398660495e-08	1.67808420925984e-06
Zm00001d020910	17395.6884425258	-1.20745764370885	0.213449332181731	-5.65688180593988	1.5414783797537e-08	1.67808420925984e-06
Zm00001d044122	103.008748260576	4.73317452612738	0.83763012406305	5.6506737164232	1.59820200710582e-08	1.7285070255884e-06
Zm00001d011357	1192.75487308795	-1.5836817575058	0.280596993573863	-5.64397265036596	1.66170482290449e-08	1.78996974939535e-06
Zm00001d038997	120.739274036478	-4.46688932226855	0.793601276299437	-5.62863172687632	1.81644754714948e-08	1.94883024438574e-06
Zm00001d042830	230.546362163486	1.74915733885173	0.311211442833247	5.62047887098085	1.90428881079569e-08	2.03493364474749e-06
Zm00001d052775	323.805544738127	1.3844758476086	0.2471822239128	5.60103322032174	2.13077892569427e-08	2.24124518999889e-06
Zm00001d032961	267.676663841053	2.87799183542099	0.515399959242048	5.58399701787597	2.3505273676501e-08	2.46272832246527e-06
Zm00001d014976	282.733864753151	-2.52219153023223	0.451771367773171	-5.58289371605017	2.36549316143228e-08	2.46876488622321e-06
Zm00001d041308	101.380714566163	-1.55974727178642	0.279563880001774	-5.57921599806286	2.41605070533106e-08	2.5020583790884e-06
Zm00001d035854	1559.08177506639	1.51115774506809	0.270852588881463	5.57926269528641	2.41540223369799e-08	2.5020583790884e-06
Zm00001d040541	220.248972817896	1.17433736338087	0.211027529779264	5.56485385868485	2.62372200417843e-08	2.69630159371931e-06
Zm00001d003833	1232.41559417885	1.30891660987382	0.235422641038389	5.5598586614292	2.69993209188511e-08	2.76402971635658e-06
Zm00001d001960	96.5322526027089	3.7291971362809	0.672101688632088	5.54856087904027	2.88030591729602e-08	2.89443146918141e-06
Zm00001d044476	331.150465354496	1.24385834103585	0.224263921053045	5.54640414381073	2.91604374277763e-08	2.91843751002916e-06
Zm00001d048203	3550.3121225561	-1.23536587102229	0.223144235025554	-5.53617650431712	3.09146029487441e-08	3.08249620926102e-06
Zm00001d029098	815.339413470472	1.74990419891115	0.316155671829168	5.53494482255153	3.11326347551981e-08	3.09273899779231e-06
Zm00001d011486	2426.67890245226	-1.88234759243093	0.341116801188351	-5.51819079527418	3.42507461406874e-08	3.35282304009313e-06
Zm00001d032049	1075.28891906308	1.15522582210669	0.210500008547277	5.48800843325015	4.06490663251555e-08	3.95032339483088e-06
Zm00001d052101	685.504801307094	-1.15950968632605	0.211982910834313	-5.46982623156982	4.50477023834012e-08	4.33939453673259e-06
Zm00001d008467	347.290829845232	-1.26745838445291	0.233046213217441	-5.4386568524515	5.36837360739257e-08	5.10604669849233e-06
Zm00001d047425	587.951509655436	1.60674254818928	0.295671923193653	5.43420738375936	5.50405379474286e-08	5.21659826440258e-06
Zm00001d011367	17.7927146192001	-2.66491927107713	0.490812033898534	-5.42961273771061	5.64764676968435e-08	5.33384442452372e-06
Zm00001d045513	1439.60694358583	1.04236936773152	0.192269440557518	5.42139907782011	5.91343789441015e-08	5.54581227985556e-06
Zm00001d024982	118.057643750908	-1.00896062040412	0.186339560023609	-5.41463455358746	6.14140065304187e-08	5.71960584430171e-06
Zm00001d044120	187.989913871013	1.16457667580124	0.215062337366947	5.41506565054299	6.12662225478437e-08	5.71960584430171e-06
Zm00001d002530	219.390102319935	1.93314629034558	0.357395875911166	5.40897760898082	6.33855531417662e-08	5.86250795299467e-06
Zm00001d042187	57.7190566323009	-3.18332108516331	0.589034329333647	-5.40430485395391	6.50602112435739e-08	5.99671816486302e-06
Zm00001d023210	60.6619598678629	-3.10064453890091	0.575149977726957	-5.39101914105069	7.00592109559435e-08	6.3699259534248e-06
Zm00001d013507	133.41852907343	-1.87400765209504	0.347503777157873	-5.39276915900593	6.9380060388354e-08	6.3699259534248e-06
Zm00001d018737	150.230252386172	-5.25797402470912	0.975494600901481	-5.39005958602957	7.04343259478883e-08	6.3756150515673e-06
Zm00001d046919	1001.12807513651	-1.27508520035097	0.23691558611754	-5.38202328199027	7.3653235621971e-08	6.62928552299499e-06
Zm00001d027649	1037.62975792053	1.49209150778819	0.277599541605309	5.37497828404071	7.65919126159399e-08	6.78731792213815e-06
Zm00001d036351	1610.5601862491	-1.06273571042622	0.197769818499994	-5.37359905817102	7.71803730613726e-08	6.78731792213815e-06
Zm00001d039088	135.472423972758	3.83439810412402	0.713557413354528	5.37363641994553	7.71643747446164e-08	6.78731792213815e-06
Zm00001d027435	804.038642791226	1.66620288218163	0.310430080111133	5.36740151465068	7.98790998648358e-08	7.00169025024388e-06
Zm00001d038697	28.5285051428537	-7.5955832504452	1.41618057637931	-5.36342849007612	8.16569877346366e-08	7.13421408800789e-06
Zm00001d029474	52.2936020645818	2.57080560530943	0.479382084040672	5.36274861096251	8.19650418133918e-08	7.13787776467141e-06
Zm00001d029983	2572.16385651497	-3.12808386929141	0.583774097961095	-5.35838071647345	8.39711479126135e-08	7.25499950198209e-06
Zm00001d031303	2053.50675359389	-3.38837632579613	0.632331183194425	-5.35854693845503	8.38939419974353e-08	7.25499950198209e-06
Zm00001d046644	381.257291472285	1.48415493444791	0.276994957002446	5.35805759970859	8.41214243947666e-08	7.25499950198209e-06
Zm00001d035246	485.540992173995	1.85998716704382	0.347206925703619	5.35699903818027	8.46155708154186e-08	7.26518686077115e-06
Zm00001d012307	86.5724092445036	-1.36871228195214	0.255516686435036	-5.3566453958385	8.47812798233305e-08	7.26518686077115e-06
Zm00001d025727	369.206133839773	1.85307234321086	0.346844043622622	5.34266733790899	9.15887545146782e-08	7.77403029617942e-06
Zm00001d047507	82.7395804528742	-2.84834371491086	0.533318112169032	-5.34079689010842	9.25388907471161e-08	7.82989945621182e-06
Zm00001d033898	929.839621010575	1.62609020404447	0.304882556598737	5.33349701007854	9.63391502748455e-08	8.10034071683983e-06
Zm00001d012684	179.9073125484	-1.2035616664877	0.225706585345328	-5.33241714966475	9.69139904212953e-08	8.12320953462495e-06
Zm00001d003423	311.090996056703	-1.00276194921934	0.188073634983926	-5.33175183914025	9.72698054698528e-08	8.12763464894826e-06
Zm00001d027978	71.5178234753119	1.9880832380596	0.373144854290554	5.32791278025116	9.93478079096513e-08	8.24986657508566e-06
Zm00001d031895	16.2751443330961	4.32422053702363	0.811541844543022	5.3284011984109	9.90810709641958e-08	8.24986657508566e-06
Zm00001d048418	311.768998872138	-1.98567203572646	0.373558776822787	-5.31555449617624	1.06333019003146e-07	8.74866329970053e-06
Zm00001d045022	233.022722855609	-4.39268953941716	0.829987054839144	-5.29247958002006	1.20668947135499e-07	9.82717577805706e-06
Zm00001d027048	205.276335414318	-4.1643378694776	0.787215598672511	-5.28995852787974	1.22344097861042e-07	9.91393774268543e-06
Zm00001d026116	15.7236357377667	2.58518590301816	0.489367418748699	5.28270948161695	1.27287157538549e-07	1.02794612279875e-05
Zm00001d027047	115.398868871987	-4.5027372377071	0.852431245635533	-5.28222922465737	1.27621377560206e-07	1.02794612279875e-05
Zm00001d006638	167.105039349037	1.54250845577844	0.292086141328909	5.28100528412769	1.28476984722425e-07	1.02865960723131e-05
Zm00001d007267	48.3755798443113	-2.6926787161989	0.510057563213865	-5.2791663341533	1.29772961474373e-07	1.03594356329335e-05
Zm00001d049543	495.617036161236	-1.61567364304093	0.306211756063285	-5.276327936629	1.3179814524711e-07	1.04588457154378e-05
Zm00001d012069	425.41666684509	-2.52675742016938	0.479735699609473	-5.26697809278375	1.38687749701039e-07	1.09408318308272e-05
Zm00001d011785	115.439179545711	1.52977209961788	0.290759008922936	5.26130593608996	1.43035805722018e-07	1.12178549154268e-05
Zm00001d044849	259.83797317646	1.51230179950633	0.287414806341862	5.26173936115017	1.4269895898756e-07	1.12178549154268e-05
Zm00001d020383	412.844176375778	-2.2763038674614	0.433350833118565	-5.25279679533604	1.49806786862399e-07	1.1646717789053e-05
Zm00001d037943	161.438450370584	3.48440239751601	0.663653988331748	5.25032992911696	1.51827025574631e-07	1.176966612706e-05
Zm00001d009376	27.8540258309303	5.40923719672041	1.03398762107532	5.23143322653607	1.68200793530537e-07	1.29268816162638e-05
Zm00001d027756	8098.61597977168	-1.44719206792718	0.276744964843765	-5.2293347730615	1.70121064452611e-07	1.30371062592798e-05
Zm00001d000163	576.602660175641	1.90104082578633	0.36374337988875	5.22632419143341	1.72913074806166e-07	1.31757798080994e-05
Zm00001d046138	76.8949087963466	-3.08618116540387	0.592191769158584	-5.21145569076192	1.87364596043226e-07	1.41563188593561e-05
Zm00001d048612	872.727410684912	1.07279449163193	0.206108750282204	5.20499246229509	1.94004480868915e-07	1.46168207468147e-05
Zm00001d013786	1107.40060196971	-1.46008675617985	0.280635962500638	-5.20277851480468	1.96330805381654e-07	1.47506578766015e-05
Zm00001d025623	45.4040836235626	1.3193219145479	0.254571897931631	5.18251199471445	2.18917282949192e-07	1.63105537868423e-05
Zm00001d044138	1908.72425079084	2.83840791690896	0.547672108178413	5.18267750817119	2.18723036529597e-07	1.63105537868423e-05
Zm00001d025278	4120.31108679149	-1.39983401739771	0.270507152720703	-5.17485028886846	2.2809380090121e-07	1.69471798553248e-05
Zm00001d037708	58.3926117474709	-3.43217065485158	0.663990702771949	-5.16900408473095	2.35344754898594e-07	1.7389578556171e-05
Zm00001d017477	227.344334255122	1.51006757420279	0.2924224024779	5.1639941447951	2.41735260886869e-07	1.77638990890619e-05
Zm00001d050457	1478.00454040601	1.35564264600579	0.262679051329161	5.16083273160235	2.45853776351197e-07	1.80171857630923e-05
Zm00001d025932	117.483773530535	1.77672637594627	0.344980276348226	5.15022596292673	2.60172815142074e-07	1.90145919556968e-05
Zm00001d023213	908.194113633009	-1.22828657806956	0.238619274399254	-5.14747428162241	2.64017188335576e-07	1.92431223520022e-05
Zm00001d035270	749.09827707224	-1.21221455681526	0.235587634510044	-5.14549313819601	2.66818955228189e-07	1.93674020690854e-05
Zm00001d023402	151.770904291514	-2.66599901091395	0.518286343887203	-5.14387276909262	2.69131837791764e-07	1.94572888227781e-05
Zm00001d042853	251.723669360406	1.55634541805597	0.302677290494021	5.14192992647632	2.71930546788177e-07	1.96067772203024e-05
Zm00001d042062	139.632600014016	-3.57326682004482	0.698410851160796	-5.11628193362955	3.11617172424788e-07	2.22885221300737e-05
Zm00001d052122	767.220108695267	-1.46949977068037	0.287978879942925	-5.10280396594228	3.34657613632587e-07	2.37465251662784e-05
Zm00001d045582	349.200291957561	1.15775821725887	0.227062598581749	5.09885038086554	3.41722517114206e-07	2.41838558154017e-05
Zm00001d025338	914.402162164113	1.46197066233105	0.287024320403546	5.09354280597397	3.51433657123056e-07	2.48056672404069e-05
Zm00001d054093	2610.77986540786	-2.87950968939688	0.56555714309981	-5.09145667158288	3.55323075821394e-07	2.50143714952269e-05
Zm00001d054085	214.128489242355	1.22718217294726	0.241123021019277	5.08944425032376	3.59114414101964e-07	2.52150963744578e-05
Zm00001d052123	103.081480330832	-1.95428575200205	0.384106419956528	-5.08787578250639	3.62096403336262e-07	2.53580932905619e-05
Zm00001d015059	121.940773868213	1.00743251702641	0.19843912017325	5.07678383247646	3.83877184315451e-07	2.68134214523672e-05
Zm00001d032405	1581.46054771018	-1.43904743484992	0.283860437520295	-5.06955970131283	3.98737051178366e-07	2.77070600691868e-05
Zm00001d044541	228.845105854669	-2.36447413914205	0.467630193464069	-5.05629057359771	4.27489833850273e-07	2.95518874317836e-05
Zm00001d031066	61.4506976458602	1.99175850499688	0.394006443134947	5.05514196455591	4.3007073530808e-07	2.96538747106255e-05
Zm00001d048761	42.2459954350709	-1.37300095572352	0.271756903923545	-5.05231306325818	4.36491485080998e-07	2.9942646068651e-05
Zm00001d020808	551.55748338478	1.06817626337643	0.211453643825687	5.05158598381491	4.38156615115767e-07	2.99801957414161e-05
Zm00001d052139	72.500902239044	-3.44848353506232	0.682855036842488	-5.05009606578881	4.4158793518143e-07	3.01380956677769e-05
Zm00001d043442	789.155253091798	3.94990765595008	0.782602863614785	5.04714183858944	4.48468416040536e-07	3.05299996320793e-05
Zm00001d044504	119.378618909522	8.40463140278562	1.66616195877906	5.04430638240258	4.55169466747754e-07	3.09077352838183e-05
Zm00001d000763	43.3778181624436	-2.39738484206593	0.475828373539666	-5.03833940004857	4.6958820329475e-07	3.17261833470322e-05
Zm00001d039302	230.189079138046	1.39472997971327	0.276807377472627	5.0386300843849	4.68875693993871e-07	3.17261833470322e-05
Zm00001d040733	290.46398211329	1.6346206774687	0.324732146132291	5.0337507294482	4.80975016892597e-07	3.24138490027468e-05
Zm00001d048178	669.591175273927	1.63503152427853	0.325519550360403	5.02283663905374	5.09138485281501e-07	3.42258457449133e-05
Zm00001d016691	443.720529990898	-2.49525044497808	0.496929096172278	-5.02134100055395	5.13119698540218e-07	3.44072413856143e-05
Zm00001d031971	1532.32000052365	1.92030693172881	0.382693830687362	5.01786749025903	5.22481930076273e-07	3.48607222102134e-05
Zm00001d041168	1410.18521308309	1.33505825127533	0.266573322765977	5.00822151827762	5.49352874512135e-07	3.63820809880605e-05
Zm00001d043514	715.466474053065	-1.01531390151323	0.202859658396649	-5.00500646376916	5.58601565759874e-07	3.69034758542151e-05
Zm00001d014945	384.285857757371	-1.65002892062773	0.32992462637621	-5.00122994379395	5.6965720404088e-07	3.74493762911384e-05
Zm00001d027763	389.19027544423	1.20975289617059	0.242253923942189	4.99373911672647	5.9221382550132e-07	3.87423395795034e-05
Zm00001d020881	1049.05941069234	1.02033076535755	0.204579982666833	4.98744184087259	6.11840295739879e-07	3.97355457925788e-05
Zm00001d050336	2915.03018137785	-1.74641464498887	0.350479935659176	-4.98292332114317	6.26307745185122e-07	4.04790996177237e-05
Zm00001d004621	139.713808581419	2.53512864915252	0.509716340200802	4.97360678716677	6.57185450442632e-07	4.21699238080677e-05
Zm00001d032888	327.161389763112	1.90089485499343	0.382489746126969	4.96979297939773	6.70244244999024e-07	4.27144186504034e-05
Zm00001d018318	1031.23350407056	-1.21767770322384	0.245018693129185	-4.96973389120897	6.70448521803737e-07	4.27144186504034e-05
Zm00001d014914	37.4368655797043	3.25004504270978	0.654200583307347	4.9679641468355	6.76594679515483e-07	4.30038447724272e-05
Zm00001d035681	54.2020771464905	-4.37067714398513	0.881323544918934	-4.9592197657526	7.07768644480065e-07	4.45628417423575e-05
Zm00001d042636	210.750562161834	-1.90167995985099	0.383967481500743	-4.95271097546657	7.31866383825913e-07	4.55800724040023e-05
Zm00001d043528	171.23777193054	2.39753046792493	0.484098888114556	4.95256346748224	7.324215646158e-07	4.55800724040023e-05
Zm00001d018475	76.0552670420701	1.65225305624564	0.333583801898658	4.95303742820099	7.30639143789818e-07	4.55800724040023e-05
Zm00001d043479	1757.82325373539	-1.78508559008807	0.360531320305304	-4.95126356449818	7.37331627555942e-07	4.57794187831145e-05
Zm00001d016855	4414.65888073621	1.36209204929241	0.275132570307091	4.9506754063036	7.39563656009964e-07	4.58119546916842e-05
Zm00001d025383	24.4639361754894	5.31745872182179	1.07548744291963	4.94423134070862	7.64448825655377e-07	4.71357388545483e-05
Zm00001d052842	2044.18273404322	1.20052191280967	0.242846011265956	4.94355211580932	7.67118306359493e-07	4.71918514063631e-05
Zm00001d038948	57.8892179205104	1.54339659119198	0.313071199146107	4.92985811343091	8.2289360353062e-07	5.05072133498817e-05
Zm00001d044431	1761.53748085143	1.03841491454003	0.211293129654378	4.91457018142813	8.89774481732597e-07	5.44875140388852e-05
Zm00001d034196	222.646359400821	-1.74446604930129	0.355014222611125	-4.91379200661531	8.93315193574059e-07	5.45797269294839e-05
Zm00001d002038	197.029987862993	1.67907253461256	0.341760557975409	4.91300852432882	8.96893758592463e-07	5.46738281658342e-05
Zm00001d022082	692.762068850971	1.26251813294644	0.25716681431133	4.90933535233679	9.13855883135387e-07	5.5581502261808e-05
Zm00001d044642	196.564164434096	-2.66037239115237	0.544108739004949	-4.88941309051127	1.01137061885629e-06	6.1074238047586e-05
Zm00001d053739	229.812320471903	1.08375553218441	0.221670283806088	4.88904292256174	1.01327402621638e-06	6.1074238047586e-05
Zm00001d027369	200.409788534858	-1.62780476035255	0.333457370134255	-4.8815977877387	1.05229718579974e-06	6.28612808853466e-05
Zm00001d054015	66.0465063059085	-1.8504285082252	0.379232309093028	-4.87940627382379	1.06405674343709e-06	6.32818846396224e-05
Zm00001d022637	1570.12921301598	-1.53767001975705	0.315111681561482	-4.87976203274151	1.06213919676093e-06	6.32818846396224e-05
Zm00001d023215	763.364692835285	-3.53855232868539	0.726769179949342	-4.86888055562846	1.12232216802337e-06	6.65993920148733e-05
Zm00001d041111	1138.094102693	-2.62510634532423	0.539398523193389	-4.86672883303957	1.13460535037085e-06	6.71796571912739e-05
Zm00001d029778	801.564899458471	-1.76539069797446	0.363192824648591	-4.86075323674848	1.16939946930547e-06	6.87842819423493e-05
Zm00001d046491	161.372064529376	3.7639536497289	0.77427169814237	4.86128274965928	1.16627528329275e-06	6.87842819423493e-05
Zm00001d043651	1044.47964428921	1.80684559886517	0.371974510767373	4.85744465430629	1.18910359558534e-06	6.96378529274893e-05
Zm00001d050834	44.5552577084898	1.97077052356011	0.405974550894562	4.8544188772856	1.20740282749423e-06	7.04020839979351e-05
Zm00001d035214	121.046137529391	-2.82115552590005	0.581626422660484	-4.85045970400636	1.23175657237756e-06	7.1356748994192e-05
Zm00001d052041	1398.02795655617	1.56176361536195	0.322133437113874	4.84818846920839	1.24594002027689e-06	7.18679639222941e-05
Zm00001d032229	695.460901630363	-1.1063121872916	0.228285537019739	-4.84617729942279	1.25863045546824e-06	7.24441761299767e-05
Zm00001d010265	115.320036390284	3.28410203611378	0.680989800195419	4.82254218076594	1.41740043352968e-06	8.03752947740658e-05
Zm00001d026652	986.745674639648	-1.30110969752042	0.2717167427459	-4.78847819376802	1.68050820145642e-06	9.45270339041108e-05
Zm00001d003618	165.326783462709	-1.53192320041123	0.320237448427214	-4.78371036221711	1.72088609056448e-06	9.61099308753341e-05
Zm00001d011555	63.9486217161178	1.67307754101142	0.349767405077113	4.78340038758773	1.72354323879784e-06	9.61099308753341e-05
Zm00001d037939	680.357759728365	1.82316074956967	0.38129779164063	4.7814616017708	1.74025247163258e-06	9.67331576152164e-05
Zm00001d016469	3515.57272367912	-1.15365766027063	0.241504325264274	-4.77696479766234	1.77960912921695e-06	9.8621231536895e-05
Zm00001d033048	55.2687983185947	-2.56080063301833	0.536952720422195	-4.7691361559819	1.85017583329839e-06	0.000101900238605194
Zm00001d006203	85.1272950765371	1.59368708665595	0.334465031245906	4.76488403202976	1.88962297396888e-06	0.000103859564360232
Zm00001d008681	27.1569868957789	-4.28844947628777	0.900117426642496	-4.76432224213679	1.89489476737184e-06	0.000103936334254494
Zm00001d002565	64.9602218249135	1.79736783865512	0.37751126722859	4.7610972034029	1.92543276130911e-06	0.000105200842457359
Zm00001d032274	144.873221871732	1.28155632867502	0.269405489778276	4.75697926471268	1.96511345501645e-06	0.000106913332840672
Zm00001d013202	1099.0049539099	-1.36007448570205	0.286085855249335	-4.75407805295615	1.99354015575136e-06	0.000108021684964774
Zm00001d038478	120.186941906836	1.11215110870333	0.233922463015649	4.75435789434607	1.9907810884056e-06	0.000108021684964774
Zm00001d027749	1930.22608982232	1.16261195298975	0.244796681523112	4.74929621494884	2.04125771495349e-06	0.000110384303287263
Zm00001d013022	105.824640467339	1.97562815713795	0.416043068972519	4.74861451728317	2.04814903091778e-06	0.000110534111282247
Zm00001d045232	44.4079911395332	4.89551335003355	1.03234286961549	4.74213896770259	2.11473474620742e-06	0.000113670171067686
Zm00001d037631	1580.53245721647	-1.80269443107901	0.380586091800807	-4.73662719136494	2.17304379779502e-06	0.000116570761488916
Zm00001d039488	156.275318589226	1.25104252363745	0.264261304271295	4.73411166681108	2.20016577566888e-06	0.000117790112644692
Zm00001d039118	26.3925467928883	1.86468845153477	0.394849941476938	4.72252432040359	2.3293522416681e-06	0.000123964059178614
Zm00001d028548	235.423215150483	1.27117548374627	0.269291057533522	4.72045189836293	2.35321254246719e-06	0.000124985874879317
Zm00001d043104	4159.77823876606	-1.27588592009972	0.270443353951341	-4.7177566076528	2.38459531939296e-06	0.000126402402483711
Zm00001d002402	872.580646692353	-1.41706744099854	0.300536339989032	-4.71512843022662	2.41558334671765e-06	0.000127792458630495
Zm00001d052079	6559.88245868785	-1.20778071642012	0.256235860674228	-4.71355068428797	2.43437137518888e-06	0.000128532891782119
Zm00001d033855	5214.93863144292	1.06380544553854	0.225756678248406	4.71217708283257	2.45084258456488e-06	0.000129148329672297
Zm00001d011202	993.815888107877	1.29256415078615	0.274791563279043	4.70379852773569	2.55365252056259e-06	0.000134039271832739
Zm00001d006921	114.11602990689	-1.14459164590468	0.243852068188391	-4.69379511278294	2.68182640858076e-06	0.000140218222087628
Zm00001d027755	470.091760531964	1.62425652815759	0.34629172211274	4.69042840021684	2.72633621489716e-06	0.000142268073844303
Zm00001d018742	320.488303740142	-2.28363822189014	0.487083195294746	-4.68839459860292	2.75356676410019e-06	0.000143410034459602
Zm00001d003981	606.390067109468	1.47528348700654	0.314798864015252	4.68643205438971	2.78009056358371e-06	0.000144510831582252
Zm00001d009667	25.0182515793383	2.20004960655272	0.469534265970123	4.68559968037075	2.79141399390237e-06	0.00014481877397379
Zm00001d051492	17.1946568820146	2.57871505491642	0.550557301693651	4.68382681872287	2.81567930550684e-06	0.000145795657012171
Zm00001d038216	349.217715579097	-1.30244878252789	0.278331996902022	-4.67947917244446	2.87604572052545e-06	0.000147497702324921
Zm00001d042786	458.10797090934	1.86161774126643	0.397934166147732	4.67820534056709	2.89396662306523e-06	0.000148133535808885
Zm00001d037060	323.44012700026	2.13878009694999	0.457640862945862	4.67349021934478	2.96123814036613e-06	0.00015111800404088
Zm00001d045107	109.814062862691	-1.90405207696981	0.407523087805695	-4.67225571739301	2.97909731301187e-06	0.00015111800404088
Zm00001d031860	157.730578668719	-1.4631636971822	0.313214405767264	-4.67144444904431	2.99088990790438e-06	0.000151361602093984
Zm00001d009116	311.834407632945	1.49554279178771	0.320675762689427	4.66372256900541	3.10539975311502e-06	0.000156565849958743
Zm00001d029290	20.4021104075568	3.56143931450337	0.764064674472153	4.66117520347837	3.14408930949346e-06	0.000158219068403815
Zm00001d025873	514.883910811579	-2.33226203357593	0.501082903266378	-4.65444344313637	3.24856987845162e-06	0.000162865684635195
Zm00001d021775	16714.5014009661	-1.5437854278079	0.331798214926912	-4.65278400653229	3.27483230777532e-06	0.000163570860631564
Zm00001d018178	1092.66118818013	1.57960055690275	0.339705548830861	4.64991096653895	3.32078352241554e-06	0.000165557724234628
Zm00001d009927	709.593601390856	1.35433490485295	0.29137683755431	4.64805272862677	3.35083268343592e-06	0.000166745889118958
Zm00001d053143	19.5399458250271	2.42449107995214	0.52203683044751	4.64429124258105	3.41245896240894e-06	0.000169498100536542
Zm00001d003184	125.402090566983	-1.55495778622509	0.335210689890834	-4.63874760894852	3.50526803476509e-06	0.000173299203261164
Zm00001d007050	272.695998657735	1.05055512105937	0.226660665189565	4.63492472406161	3.5706739181672e-06	0.000176052602634339
Zm00001d045596	792.839640800678	-1.22529222530494	0.264590454732365	-4.63090109030701	3.64077774756313e-06	0.000179179707789245
Zm00001d014952	282.947192085609	1.24899326593129	0.269936498255739	4.6269892141373	3.71019828252093e-06	0.000182261791820103
Zm00001d000194	408.81209369532	1.99150067836587	0.430804511569338	4.62274796313349	3.78689723339843e-06	0.000185689502000389
Zm00001d020504	67.3347296563098	2.92724381186673	0.634287234050232	4.61501297003073	3.93070768237495e-06	0.000191341999013903
Zm00001d011603	88.6399197995244	2.74358063535641	0.594776739497688	4.61279073837599	3.97298243996223e-06	0.000192700424963231
Zm00001d040681	201.47897166464	1.63648883354638	0.354944548819545	4.61054787005161	4.01609145394608e-06	0.000194089378338273
Zm00001d038925	723.153329765829	1.07728917386972	0.234200781186387	4.59985303384775	4.22789113679005e-06	0.000202863141450774
Zm00001d039520	134.845373061963	1.8925495157604	0.411588659806898	4.59815757958032	4.26243560482293e-06	0.000203791529041997
Zm00001d013644	12943.2982848663	1.02183964189076	0.222213439763922	4.59846012453773	4.25625156506977e-06	0.000203791529041997
Zm00001d024471	579.230868876868	1.01044243842988	0.219902421402424	4.59495821822153	4.32835988052626e-06	0.000206208292567452
Zm00001d041201	184.639768720722	-1.04593869879341	0.228067066617296	-4.5861014231771	4.51599284920659e-06	0.000214385770267998
Zm00001d012935	676.291600292218	-2.02846027974221	0.442515605844143	-4.58392936419207	4.56318443548087e-06	0.000215861962836804
Zm00001d049786	251.781306462174	1.04720986105683	0.228708320613816	4.57880088597692	4.67649097410232e-06	0.00021967222575722
Zm00001d020757	28.8473804073055	-2.7324382954176	0.59717241230869	-4.57562713731852	4.74795519773483e-06	0.000222639255793083
Zm00001d034160	1190.72267697694	-1.2447723938335	0.272290134770426	-4.57149281182368	4.84261904475606e-06	0.000226286982610535
Zm00001d016216	41.691937668624	1.4096451432067	0.308667566485636	4.5668715999428	4.95057041603581e-06	0.000230929042954631
Zm00001d029656	23.2216103241038	-1.98241831893223	0.434683062350882	-4.56060631442775	5.10061300203073e-06	0.000237515003368868
Zm00001d047276	2735.61162919899	1.37188318219587	0.301044279137166	4.55708105840067	5.18694105736083e-06	0.000240864201227706
Zm00001d047913	715.790070475733	1.10660747088004	0.242941973026484	4.55502792331158	5.23786200329684e-06	0.000242642374183813
Zm00001d014060	67.6522992477535	1.98003636656803	0.435109605051122	4.55066112901689	5.34776162392036e-06	0.000246880657963497
Zm00001d045048	59.9783815492275	-1.4596742536439	0.321151989700176	-4.54511975780263	5.49040285840447e-06	0.000251879093057998
Zm00001d042307	124.816716526715	-2.06090956463303	0.45368875598485	-4.54256257719962	5.55744917045233e-06	0.000253938503662474
Zm00001d041796	11.9440761855428	3.44132564285756	0.758255967977363	4.5384748530727	5.66625513220608e-06	0.000258031061385452
Zm00001d046934	68.1127484931659	-1.51334928114408	0.333500445673426	-4.53777288989292	5.68514378091798e-06	0.000258452417782681
Zm00001d036933	282.546730965611	1.90503368057549	0.420230072521451	4.53331116724934	5.80661770542258e-06	0.000263528088146945
Zm00001d017545	67.5371849612918	-2.91067170123611	0.643647233762664	-4.52215367138419	6.12135914305929e-06	0.000277343065768812
Zm00001d033480	8173.7834687919	1.08404665636351	0.24010108165058	4.51495948669288	6.33288713039078e-06	0.000285960772072966
Zm00001d026635	837.758902017356	1.63801904152445	0.363059432684455	4.51171046407736	6.43069310277367e-06	0.000289889160340496
Zm00001d049925	95.4643331658611	1.25507893428698	0.278558254640318	4.50562463463008	6.61779820905031e-06	0.000297189579888766
Zm00001d021360	65.3861511256491	1.67503999984611	0.37253825097446	4.49628996610322	6.91494197542162e-06	0.000308093976187307
Zm00001d020042	2457.42689826709	-1.17202057273395	0.26157989266204	-4.48054535387471	7.44525562923035e-06	0.000327761330032535
Zm00001d018810	390.291015453261	-1.89746271358109	0.423765912492592	-4.47761997282935	7.54798108935987e-06	0.000331345251683814
Zm00001d031047	67.5194409820532	1.28926429898737	0.288042727848333	4.47594809498619	7.60729662358007e-06	0.000332859559604673
Zm00001d029761	130.504411741249	1.87233452855142	0.418711425363788	4.47165855797865	7.7615280872568e-06	0.000337954068760392
Zm00001d050293	937.863782510645	-2.36970740899324	0.530861934794284	-4.46388647155787	8.04862216426948e-06	0.000348193780145219
Zm00001d053982	814.844857717613	-1.20907205345862	0.271224668790108	-4.45782479466969	8.27955297062134e-06	0.000355318671644809
Zm00001d012527	4067.30609959514	-1.25717669546093	0.282099331958514	-4.45650362492108	8.33071930060802e-06	0.000356943375528608
Zm00001d004837	4225.76340108459	-1.14962361891162	0.258497339118767	-4.44733250574554	8.69432035224073e-06	0.000371336083579301
Zm00001d050628	14.6827103198694	4.28629784421567	0.964001209188434	4.44636148104439	8.7336938316982e-06	0.000372424699449617
Zm00001d011051	1211.44577095178	-1.82908016108311	0.41168149013822	-4.44294971937894	8.87339077347047e-06	0.000377182388789263
Zm00001d002260	21.7960820221393	-3.37371570130809	0.759982740543154	-4.4392004203897	9.02937036418069e-06	0.000383205335297555
Zm00001d025985	100.113091938593	-2.21894797152307	0.500743243549023	-4.43130885959889	9.36628167666404e-06	0.000394383684664808
Zm00001d039698	623.666448227977	2.3749603883028	0.536231887581827	4.42898015448659	9.46797336827191e-06	0.000396796846380921
Zm00001d012177	38.4397916004667	1.26746020376646	0.286749381609517	4.42009742672238	9.8656412594343e-06	0.000412817831295705
Zm00001d006010	10361.8153886246	-1.13945702263285	0.257823015091975	-4.41953183359663	9.89149508165392e-06	0.00041325495495346
Zm00001d014163	15.3052042545282	-2.71625347722699	0.614912796258791	-4.41729867023915	9.99420878215657e-06	0.000414960786308055
Zm00001d014816	54.7084359138049	-3.47619268496858	0.786855876918837	-4.41782642404683	9.9698433694686e-06	0.000414960786308055
Zm00001d017249	996.647858967252	2.29298089106565	0.519055712970526	4.41760071947394	9.98025677853674e-06	0.000414960786308055
Zm00001d031013	3315.10070089711	-1.08376220667923	0.245389681611002	-4.41649461201565	1.00314400201375e-05	0.000415558030375711
Zm00001d037057	231.516389617653	-2.68332408172071	0.607930352728083	-4.41386759137673	1.01540076318393e-05	0.000419646830048063
Zm00001d018235	36.7136535691409	-1.75387104543244	0.399108372409514	-4.39447319745234	1.11041702314367e-05	0.000455406810317425
Zm00001d042196	153.097950193645	2.20494084351151	0.501953619887742	4.39271828342353	1.11942143411475e-05	0.000458398804669097
Zm00001d016013	57.493093723498	-1.05853222141887	0.241210105250379	-4.38842402692915	1.1417500493933e-05	0.000464000300376166
Zm00001d013937	48.2221208190831	-2.45344999542225	0.560393113556477	-4.3780873391746	1.19725373838722e-05	0.000484355049336683
Zm00001d041481	262.986408639569	1.04366821759386	0.238724232627492	4.37185704235738	1.23194183501648e-05	0.000496143301783964
Zm00001d030550	65.2621257081448	2.13630625584448	0.489115405088434	4.36769366415319	1.25565441421526e-05	0.000504179082306613
Zm00001d029784	105.743756359747	1.65231529002524	0.378456769561954	4.36592874778728	1.2658374146685e-05	0.000506750613973707
Zm00001d000117	1549.37916114734	-1.51527079529545	0.34704899883369	-4.36615809406668	1.26450971974983e-05	0.000506750613973707
Zm00001d004730	320.083632681927	-1.47647940272136	0.338584904512538	-4.36073606071439	1.29625651913133e-05	0.000515084331202083
Zm00001d002143	1306.58517530857	1.63904591949714	0.376082370880031	4.3582099199752	1.3113057857676e-05	0.000518758757903519
Zm00001d053118	187.88798576571	2.16379763978403	0.498354170029893	4.34188729604537	1.41263996269833e-05	0.000551525896353634
Zm00001d033618	20.5336000020152	-2.45727889088224	0.566615452331924	-4.33676646263215	1.44594111208014e-05	0.000562888715648964
Zm00001d025859	219.373882008679	1.00057933023898	0.230796275125627	4.33533569679294	1.45537846944281e-05	0.000565741468223117
Zm00001d047638	1104.3670566148	1.2216491833324	0.281835423059042	4.3346190130134	1.46012778061411e-05	0.000566766242136493
Zm00001d017952	200.806074223082	2.01705288264247	0.465983363272631	4.32859419803439	1.50064146709076e-05	0.000578307549286038
Zm00001d021577	297.66406007323	1.42994112398731	0.330599650984209	4.32529532239468	1.52327648935699e-05	0.000586188263953131
Zm00001d012171	33.9831783728975	1.7862445014351	0.41325140681408	4.32241602080915	1.54329833681573e-05	0.00059219381960045
Zm00001d044644	150.579550386249	-2.76624341127863	0.64004791921738	-4.32193173076956	1.54669050562112e-05	0.000592647610596708
Zm00001d039997	296.633671456211	1.09273982431259	0.252941951760426	4.32012094754287	1.55943706889832e-05	0.000596679330413561
Zm00001d038352	2089.46238043591	-2.41062888782358	0.558514005168268	-4.31614760868408	1.58775826949482e-05	0.000606650317726354
Zm00001d015569	3120.64550114651	1.12631282685088	0.261560194329462	4.3061323980826	1.66133645150891e-05	0.00063206193336698
Zm00001d016933	114.23636231136	1.59659876961253	0.371797335387516	4.29427168419168	1.75267742132156e-05	0.000664926644903632
Zm00001d033799	2331.02240416051	-1.15077900669835	0.26822135280922	-4.29040788380808	1.78345251741846e-05	0.000673743146791519
Zm00001d014043	146.859983380987	2.31894967714569	0.540568496824764	4.28983503620156	1.78805883028362e-05	0.000674533248183786
Zm00001d003012	568.377145803749	1.41593320594035	0.330197985198649	4.28813399660363	1.80180392085448e-05	0.000678763830971331
Zm00001d043037	106.947007656445	1.83768495812808	0.429955364174333	4.27412962193666	1.91885386080534e-05	0.000716462906895079
Zm00001d050323	818.477003786748	-1.02326226228695	0.239454216697753	-4.27331068292918	1.92591811151798e-05	0.000716462906895079
Zm00001d020133	121.130344492164	1.02632563435942	0.24015299284412	4.27363249653772	1.92313916552616e-05	0.000716462906895079
Zm00001d010287	645.116547774015	1.67710426246682	0.392400771856225	4.27395760343027	1.92033565925594e-05	0.000716462906895079
Zm00001d032103	348.408080837477	1.82663338638669	0.427891307952263	4.26891912137294	1.96422468778649e-05	0.000728692041159186
Zm00001d026632	13734.5474942899	-1.59162995589032	0.372832012605281	-4.26902707406562	1.96327440314093e-05	0.000728692041159186
Zm00001d010373	140.478787617815	1.72193694379522	0.403525719800434	4.26722971870744	1.9791533282441e-05	0.000732204835450528
Zm00001d038984	308.823140365744	-3.00583173858905	0.705417849284148	-4.26106561045959	2.03454488304344e-05	0.000748092099498357
Zm00001d032468	512.54331528155	1.00811934739954	0.236891280410079	4.25562032361175	2.0847021447433e-05	0.00076076028471163
Zm00001d025576	311.221055849166	-2.62291820616409	0.616267735751203	-4.25613423192904	2.07991861746627e-05	0.00076076028471163
Zm00001d042735	139.943887567161	3.59332907288094	0.84429040836874	4.25603446072974	2.08084648288132e-05	0.00076076028471163
Zm00001d034571	20.1559094673212	1.8574980643248	0.436863127644748	4.25189938628855	2.11965090958382e-05	0.000772462998598603
Zm00001d011303	402.494248104755	2.11358367528021	0.497242475529065	4.25060967092837	2.13189415395671e-05	0.000775870624117052
Zm00001d038296	533.417465002843	-2.80521462055584	0.66072176912933	-4.24568214886038	2.17929384738389e-05	0.000792046335698248
Zm00001d048890	1101.14946607877	-1.69096859978589	0.398837720395569	-4.2397409104354	2.23777918915384e-05	0.000807829251836935
Zm00001d049055	308.627895058289	1.72739808677857	0.407477655167345	4.23924616447779	2.2427162525156e-05	0.000808523324260395
Zm00001d014349	64.6613212288321	-2.31140710650155	0.54546264395265	-4.23751677979656	2.26005533651806e-05	0.000812589869116453
Zm00001d015307	496.150763937777	1.38267773897508	0.326507261862051	4.23475340514558	2.28802643766812e-05	0.000820447127154202
Zm00001d020544	2260.60697022085	-1.14463855678455	0.270294735060073	-4.23477932905411	2.28776250957996e-05	0.000820447127154202
Zm00001d048907	326.781189731188	1.09146926450768	0.257850288794193	4.23295730872285	2.30638298753122e-05	0.000824824059887499
Zm00001d002523	746.687290947151	1.079833246331	0.255148707532495	4.23217211944322	2.31445176554637e-05	0.000825893680634128
Zm00001d033815	44.2330253567793	2.19137954134369	0.518077023328924	4.22983348549776	2.33864353769576e-05	0.000831924362971827
Zm00001d025037	52.0401508901068	-1.85660087634182	0.439342630400443	-4.225860974724	2.38028920924931e-05	0.000843383317972062
Zm00001d020982	586.474663691632	2.00608436852996	0.475420681926251	4.21959844153593	2.44737842345451e-05	0.00086486935538731
Zm00001d049544	189.769879918909	1.54490802709417	0.366447798699565	4.21590205365314	2.48781728289252e-05	0.000876093765500422
Zm00001d045052	268.904902658859	2.71980787172307	0.645504326881862	4.21346187540093	2.51486053005055e-05	0.000884057524731531
Zm00001d025964	265.717571287909	3.07718623441282	0.731128518334502	4.20881713302962	2.56711038419221e-05	0.00089771883604698
Zm00001d037468	69.1658327147883	-1.4181705547678	0.337402421093542	-4.20320207001307	2.63165459743455e-05	0.000919091661619654
Zm00001d019457	1600.73038333271	-1.80088734656485	0.4290427049936	-4.19745476523534	2.69931550795036e-05	0.000937837312878815
Zm00001d052234	153.454843896161	1.24588185669549	0.296957477539761	4.19548908826071	2.72283395685356e-05	0.00094478463636127
Zm00001d041853	81.3811642191944	2.22607584151084	0.531473193768788	4.1885006950685	2.80803450842574e-05	0.000970581205992208
Zm00001d038703	12461.1081139133	2.17055888718194	0.518858368492499	4.18333599106885	2.87262350597503e-05	0.00099035356911648
Zm00001d044495	5221.72621023362	1.5662128460514	0.374946666448551	4.1771616771163	2.9516922695333e-05	0.00101370409799516
Zm00001d046945	2072.15051517383	1.13595510846323	0.272465224143981	4.16917466084755	3.05704654444213e-05	0.00104453633649716
Zm00001d006886	104.535608074874	-1.30322029421256	0.31289973025519	-4.16497736559154	3.11383455410317e-05	0.00106258613753378
Zm00001d016625	11169.9700812694	-1.32374304128206	0.317926052587533	-4.16368218492445	3.13155934389039e-05	0.00106727680713886
Zm00001d029083	522.392726905943	-1.3145544395212	0.316143609330683	-4.15809271711765	3.2091577770563e-05	0.00108956999868613
Zm00001d051896	698.06612805849	1.41127067802793	0.339877651750851	4.15229030434301	3.29164327631923e-05	0.00111558666183186
Zm00001d017696	745.826064224664	1.38308018328388	0.333262079385106	4.15012768880206	3.32289853365262e-05	0.00112250358274094
Zm00001d021781	264.328366677655	-1.21823433321791	0.294048597143023	-4.14296937667541	3.42837739182508e-05	0.00115088783984396
Zm00001d032152	3836.03369407728	1.33027793382936	0.321254566932432	4.14088411732728	3.45969722941875e-05	0.00115994998859337
Zm00001d034897	151.530976970688	-1.42035970148066	0.34326551562806	-4.13778733025915	3.50671170693543e-05	0.0011742449613411
Zm00001d042811	5106.41490564313	-1.04945860676031	0.253688335639726	-4.13680275884143	3.5217858482346e-05	0.00117782219477991
Zm00001d002274	240.75879346626	-1.4202604994919	0.343578791838088	-4.13372575150448	3.56929359153657e-05	0.00119222406864501
Zm00001d003945	1922.48845953053	-1.1746386170933	0.284294584665839	-4.13176571222408	3.59987240987709e-05	0.0011979625034457
Zm00001d048669	298.368066768423	-1.73836440708578	0.420824244067039	-4.13085612721698	3.61414731185576e-05	0.00119973588117073
Zm00001d039542	546.520500967844	1.23135615663065	0.298299416779032	4.12792009426821	3.66059265134264e-05	0.00120916768589055
Zm00001d034097	17.2262325991695	-3.28247371906072	0.795721966884518	-4.12515156759157	3.70490686795002e-05	0.00121930076088534
Zm00001d049201	2710.14670107064	1.13120184583112	0.274394439455112	4.12253924706872	3.74718741532296e-05	0.00123170417712981
Zm00001d051634	1230.21564521065	-1.57228652724693	0.382212055688129	-4.1136497497867	3.89452198839966e-05	0.00127856632524915
Zm00001d024734	8053.17947677842	1.3661431368501	0.332146551678969	4.11307337060818	3.90426230021866e-05	0.00128019710778075
Zm00001d022965	402.771055592158	-3.21732579755365	0.782798783198251	-4.1100291244817	3.95609217500099e-05	0.00129560811132939
Zm00001d010131	1035.13529423138	1.23256365212927	0.300492285182489	4.10181463188225	4.09922620285715e-05	0.00133110708490357
Zm00001d050417	463.833435729762	1.6507474510176	0.40284790520983	4.09769401719437	4.17286373796569e-05	0.0013468658385044
Zm00001d008909	13.6332294731684	-3.1345024077013	0.764906563137473	-4.09788928316196	4.16934608773042e-05	0.0013468658385044
Zm00001d030343	545.763148167108	1.70911135917115	0.41727803475656	4.09585747825965	4.20608643717633e-05	0.00135432953683005
Zm00001d011157	107.107887424819	2.08511301781034	0.50976123897097	4.0903718415693	4.30682142853389e-05	0.00138344388450462
Zm00001d029232	21.5097624992146	2.47167374063419	0.604495372052888	4.08882161039596	4.33570113240581e-05	0.00139105473413144
Zm00001d051791	907.945424731421	1.6940122928876	0.414682600157228	4.08508167992896	4.40613142116036e-05	0.00140524681306021
Zm00001d043973	122.931651849902	-2.17966308884283	0.533623088564046	-4.08464913823012	4.41434669418387e-05	0.0014061948578551
Zm00001d042041	98.42014092719	2.08767297928439	0.511892026212718	4.07834635505116	4.53571617007542e-05	0.0014346341876623
Zm00001d043180	190.507536594685	1.65411558419727	0.405936596950806	4.07481265946989	4.60514042001035e-05	0.00144822478252121
Zm00001d021936	2129.3587682964	1.08404401259959	0.266193244620561	4.07239490297667	4.65321983239736e-05	0.00145464641427228
Zm00001d033273	1320.75626173403	2.00821733501515	0.49379135930333	4.06693494565896	4.7635533897195e-05	0.00148394923367081
Zm00001d009372	99.0050515517568	-1.89764424117072	0.466640781706519	-4.06660608237236	4.77027756860136e-05	0.00148432001096317
Zm00001d035139	2657.20329856951	-1.16521245854736	0.287002104830647	-4.05994394791956	4.90844977683087e-05	0.00150979862286878
Zm00001d011959	1655.01680181994	1.01763120540819	0.250708045818739	4.05902890784741	4.92772137092834e-05	0.00151225792461144
Zm00001d002736	147.144172748433	2.58624716518208	0.637261466279754	4.0583768233787	4.94149862172047e-05	0.00151333776242716
Zm00001d044132	167.176545294993	-1.0752962934253	0.265716693197058	-4.04677734201613	5.19275917400691e-05	0.00158272939278651
Zm00001d053016	808.219229530801	-1.06101233771527	0.262267468800743	-4.04553543207971	5.22036687656136e-05	0.0015893380290934
Zm00001d014090	2044.31734494317	-1.04388987580526	0.258223881279236	-4.04257681603208	5.28669847308936e-05	0.00160588704920955
Zm00001d013032	21.4381238413646	3.71944955039287	0.921233022423747	4.03746876181997	5.40310367840352e-05	0.00163384494771296
Zm00001d021572	60.4055253700223	1.35538393867157	0.335858218355881	4.03558366178012	5.44667265445141e-05	0.0016451650218209
Zm00001d016601	126.623073466189	-1.34793809995874	0.334043491603441	-4.03521737091332	5.45517700609819e-05	0.00164588028861154
Zm00001d052932	194.244727387642	1.09351302513104	0.271066651438376	4.03411123916746	5.48093502208882e-05	0.00165179369845468
Zm00001d043276	262.089746547352	1.61892744086443	0.401824807922611	4.02893850490244	5.60292710408278e-05	0.00168398881882965
Zm00001d046493	137.543043421912	-1.45126563372072	0.361058562273823	-4.01947436056119	5.83281286391553e-05	0.00174024145312505
Zm00001d050302	833.720119494186	-1.07422302708959	0.267413600842056	-4.01708448525796	5.89226039819874e-05	0.00175213091353089
Zm00001d028004	261.956446617828	-2.16626219235003	0.540157881558002	-4.01042411174634	6.06097791574869e-05	0.00179039151603757
Zm00001d026964	47.3144125576032	1.23924341687089	0.309525335265848	4.00368976519003	6.23621339979864e-05	0.00183407583124341
Zm00001d032081	1343.77823785773	-1.93888235268993	0.484355334351519	-4.00301641208475	6.25399618750426e-05	0.00183528102561531
Zm00001d024687	70.3375210887041	1.10848379593403	0.276909908700411	4.00304850460696	6.25314755797348e-05	0.00183528102561531
Zm00001d025412	1115.85530357289	1.03240993905089	0.25800371842071	4.00153123904753	6.2933884295304e-05	0.0018448225623701
Zm00001d004007	200.402344944965	-1.41689359783995	0.354683665502631	-3.99480927838061	6.47463520337125e-05	0.00188763766766113
Zm00001d049713	271.562267516692	1.15812391139446	0.29005483614137	3.99277573441321	6.53043261400704e-05	0.0018977168317757
Zm00001d018801	478.818608090915	1.345361980347	0.337136687056143	3.9905534817187	6.59192820137522e-05	0.00191351404997063
Zm00001d023240	9.13614851746335	2.67453446442382	0.670454744861366	3.98913496387717	6.63146846381233e-05	0.00192083420233666
Zm00001d016062	212.271365335202	1.32739723892432	0.332925926506171	3.98706478901913	6.68957624240874e-05	0.0019355751237744
Zm00001d016085	60.2450104193875	-1.17252773897848	0.294592365666181	-3.98017014570952	6.88659605163017e-05	0.00198402018578759
Zm00001d000214	8.86894945151342	-5.17721679016029	1.30253518899779	-3.97472316593904	7.04611660383162e-05	0.00202763394991019
Zm00001d001943	9094.00752038399	-1.81978586552951	0.457952619852994	-3.97374266821244	7.07520025245883e-05	0.0020318096485166
Zm00001d002971	35.6229483663898	2.57312721362056	0.647588404232529	3.97339914798201	7.08541662955287e-05	0.00203256732446917
Zm00001d025847	441.914182489998	1.42199711746694	0.358169763419733	3.97017633172046	7.18194598600743e-05	0.00205148195140246
Zm00001d036535	134.634414258525	-2.73019139030694	0.688770745516279	-3.96386084641338	7.37472508403121e-05	0.00210207094796902
Zm00001d013997	205.544937684798	2.10317215007419	0.530682676207529	3.96314453885004	7.39689667942874e-05	0.00210391901098237
Zm00001d009741	7.89689023484615	2.74760305036803	0.693245011064097	3.96339390333382	7.38917105208929e-05	0.00210391901098237
Zm00001d031727	3542.64267995114	-1.55202313251314	0.392214334032199	-3.95707907091872	7.58718217596345e-05	0.00215155109959962
Zm00001d015032	197.777357943429	-2.28550136775414	0.577615400624289	-3.95678744937195	7.59644654134978e-05	0.00215155109959962
Zm00001d017767	151.538859185026	1.16469566501235	0.294578405978056	3.95377136061734	7.69289251131503e-05	0.00217198697829991
Zm00001d028900	11.5075576500168	3.81989172519568	0.967264383794953	3.94917024672072	7.84225627128621e-05	0.00220950627844999
Zm00001d032467	511.809369890904	1.33913917485072	0.339209232429564	3.94782643520408	7.88639447159023e-05	0.0022196104146589
Zm00001d040129	45.0102018877892	-1.31231925510345	0.332539648488973	-3.94635424998642	7.9350187120881e-05	0.0022287514669576
Zm00001d023282	16.5855049526457	1.80597554668195	0.457915391488973	3.94390662608999	8.01648818438153e-05	0.00224444933279208
Zm00001d053829	87.1896994369834	-1.22766120154164	0.312070471243527	-3.93392299069405	8.3570568447959e-05	0.00232282879472659
Zm00001d040277	29.2682548869828	2.07507906301854	0.527621212296408	3.93289544593366	8.3928749299767e-05	0.00232795957985352
Zm00001d000556	89.5506112044815	-2.3587491880785	0.599729777891238	-3.93301996171058	8.38852685539225e-05	0.00232795957985352
Zm00001d026068	49.9348890917088	-1.98510428432768	0.505118103117187	-3.92998047798564	8.49527586363056e-05	0.00234907514653916
Zm00001d030424	43.9673648188465	-1.81268306079342	0.461527061228564	-3.92757697884094	8.58059613643156e-05	0.00236778548941736
Zm00001d046530	1152.32066405792	1.5929480731665	0.405577598345659	3.9276036932614	8.57964338437278e-05	0.00236778548941736
Zm00001d035562	1603.15142912722	-1.55747028097999	0.396958417232054	-3.92350990272496	8.72681765660646e-05	0.00240318997110368
Zm00001d039022	18.9428484557948	2.75953226994833	0.704008718745004	3.91974161181922	8.86439549962325e-05	0.00243109218906846
Zm00001d014100	1935.648720797	-1.46261281384755	0.373520770195223	-3.91574694248758	9.01247426745807e-05	0.00246917859858795
Zm00001d003039	228.036094629688	1.67972089639749	0.429295418858782	3.9127389266412	9.12551761031793e-05	0.00249697675892801
Zm00001d041055	26.2580955096117	1.36399210998592	0.348641050520417	3.9123106930463	9.14171941405815e-05	0.00249697675892801
Zm00001d006237	194.16915359193	-1.01061400612889	0.258655044378645	-3.9071884662317	9.33763191025935e-05	0.0025426798283957
Zm00001d052269	830.363724158724	1.64483417540743	0.421384686980614	3.90340281986351	9.48496445422496e-05	0.00258017968145256
Zm00001d009481	83.620393938564	1.03818197584782	0.266036207280506	3.90240857235334	9.52402172940148e-05	0.00258817944099297
Zm00001d042470	225.647629265152	1.19795718670583	0.307119817656626	3.90061831843493	9.59473193356095e-05	0.00260212234501488
Zm00001d032495	36.3849816971827	-3.06552719818494	0.786607178964192	-3.89715131029142	9.73308126068035e-05	0.00263122940667374
Zm00001d047077	603.091676969002	-2.90104419254149	0.744737727929919	-3.89539039549569	9.80406892424106e-05	0.00264020819965857
Zm00001d022390	374.595697029885	-1.13220370329209	0.290711354385891	-3.89459746312212	9.83619372331469e-05	0.00264609252745152
Zm00001d012615	42.8043448619013	-1.24041334553508	0.318579208733631	-3.89357908968946	9.87759781267389e-05	0.00265100430552362
Zm00001d014919	86.4185387852312	-2.14197919990171	0.550814872089502	-3.88874612585563	0.000100763451913644	0.00268389007669092
Zm00001d023411	106.795765645779	-2.57137568442112	0.661554963181512	-3.88686628856204	0.000101546651809593	0.00270206775281438
Zm00001d048692	897.13462821672	1.28619241655671	0.331396780517251	3.88112526183626	0.000103974267905635	0.00275845481084564
Zm00001d038412	1378.91332760029	1.36079635504242	0.351137698111403	3.87539236704427	0.000106453026927863	0.00280755465905519
Zm00001d053445	244.607863099057	-1.71040325372762	0.441566568987355	-3.87348901355936	0.000107288245381223	0.00282237047946324
Zm00001d047050	149.229738357736	-1.32420034284617	0.341965615284624	-3.87232015050406	0.000107804219486292	0.00283205168958014
Zm00001d005692	265.91051401363	-2.20799626918711	0.57027362851825	-3.87181899840639	0.000108026160650628	0.00283510536298545
Zm00001d025565	6.68092076475987	-3.69761924001739	0.955679962501567	-3.86909779957987	0.000109238821093291	0.00285297337815408
Zm00001d008956	48.1745852150667	-1.38617679293927	0.358255733578185	-3.86923826478482	0.00010917591184946	0.00285297337815408
Zm00001d030542	176.871290686289	-1.44316083663833	0.373215773970898	-3.8668270134554	0.000110260580876826	0.00287127116531866
Zm00001d022518	1208.74787146238	-1.37576822314184	0.355845356246697	-3.86619692793759	0.000110545687235807	0.00287590341710846
Zm00001d019497	3003.5337547313	-1.49399057645672	0.38670305656261	-3.86340514020435	0.000111817326835342	0.00290335366929095
Zm00001d025900	440.158060475872	-1.665468476618	0.431357934974113	-3.86098954391079	0.000112928736663018	0.00292654548287485
Zm00001d049690	256.235268667791	1.93801808853107	0.502000125221143	3.86059283885103	0.000113112252833819	0.00292847185859911
Zm00001d037118	17.9729979571857	4.11929342330415	1.06720574863468	3.85988683866642	0.000113439545216377	0.00293128659132338
Zm00001d051569	36.4502453605312	-2.4222562107358	0.627773788239933	-3.85848574137986	0.000114091722633399	0.00294246940814714
Zm00001d020434	56.2776531388025	-1.23222167030472	0.319575418298382	-3.8558086753538	0.000115347678846516	0.0029641462499372
Zm00001d037336	483.302661179535	1.82298429018419	0.473280826339438	3.85180254244389	0.000117251552866128	0.00299657906189045
Zm00001d047068	58.8730524214692	1.36344660535083	0.354420827033218	3.8469708926644	0.000119587170330383	0.00302886410066244
Zm00001d018435	59.2470874247324	1.77349749612571	0.461145363734282	3.84585346747109	0.000120133544316586	0.00303983200533912
Zm00001d022075	21.0749474801033	2.31975268093668	0.603308341544439	3.84505321938401	0.000120526277466912	0.00304689520661406
Zm00001d052386	1661.0036829869	1.1957637356463	0.311913489296562	3.83363905916036	0.000126261369716515	0.00316207512468381
Zm00001d038201	15.6850209866802	-1.84076531370325	0.480306300885581	-3.8324821271536	0.000126856818210601	0.00317106577636974
Zm00001d031221	3618.25116484093	1.35865287283671	0.354644728486053	3.83102514631101	0.000127610461245816	0.00317787241092988
Zm00001d043853	20.7978154351318	1.62667445694403	0.42461563126353	3.83093399577291	0.000127657750075033	0.00317787241092988
Zm00001d037779	327.574348013813	2.14217591912191	0.559196431666927	3.83081113864806	0.000127721514390516	0.00317787241092988
Zm00001d027532	844.380876758146	-2.48828097584856	0.650428100237073	-3.82560497454156	0.000130451330407702	0.00323057278523294
Zm00001d048063	21.2255811515272	-3.2904698962764	0.860673328401884	-3.82313450143298	0.0001317658550601	0.00325434969099631
Zm00001d007462	61.9878429303255	-1.7687229501678	0.462993908630818	-3.82018622102034	0.000133350954248781	0.00328744420483531
Zm00001d042344	1427.94751226532	1.13520828101931	0.297347363434502	3.81778492301772	0.000134655234316253	0.00331046993110041
Zm00001d032866	717.803280978658	1.03661581387798	0.271539461569529	3.81755126082308	0.000134782789053843	0.0033105713992694
Zm00001d040639	68.7725533336049	-1.3489744675667	0.353589283967872	-3.81508866000947	0.000136134047534944	0.00334070212532686
Zm00001d000986	11.1593171327566	-3.68728971696687	0.967173606538074	-3.81243831721716	0.000137602576072057	0.00337057195927371
Zm00001d032504	148.386017769956	-2.99530096864996	0.787230936731337	-3.80485678203495	0.00014188626228394	0.00346285107095527
Zm00001d026029	338.971226112193	-1.40183578488761	0.368976447911445	-3.79925546148695	0.000145131434831612	0.00352281931679049
Zm00001d008837	1181.61164517554	2.03843033404696	0.536900613113667	3.79666233239224	0.000146657338932382	0.00355342650844115
Zm00001d052837	1114.15780729247	1.21021990241486	0.31884411992158	3.79564754938092	0.000147258581476568	0.0035615596684982
Zm00001d011841	122.513793224845	1.17619675803985	0.310676192906108	3.7859249755752	0.000153137875674459	0.00368236122030424
Zm00001d044695	263.649024869275	-1.55870666926184	0.412024742311913	-3.78304142735647	0.000154923616838518	0.00372010855044112
Zm00001d042813	622.776121656278	1.34687775912838	0.356099741911643	3.78230478881553	0.000155382939822459	0.0037278007262236
Zm00001d019117	705.173255431703	1.11283842093964	0.294441025932137	3.7794951210234	0.000157146672350218	0.00376674534922032
Zm00001d002848	522.299869013764	1.07259995199736	0.283835448655344	3.7789499411675	0.000157491077378346	0.00377163006914464
Zm00001d033822	293.552659043688	-1.29221470672411	0.342253195539107	-3.77561034803093	0.000159616342230074	0.00381231480970173
Zm00001d031187	98.5979658273003	1.2216518174955	0.3237750473386	3.77314999267967	0.000161199308104795	0.00384669736831567
Zm00001d010575	1058.77411947802	-1.08588154871702	0.287891632923826	-3.77184129211679	0.000162047318735398	0.00386349616277408
Zm00001d013118	77.6079741104339	1.38785477401945	0.36851311493751	3.76609330241826	0.000165821845585174	0.00392173090232437
Zm00001d032789	1887.98676704322	-1.02254305792649	0.271738706444402	-3.76296432446477	0.000167911162389668	0.00395967513876586
Zm00001d003174	244.646103923594	1.2150895901923	0.323107457103647	3.76063617065491	0.000169481784740166	0.00398757932482521
Zm00001d015309	88.4274860680262	-1.02173355627072	0.27176483920505	-3.75962379555586	0.000170169056765409	0.00399673768875814
Zm00001d044430	205.902021853492	1.39914994277012	0.372717305481913	3.75391730459379	0.000174092319069465	0.00407461097912844
Zm00001d052277	131.370561195946	1.09740163676555	0.292540973407357	3.75127498887973	0.000175937605493544	0.00411062583148767
Zm00001d017535	139.611153468733	-1.28395754627668	0.342539585956849	-3.74834792507288	0.000178003215146747	0.00414804712134323
Zm00001d044660	511.712100568932	-1.25131247279644	0.334443955629269	-3.74147133394007	0.000182946047787241	0.00425214808817104
Zm00001d035440	7118.47470950499	-1.08384082969484	0.289725070809961	-3.74092869030917	0.000183341538825714	0.00425765086959594
Zm00001d026002	89.2059630889101	1.5161336194821	0.405411095180704	3.73974377491151	0.000184207927632542	0.00426403144729318
Zm00001d032973	153.601029877137	1.54308803286193	0.412788942807721	3.73820098563228	0.000185341756158074	0.00427817261933895
Zm00001d047651	213.22161012351	-3.53444401092354	0.946752917688247	-3.73322748194306	0.000189041713980101	0.00434860793514089
Zm00001d029419	510.285775123173	-1.19032426570801	0.31898865261353	-3.73155676841628	0.00019030011355997	0.00436632133952567
Zm00001d050872	365.286297280418	1.61909704112864	0.434023389085896	3.73043730324914	0.000191147707334204	0.00437837197641165
Zm00001d051695	186.720473156675	1.87478679072211	0.502730456110557	3.72920870007888	0.000192082017153601	0.00439217720724116
Zm00001d026012	685.102937902807	-1.6209007284782	0.434771292834236	-3.72816870661283	0.000192876248267296	0.00439908735631412
Zm00001d001206	137.245248456556	-2.6070331253893	0.699373154449212	-3.72767114208502	0.000193257323124151	0.00439991615826554
Zm00001d000390	91.9492426172011	1.34755838891112	0.361500974243674	3.72767567703091	0.000193253846705807	0.00439991615826554
Zm00001d001373	11.5081993285451	-7.01262186238358	1.88170705910108	-3.72673409947966	0.00019397690726356	0.00440919373442645
Zm00001d003398	31.0317280256849	-1.22444248352728	0.329520242137142	-3.71583389107149	0.000202534613169716	0.00457271329498158
Zm00001d002820	729.953076199822	-1.25067727666514	0.336760724242544	-3.71384542980246	0.000204133504214201	0.00460493595461169
Zm00001d025057	886.526090025849	1.15017769404638	0.310007568466779	3.7101600445914	0.000207128264088335	0.00466136269743262
Zm00001d045946	101.460119632592	1.5148394348343	0.408267879592591	3.71040561982479	0.000206927432244343	0.00466136269743262
Zm00001d030895	3574.47091681997	-1.03858270695117	0.280114337237664	-3.70770992014588	0.000209142030051731	0.00469816376050881
Zm00001d020530	1744.76106207601	-1.25869221284489	0.339592534678449	-3.70647786482324	0.000210161594920745	0.00471711656817089
Zm00001d013689	151.689306495571	2.14637535362998	0.579646781048811	3.70290222218838	0.000213147047830146	0.00477089161717989
Zm00001d029579	450.806225762787	1.08340217531634	0.292790947900337	3.70025843724214	0.000215380013813171	0.00481317717938701
Zm00001d036499	53.5711441180622	-2.65762030399983	0.718386050005788	-3.69943194745837	0.000216082569466688	0.0048181546886798
Zm00001d013759	131.473085046733	-1.90115325880384	0.514188026294758	-3.69738920702523	0.000217828238683852	0.00483691646493281
Zm00001d046142	32.529408456823	-2.53692712790662	0.686188413196239	-3.69712906705858	0.000218051495157861	0.00483753283963948
Zm00001d024371	55.4482973455955	-2.10819433814868	0.570589768591201	-3.6947636536734	0.00022009141380459	0.00487041603357464
Zm00001d046169	84.3830086548524	2.73658274058231	0.740704180654756	3.69456904936499	0.000220260034625533	0.00487041603357464
Zm00001d033365	299.911262718782	-1.12008915865905	0.303293483512638	-3.69308679397452	0.000221548365605493	0.00489083972203336
Zm00001d046471	159.571453970415	1.69805896355036	0.46003415486445	3.69115846202918	0.000223235002403096	0.00491997472017735
Zm00001d029703	202.856327006361	-1.2662983085901	0.343465112363303	-3.68683241181906	0.000227062782498261	0.00499203110833471
Zm00001d044546	92.8345947044058	1.68519707139967	0.457111759371984	3.6866193810348	0.000227252859015761	0.00499211808724058
Zm00001d022500	97.8890289219079	1.17468759029538	0.318967171613146	3.68278523571723	0.000230699508605131	0.00504716331142482
Zm00001d036250	350.681539049464	-1.01930742307602	0.276941593441925	-3.680586257946	0.000232698322774898	0.00507611758381328
Zm00001d011368	29.4750782142103	-2.19182199464066	0.595523407126982	-3.68049680064599	0.000232779980168904	0.00507611758381328
Zm00001d004323	27.5801024970791	-4.87013566951893	1.32345656497022	-3.67986060020679	0.000233361485519917	0.0050846643091919
Zm00001d020067	23.5229470673582	2.09802089392543	0.57065704047806	3.6765004987371	0.000236455393207951	0.00513970565577016
Zm00001d025933	697.60376363071	1.34627136549692	0.366357979149046	3.67474285294388	0.000238089086836236	0.00517087083977451
Zm00001d019956	21.775533370525	-1.56457319311898	0.42595393113583	-3.67310424614925	0.000239621669864855	0.00519574165651992
Zm00001d012293	78.5854634521708	-1.3211333324852	0.35998180054839	-3.67000034577473	0.000242550140476506	0.00525075049867703
Zm00001d035300	43.6961357819031	1.75073399972318	0.477072928293091	3.66974082136057	0.000242796511762556	0.00525184519233489
Zm00001d013287	164.296048946215	1.41485732966496	0.385797742509489	3.66735512878269	0.00024507231765771	0.00528326881443971
Zm00001d034678	501.857202174856	-1.06468751428844	0.290463866597167	-3.66547318522414	0.000246881679894352	0.00531023289344532
Zm00001d035597	474.300262559495	-2.02903681402635	0.55378504291914	-3.66394296843191	0.000248362108900112	0.00533352160521922
Zm00001d044004	302.518970441597	-1.20892900793407	0.330385403202725	-3.65914775960083	0.000253055408366283	0.00541833138850004
Zm00001d038511	122.855368395918	1.40857809774072	0.384975372433819	3.65887845977177	0.000253321436178475	0.00541833138850004
Zm00001d024633	3382.17720909483	-1.00421644609202	0.274566752879829	-3.65745828859161	0.000254728696041019	0.00544133087371129
Zm00001d007781	12.5816137016304	2.54140650815432	0.695529434500334	3.65391654485487	0.000258270245497837	0.00549787660693887
Zm00001d005682	1120.21825218698	1.5284374273375	0.418813429018164	3.6494470364063	0.000262805415996414	0.00557671429418974
Zm00001d034723	138.385623428599	1.70632360204944	0.467976614890365	3.64617279529917	0.000266175025797732	0.0056348433638096
Zm00001d001936	130.094052301691	-1.97289467105615	0.541254880167176	-3.64503812038938	0.000267352169832572	0.00565084310421533
Zm00001d012403	37.753432077632	-2.37655603330577	0.65220294841393	-3.64389035511912	0.000268547857673571	0.00566718382259679
Zm00001d039930	21.8076198538823	2.20521932908423	0.605489909277293	3.64204142017224	0.000270484537764666	0.00569321194156661
Zm00001d051814	794.707099936758	1.05471082416313	0.289648215018708	3.64135102332671	0.000271211049804191	0.00569649395289585
Zm00001d027718	38.4382782646043	-1.44759863669212	0.397709972887209	-3.63983489320911	0.000272812913352483	0.0057211790163724
Zm00001d046668	43.4642454348548	-2.8231274380446	0.775734719026617	-3.63929494039796	0.00027338553742487	0.00572870850375771
Zm00001d013261	597.646760736356	3.1666984694204	0.872799594559853	3.62820799775616	0.000285395297258554	0.00594322411728954
Zm00001d019221	3275.76901409849	-1.31978039233816	0.363790103132279	-3.62786227820572	0.000285777622783106	0.00594656896686459
Zm00001d018260	74.9455073576011	-1.05476938864705	0.290825447468203	-3.62681257032149	0.000286941419869543	0.00596215831468733
Zm00001d006536	63.3916432181932	1.12747991732357	0.311020386104722	3.62509972881311	0.000288849962832309	0.00599190541615482
Zm00001d014391	717.384118875233	1.11429451881779	0.307783961513301	3.6203787661289	0.000294172063539323	0.00607883692625445
Zm00001d012068	98.5519556002494	-2.25729105237754	0.624014051229006	-3.61737215361059	0.000297609248191509	0.00612622813122998
Zm00001d010507	102.647470977142	1.03268848105431	0.285862093835365	3.61254081364514	0.000303211363884732	0.00623198099779025
Zm00001d053163	127.724009835166	1.45581751886148	0.403088082591942	3.61166102828014	0.00030424207655782	0.00624359676926844
Zm00001d046687	698.457084139217	-2.28427508000966	0.632630363180153	-3.61075789743461	0.000305303551725303	0.00626059011037927
Zm00001d018119	189.684996933621	-1.46974974296572	0.407286891431412	-3.60863502824822	0.000307812291315691	0.00629759060081576
Zm00001d042371	48.7429378990078	-1.43235395939279	0.397008111473721	-3.60787076635738	0.000308720187695456	0.00631135127619476
Zm00001d020503	73.9191752975286	2.56803079852064	0.712631855391235	3.60358687180885	0.000313855781533472	0.00638713184544065
Zm00001d007952	66.7201291228456	-1.40988532604549	0.391285041334927	-3.60321805616554	0.000314301642087106	0.00639011118615079
Zm00001d053734	201.578163978309	1.13340089057993	0.314569296018396	3.60302453203715	0.000314535830181403	0.00639011118615079
Zm00001d032887	10.1066986504609	2.84098676015751	0.788928213859219	3.60107131453721	0.000316908626691993	0.00641034931005479
Zm00001d002089	689.241702432681	1.25922858247722	0.349666377288046	3.60122866900611	0.000316716851400234	0.00641034931005479
Zm00001d017849	877.644266044946	1.28744284085117	0.357498137597508	3.6012574764813	0.000316681754142472	0.00641034931005479
Zm00001d040670	2821.04698885444	-1.44637939625175	0.402269126268487	-3.59555158922734	0.00032370496876981	0.00652813133258936
Zm00001d021949	979.147076592494	1.54457941385574	0.429779987880952	3.59388398113033	0.000325784947468653	0.00656514189406778
Zm00001d042673	300.874474246744	1.06162698379766	0.295768456057266	3.58938541976266	0.000331458478604866	0.00666445225872542
Zm00001d012419	16.7294358497685	-2.55696436134405	0.712830188422187	-3.5870595870859	0.000334427921480952	0.00671409110027102
Zm00001d047830	392.912859246619	2.37404265674471	0.662616385697898	3.58283119461989	0.000339890265018712	0.00680846653348162
Zm00001d033300	403.645862214364	1.00479081998929	0.281100422790593	3.57449060380038	0.000350910413622005	0.00698228420932449
Zm00001d054081	204.49877822923	1.96341573849276	0.549263892465376	3.57463100237657	0.000350722175678602	0.00698228420932449
Zm00001d005055	10.5234617823255	2.85928945938656	0.800703484801141	3.57097166886526	0.000355659368074418	0.00705062495971326
Zm00001d052532	468.972517463889	-1.67480784938887	0.469425673775653	-3.56778067956567	0.000360017644939756	0.00712648950005472
Zm00001d040464	93.9012922696008	-2.84284392606317	0.797564208858033	-3.56440759814637	0.000364678889435962	0.00720281087809379
Zm00001d018603	322.8923152153	1.29934395058101	0.365016254286103	3.5596879188908	0.000371295766397457	0.00732271694581809
Zm00001d022101	40.4134151229812	-1.25857579010639	0.35382625037767	-3.55704470418179	0.000375050351499078	0.00739133029236463
Zm00001d046824	89.6067710383886	2.61356857691081	0.735281316656646	3.55451514638617	0.000378676699549782	0.00745731750023806
Zm00001d013013	39.4584130903746	-1.08433409527206	0.305581425085421	-3.54842934242141	0.000387535958632737	0.00760386940925184
Zm00001d010627	36.2109941124881	1.69744554918491	0.478558046433738	3.54700033117077	0.000389644101500706	0.00763964480296195
Zm00001d027537	2753.57916612622	-1.00946093679651	0.284804665501815	-3.54439747332747	0.000393511518538527	0.00770983634057003
Zm00001d032295	4078.21781762864	1.17549854309007	0.331748073858326	3.54334700249704	0.000395082479818263	0.00773496516327404
Zm00001d038696	702.517868979268	-2.73426094694383	0.771702793378978	-3.54315284381905	0.000395373481686737	0.00773501643019815
Zm00001d043650	6110.99426008193	1.47343376457908	0.416432012526603	3.53823366181522	0.000402813426715238	0.00785193439778787
Zm00001d003185	906.08845842182	1.6387037080122	0.463784797222047	3.53332778009891	0.000410363351815131	0.00797014179752747
Zm00001d003468	654.085768649145	1.24998840228602	0.354658948038722	3.52448009333615	0.000424314695538367	0.00817745884838782
Zm00001d037337	171.645044778385	-1.41750281644494	0.402193233523789	-3.524432283521	0.000424391272722237	0.00817745884838782
Zm00001d014843	88.5815137982671	-1.17314508801349	0.33311731208144	-3.52171756154986	0.000428760685040669	0.00823797929381148
Zm00001d016705	913.39184228406	-1.30942055343043	0.371875929593732	-3.52112209806358	0.000429724698596648	0.00824803646272278
Zm00001d015202	222.320356428274	2.19310250811758	0.623243484218542	3.51885348768213	0.000433415991640973	0.0083036312341387
Zm00001d046423	71.1083117559842	1.26403582768002	0.359201554364854	3.51901547284535	0.0004331514446893	0.0083036312341387
Zm00001d042425	245.494781463966	-2.10267690773922	0.599043297320346	-3.51005831656069	0.000448008426055413	0.00855874786585348
Zm00001d046134	791.8849566204	-1.72472008878874	0.49139646953853	-3.50983410688405	0.000448386346767004	0.00855987088468653
Zm00001d011117	149.88338879325	1.25569242911543	0.357784897018216	3.50962949968092	0.000448731485803233	0.00856036693614105
Zm00001d032876	152.194195910181	-1.62324774554446	0.462642850014025	-3.50864115914739	0.000450402149608608	0.0085739435463464
Zm00001d049848	76.1317932360145	-1.64881112224365	0.470141229525666	-3.50705494156972	0.000453095587595281	0.00861909918473803
Zm00001d029428	31.8679010004473	-1.18252659221525	0.337379157765445	-3.50503747785562	0.000456543010488756	0.00866623965133008
Zm00001d002970	535.19630814505	1.81237844091858	0.51705771363236	3.50517629489852	0.000456305019307131	0.00866623965133008
ENSRNA049478590	36.045379640845	-1.57435625548719	0.449256222308836	-3.5043616032655	0.000457703401432216	0.00868212208855367
Zm00001d037857	47.265846036841	2.08486298868727	0.595089329230802	3.50344542622217	0.000459280755410998	0.00869359803926167
Zm00001d031077	729.904499323856	-1.13988976982739	0.32542609499783	-3.5027608029866	0.000460462760019167	0.00870368720876257
Zm00001d038300	406.38465327455	1.62020260599883	0.462656726167554	3.50195407169346	0.00046185922745282	0.00871827957392133
Zm00001d025541	996.797314326927	1.23683541928925	0.353548424384435	3.49834798851872	0.000468149872368924	0.00881173043977493
Zm00001d018619	127.409068958767	-1.62510279479558	0.464599196867554	-3.49785967292331	0.000469007835168534	0.00882168874817001
Zm00001d048076	59.2255956745567	-1.01615261041595	0.290529652326943	-3.4975865708621	0.000469488310562774	0.00882453781773983
Zm00001d047503	1152.60840570962	-1.11254544088877	0.318251739969818	-3.49580316825378	0.000472637203762801	0.00887129116817765
Zm00001d006351	41.0249747358466	2.51038510562132	0.718617171182405	3.49335530278349	0.000476991404723526	0.00892802753488793
Zm00001d008850	643.355263251377	1.20970576617317	0.346319909337532	3.4930298072877	0.000477573198172607	0.00893268362718666
Zm00001d020638	165.39710199155	1.87263332929075	0.536412306493928	3.49103349535465	0.00048115592682329	0.00898603980328305
Zm00001d044599	855.135069713396	-1.15082661133739	0.329696408615468	-3.49056459598754	0.000482001076054332	0.00899042619049326
Zm00001d007560	183.793933861238	3.80736173936295	1.09097090318691	3.48988385321828	0.000483230518541341	0.00899435925520757
Zm00001d040468	293.414957215735	2.00345344330259	0.574076782445564	3.48987017863341	0.000483255245204076	0.00899435925520757
Zm00001d054034	477.990330690668	-1.17305185289764	0.336146383609557	-3.48970540840377	0.000483553278875897	0.00899435925520757
Zm00001d017287	125.781339837446	-1.67012415106741	0.479434174759583	-3.48353171090674	0.000494844494921106	0.00915359933984407
Zm00001d048329	848.160108379058	1.17615588223528	0.337916140254556	3.48061469141211	0.000500264589988502	0.0092474823105938
Zm00001d021870	66.4913103943005	1.34728545684676	0.387236462591278	3.4792319086666	0.000502853222311024	0.00928253897372767
Zm00001d029274	8950.27211676788	1.48209248464609	0.426107190015399	3.47821515190234	0.000504764598734472	0.00930501447921376
Zm00001d035479	151.315482951509	4.58748052006145	1.3203846570404	3.47435158050393	0.000512089574071393	0.00941416487713702
Zm00001d025707	6821.50051799657	-2.19292292626918	0.631225060606915	-3.47407456250344	0.000512618563377527	0.00941743500473426
Zm00001d011944	43.7222606547861	1.58591728108491	0.456709267838526	3.47248762564114	0.000515658783630705	0.00946032824524129
Zm00001d000229	6.65202969381482	5.3995740067097	1.55553861313336	3.47119252529077	0.000518152355396702	0.00948013811490474
Zm00001d028344	456.378443323839	-1.08070990541218	0.311627016731364	-3.46795960359176	0.000524426116168457	0.00957532831032699
Zm00001d053062	35.7532061359123	2.72975586260674	0.787900787016606	3.46459339499201	0.000531033711589103	0.00963693248460279
Zm00001d049946	11.316671185378	-2.73563762912912	0.789742756124651	-3.46396039458871	0.000532284873550192	0.00965218007760636
Zm00001d022464	210.714870084625	-2.3921864283057	0.690895168926434	-3.4624448626886	0.000535291579833186	0.00968798296510507
Zm00001d030529	132.093156066322	1.13878036195213	0.329197278859155	3.45926420138896	0.000541653311651067	0.00976359215396837
Zm00001d012322	519.115099340166	1.16244590178005	0.336082677355106	3.45880933503695	0.000542568838767476	0.00977352679208948
Zm00001d013596	418.802963225704	-1.16636562715527	0.337412468462593	-3.45679468358052	0.000546641165917671	0.00983367495120307
Zm00001d046500	231.038072867034	-1.55795583305915	0.451046447005466	-3.45409179786816	0.000552149395415031	0.00992610662454555
