Gene	HN_B73L2	HN_B73L4	HN_B73R3	HN_B73R4	HN_K55L1	HN_K55L4	HN_K55R3	HN_K55R4	HN_SDL1	HN_SDL2	HN_SDR1	HN_SDR2	HN_W153RL1	HN_W153RL3	HN_W153RR1	HN_W153RR3	LN_B73L1	LN_B73L4	LN_B73R3	LN_B73R4	LN_K55L3	LN_K55L4	LN_K55R1	LN_K55R4	LN_SDL3	LN_SDL4	LN_SDR2	LN_SDR4	LN_W153L2	LN_W153RL1	LN_W153RR3	LN_W153RR4	GeneID	Symbol	Synonyms
Zm00001d002160	5.04101591089551	7.51351515554951	62.5661610308636	48.3659818559217	0	0	45.9134664371531	33.8426999948841	2.65156529803859	1.78786858530919	143.124290120276	153.378562290997	7.7539068637399	0.329620322898699	32.6718634199963	27.7547128144187	5.37427527175792	3.521870917007	45.4610117668669	75.6875700481183	0.709819233292255	0	26.1827914956476	109.688818741352	1.99437823394266	8.39540244917551	60.6228800107818	124.55787406033	35.4846140441766	12.3592475647491	38.3802693945356	46.310239215888	100285556	LOC100285556	GRMZM2G106445
Zm00001d002937	3.97774280700074	3.98038633645957	8.37161664994844	9.36723073134285	0.0205084072392536	0	0.24511390880932	0.283774192503686	0	0	0.206025724182378	0.0903900727241499	0.724827394556661	0.0747878043551669	4.01646773227335	5.27610597902985	6.41042006004642	7.80434756987181	9.13995551699404	9.23889172615334	0.0966308536078531	0.0973213559591695	0.328298159620349	0.139555396498068	0.00822738156095522	0.0401018781296309	0.186262525243211	0.118334363111503	1.24426568726334	2.73517258970103	6.31074888523766	5.38340315814944	100277073	LOC100277073	-
Zm00001d002984	0.0484713068355337	2.05647194776221	9.4824805387733	2.34388988994082	0	0	2.36838695648663	1.84635131661052	0	0.0618877587222411	8.90577008591774	4.53930060726353	0	0.171149013812786	15.147863949271	3.76506239322415	2.6576086508693	3.65732749073804	5.17264717219158	4.15284139048309	3.0713332209761	0.28553356408139	1.25216285239813	1.24198338977447	0.941402313224684	2.60019549539242	2.34986524080254	1.06197505356477	0.781654085588507	0.131636956310937	9.84308684098413	14.8925021410067	100273051	LOC100273051	GRMZM2G035755
Zm00001d003128	2.11190998610759	1.99031705973677	9.38096092652371	7.20275270419984	0	0	0	0	0.540670736553182	0.622262074027533	0.296430241173864	0.332636644578944	0	0	0	0	3.86650914850106	3.94146881922854	7.16987636752832	7.83381236102274	0	0	0.0363350827704814	0	1.60626769693962	1.16506921323879	0.266409140672381	0.307391997926365	0	0	0	0	109943985	LOC109943985	-
Zm00001d003267	4.11426029001318	4.45091703795474	7.40170995799481	5.16073661658417	0	0	0	0	0	0	0	0	3.16420257997942	0.311499071277434	7.35743040970011	9.59415827766526	5.83734320850476	8.20296468136543	6.18388696386849	7.12385741962582	0	0	0.0591946478367963	0	0	0	0	0	5.39035163474679	4.6555781950025	7.89615936586591	9.07458019636059	100272430	LOC100272430	GRMZM5G828887|pco090462(416)
Zm00001d003355	2.15112316887351	2.07420015420844	0	0	0	0	0.125726530811677	0	0.246869872576007	0	0	0	0	0	0	0	4.95896028000569	23.0895071757226	0	0	1.85868613890105	0.69118814477633	0	0	0.759614280326125	0.771356168764991	0	0.107113001092309	0	0	0	0	103646335	LOC103646335	GRMZM2G119967
Zm00001d003482	7.76700005836346	7.38436474337121	7.14621721762626	29.1268354211466	0	0	0.31704951248162	0	0.311270708900183	0.629640675695844	25.5068804177965	9.79184850312021	1.09228948863119	0	9.58848165586849	10.0716830211547	26.3623223346014	3.96210478163287	6.11500022407584	4.03866480493912	0	0	0.606637903646298	0	2.07517814263006	6.0299930062585	4.16988220182857	12.6952191729406	27.8336824389994	0.334815736703905	0.957648862291043	0.75505824808513	100275279	LOC100275279	GRMZM2G171296|umc2249
Zm00001d003516	2.34530909639502	2.03371961244131	3.96826547988125	3.91764453032966	0.0213828895572825	0	0.0170377074464422	0.0174043751243499	2.74325493918572	4.43249382212985	2.94597530840222	3.69123595755089	2.96423888094655	0.24952566499808	2.97919094439346	3.54908395107336	5.75747939556609	5.23960585608459	5.09843122619068	4.37401044474535	0.0335837370891779	0.015610947195104	0.0488995506443862	0.0161673405210962	9.12720336204942	7.37978794359553	4.49658792574131	1.84344478048118	5.63190117441799	4.7140178256489	3.07304277772567	3.31367073828638	100192906	LOC100192906	GRMZM2G345238
Zm00001d003646	3.75072608861813	3.26778305736325	1.14254316984889	0.887013855923697	0.0272647767542709	0	0	0	2.06885288447758	3.10631070194335	0.965170162691526	1.06148868297768	4.52806600823325	0.218737617454871	1.69627052928048	2.285299916142	4.53904778414112	3.82439508217195	0.93958024567817	0.702470381242562	0	0	0	0	3.54386086293161	3.70526718922544	1.18098351932622	1.38810790889238	5.54637299275403	4.49657201905025	1.64983512323201	2.01773758251945	103646437	LOC103646437	GRMZM2G111603
Zm00001d004088	3.85077604304518	4.67410535839417	2.49419155460875	1.59607740124542	0	0	0	0	0.707084079476958	0.715147434123674	0.432399668037089	0.539480873859027	0	0	0	0	5.37427527175792	6.5545930955408	1.73635808831783	2.07302785096828	0	0	0	0	3.03689412895815	2.09885061229388	0.236808125042116	1.45726576794721	0	0	0	0	100192682	LOC100192682	GRMZM2G078116
Zm00001d004293	4.74333733338861	3.20608672546175	8.03517066628548	9.28402111350146	0	0	0	0	0	0	0	0	0	0	0	0	7.58537594019656	8.28474959179768	4.45588329273502	7.09691057166977	0	0	0.0810416560534261	0	0	0	0	0	0	0	0	0	100382262	LOC100382262	GRMZM2G008864|GRMZM2G023254|IDP723
Zm00001d004343	10.4918532500989	13.7539236748111	0.311555805401987	0.277238534581037	0	0	0	0	0	0	0	0	0	0	0	0	2.47547178166272	1.78244646452566	0.129259405824074	0.252825494237003	0.01816407684183	0	0	0	0	0	0	0	0	0	0	0	100217008	LOC100217008	GRMZM2G090028
Zm00001d004620	3.00522102380309	3.99197495742076	16.9455439257708	15.3022525671851	0	0	0	0	0	0	0	0	0	0	0.0685423708111812	0.0324574344243461	6.04605968072766	9.31263944400889	24.5518605215291	26.1690078797354	0	0	0.26832061122817	0	0	0	0	0	0	0.0987277172332026	0	0.0742151269485384	100273841	LOC100273841	GRMZM2G065953
Zm00001d004624	1.75535375468683	1.60067827026449	65.3864696410387	20.1789785728885	0.108950913458535	0	1.4468529339439	4.31573251099356	0	0.0574672045277953	4.55177864835472	3.14795982438619	2.69171338269828	0.264873473757883	4.93260275659036	1.56723040506129	10.8582296306946	8.27010759975751	205.115755471935	145.004832627152	0.313714750428273	0.795414928512443	5.97971647879922	9.94009155149431	0	0.0355068712606107	10.7324825242302	4.31427365510688	7.43967192176204	9.28980805965754	10.1638900225697	4.24969953121988	100193561	LOC100193561	GRMZM2G147491
Zm00001d004633	4.73322311248987	2.72180110733234	0.0263402237188147	0.15067863578191	0	0	0	0	0.0275354857873239	0.222795931400068	0.101031845512512	0.0775703268329844	0.0483128043048409	0	0.0308440668650315	0.0292116909819115	19.4337632594818	12.8006462175831	0	0.0549640772269821	1.40974194842803	3.44353478282156	0.348816794596621	0.638734314741156	5.56368767115788	6.40106949895133	0.344282581792	0.238944387052074	14.798386813231	20.0515993700635	1.74271045709227	0.556613452114038	100193857	LOC100193857	GRMZM2G108597
Zm00001d004733	4.33829364681906	5.54394511263084	8.07928705402907	9.96562110941001	0	0	0	0	3.43114993405178	5.00520813629184	7.82802809162997	7.49727337070872	2.89431546526697	0.369114002140017	8.94335800528932	14.4200752902413	5.65997160368317	9.56747882753745	7.69904231535649	9.74662530734687	0	0	0	0	9.13637452373818	8.82403019973371	8.78045241515607	13.0549523174626	4.75630593357114	6.24577927270694	13.5722611635297	10.4571507906844	100274651	LOC100274651	-
Zm00001d005196	0.662860858413208	1.6542895041968	10.1392757276061	8.5475880661738	0	0	2.17817132601009	3.38594206964625	0	0.0940372437727559	11.0304032200241	6.72276165885865	0.407835361014891	0	9.37339174859399	6.80594462617523	4.94677610241354	18.9357735018298	25.1290170561983	22.1783620706797	0.280009859886393	0	3.53346882838136	4.85272174186463	1.04899114902179	1.85926889510107	10.296540294039	7.74552194911656	1.18770815602409	0.300029686137265	9.39881721988798	5.6384219824539	103647212	LOC103647212	GRMZM2G333095
Zm00001d005583	14.9096176235559	13.011965293763	2.9823930726787	2.78026386023395	0	0	0	0	0	0	0	0	0	0	0	0	24.6996862072123	14.3147011465446	2.19972637581614	2.53543969143821	0	0	0	0	0	0	0	0	0	0	0	0	100383948	LOC100383948	-
Zm00001d005892	0.0859264075720825	1.60833701796911	335.003745330459	305.576273365713	0.277329597894452	0	475.867299332451	409.586125691542	0.108473125828852	0.109710117734882	239.399550298512	235.70409816059	0.380646336947231	0.0505667540810504	269.988398625243	227.333346046049	1.64892536747118	0.600318906308011	428.844572647391	399.218250313402	0.762249063024069	0.91111164538698	274.032587876285	484.478364765726	1.50196459973575	15.9974594515988	252.119923127226	22.5440408814131	0.395902718674698	0.350034633826809	195.325129745773	267.774924860049	103647485	LOC103647485	GRMZM2G138396
Zm00001d005952	1.98947351725362	3.56687645114117	5.57817963593609	5.87646679549449	0.110708186256253	0	0	0	0.0288678480028395	0	0	0	0	0	0	0.0918754797011734	4.67037213816578	4.98458343495749	6.22110115660502	7.05889459548137	0.0869385452066622	0	0.0281303866610178	0	0.0296086211417441	0.036079562732556	0	0	0	0.0310514594523782	0	0	100277811	LOC100277811	-
Zm00001d006043	2.53020221681486	2.39518497445246	2.21257879238044	4.33954471051901	0	0	0	0	3.19411635132957	4.79011252510146	3.50243731110042	3.30966727820734	0	0	0.123376267460126	0	7.65391291450359	10.1186060577086	1.83592547520039	3.29784463361893	0	0	0	0	6.66512837763076	6.19458338608193	3.63955872180114	9.27104221762045	0	0	0	0	109944057	LOC109944057	-
Zm00001d006390	1.90804807842307	2.11639114140234	3.24288361796747	2.29444601776317	0	0	0	0	0.356846170950988	0.360915527501667	0.327330589822469	0.167545461903019	0.19565933207568	0.12476283249904	1.14920573117064	0.757137909562318	2.27635357805768	3.85101773168055	2.60232427170149	2.89374736802491	0	0	0.0434662672394544	0	0.457503927922277	0.334494637670052	0.159347523392826	0.387075019523608	0.976806707758134	0.383838601579554	1.01944640792175	0.577074631973682	100382302	LOC100382302	-
Zm00001d007026	2.54776802484943	2.71998959245225	2.32460144100821	5.08446378312335	0	0	0.14560010889339	0.111550171346083	0.929150834886735	0.722881973760619	1.44235147170941	1.34231513987194	2.22592604193186	0.199911160892805	2.0015284654513	4.05658524018359	5.70401969878966	7.27814256060348	1.82959770733959	3.49538607589893	0	0.0667036811930568	0.104470920178689	0.0345405411465683	4.03189609690572	4.24310065546932	1.50004747426845	0.527188447971796	6.22805699452568	6.49631664842634	1.19370350222349	1.87822309631825	101202712	LOC101202712	-
Zm00001d007123	3.53796070810556	5.0640482987798	0.125659782878749	0.431300315265651	0	0	0.133800711689491	0.683401151671721	15.6320721148587	14.3488755819126	0.321324523954167	1.60359452413142	21.7806532434852	0.734841637287925	1.61860607768789	1.81166083520846	1.56896437324256	3.48956017464914	0	0.393320919605927	0.131870086918974	0.12259606237623	0.38401848946417	0.253931073138686	27.0812944343791	20.522320086408	0.117317786718113	0.569959088381093	36.6772995704321	54.6824747229625	1.84752178937407	1.80567446483967	103647929	LOC103647929	GRMZM2G474468
Zm00001d007498	2.41092065303698	2.46145491445707	3.77161464263608	4.16368017716196	0	0	0	0	0	0	0	0	2.42730997473597	0	3.87413400237111	5.13674179585304	3.30467858325487	3.29218368328915	3.2119193096156	4.0041463023328	0	0	0	0	0	0	0	0	3.34509108677317	2.90173638476717	5.83709782729779	5.81674502228545	100501681	LOC100501681	-
Zm00001d007595	2.63213129210523	2.51545563427354	2.29508974323975	2.36212266610202	0.00641636601812358	0.00453655380783006	0.0102250134897087	0.0208901310209538	0.010038644035575	0	0.0122777657552013	0.00471331735839588	0.0264201827701163	0	0.140560716024332	0.181045581874338	2.94299569809399	4.35563002869854	2.38447203281752	3.19110205784042	0.0251936891928631	0.0140531359185652	0.0146732935329263	0.0194053425838631	0	0	0.0179307858176316	0.026133669815464	0.036638812011026	0.00539899178139038	0.154423396817205	0.206983716990853	103648152	LOC103648152	GRMZM2G078946
Zm00001d007688	0.959522980645314	1.57008606574606	13.6641224399278	10.0927027485269	0	0	0	0	0	0	0	0	0	0	0	0	1.41449258520729	1.53045388213113	11.673647674373	11.33672475542	0	0	0.0111354124372425	0	0	0	0	0	0	0	0	0	109944103	LOC109944103	GRMZM2G452954
Zm00001d007752	5.65400953752253	5.83665989723412	8.41056871553332	18.6413599252846	0	0	0	0	0	0	0	0	0.455395617616627	0	0.0363419518953544	0	3.38182708080408	4.91971318806982	2.43357191010324	4.30662641354012	0	0	0.0632296304404752	0	0	0	0	0	0.532853961237396	0.942238243926547	0.114074702629404	0.341030840147211	103648220	LOC103648220	-
Zm00001d008527	3.1883000470365	3.3611385564537	4.24847808737716	1.36706174240906	0	0	0	0	0.0693947622426902	0.0701861173231231	0	0.0651640871617963	0	0	0	0	2.78791304917929	5.60711435979063	8.34492320195517	10.5275298805024	0	0	0	0	0.35587744958736	0	0	0	0	0	0	0.112221904400375	100381545	LOC100381545	-
Zm00001d008649	0.952503111873736	1.16468124469053	2.43342317197479	2.24841604779083	0.0617935128801256	0	0.258491908052254	0.207471707066804	0.00604239102943103	0	0.61338225521452	0.465269199065755	0.980663618116267	0.0845031704153718	1.97638055118289	1.66024639532023	1.12190412740066	1.29747924203704	2.654663456143	2.76204345879408	0.103117993133011	0.0620309518029678	0.288513539489117	0.321209055450785	0.0805667699206496	0.0302075618770817	0.539638715105118	0.298873750128997	1.23498926562528	1.6053635112237	1.59341932354758	1.68557805557899	100277549	LOC100277549	GRMZM2G305901
Zm00001d008842	3.46824401079013	6.17505454456554	4.67346616982426	3.65224785301087	0	0	1.74032398647462	1.52777746585655	1.89548191783965	2.37612068541029	4.47328071740918	4.8133135059075	0	0.0746716020488351	0.568190268414875	1.04791721782221	4.37712604427358	6.50090529739639	2.47930626634094	3.4905092672797	0.0536003958017458	0.0747462630149667	2.86164182018359	1.70302685533845	5.83236471047169	5.43870818110943	5.93683415037221	3.68351558510853	0	0	1.50190087041721	1.35994953570585	103634926	LOC103634926	GRMZM2G046290
Zm00001d008968	0.904599480942905	1.1722112744462	0.798286534791072	0.576831096490257	0.168439449027919	0	0.0447370477734801	0	1.09804084427979	0.710760026552363	0.376028545670291	0.24746361934449	1.15595053244711	0.163799056164384	0.541190375668651	0.279572011851423	3.9105977601902	3.98641217293123	0.0522941086275309	0.526036567325718	1.71956975304466	1.47566548700713	0.128398820096916	0.169806668540594	1.75689928639846	0.823410879540543	0.353032971688554	1.86757760186713	2.40456252446596	2.12597722385608	0.887986412185735	0.781307716832466	103634995	LOC103634995	EREB96|GRMZM2G044077
Zm00001d009116	0.547558624804167	1.8545789614099	21.253835690354	17.3997453622917	0.631163912449443	0	13.7796277769598	13.2542118533187	1.18497538836483	0.898866343924411	13.8889755440189	14.0018897998297	1.47270755191308	0.828597294459143	35.3962256989051	42.2179445666854	2.35885678184055	6.23006820836066	39.2689084400005	26.1174132478556	2.67650804001752	2.48827732119479	28.6751461489085	30.2554495522794	0.506409520217416	1.48100384402878	53.5317015353827	64.0964198536376	1.71193796282094	1.91191331028161	50.1713654198902	37.2877270927926	100279169	LOC100279169	GRMZM2G010016
Zm00001d009174	7.60732604835305	7.52871768851971	0.814574319410042	1.44970105968146	0	0	0	0	8.04230267709062	6.55505870853834	1.21505259140598	0.710776563051135	0	0	0	0	11.8143582810946	8.69219463107124	0.619581520501077	0.330510860858284	0	0	0	0	9.60728017099693	6.85861361689541	0.591498708805639	0.287364835529586	0	0	0	0	103635109	LOC103635109	GRMZM2G317069
Zm00001d009260	1.86306747733477	1.22698379956396	1.18741327912649	1.60876657519241	0	0	0.0332721161387556	0	0.685979098397513	0.627725418887643	0.719131615206931	0.920225930490157	2.06330577168051	0.0304554138647847	2.01248740457772	2.46044630658291	2.44732410324729	2.42245798055729	1.4779150213183	2.21695411111721	0	0	0	0.0631448371987455	1.74220279046661	1.71469836694587	2.21717234640193	2.57950913961311	1.90755865058775	2.63524172995088	2.21096725925141	2.27149082085534	100501769	LOC100501769	GRMZM2G102015
Zm00001d009383	1.18803448981636	1.2729972237861	1.01362378940714	0.838539474423502	0	0	0	0.0169618350357991	2.73870972111645	2.40721068954836	2.23305301049287	2.52581937088048	0.0143013234754368	0.0151988118528242	0	0.0172942079437503	0.88502906684547	1.66002416657408	1.22278907361544	1.22026509213604	0.0654596105085457	0.0912840509989232	0.031770789640679	0	3.36075266794761	3.09689987878505	3.0865040783478	2.91412403123546	0.0297490467922544	0.0350698836168037	0.0143296875029725	0.013181282509266	100384177	LOC100384177	-
Zm00001d009727	3.26638183616488	4.35173858748653	4.19656512716793	5.08968614550226	0	0	0.031579092545986	0.0161293523346556	2.20124893959148	2.69670715956632	3.64020911438802	3.91574785903929	3.0054713843625	0.158981436865432	5.20931912408327	7.82801633183985	4.96539313883547	7.63538056077934	4.02357024028297	4.48678248601348	0.0155617172221236	0	0.151057435408136	0.119863530734537	5.93052881291064	5.5604452336032	5.33010565098405	6.73942169413275	5.75680557328026	6.45296616182199	7.86242700508188	6.0666246248168	100280144	LOC100280144	GRMZM2G338696
Zm00001d009808	1.23579068823769	1.7015943804387	3.6793845380045	3.26756575729437	0.0687680155079544	0	0.0547937792391529	0.0279864967559991	0	0	0	0	0	0.0250775637020613	0.361553495124227	0.370953721423398	2.51166483203321	4.4955127516085	2.75413455757318	3.67780920004716	0	0	0.104841616409755	0.0259973265235912	0.110350978732411	0.0672340505272929	0.0480437273097343	0.0466816836319643	0.0981699916062495	0.260388944888071	0.567444857663107	0.717707213896824	100279186	LOC100279186	GRMZM2G028885
Zm00001d010025	2.87550907593335	6.37898175014227	1.736228831043	1.76569894324717	0	0	0.821649440797438	0.209833029668219	7.66339717123267	3.05952159316994	2.95980617839472	5.49183346780002	3.53840256880525	0.376045720490065	2.03310187223025	4.06495080142656	1.31383188233116	3.12504039114706	1.44066586585142	2.21404592773477	1.21469065978886	0.188210856324071	0.196516503998097	0.584756767016551	3.51633652770685	3.78073164408756	8.46505663882946	11.3750989892396	1.10406673658578	1.08461435833659	1.94998118438337	2.77209178404963	100280776	LOC100280776	GRMZM2G058358
Zm00001d010143	1.23413472429955	1.45200332648154	1.57550022077719	3.11787668320537	0	0	0.0906794460569193	0.0463154770148503	0	0	0	0.0417995543555978	0	0	0	0	2.07830504495183	2.95618180598515	1.11297036579506	2.26577304879725	0	0	0	0.043023554878938	0.136966719975902	0.0556335640891642	0.11926295209375	0	0	0	0	0	103635607	LOC103635607	-
Zm00001d010482	6.58970829901393	11.01371067798	4.96754359992858	3.47621979451787	0	0	0	0	5.59629661846596	8.05674019534752	3.94640823785963	4.68699580441554	0.353840256880525	0.0940114301225162	0.508275468057562	0.160458584266838	8.15670626947263	11.7189014668015	4.4420530863752	4.78032643488189	0	0	0.0491291259995241	0	16.0820685311299	9.51484130428704	5.76344281792644	4.46253883424013	0.184011122764296	0.542307179168296	0.221588770952656	0.203830278238944	100193899	LOC100193899	-
Zm00001d010616	4.34929756222	5.60459095184022	0.274624888897918	0.235647791298025	0	0	1.38897881658615	1.34419354343851	0.179429230694341	0.290360612350965	0	0.134792213711452	0.157410139339081	0	0.361780032401873	0	15.5470106075854	6.19637439533562	0.256359088910903	0.286529525393791	0	0.133964619538938	0.664412942088803	0.450902669971827	5.66823287541599	5.74090044803137	0.0961476597915359	0.0622812437428964	2.39029987290062	0.077200620994384	0.252355733135055	0.725411015286466	103635796	LOC103635796	GRMZM2G034421
Zm00001d010617	0.328233351111363	1.19461688472947	101.835031488075	83.1775139349413	0	0	100.870678655969	88.2032465506082	0.103590091225624	0	63.3057097589172	67.0546838127959	0.0302925943390482	0.0321936247847202	85.8675019027148	73.9966886030544	7.2736014257353	5.427191758764	109.523032367605	100.769831361031	1.17856240061507	0.708967904127489	42.4300300308366	50.1616952400621	0.283328799092702	0.0431562615321892	75.7390050858175	16.0607506975452	0.819174917900862	0.185709693187857	74.910399658827	75.9149158528936	103635797	LOC103635797	GRMZM2G432583|WRKY44
Zm00001d010653	10.7144840024938	11.0720056853253	5.45854968283629	7.63290152034709	0	0	0	0	0	0	0	0	1.76136718277427	0.0492606017616136	2.42655168104233	1.45735078256621	11.8180228234782	14.6787940987432	6.22782310643887	7.59356107519635	0	0	0	0	0	0	0	0	1.25344845986307	1.64813355263103	0.650211773658864	1.62342166992965	100194189	LOC100194189	-
Zm00001d010771	2.1209152308036	1.15068014293725	0.111357043364095	0	0	0	0	0	0	0	0	0	1.12337089684427	0.217067041908899	0.130397681055418	0.246993159521854	1.13758614201844	1.15964042389255	0	0.46473691313871	0	0	0	0	0	0	0	0	2.23057385399647	2.00345026190304	0	0.188253004942634	100382611	LOC100382611	-
Zm00001d011075	1.39882366008193	1.5361526718067	3.06945995621802	4.04199503468219	0.0101530835839325	0.00957135962709636	0.0512359828491099	0.0909039362427062	0.156201301193546	0.112462168145859	0.184566033959375	0.241149293402511	1.57703712887087	0.165378997753889	2.98635201969894	4.44889102520448	1.34820609706457	1.78752585525748	2.31683045329603	2.60799041565266	0.0212617656320515	0.0271789236590014	0.0980341807926406	0.0588541017280757	0.25524912519803	0.188605497240337	0.210434486709229	0.245821861859674	2.1886039105583	1.90228991508861	2.75074359359834	3.25170662722344	109939342	LOC109939342	GRMZM2G113415|GRMZM2G414007
Zm00001d011253	20.254701649631	24.0509757833226	21.4413854773691	21.2577926618959	0	0.00990151172849009	0.0334757710194825	0.0113987338228336	0.0109552047508863	0.0110801343083431	0	0.0308619509970558	0.0864972930935943	0.0204278853517939	0.0490861966941588	0.069732575259039	21.1020633648481	30.6782711477618	21.3913712598494	21.824145002077	0.0109975818471065	0.0204483103274813	0.106753418392233	0.0635313396452565	0.0898905957845758	0.0136920146253617	0.0293518869600787	0.0190131723438528	0.149940203323623	0.035351623309211	0.0674091012477246	0.0177162353542035	100382044	LOC100382044	-
Zm00001d011384	5.41417857447866	4.74264521715991	15.2845462565615	16.2980617552597	0.0578622343341429	0	0.138312432210106	0.282578094748138	0	0.274679915424741	0.387519407445252	0.680068618809726	0.0794183084463138	0	0.20281030267418	0.624249834681945	7.56872381528394	10.9218820956287	12.6107601134117	13.6883140272128	0.0454389024473177	0	0.17642999094455	0.0874978513344049	0.371402556450286	0.0565715377724377	0.202122846453229	0.90340617570373	0	0	0.159151639917103	0.402591647556455	103636080	LOC103636080	-
Zm00001d011438	0.260853250925811	1.15734507051133	11.0602016051337	15.376921631822	0	0	22.472707096802	19.6061620012396	0.256122235773063	0.111018415561363	21.3010241918714	13.8807276499773	0	0	20.8615186145738	16.069913546642	1.66858887270508	3.15888422113149	19.2551005971674	21.2168828941429	0.404034670057538	0.102441854506884	38.5065217885197	25.4269575804326	0.150111169536338	0.137188388448152	27.6121501167081	20.4474522153318	0	0.039356534638108	28.4959384508643	16.5379623434932	100272982	LOC100272982	GRMZM2G013726
Zm00001d011598	1.12309877229808	1.89384912017772	0.989696898337624	0.775840397621039	0	0	0	0	0	0	0	0	2.01698415831093	0.125041072535836	0.858461093834954	1.23986820420995	1.72667512992363	2.26910907208591	0.638725187625471	0.936987971282451	0	0	0	0	0	0	0	0	3.2516291978929	2.98825285077838	0.993650699219278	1.1154116492676	100193203	LOC100193203	-
Zm00001d011873	4.60662604315846	5.18408164396554	6.24552081997278	6.59882317899381	0	0	0	0	2.10495524241303	2.12895946076228	5.62891710712568	6.59992049897917	2.37872345447755	0.0997895412762256	7.19353320240934	5.94229846784865	7.9413716973962	9.83286469063042	6.28675951759413	6.76551183142753	0	0	0	0	6.76965218264063	7.84784428978708	7.83827026509836	8.91635666235512	6.21771138490022	9.90097964252975	11.1018182773237	11.0486845637573	100382336	LOC100382336	GRMZM2G101053
Zm00001d011925	1.10656446824536	1.10465293721976	5.21150962943964	9.17302133930847	0	0	17.7145615412901	37.0636780696888	0.907999433767362	0.565140899161147	25.6275900812226	18.7581447261812	0.0612747761915056	0	67.4416806418621	70.0966586723021	1.74429875109495	0.927712339114039	16.2162755387909	6.62250101222662	0.490814030825254	0.1303704468196	4.49207969626868	6.61583347138401	1.6476836584635	1.04753930431304	45.2245760751164	9.6976453671866	0.254922726171025	0	56.4845990970829	38.6295166142285	103636320	LOC103636320	GRMZM2G095541
Zm00001d012032	2.91341741263135	3.01400356808917	1.84793069602617	2.26751577851327	0	0.00883296545292195	0.00663625553199812	0.023726759232164	0	0	0	0.0030590451959011	0.0114315144419159	0.00911167963723462	0	0.0172797808022835	2.62811213744182	3.04324262311374	1.6561757566744	1.6029035535313	0.00981075043739674	0.0152013166984025	0.0222210001108116	0.0031486220581052	0	0	0.00872810168136422	0	0.0148621147993308	0.0175203138423854	0.0143177334181452	0.0052681145778729	103636355	LOC103636355	-
Zm00001d012194	0	2.58355089235673	9.45739461142205	15.2974691184301	0.14526788461138	0	2.43071292902575	2.12830644377765	0.45455405109233	0.229868818111181	18.3461002010022	24.1165735698739	0.0996930882480844	0	12.6020044619986	7.595039655297	1.4806676769129	2.64140318775525	15.6948731099898	11.6820475249094	0	0	0.664412942088803	0.549176328811841	0.932436576908259	0.9941923952971	19.282947324858	50.489328260908	0	0	5.89355785092493	3.58353041551514	103636412	LOC103636412	GRMZM2G171996
Zm00001d012441	1.10810258406698	1.51763651894146	0	0.186702678172978	0.043614980447261	0	0	0	1.262389388121	1.48383152088131	0	0	0.808155407990429	0.0954301887979155	1.26120139969168	0.941085136001852	2.22276561506384	2.41691538704849	0.081244858201311	0.0681048137204862	0	0.222893079252732	0	0	1.99466625159505	1.87625189136292	0.182825653328782	0	1.64996152890083	2.09186702534783	0.929722417537975	0.827625402984496	100281853	LOC100281853	GRMZM5G868285
Zm00001d012706	3.59289798618174	3.86800057986111	2.97759050734427	2.14132123396901	0	0	0	0	0.889344882571951	0.719589343652393	0.870170760521844	1.58673877662502	0	0.165833827048414	0.0996205886323999	0.0943483186993416	5.31109058023104	4.8234319080748	3.17662349302641	4.70437878377524	0	0	0	0	1.64189918977324	1.3338233377899	1.58852655307755	2.23806295450017	0.0811477622128263	0	0	0	100384371	LOC100384371	IDP848
Zm00001d012794	2.25479175532525	2.71938479690097	1.87605195186891	2.93637021867448	0	0	0.0138721727084539	0	2.73748475696679	3.22326517114302	1.21596983375237	1.24053496685344	3.19011560701527	0.126978025466683	1.31199746690318	1.67601382374341	3.91879309861459	5.99968688556709	1.67019490757315	1.84863326323344	0.0136720096456894	0	0.0132714062623952	0	7.06821810368139	5.20863511093509	1.88530501579186	2.49368847311543	4.43639498608746	4.61459736034202	2.33448055840674	1.76196217688857	103625694	LOC103625694	GRMZM2G054378
Zm00001d012797	7.6964965070937	9.96436608540721	7.23502747470911	5.88992495735942	0	0	0	0	0	0	0	0	0.0558431713506042	0	0.0518569250270232	0.0491124752060159	9.93391773026776	14.0016075214595	8.92240489261137	9.67406262926743	0	0	0.0169168861720037	0	0	0	0	0	0.0580813768876123	0.0622451457162048	0.0254336027012883	0.0374324983558303	103625696	LOC103625696	GRMZM2G054678
Zm00001d012995	1.47215508902258	1.25251024408214	1.17171260672486	1.29432503656909	0.0539933730413978	0	0	0	0.844746466631764	1.0679745974192	0.774875511305403	0.832908524106381	0	0	0.0473124329493109	0	1.78859414069567	1.54276646364466	2.36357030203843	1.09603882611917	0	0	0	0.0816474541950347	1.12635037830068	0.950201581345901	0.943041205919932	1.79595958173653	0	0	0.185637790414614	0	100276442	LOC100276442	-
Zm00001d013429	2.24661506895481	2.16096781176372	1.0738985296089	1.16397691685173	0	0	0	0	0	0	0	0	1.74510899731104	0.128538323991446	1.61051001127455	2.06852524312078	1.73219788062506	1.787579598866	1.14903176233312	1.37599202961633	0	0.0367619554305613	0	0	0	0	0	0	2.10258651554747	1.88546853654166	1.31575571726056	1.43326049842845	100274374	LOC100274374	-
Zm00001d013503	2.19932467445383	2.44579260924117	3.64670076535767	4.51854245226234	0	0	0	0	0	0.10184743682555	0.0527828797721095	0.135085632796892	0	0	0	0	2.63976368990147	3.63038134043789	3.4084340285691	4.45087537625059	0	0	0	0.0139041294233674	0.103283120499801	0.197773035099289	0.449665796714266	0.461884461508563	0	0	0	0	100216642	LOC100216642	-
Zm00001d013629	0.544008550466676	1.70803898267251	2.41585631054874	0.218208153313875	0	0	0	0	0	0.179247887046986	0.189662670276196	0.228830463891011	0.0777390146627662	0.06196318086466	0.0248152368795509	0	2.28514596346665	50.0463487940961	0.158257776908897	0.0442207119515689	6.38260741993748	0.640926397270676	0	0	0.0227218299427103	0	0.296773462533441	0.153791952058271	0.444701455014694	0.166803507816386	0.116839793410003	0.0179126763341496	103626026	LOC103626026	GRMZM2G100412
Zm00001d013831	11.7265756344416	13.8277130946668	13.3402077668103	15.4883160243324	0	0	0	0	0	0	0.0265671603876138	0	0	0	0	0	12.9014636698092	15.8203688271925	13.1124270981172	14.2003272087308	0	0	0.0846685519122014	0	0.0222794580323212	0.0271486166098829	0	0	0	0.0116825718495926	0	0	100192082	LOC100192082	GRMZM5G823318|pco067113e
Zm00001d016085	6.86138276760777	4.89252149663689	7.01755589940768	10.0601242260317	0	0	0.0900264047787316	0	4.77281753646947	5.18481889739664	5.62119568448216	7.71872634905993	1.86093764729758	0.164810161449349	1.98011293454523	2.15661619841767	1.63147642178365	1.66310571080886	2.2099102942227	3.35213014199125	4.08146059143046	1.23731211101936	0.775148432436936	0.0854274289262863	3.80744935570872	4.9709619764855	4.02573812571598	3.60481532071153	1.29034960160642	1.42606702670182	2.25309273773589	1.00052985960252	100275108	LOC100275108	GRMZM2G432266
Zm00001d016470	5.08134403818267	6.83135787258985	51.3908300843563	42.9164899482513	0	0	26.6017222952579	27.9290560262128	0.114547620875267	0.308943691541427	17.5121865555021	24.2377967007384	0	0	13.772081482349	12.8001734990605	2.65335647702791	3.25420872731447	33.4138436486472	29.9151150987388	0	0	21.1708539867176	21.330887293178	0.0391623362301469	0.0954424699485216	25.779879724585	36.3475829733293	0	0	14.9021107530913	13.1829814301228	103627151	LOC103627151	GRMZM2G084609
Zm00001d016899	1.47942858254542	3.01204351374352	3.38505026098086	4.19555524071918	0	0	0.100120898678406	0	0	0	0.120220960335255	0	0.344933522725638	0.549870058107898	1.76171146213086	0.62567832400616	10.0326246941398	32.3133671435688	0.936267976891995	2.35452523040985	4.83513593295817	0.550419849844766	0.0957849321546786	0.190012496376088	0	0.12285214953328	0.0877869937227067	0	1.34534447879159	9.41008438946763	2.16011021569408	0.715318340291176	103627320	LOC103627320	GRMZM2G105417
Zm00001d016912	4.50211536049776	3.23641201659977	6.32316894987232	5.36375492743121	0	0	0.0209745123309988	0.0214259037964193	0.226514350963795	0.229097446238325	0.478520917384286	0.715461691402982	0.343238619270251	0.0191988826616452	0.715061876123166	0.677218300999637	4.69540588819694	4.85481295390874	4.92803033834265	4.04879199745833	0	0	0.0401323253610686	0.0199030347354627	0.464653797553277	1.05519748954352	0.625282431798647	0.518209207585609	0.244260210419145	0.509446379816967	0.886949952994389	0.982372044728209	100272472	LOC100272472	-
Zm00001d017088	1.55108181873708	4.23391283362808	4.56563877792789	8.30406703864749	0	0	0	0	0	0	0	0	0	0	0	0	1.19592389289119	7.043741834014	6.84829343923956	8.30568278096618	0	0	0	0	0	0	0	0	0	0	0	0	100383738	LOC100383738	GRMZM2G029810
Zm00001d017306	3.85086557515499	4.53378276523159	3.46801717914215	2.55498556325847	0	0	0	0.0285770046798789	0.0274650625500161	0	0	0.0257906457500971	1.4938665065103	0.128033469412378	2.89192708765232	3.05938298135365	4.8311043192369	9.05913471810688	2.55064180469474	3.78282178562171	0.137856516695986	0	0.026763436925572	0	0	0.0343263358990047	0	0.0476666552175492	3.03230093798223	2.95425650032857	3.37993716102721	3.30893173425542	100381896	LOC100381896	GRMZM2G398809
Zm00001d017380	1.13422857995149	1.48116618399016	3.34459584894717	3.64432049332992	0	0	0	0	2.13111852791195	1.31345973511435	4.15405355502608	3.12686588784123	0.934796585619247	0.155228175318573	3.39428196291463	2.29617477950839	1.62701273800312	1.84283943331762	3.01311357059467	3.42311160032228	0	0.0310766762767652	0	0	1.22951520722554	5.36863893460434	2.67648252954578	3.49636763565499	2.40027531996497	1.00288992761542	3.54171001163585	2.93477678751848	103627472	LOC103627472	GRMZM2G170016
Zm00001d017935	8.6666857478041	10.6737357362875	6.36361157100568	6.14948848289578	0.0455569085036794	0	0.0120997878104158	0	0	0	0	0	0	0	0.0266132435339874	0	11.6473594402514	16.1727507126386	7.12842745348825	8.27562007894307	0	0.0110865355080274	0.0347273357452388	0	0	0	0.0212184271331985	0	0	0	0	0	100193351	LOC100193351	GRMZM2G042438
Zm00001d018010	1.24390634357887	2.05290564652095	7.31686686226887	9.20276875520835	0	0	0	0	0	0	0	0	5.42151704911399	0.330592080926112	24.7960109236194	28.5888756836179	3.41007543987133	4.7096717215636	6.99606372119827	8.24072261631899	0	0	0	0	0	0	0	0	9.47505386262146	3.97751619287162	26.4043925191123	19.9057573044707	100280524	LOC100280524	-
Zm00001d018338	6.22380300243246	7.06607315960521	5.19538205764208	5.05123582621215	0.0274419092369323	0	0	0	1.50268618089743	2.01919251171426	0.708889110942364	1.06838491130287	4.89647012145014	0.400288548047895	5.41042852055276	7.87971130654501	7.71523315009111	11.3576376948756	6.00637430577983	6.68468657369234	0	0	0	0	3.7870624990172	2.41468018048171	1.30368730907744	1.7696930615251	10.1658558661792	9.69811099418206	5.64210856798073	5.98839300205448	100274650	LOC100274650	-
Zm00001d018811	0.114955599319408	3.4905260146735	40.6742887074184	66.9176038694147	0	0	21.827145153211	23.4545122283874	0.0483731507074608	0	69.2204671281671	86.1694518030734	0	0	18.8023764362375	32.0736471929772	1.15552105867189	1.49917478223947	95.375974010893	65.4183932671142	0.291361610962868	0.406306544564464	4.99656489557322	6.68585073819712	0.198457784950069	0.423203519619711	88.7790460673096	37.4012545300563	0.08827560619098	0.10406435059716	6.12303674113501	7.11863474433413	103631948	LOC103631948	-
Zm00001d019223	3.34958260105722	4.94433305596073	0.0986572605074453	0.0564366558991067	0	0	0	0	0.0515670562163568	0	0	0	7.91680406675965	0	0	0.0547061679853325	1.62375741039608	1.19861993393936	0	0	0	0	0	0	0.0528903100347122	0	0	0	8.65757973994994	9.98418115213084	0	0.0833917873035198	103632138	LOC103632138	GRMZM2G107096
Zm00001d019277	2.08551706636242	1.3011965293763	0	0	0	0	0	0	0.13856567041363	0	0	0	0	0	0	0	1.57977688431916	0.153371797998692	0	0	0	0	0.135025855972886	0	0	0	0	0	0	0	0	0	100281766	LOC100281766	GRMZM2G046532|cl7251_2a
Zm00001d021160	0.400315969394643	2.99718333701537	334.688179120808	423.843048246018	0	0	227.343150420644	211.027843625388	0.673809534560395	0	251.969460675048	275.079588817769	0	0.157054389145851	158.502216548774	113.121414160071	5.67008622158997	3.5425878047541	440.637541993264	322.968917785747	12.3445915484032	0.314422842329624	122.783511698011	122.599415823552	0.518325038340179	5.0528366443335	160.071148616704	72.3579826202397	0	1.26836079080773	95.5073672073118	84.8567030338183	103633022	LOC103633022	-
Zm00001d021164	0.857492397214184	1.84820583783117	0.0470684410095658	0.0538507839220572	0	0	0.100235584702093	0.204785499744928	0.344430131497797	0.0497654142302557	0	0.0924090949671292	0	0.137624980179354	0.165349636802231	0.15659875577932	8.86874144625147	10.2933031440359	0	0.196435190089558	0.0493946373682754	0.183683447409059	0	0	0.252334640658163	0.184489310467503	0.0878875515620225	0.256187796426965	0.134688553775928	0.0529261989291396	0.173006765499806	0	103633023	LOC103633023	GRMZM2G013688
Zm00001d021167	1.91413799848187	3.73526888051138	2.26232729391041	1.77243522736638	0.13144526722466	0	3.37768726582753	3.31664271669479	0.0257063781138391	0	1.69777033033593	1.1104022847666	0	0.0479340146405648	1.23819270215818	0.381797325580459	33.8573139443467	21.5675075366443	3.18308699983449	2.07817498456058	1.4967373240606	1.19954854569201	2.65526608454161	2.85729443608028	1.74015766911335	1.25300370107462	1.67593829248837	1.62842530206404	0.586390920837749	0.82952552361111	3.16350791133846	2.6813379079217	100279371	LOC100279371	GRMZM2G065617
Zm00001d021480	8.11200280381305	10.7339125909644	9.73028936351991	9.59039381024701	0	0	0	0	9.89691444362309	12.9988058216056	14.752265954355	16.5863975647361	11.6368152960812	0.833016480029591	11.971445984191	16.5146542264778	7.98494464805587	14.7200116847225	7.16010935328153	10.1177873359429	0	0.0641422598352434	0	0	16.4246838149236	15.075138128369	17.8924641421822	16.9677276578322	11.9150882212337	10.7194606263122	10.783892308487	11.3645327035789	100277363	LOC100277363	-
Zm00001d021679	1.14463434674003	1.03877913821124	4.52375218363497	2.5878018915939	0	0	0	0.273360460668688	0	0	0	0	0	0.122473606214654	0.147146007062536	0	6.84638999233119	11.1956722269993	2.18963588785368	6.03092076729088	0	0	0	0.126965536569343	0	0	0	0.455967270704874	0	0.282596768594121	0	0	100382296	LOC100382296	GRMZM2G165644
Zm00001d021845	2.77255875099253	3.53834143953204	15.3709838856906	15.6705781213186	0	0	0	0	1.75003309670547	3.37907162623436	11.8693708876181	14.2671941871334	12.9800400899006	0.444987435913243	26.285999206088	31.9835558817507	7.4280161791797	14.4396707597287	12.1229364711645	12.3852387351466	0	0	0	0	13.2172884776746	12.0297279830949	15.3451665027291	10.5613419077016	17.274555291506	18.824084752464	28.8784334695321	27.979102859599	100303907	LOC100303907	GRMZM5G886969|IDP2590
Zm00001d022321	2.34989249451465	2.82895080714639	1.85014628907817	2.05953445342551	0	0	0	0	0.117614304975366	0.185041950934647	0.0639325338199043	0.0859008182756505	0.401259372534882	0.0243680372571901	0.190300479471506	0.526823559904994	3.88793511391397	4.35385533047093	1.72708970014831	1.74774729290057	0.0393564208297881	0	0.0254688258908394	0	0.348493560916275	0.179662392092022	0.0816977224818253	0.283505661546421	0.548506535091139	0.39358929316212	0.25272040904999	0.31700042055293	100194069	LOC100194069	-
Zm00001d022461	0.887391065249816	3.78017053072308	20.10194915174	16.8684190748367	0	0	2.47880257330504	1.80867768828226	0.811207297115764	0.390694304163788	52.8672754198027	49.1511261569432	1.72831236982605	0.0720303403456689	11.9859156238466	9.17961627402802	2.05522532312505	1.53923495113795	19.6847816238727	25.9468009887877	0	0.108153540639462	2.78551541008813	7.87791468226165	1.1093647403324	2.80018937236557	25.5982768548224	8.41376476565737	2.07955735591629	1.66203495198341	6.48553666810568	10.5260008649422	100286307	LOC100286307	GRMZM2G025062
Zm00001d022589	1.65875325921759	1.63351098868515	1.1044153881786	1.27594430553029	0	0	0.0230581463622996	0.0235543796149305	0	0.011448012285379	0	0.0318866165637564	0.0297897133263051	0	0.17750577610864	0.240159356689233	2.02787094881549	2.68107643721561	1.29375211352348	1.36693270321016	0	0.010563613279849	0.0551489003314816	0.0218802268554283	0.0116093882105178	0.0424398334751331	0.0202176106755325	0.0491110993150507	0.0413115880356207	0.0365253530949714	0.348235949924016	0.53998105014573	100192045	LOC100192045	Hel1-332a|cl2576_1e
Zm00001d023443	0.784306996774966	1.05397404581805	1.09283906918487	0.333416555772737	0	0	0.15515188908675	0	0.533133873754568	0.924366098361983	0.27944978546014	0.572149928413502	0	0.0710086333904111	0.255940129305581	0.323193176821149	0	0	0.27204062892407	0.684127344208182	0	0.0710796319096226	0.0742163392758769	0.147225994532536	0	0	0.272077420261155	0	0	0	0.334740483779544	0.677410414062191	103640770	LOC103640770	-
Zm00001d023552	6.82878445498316	7.98561462499891	7.06836278692964	5.9303793349027	0	0	0.0501752668835591	0.153765259126137	4.97533387689306	4.83278101196363	9.21799728093517	8.46512878603991	0	0	0	0	14.3881164682585	15.6484964081922	6.56890766356104	7.17810678280817	0.148353847783846	0	0.0960046223660426	0	8.13449329092357	9.05034315810594	11.3504958649774	9.70355347968811	0.0898953420843925	0.0529868941113977	0.0866025838769096	0.159324217485853	103640827	LOC103640827	-
Zm00001d024710	2.85022212434968	3.69622891569716	2.24529065311907	2.12719449368769	0	0	0	0.00699771963665736	0	0	0	0	0	0	0	0.00713484232531423	3.42486988020552	4.4068877984531	1.88976023549447	2.36275826576487	0	0	0.00655362695343582	0	0	0	0.00600640617767698	0.005836124061394	0	0.021702476122658	0.023647237557747	0	100502448	LOC100502448	GRMZM2G139157
Zm00001d024781	3.74872157780577	4.51788229002396	2.16674382681323	0.664007547513502	0	0	0.411985242207755	0.462936712347115	4.16610344285047	5.07269832509759	0.593633442559393	0.683670677172066	1.4193592225151	0.0754215993073293	0.951461045667074	0.472008114171	4.56748334234148	4.83511091995876	3.03394464122099	3.79469504923006	0.0406040663112095	0.150994020327786	1.34008712048419	2.97113701960575	7.84076435116288	7.8355841324263	0.650218919607167	0.280793403993397	1.6607783537625	1.65327092587126	1.45772861523883	1.04655907832515	103641360	LOC103641360	GRMZM2G036554
Zm00001d024961	1.40331852366447	1.98580386912512	2.28864290781334	0.859483238796813	0	0	0	0	2.13680989196529	0.480261637839432	7.75092950862147	7.88895500784433	0.256353655495074	0.0340551609117278	1.84120195061668	1.25938157549568	3.13319856632461	11.3607290167228	2.50064557709966	1.53114215132307	0	0.0511338168329428	0.035593550469043	0.0353041925664755	4.23342856569509	7.14448973865289	6.00236104698589	8.14605303205079	1.81640571310317	2.53417931326654	1.33247206859592	0.915572331436561	103641459	LOC103641459	GRMZM2G436448
Zm00001d025017	3.21210107601114	2.69884822197157	8.45605722054234	7.6922913370853	0	0	0	0.0562547958707748	0	0	0.0991879666453864	0	0	0	0	0	3.99193223907794	5.71500576431878	6.79125718575206	7.98622161747365	0	0.025229019758985	0.0790270900281836	0.0522564260014791	0	0	0.0724284133231394	0	0	0	0	0.0437163995115368	100383578	LOC100383578	GRMZM2G177182|IDP2579
Zm00001d025490	0	1.15537679658189	55.4398994462672	96.5819304620047	0	0	42.2646411332641	49.1537440586742	0	0	27.8765418638605	25.3361221701204	0	0.0908137624312741	7.63757846181733	19.3234342250413	1.0576197692235	0.539061875052092	98.2282575676945	90.3130830843895	0.782249767301668	0.454522816292824	22.3052916272669	24.1951399722245	0	0.365213532966282	26.8801386017194	37.7824716506013	0.0888761205188098	0	9.84637994464455	5.82815935710155	100274970	LOC100274970	GRMZM2G446201|ZAR1|ZAR2
Zm00001d026141	1.28058065478394	1.94038078942079	0.441836010767215	0.758253780063805	0	0	0	0	4.15697011240889	1.51824646800853	8.04995672309371	4.33726558636042	0	0.107658250624172	0.129346086853358	0.122500639601564	2.75834059166838	4.60115393996076	0.962380289419561	1.15247258701737	0	0.215531787080791	0.112521546644071	0.111606802306922	1.42121381480372	2.16477376395336	2.06252237939908	0.300607454678415	0	0	0.304505859438166	0.186734835547935	103641989	LOC103641989	GRMZM2G105775
Zm00001d026255	0.298481205250392	1.11737098090485	0	0	0	0	0	0.196028225084783	0	0.571647455565963	0	0.35382956099256	0	0.175652935228912	0.211038352234426	0.199869464613079	2.45479114856612	23.1470331979605	0	0.564105003119027	4.53910720236889	0	0	0	0	0	1.00955042781113	0.163488264825103	0.171905127845593	0	0	0	100194041	LOC100194041	GRMZM2G094360
Zm00001d026374	1.00574432904842	1.06953943338214	1.63932225194673	1.26633239040941	0	0	0.101928556138529	0.0455534431035693	1.96388793798234	3.20082623052485	2.9220975236758	3.25958012871277	0.0109737878153104	0.00583122731977168	0.0210177974560786	0.0530812323025999	0.835300948485588	1.52992164835329	1.16912510240578	1.44196672026174	0.0753433635803805	0.0642076348816684	0.0792303726806537	0.0725411714470154	4.56741865468079	3.32217755854229	3.36820595557137	3.65806182763588	0.0570680971881117	0.0134550296054569	0.0879644183350788	0.0455145769812528	100216958	LOC100216958	GRMZM5G854604
Zm00001d026386	4.43904559796114	5.55012570946628	6.89066746221936	7.34030161614925	0.028203009955368	0.00997016627822538	0	0.0344333091828433	1.14724119520684	1.40577710182323	2.77928384470989	3.08687669389812	1.72258596550696	0.123417162502903	3.57106808049071	5.45344912075254	7.8932819648681	10.3539748993056	7.1317400007922	7.62975919472853	0.044295345066774	0.144130655767432	0.053746809645088	0.0213239499014767	4.03918163544754	2.49543823103078	3.09346576904016	3.07277327324593	2.70757198280069	2.96639520192211	3.00595922876299	3.40726336295632	100274055	LOC100274055	-
Zm00001d026390	4.14961675592008	8.28489702914819	7.01549373193797	8.98191672807288	0	0	0	0.363369392840086	11.349992922092	6.53444164655077	78.1641497477289	83.6245962443393	0	0	10.3666156439057	5.55734608924171	1.51678152269126	1.35291382787464	3.74221743202868	5.92539564251856	0	0	0.170154533949571	0.168771262025102	12.5367234883092	6.98359536208695	19.0255113143593	33.3356559497039	0.159326703856891	0	10.1303900554551	5.2240208871581	100304034	LOC100304034	GRMZM2G316721
Zm00001d026554	0.599885830728506	1.12284292498372	78.6398859438196	86.8404809112839	0.430254733657995	0	42.7243626094968	32.0871900970316	0.883508828984064	0.680825960791588	58.5569097947935	71.4285195644453	0.405997904931964	0.509926836452982	41.7074620116185	35.8848886358009	1.96431377901912	4.37733025825845	44.4313487922256	53.4535071907538	2.78748307138618	1.72763187607169	25.7051671160135	33.1816533338599	0.647271717809724	3.47042281766784	25.6253759913351	9.38272122007026	0.191941083000956	0.407288094991429	31.1759123396576	33.2018561273555	100501931	LOC100501931	GRMZM2G405662
Zm00001d027606	1.49521658374019	1.89244626897759	1.34131760707486	1.74117534681318	0	0	0	0	0	0	0	0	0	0	0	0	3.63056368237399	3.93972000885529	1.05947273185495	1.53402565819939	0	0	0	0	0	0	0	0.0701983509983493	0	0	0.0948116172513059	0	100383095	LOC100383095	GRMZM2G066805
Zm00001d027794	1.31949035740538	1.89598554221693	5.2630924102788	4.03273397011608	0	0	0.0514134344564789	0.157559701478251	0	0	0	0	0	0	0.113082830339481	0	2.4115222094022	2.73762351539381	3.18520896192648	5.94464590830956	0.101343169030563	0	0.0491868570524025	0.146360976938338	0	0.252344955798089	0	0.0438017912809911	0.0460568380126852	0.0542944437898224	0.0887396629150002	0	100279920	LOC100279920	GRMZM2G103292
Zm00001d028165	0.113498523677601	1.07637337987099	0.740126899957623	0.407706835711426	0.109895784622618	0	0.379444179714494	0.0298161676579924	0.0573120184499336	0	0.175238691349254	0.32290783151289	0	0	0.0641984580512998	0	0	3.01320843966743	0.375303549442947	0.11440154833101	5.09173366296417	0.347669020120982	0.0837718786222706	0.0553939032130422	0.587826928070917	1.39677730786904	0	0	0	0	0	0	103632470	LOC103632470	GRMZM2G119150
Zm00001d028184	2.90090719757178	4.27209888090965	7.38497332282345	5.81327898048917	0	0	0	0	0	0	0	0	3.241633321099	0.215316501248343	6.83686459082035	8.26004312741978	5.33756815790375	6.17138901470927	5.49931593954035	6.15749639349279	0	0	0	0	0	0	0	0	4.9369251462384	6.56516571278854	9.22217745727017	8.48309681489192	100382810	LOC100382810	-
Zm00001d028287	4.09760043320503	5.56167471340529	8.5653955664788	14.5670162817892	0.154679606712962	0	1.63302826358491	2.86422085497118	1.60326335556052	1.59095122844837	6.8445517875378	7.44238121670831	0.159228115596236	0.169220574220529	2.40583721547246	2.02177816176216	5.649477094024	10.3126332907853	12.9299761460165	12.438912575819	1.09322159380997	0.649327454318045	1.88655843838173	1.40341624083972	4.87116030749978	5.51986820036784	11.1576650803295	21.7614393740298	0.441626694634311	0.618230184251858	3.03133438663233	2.7394789395314	103633091	LOC103633091	GRMZM2G180044
Zm00001d028552	2.18707753084816	1.8405722286355	1.22842298957701	1.19461806306017	0	0	0	0	0	0	0	0	0	0	0	0	1.60350333620836	2.3452817541504	1.14671834613734	0.769004129812485	0	0.0599236358699957	0	0	0	0	0	0	0	0	0	0	100193745	LOC100193745	GRMZM2G128156
Zm00001d028740	3.08277511473994	3.19357996593661	0.140481193167012	0.321447756334741	0	0	0	0	0	0	0	0	2.89876825829046	0.136919211050229	1.15151182962784	0.778978426184307	2.63103256436061	3.41350565802217	0.437125113142951	0.439712617815857	0	0	0	0	0.376560925289874	0.183543211439465	0	0	2.81395470811862	4.02809086311467	1.80725528883643	1.18744203117662	100381938	LOC100381938	GRMZM5G876389
Zm00001d028972	1.65075521025804	1.86053634379149	2.05775268864355	1.39784499673734	0	0	0	0	0.134445564407591	0.339946843685549	0	0.189373567855173	3.83326944953902	0.0626742867483441	1.80720166420466	1.42629852681634	2.55467310453281	2.97622894394958	2.32107278387172	1.61021522017074	0	0	0	0	0.689477750530755	0.672130070060011	0.420251038807136	0.0583338409704593	2.45348163685728	2.53076683611872	1.94998118438337	2.39160859800361	100502493	LOC100502493	-
Zm00001d029358	0.0517912593585155	1.35717205899859	1.68866091786374	1.43110302477796	0	0	0	0	0.261524248573669	0.132253292611912	2.23900102079479	2.08743284384652	0.114715334422453	0	3.22243036471197	1.87274950404584	0.283963664065487	1.08550815935147	2.5688585416209	1.2398289566269	0	0	0	0	0.53647035931708	0	3.7370268499797	2.49636875605089	0.119313148093745	0	1.26437136156365	1.79742937595912	100381770	LOC100381770	-
Zm00001d029672	3.00513184016586	3.57414802263678	4.68744514826819	6.31436358522315	0	0	0	0	0.0987933712700672	0.199839956867586	0.217492657313044	0.296865280243988	0.260009112404158	0.0552652289312676	1.37223465831916	1.99133974402911	2.55302796085924	2.58065334443061	1.92906087189212	3.03692960280823	0	0	0.0192539169050573	0	0.364782570680991	0.543284528800807	0.370570948202981	0.3943571576554	0.829319678401369	0.892636619105718	1.75420026844691	1.10237114968823	103644745	LOC103644745	-
Zm00001d029835	1.3871860330342	1.62916440381331	1.33027604680633	0.845534790718632	0	0	0.891844312088586	0	0.257526126068497	0	0.377960860910117	0.43528672611315	0	0	0.0576939380209223	0.0546405730596906	2.62845143365653	2.45137418144192	1.41043606650801	1.8505890749804	0	0	1.85701027339209	1.04541047916268	0.316961354380685	0.193116508439005	0.643981807668489	0.670419503239631	0	0.0554011650661137	0	0.0416458985754388	100274912	LOC100274912	GRMZM2G304132
Zm00001d030370	2.89339004343373	3.51838550082752	2.33530937925249	2.61062993431078	0	0	0	0	0	0	0.0227924336947967	0.104997579053758	0.0326976029134715	0	0.0208749433012795	0.0790806732004894	3.68271921550613	4.95048233019639	2.32975358566644	2.71553540763936	0	0	0.0363193191770886	0	0.133797569549851	0.0232912752043572	0.0166433476168429	0.0485145219697919	0.0680162588265425	0.0801814692670522	0	0.0301368151079531	100274927	LOC100274927	GRMZM2G067929
Zm00001d030670	18.2324594160426	2.82185485520312	49.4539751740039	45.0101963484604	0	0	28.2598774178321	29.2393502089079	0.178423085475494	0.315801086563959	85.9788349267019	156.068597762662	0.782637328302719	0.0415876108330134	42.8703703193223	27.0676802668529	67.7578437383551	6.81333906374251	5.73573512946451	6.2772058291002	0.0447783161189039	0	19.1251575853599	14.3997112907897	1.00650864142901	2.89895352647379	98.9946489077931	77.3762964027693	66.4228561275531	0.33585877638211	12.6254516673386	17.0237016432236	100285310	LOC100285310	GRMZM2G075456
Zm00001d030902	11.6270293760718	9.06052284934564	9.68526719836585	12.8511854049308	0	0	0	0	0	0	0	0	0	0	0	0	9.62743753105708	13.7596107479301	6.6693586823254	6.39791057930813	0	0.0559120117113349	0	0	0	0	0	0	0	0	0	0	100216584	LOC100216584	-
Zm00001d031189	0.0886116078087101	1.54802437979527	27.3938326675673	28.6477756280356	0	0	8.88729414675041	5.8195879322045	1.34235493213204	0.113138558914097	23.1215588115614	28.5717370501493	0.196270767488416	1.251527163506	5.63868097376357	4.86557227917464	1.82191530557642	26.4965757271698	49.9449592165286	41.755522418373	12.0156314354374	5.11551225899565	6.54031489868665	6.70338356355953	2.7536017661822	12.7225558085676	16.4840655791036	40.3816014118004	0	0.120324405377966	5.0148308726223	7.14552519151397	103640885	LOC103640885	GRMZM2G059064
Zm00001d031395	0.709930772956459	1.10346519270911	0.105283763912686	0.0344156181288111	0.040198580075477	0	0.0320298921833555	0.0163596029719365	0.330183936454147	0.254437520486168	0.0192300730843727	0.0295289677548696	0.262077510906934	0.498411988980426	0	0	3.82415487858616	8.3534859232084	0.0374404379485543	0.141232731381191	11.9010340009401	4.02063030629042	0	0.0303936533368778	0.88695810916557	1.0021983369869	0	0.0136439693924317	1.19075133211932	5.85167708497	0	0	103645132	LOC103645132	GRMZM2G362303
Zm00001d032139	2.57291927399204	2.1805279948723	1.43701107093571	1.55520860372255	0	0	0	0	1.82702372615325	2.47749918045538	0.993129672334713	0.927715692054218	0	0	0.0151596547918869	0	2.85077510195801	3.49024731236469	1.19238476042586	1.09408645217414	0	0	0.01318778051405	0	2.29033039153151	2.70630822160269	1.13614181730981	1.16265189465413	0	0	0.011896259158895	0.0109428731606541	100194399	LOC100194399	GRMZM2G108008
Zm00001d032375	4.25112911972389	4.82652755816733	2.30314832013858	3.2753067943458	0	0	0	0	0.0225014970289289	0	0.0137602303998183	0.0105648428373892	0.0296102572219297	0.0104894890602912	0.0126026045860265	0.0477425227153295	5.2407026327822	7.39703585214225	2.41117204892366	2.47036030700632	0.0451770753509738	0.0209999541105433	0.0109633356080656	0	0	0	0	0	0	0.0484070944632151	0.00988966122847893	0	100381941	LOC100381941	GRMZM5G894200
Zm00001d032565	0.688481161371332	1.38780084476587	16.3403678908096	16.0974032063351	0.0854649967052165	0	13.0066786770281	15.0604595278367	0.568280998505703	0.43952349112776	9.11723953745596	14.9731858892245	0.527869083610869	0.280497916801344	17.4118958006956	22.3063654934559	0.762226979204577	0.740004005908085	11.3829420513536	9.44184467477356	0.100672805655652	0.0623951943922601	16.5803344855733	11.1790931817343	0.582863564514832	0.250675747919269	9.16530372828375	7.36804077241351	0.549026182629037	0.0359568651090575	19.6874294179944	21.947809869631	100282235	LOC100282235	GRMZM2G045808|GRMZM2G163409
Zm00001d032606	5.48204902319427	7.31681817888478	3.04331012078463	3.99509575002045	0	0	0	0	0	0	0	0	4.20317120721136	0.177259674972817	2.66920859550795	3.42886121941706	2.2845710482672	2.41303755364127	1.59965348279695	1.5939420212062	0	0	0	0	0	0	0	0	2.78720654023595	2.63130195673408	1.83835641313216	1.94724375575805	100501330	LOC100501330	GRMZM2G045699
Zm00001d032921	2.50561404480193	2.35460539430677	7.76988708389182	7.90651896121077	0	0	0	0	1.21056008424998	0.987391059613937	9.14613743285087	7.9206355544371	0.0342581703252508	0.0546120944075344	0	0	4.8973083413894	5.64059644367007	8.76415982528292	7.97029087134174	0	0.0546666987232188	0.0190263706143612	0.0188716956628069	1.58206937838832	3.26998916925901	8.66653153620043	8.13279804657239	0	0	0.0514891725959081	0.0157875815508709	100194055	LOC100194055	GRMZM5G813143
Zm00001d034336	1.10876798184975	1.1683444579483	1.24968244609467	1.08933779844069	0	0	0	0	0	0.125836948944282	0	0.0292082331304503	0	0	0	0	1.31716165176502	2.40996959925533	0.555506570286661	1.30385457636201	0	0.0580578021680335	0.0303099314638628	0	0.0638053993612096	0	0	0	0	0.200743975373521	0.0546831666478386	0	100193533	LOC100193533	-
Zm00001d034722	2.44445814644717	3.53834143953204	55.0238190650275	51.6048348477907	2.20907369357305	0	70.7840368469741	57.6660961447685	2.59213366204807	3.12106369418198	137.83298556184	118.923335551534	0.649723919961654	1.1508295756377	61.8051284664476	48.7130129615601	4.28883051243736	6.42134223230155	69.6611624272465	75.8883328333918	2.97389782224169	2.18876245845838	55.6904054821502	72.2981168323395	5.44390234233723	2.00552603878898	127.325196197214	112.040199142555	3.04094243395824	3.45206569911957	86.1506577495519	85.4344068293106	100275098	LOC100275098	GRMZM5G860632
Zm00001d035013	0.725740407647205	1.50072251183077	0.851362258407028	0.257834009308716	0.0669241442816595	0	0	0	0.602055594179878	0.370647710373056	0.128059865122502	0.122902406926118	6.2691825403247	0.34167225426611	10.8489917090166	7.44230576826178	0.312645551523655	0.0869200317725676	0.0311661415220751	0.0783765635046546	0.0525551717519859	0	0.127538133307723	0.126501311572746	0.241632330487652	0.458019165657896	0	0.181720045728816	4.17977733152903	6.08177177310785	19.3280501639728	17.2499291412014	109940614	LOC109940614	-
Zm00001d035222	3.94250575918967	2.57333922875057	9.22893827837829	11.1453844392266	0	0	0	0	2.45021648931053	3.87212180240759	12.5488395638357	8.84384688812421	0	0	0.171539195399106	0.162460741289775	2.82672920137917	2.37302532375873	8.75185253265886	8.86479448751754	0	0	0.074613218095534	0	4.16230712606507	4.40209253104812	8.47950377156156	12.1593304127675	0	0	0.0673061079685073	0.123824169026438	100216657	LOC100216657	GRMZM5G830269
Zm00001d035343	1.10703816878827	1.01787904424894	2.32190876206264	5.23247043434441	0	0	0	0	1.47107389822689	2.60373669829702	3.73333429136988	4.24777234951856	0	0	0	0	1.55736322010916	2.19815402268673	1.92664390621568	3.00984792760083	0	0	0.0358373419106118	0	3.09308691543754	2.11436122424486	2.92320166682982	0.893586543359124	0	0	0	0	103629036	LOC103629036	-
Zm00001d035356	4.82470366098768	4.78180199969323	14.9142135113452	12.9170640552253	0	0	0	0.0303218692804142	4.92500371300547	5.65907711778734	12.3678332457786	14.2573629210259	0	0	0	0	6.89806305112677	9.03166354564889	12.4909835587389	12.5940077629857	0	0	0.0567951361622721	0	11.3282504139273	10.2710731313326	16.8130555643878	15.7294788089802	0	0	0	0	100273817	LOC100273817	cl10300_-2
Zm00001d035367	75.0045001973049	96.5695032881513	105.957939946219	151.642979050914	0	0	0	0.0382003720678039	68.9855703925087	63.9052996565861	92.4553644045611	86.7063875488693	0	0	0	0	59.9157870338484	46.4480591323731	62.814878758642	78.7452013071897	0	0.0342640276897668	0.321984733473804	0	71.1700148797861	60.4316023664437	62.725007520771	70.0903535352749	0	0	0	0	100277233	LOC100277233	GRMZM2G134020
Zm00001d035377	2.89344025497829	2.9365826913123	0.093176301590365	0	0	0	0	0	3.04388873499328	4.33466914152513	0	0	0	0	0	0	12.2683893229926	11.4550648448569	0	0	0	0	0	0	12.5379418287843	11.6563985938405	0	0.0422622725398225	0	0	0	0	100273114	LOC100273114	GRMZM2G403828
Zm00001d035390	222.374690467667	247.537081620374	2.72801653121002	2.53590268353289	0	0	0	0	0.237650665716322	1.08162340140282	0	0	0	0	0	0	301.263649532879	246.538270976625	0.353690444244296	0.237189378904819	0	0	0.173684711002467	0	3.04686225856952	0.816805370410066	0	0	0	0.0639067381260565	0	0	100281021	LOC100281021	GRMZM2G014055
Zm00001d035396	1.61238376561731	2.84454900040811	0.201425240202701	0.153633118836457	0	0	0	0	0	0	0	0	0	0	0	0	2.2863250893508	1.63145491008412	0.417840181680762	0.0700522552892909	0	0	0	0	0	0	0	0	0	0	0	0	100383725	LOC100383725	-
Zm00001d035400	1.55729324478465	2.13757926781798	3.77997279142863	4.43222758763154	0	0	0	0	0.530798472019259	0.954402708423174	4.13560103553276	4.06134800443635	0	0	0	0	5.84880673658362	12.2725515615978	4.18979919659168	4.96412402744744	0	0	0.0574709592928072	0	3.06487848757671	2.11305697197242	4.47713667985804	1.92773988785078	0	0	0	0	100279957	LOC100279957	GRMZM2G076943
Zm00001d035411	7.03562840947352	6.1455403949767	22.5535690007415	19.7944144690341	0	0	0	0	3.79492822918531	4.00153218896174	11.2578342142514	16.6805364467921	0	0	0	0	9.90683570671326	14.4780670967938	28.0713202357439	29.9781515943254	0	0	0.0786804799842003	0	10.7659617925921	7.56856992660386	20.4073407907535	21.7906501545459	0	0	0	0	103629084	LOC103629084	-
Zm00001d035413	3.26367726380357	5.3923569362673	10.1267165611678	7.16031300481211	0	0	0	0	0	0.0385836648516991	0	0	0	0	0	0	6.33754695282567	10.5140045182229	12.172730948233	12.6597987822538	0	0	0.0185870405646512	0	0	0.0715182806563633	0.0170350427428165	0.0331041957194702	0	0	0	0	100277837	LOC100277837	GRMZM2G161761
Zm00001d035420	4.65671359060151	6.41362059908363	11.1302028811155	10.7585059333755	0	0	0	0	4.4882372744994	5.94565292228631	10.5610119942892	11.3611236211035	0	0	0	0	8.74022742845517	12.1225556862226	12.5172675073592	12.1482783295207	0	0	0.0475389157882959	0	13.4349496735023	9.69464611700273	12.3519440758765	12.0652668351337	0	0	0	0	100278569	LOC100278569	-
Zm00001d036006	4.98261674603342	5.27307973565108	3.65589611133429	3.79056616280275	0	0	0	0	3.94122374883623	4.87198331917016	3.40830322210884	3.02804649323939	0	0	0	0	4.36584264513288	7.00620567502829	2.32255632404869	3.17864542999415	0	0	0	0	11.6370936550425	7.66237623659934	4.97757949578795	5.25101881907207	0	0	0	0	100533154	LOC100533154	GRMZM2G122013
Zm00001d036162	5.67114289975745	3.61055248931841	0	0	0	0	0	0	4.52930643767001	4.13763872600126	0	0	1.53812193297045	0	0	0	6.18707564995746	5.33671256301571	0	0	0	0	0	0	9.14120858433275	10.7737992225053	0	0	3.5994828810118	2.82885132643707	0	0	100277062	LOC100277062	GRMZM2G523414
Zm00001d036261	0.965394710491163	1.50169796034551	0.127759810342327	0.146169403385794	0.0640240113289175	0	0	0	0.217030568117733	0.0844251974796215	0.122510438398382	0.0783843178257907	0.102521535757649	0.249040772528205	0.0561019171894083	0.0354218716920187	8.32033952842795	16.094799524923	0.318032729033659	0.499867628103918	6.65341733918938	1.52689988919886	0.0325363508368399	0.0161359232250972	0.907522074513217	0.730285125189086	0.0298196006660108	0.0434613187486865	0.182795347759635	1.07744823160059	0.0440249435332288	0.0674945188727478	103629517	LOC103629517	-
Zm00001d036420	2.39614469198419	3.19000730817914	2.70970553942022	2.72371329569787	0	0	0	0	0	0	0	0.00949989871718132	0	0	0	0	3.18556270103611	5.09493455198198	2.2283497583559	2.75648860214639	0	0	0	0.0195561613086082	0	0	0	0	0	0	0	0	103629565	LOC103629565	GRMZM2G417004|GRMZM2G417008
Zm00001d036755	4.22369638559341	3.96767994056312	7.16365917038894	7.73693815194811	0	0	0.366132491401369	0.0623353351734039	0	0.424151250154941	14.1416401891712	12.432889762408	0	0	11.1399993798725	8.13527260148967	3.96806546888163	6.23326944725507	7.98896441091385	7.11543326109969	0	0	0.0583793798488069	0.115809568920991	0	0.149752829417136	7.54417181619529	3.95108040849286	0	0	8.0573014857195	8.76794278041394	103631267	LOC103631267	GRMZM2G701024
Zm00001d036946	1.39034471090828	3.19592130022249	23.5056757728158	29.7235481785012	0.11808873200667	0	4.42232932893718	7.01654575980888	2.21705072661808	0.934305518774478	86.8830416850395	49.4448276845088	0.405204165137375	0	45.9437300503128	36.4561903454256	11.534878837886	61.3487191994768	57.4128584088012	67.1200034678914	1.3910167233066	0.172425429664633	12.962482173397	7.41069167317965	3.88465109379683	8.19727665283673	89.3484694755681	57.2356593707702	1.09575655684804	1.8879287347046	85.6676484552707	47.4306482291756	103629808	LOC103629808	GRMZM2G179550
Zm00001d037482	2.26845715990298	2.05121242871422	0.0794024135291806	0.0908439311380791	0.159163073574208	0	0.169093073323531	0.172732117176157	1.57710492509426	1.76299389194836	0.0507599610304409	0.0389725313557023	0.0364096496210395	0.11608367893389	0.0464896080284533	0.132087646179078	0.405574189763098	0.321562127204987	0.0988282864497106	0.0828444062551614	0	0	0.202212634548766	0.0401137492349518	0.553380838034684	0.259354537903591	0.074131239143619	0.072029612328741	0	0.0446420982271873	0	0.0335581443593391	100277403	LOC100277403	GRMZM2G082399
Zm00001d037749	0	1.08665651792264	0.584228658786981	0.133682656959116	0	0	0	0	0.203579894920499	0	3.33644502147481	5.08508417418882	0	0	0	0	1.28207575626534	12.213047156275	1.79366314198657	1.09719759848364	5.8449072364153	1.55795773296504	0.0793516878703214	0	1.16930198222713	12.1621299087245	3.01812516522872	1.23662213583348	0	0	0.035790262151974	0.0987659130196663	103630140	LOC103630140	GRMZM2G132550
Zm00001d037894	1.78513491705427	2.3184849689439	119.400741744825	32.6666119937981	0	0	453.877083777248	123.842825060415	0.0919814942788548	0	211.49621450328	549.164693280813	0	0.343030999847468	8.80938252346446	42.6428136535091	0.0499368649065913	0.610859837853462	102.068245904839	339.808639930248	0.23084324637315	0.042921747748423	431.03896322445	223.191139861346	0	0.0574800742462991	176.247616336217	246.719545308269	0	0.0494695628106411	3.800128798299	206.945782577422	542373	LOC542373	GRMZM2G079440|RAB-17|dhn1|lea2|rab17
Zm00001d037913	6.28423942946095	3.7614800888719	0.925467319850247	0.282352758942678	0.0824493399145669	0	1.64237360069308	1.07374018785179	0	0.0652330429774973	0	0	0	0	0	0	45.7306212916814	53.2563994071734	1.15188374409291	1.48056388206015	0	0.240774248630793	2.19974555151022	0.623389346218846	0	0	0	0	0	0.138752467462879	0	0.104302340576324	103630211	LOC103630211	GRMZM2G309071
Zm00001d038519	5.25869614341145	5.46834586109497	11.4867321071958	14.8158193147013	0	0	0	0	0	0	0.15920169595911	0.0916740226207998	0.0856454258131271	0.121360209794521	0.10935623706693	0.103568722572232	7.77350530379271	8.28440090705055	10.5386890914101	11.5949219277465	0	0	0.0634212353812039	0	0	0.0406715070803359	0.0871884460382337	0.0847166463184624	0.0593854078012047	0.0700069267653619	0.228840767092925	0.0789379077543545	100383924	LOC100383924	-
Zm00001d038582	8.43619900838071	10.2710559344969	0.433512046736182	0.177135397000587	0	0	0.0329712379219771	0	0.226591940314677	0.294654754790594	0.0395904745037727	0.0911904369702002	0	0	0	0	9.38444272545284	12.0027590219775	0.0385407974662587	0.258459564352953	0.0974864772174178	0.181261095992587	0.126173369560195	0.0938607320079317	0.26560740472594	0.93051013938131	0.144547536762709	0.168539522442156	0	0	0	0	101027244	LOC101027244	-
Zm00001d038645	2.22518958464597	2.34282553080732	7.13769822571151	8.93479147652841	0.0748109814483673	0	3.21887325206135	4.77999069832078	2.60424172119349	1.86447412619198	5.43975277200883	2.96754056876049	0.102681164462605	0	4.68712155057986	5.33929218274285	5.59184032752391	10.1697621370522	4.73810272502087	5.31519101031497	0.499363632958158	0.0819255702936522	4.13447699317521	3.67663825583295	1.8607445177471	1.75541327561995	4.70389981350689	3.47869171667365	0.427186584728012	0.692439084899901	7.99929425297918	4.35341485816931	103630572	LOC103630572	GRMZM2G069503
Zm00001d038819	1.4810588068788	1.8305799513612	3.59968544970513	3.45788789949758	0.015127068976061	0.00534763464013907	0.0482124878484447	0.0492500664675819	1.04725872391128	1.47211030706078	2.88733984944022	3.25581680338113	0.0155718956023867	0.00551637317247822	0.0861594595072781	0.0627689227710496	2.32562720658922	3.99484944924967	3.87451804831252	4.03327307188739	0.0118792061769985	0.0331313325595265	0.0288278342641836	0.0400308695877722	3.95062203809281	2.69171428677132	3.83629162568228	3.02926189866017	0.0755814281106242	0.165470917809037	0.0728129713477488	0.0334888093503322	100381918	LOC100381918	GRMZM2G126048
Zm00001d039045	1.3531807416157	1.96997965813217	2.28092807215453	1.94746206975791	0	0	0.0362492400351811	0.222176149060467	0.427062381059406	0.863864920424455	0.914057790386606	0.56812070356552	1.46739635941629	0.0663610094982467	2.51147878334325	1.51019844015848	1.04333708302769	1.57565061738507	0.677960407459489	1.59837540237537	0	0.132854722111109	0.13871753223395	0.343974568833265	1.38706700400893	1.91260541995018	1.04886183635058	0.864713407326808	1.39631969627025	1.41637875029837	1.25132482420323	1.66901027828594	100193802	LOC100193802	-
Zm00001d039415	22.9932052262275	27.7049727680366	0.326117055566278	0.239855787571204	0	0	0	0	18.8964612668383	19.4567535329821	0.178695781178593	0.114332681273106	18.3292863678978	1.06706170856747	0	0.232501213937663	15.6792130787384	17.5734171266982	0.144964960991285	0.0729115310153844	0	0	0	0	32.8434133562775	27.6040562000348	0.195729164575627	0.0633934088097338	16.1754539344234	27.5813004327614	0	0.078758910231102	103649606	LOC103649606	GRMZM2G035256
Zm00001d039546	1.17809123611078	1.22076003501976	2.37941976399805	1.76091736329861	0	0	0	0	0	0.00879635687852059	0	0	1.06055360249663	0.0648695998901671	1.03267359724673	1.67001681831394	1.66204122308263	1.96380492112518	2.02959163688887	2.40444189626681	0	0.00811680753128713	0.0169499960929721	0	0.00892035397021972	0.0326096716011602	0	0.00754713998382739	1.13480356110097	1.01970000232843	1.46019776775329	1.51898334743346	100272281	LOC100272281	-
Zm00001d039661	0	1.08872044293293	5.45961000717251	7.12299005514484	0	0	3.77355433736865	5.20914164560962	0	0	6.3680678383644	6.39367542380963	0	0	2.13104461976581	1.48714063180641	0.217440707798397	0	16.4517997128347	8.39451361284818	0	0	1.17085357626838	2.03233645599459	0	0	6.7068035414026	2.08533283245446	0	0	2.28840767092925	2.42885870013399	103649687	LOC103649687	GRMZM2G336437
Zm00001d040786	1.90804807842307	8.46556456560936	38.1465520324068	30.9017942392358	0.17106311645826	0	1.63561991485845	2.08852501492199	0	0	2.78231001349099	1.88488644640897	2.58270318339897	0	59.8086634874462	45.7122012898249	5.66666741771805	40.4356861826458	73.4492748523095	82.4050212032941	0.537339793426847	0.624437887804161	0.260797603436726	1.81074213836278	0.137251178376683	0.334494637670052	0.956085140356956	2.78694014056998	3.663025154093	2.01515265829266	56.6969040713405	32.3522465550246	103650163	LOC103650163	-
Zm00001d041136	1.06112860910222	1.05929556609691	2.80013189082895	2.75836926044001	0	0	0	0	0.853351991967514	1.53548547316263	3.34952424762203	3.01895326052696	0.713810802341794	0.074010384351475	3.44564350564316	3.76857130505381	1.02353846688885	1.230092129017	2.94173386952959	3.1591965108842	0	0	0.00966921121542956	0	2.44255735323161	2.21988073295028	3.08392119597467	1.58435197180474	0.93255255770984	1.25944547389383	3.02662927232742	3.17720975909419	103650352	LOC103650352	GRMZM2G042855
Zm00001d042065	3.98375586246944	5.06608170313312	2.75776838935242	2.1384905266229	0	0	0	0	4.86891453384805	5.83157135879372	2.93828633481579	4.06072851877368	2.50102526088147	0.298649285847814	1.47113088492723	3.33026347301613	5.77361020326438	8.29648786489568	2.05947536527753	2.20594081756613	0	0	0	0	18.4969759207825	12.2906200814581	5.03495396062701	4.75322928337145	6.34241469447318	6.82215152102721	3.32254268105835	3.70378311402236	103650724	LOC103650724	-
Zm00001d042098	0.577337983432359	1.03561212864352	2.04800127578313	1.14662766741356	0	0	1.67030962673244	0.426564069855753	0.637725354819887	0.138213806860063	13.5380530211676	7.65667658707761	0.679350779514518	0	3.36766184986601	1.49806720666516	9.69421234067892	8.62167445589677	1.89822623363773	1.86399914074113	1.73766458118258	0.212560511118914	0.843374646532658	0.264163714474073	2.10243188934378	1.87873896969187	7.48544707450202	12.4119319781111	2.49380927776003	1.07794334743696	1.28131415721171	1.7311091541464	103650740	LOC103650740	GRMZM2G052625
Zm00001d042099	0.164182665372954	2.30483037074463	13.8290940547369	13.4400253851116	0.066237949798675	0	10.6083466552656	11.0523030644907	0.414526975423163	0	9.6961322424312	4.76837618264039	0	0.2898591259266	8.12586755527489	5.93677406107654	1.35028318907859	17.2631151643642	8.26688482974087	5.84382842796888	3.79719040391173	0.628656044826722	2.72657759829446	3.0049020838245	0.159436531696919	1.68377095657072	2.68401585391523	1.84353232760562	0.0472790942687516	0	7.97078063909312	4.98575253319421	100281369	LOC100281369	GRMZM2G052571
Zm00001d042550	1.7403507311425	3.36984899003051	4.78305014830541	7.54509316952379	0	0	0	0.0788261645843573	0	0	0	0.0711403350143772	3.12371676510665	0.141265852670871	5.09171897454489	8.03707900031429	3.78392850766629	4.27655754207993	8.38863907602901	9.52710671934356	0	0	0	0	0	0	0	0	6.84346127994835	6.60065309501983	9.92248722924084	9.86236575893911	100383076	LOC100383076	GRMZM2G035092
Zm00001d043223	3.733954526008	2.31774307012678	28.1646214314268	28.8366856818863	0	0	0	0	4.08523099210471	2.68934874987701	26.0465442128262	23.9023118518115	3.2658041942023	0.29298553743303	29.3791038693035	29.6193724317435	4.64573023783222	7.62543520156693	17.6714653224329	22.9679939142756	0	0	0.0235554391398956	0	5.42972458565134	5.86109146490288	19.0843094941088	22.7176006210882	3.41875476537042	4.34224168152965	34.4226995182548	34.1072175429338	100283674	LOC100283674	GRMZM5G867518|pco097109
Zm00001d043344	0.0930543046450629	2.05139941252723	26.257625387372	12.3850421432847	0	0	8.37565621852083	10.552286916779	0.195785587184254	0	30.6024262779376	16.4729109744868	0.0343518572085469	0.146030516799241	15.4833279318465	9.84516535080431	7.73807455947278	47.5019162151646	28.6721399418423	32.3982421299099	17.4530120142133	0.438529579548154	9.80629894745652	17.3337470828115	1.52615302993508	10.8645199952795	38.2580039972326	101.258401688941	0.250100805871983	1.1793327316535	51.1136818203682	20.579983243159	542740	LOC542740	GRMZM2G156877|gst8
Zm00001d043485	3.26232969484375	4.0471999074246	4.37476759155966	4.16659184162151	0	0	0	0	3.87891191090997	3.63254235978371	7.05758688942476	6.43046767369088	0.105027835445306	0	0.643702265009353	0.685839701314445	6.36959464692044	8.37474990632768	4.39025657113138	6.16553561937451	0	0	0.0466644541266383	0	8.9637872433133	8.04996584954608	7.89070016653714	7.7293314768149	0.109237372209574	0.0515101133390622	0.399897327110546	0.464651229590849	100285171	LOC100285171	GRMZM2G042548|IDP2368
Zm00001d043589	0.817834154517097	1.391627368789	0.0598554246195936	0.0684803122563087	0	0	0.0796664834713467	0.0651047856071822	0.0156428834043063	0	0	0	0	0	0	0.0165951339882673	0.220806050144148	0.502116702115164	0.0372495544338858	0.078062600577287	0	0	0.0152432685184248	0.196551528024864	0	0	0	0	0	0	0.02750089335057	0.0505938520202709	100279931	LOC100279931	AY109828|GRMZM2G079727|MADS36
Zm00001d043610	2.7054993650219	5.1938956910562	18.0950087345399	14.3766771755217	0	0	0	0.820081382006065	11.0344038457826	3.58721889547815	11.7283451243271	6.41437809652568	1.8438648248453	0.857315243502579	16.0389147698164	10.8699650112507	38.510943706863	21.2281577291156	15.640256341812	15.0773019182272	0.131870086918974	0.858172436633608	0.256012326309447	0	5.11984670898709	13.9551776587575	7.97760949683166	10.0312799555072	16.3010220313032	20.2056689544797	16.7431662162025	17.4194477784533	100277849	LOC100277849	GRMZM2G468111
Zm00001d043826	3.20252775515715	3.33020370779486	3.38394403540537	2.21231691124498	0	0	0	0	2.18988098732129	5.11120077917802	7.00487462220084	3.7963830544143	0	0	0	0	5.48718021444191	2.6103278561346	1.40394301044736	4.03500990466316	0	0.157211421164812	0	0	9.32985069012322	6.94765038595856	3.91151303010743	3.21591033867732	0	0	0	0	103651336	LOC103651336	-
Zm00001d043881	7.15716430129817	9.38511954014915	14.2096351270269	12.8213820992607	0	0	0	0	4.44101738687533	7.97657091295964	7.11725228993669	8.34053852863747	0.0671728829906879	0.0713883587026593	0.0857695976995529	0.243691111934663	11.057499523042	19.3232062077496	11.3956413185662	15.5133903531557	0	0.0714597368930965	0	0	12.015716797886	6.50744113285374	11.0780613789756	17.0762181206626	0.139730371296952	0.576527632185333	0	0.0619120845132192	100274517	LOC100274517	-
Zm00001d043982	7.38005221481615	9.55455817287239	12.0343879275027	13.0188694903113	0.0357378850524579	0.00631692604741452	0.142378238602224	0.101809647652234	6.05959896470408	6.95575712935975	11.5826616251409	13.3427020362444	3.34164873250698	0.33884497235177	6.6624388882755	9.39432012033319	9.89585185435635	14.2728603750979	11.3837450551917	12.5839655625823	0.0841943086674347	0.0652276478962368	0.265613829923883	0.209412568207522	15.7276987308916	11.0063212782321	14.4188637411749	17.345822929898	6.85550713227379	6.04433381366281	8.64408205083923	8.06435625135114	100216618	LOC100216618	-
Zm00001d044074	0.586164640801803	1.60916819989054	5.20270465391782	3.76579784310758	0.189186082284588	0	1.80890264485638	4.27311138711946	1.18395473772886	1.72134324260001	2.66981655497319	2.98789407060384	0	0	6.6310758738259	3.72883083851791	0.0401731540247685	0.163807949628233	5.15401005496456	4.57891950852171	0.0742834081352359	0	6.05697379764676	6.79446062623021	0.910752005352253	0.554898081096056	7.56684566995041	7.5770685217133	0.0675182931073128	0	8.58596366457175	10.9194039494826	100273982	LOC100273982	GRMZM2G157927
Zm00001d044092	12.6385470337452	17.9275966269623	7.17457522245811	11.1932700866562	0	0	0	0	10.9092972262159	12.9646013414706	10.0069637460012	10.8844712571997	0	0	0	0	16.1392776783506	13.131547276269	3.89665815144573	5.44406098248204	0	0	0	0	23.2176707650156	18.4067620615006	5.48041660811755	6.50838997113267	0	0	0	0	100273870	LOC100273870	GRMZM2G032244
Zm00001d044548	8.39623753990063	7.72001768625172	23.1691344477315	22.9462036776451	0	0	0	0	7.11273782220612	6.15943946711551	17.0573245670475	17.2871014084937	10.5221523141842	0.520115184833661	24.474967343551	23.1303480411318	20.8471278601713	18.8328616893199	26.9555755646885	26.5397972895999	0	0	0	0	13.8752920166064	15.0484576197243	21.3404101255486	18.5569796697584	20.7424745819922	23.3023056233276	35.143403517842	31.9510579005721	100284806	LOC100284806	-
Zm00001d044639	3.96746622616776	4.23241938994779	13.6029731490526	15.5201061777669	0	0	0	0	1.35524448566417	1.23164280321299	7.99939385868615	8.7792443062187	0.275694466266308	0	2.4641405407674	1.25021228893778	16.8479264471776	23.3269598391883	9.5645852945723	11.7618601473377	0.0197172009247849	0	0.114836804805472	0	3.20309231512004	2.03748071134961	6.56046213079641	2.36912212566857	0.824390023248548	0.697188324165332	1.53659198205743	1.17522554937439	100281786	LOC100281786	GRMZM2G075884
Zm00001d044730	22.7860892099286	33.4774892261013	0.0334342953631822	0	0	0	0.0712007041862711	0	10.380586879563	4.59550598941555	0	0	27.9333706126394	1.04276958131012	0	0	54.1172590555333	64.5284697389451	0	0	0.0701733416151415	0.0978573939715878	0	0	19.0354764894093	17.7789751536531	0	0	54.0557003313326	60.9419126681774	0	0	100281938	LOC100281938	GRMZM2G063717
Zm00001d045030	13.4952196781265	27.0617595282728	1.3316446435623	5.29607501322343	0.254218798069915	0	1.62047528601717	1.58637656226019	0.795469589411578	0.402270431694567	1.9457985061669	1.74293820785224	11.6890145970879	0.61803810543506	5.56906762840847	2.03940879632975	1.87139942498713	1.3940739046486	1.42065661771459	0.793925559945297	0.199636659363447	0.618656055509678	2.32544529731081	4.29272830354589	0.0679901670662272	0.331397465099033	1.4208487502527	7.59312163298811	0.181455412725903	0.356516756675454	2.50559451006837	3.3767882761585	103637946	LOC103637946	GRMZM2G312732
Zm00001d045031	7.7250162742642	17.9785997468114	3.33168235146089	3.98117390109176	0	0	0.157667865666535	0	0.0773970411319373	0.0782796515729968	0	0.0726785044200935	1.15428429744539	0	0.173393673187204	0.410542684070108	0.420189475880687	0.428335652068419	2.11946608913096	2.16291071466178	0	0	0.527938932362454	0.523647050823831	0.0793831139800274	0	0.207367114901745	6.24613543666934	0	0	0.0680337415681668	0.312907021728973	103637945	LOC103637945	GRMZM2G312736
Zm00001d045054	4.32559638571309	4.47983527599012	0.0211480952142825	0.193563497123854	0.0847832121200745	0	0	0	0	0	0	0	0.290921158191785	0.0206118729964961	0	0	51.9940684138394	61.1750609619075	0.315863952060063	0.507491274036057	0.0665798019904855	0.165059855468974	0	0	0.0453501062881268	0.110522674927521	0	0	4.84130138739621	5.96878409055576	0.0388664195268477	0.0893790000306639	732795	LOC732795	GRMZM2G177098|stc|stc1
Zm00001d045523	0.688509361631894	1.08524210285967	0.306320812576631	0	0	0	0	0	0	0	0	0	0	0	0	0	0.993419208152423	2.12662493071669	0.272330342053915	0.182628243821282	0	0	0	0	0	0	0	0	0	0	0	0	100274021	LOC100274021	GRMZM2G000116|GRMZM2G046528
Zm00001d046191	5.05804637005394	8.09674527604628	3.64017145807764	8.61175914775168	0	0	0	0	5.8047780848953	8.54552863005215	6.86288392039947	5.08749530940655	7.4123158316346	0.841868121998028	3.03438928077607	7.8687347780104	5.67255792438927	4.14057796999472	0.537545747243358	1.80242559555148	0	0	0.0628498729002921	0	9.32751589265322	5.40088301228965	2.18887510174064	8.17146750675379	10.122269509899	18.2459494713686	1.58745396992389	2.19034915210281	100384104	LOC100384104	-
Zm00001d046739	1.33523111310745	1.02119221292823	1.71644900891719	1.24967901473807	0	0	0	0	1.41372063738463	1.64981797302582	1.33003948522801	1.32753268200247	0	0	0	0	3.24716044335645	2.2869870638286	1.81268591222317	1.62804988241947	0	0	0	0	2.17499683809835	2.65034073986797	1.11689503026193	2.78385333978137	0	0	0	0	100276090	LOC100276090	GRMZM2G305244
Zm00001d047708	2.83557144987872	3.73971046454606	4.12021060447151	5.41463065167514	0	0	0	0	2.24089603846432	2.50192585566133	3.34582426060406	4.399856207627	0	0	0	0	5.119137639083	7.27996488332544	3.53431646358264	3.86312559046553	0	0.0814815292622502	0.0283590889915952	0	4.86544268712953	3.16444164844565	3.95065262265384	5.93475693043971	0	0	0.025581793069331	0	100194320	LOC100194320	GRMZM2G053790
Zm00001d048259	0.769302862923619	1.10765471150568	1.50070561570151	1.79870983653397	0	0	0	0.0777294527292706	0	0	0	0	1.96612107953614	0.208950622081001	2.42675753908526	0.951031052489363	1.70341159700501	0.992248849661102	1.15629095146161	0.745599656296453	0	0	0	0	0	0	0	0	2.31758008879832	1.52675975936981	1.3790143616991	1.26849785678302	103639505	LOC103639505	GRMZM2G034811
Zm00001d048622	1.14184085230016	1.2348574151387	0	0	0	0	0	0	2.69071592660024	3.88771423919581	0	0	0.337216889107614	0.0895947857543443	0	0	1.66947764913669	1.91457412266823	0	0	0	0	0	0	4.13964292365646	2.88249070314327	0	0	0	0.51682966068388	0	0	100275073	LOC100275073	GRMZM5G843972
Zm00001d048666	0.95929780393907	1.12663608024901	1.09030179771412	1.94907688076102	0	0	0	0.222360374723038	0.712360826338727	1.80121088818463	1.39400489994047	2.20747397753568	0.0624941747226798	0	0.0797955958697333	0.151145067767104	2.47514596737678	3.78469710484334	1.8659370501326	1.848543094798	0	0.132964883572229	0.0694162775316659	0.206555872926244	2.04579368366439	1.86967525085723	2.1630831720265	1.54541145854575	0.129997907624528	0.153248993914225	0.563563083139292	0.0575998000197612	103652707	LOC103652707	GRMZM2G148941
Zm00001d048686	9.41850587592226	8.45200994036628	4.3075107904832	4.98357608098473	0	0	0	0	6.17261914610539	6.24300966785349	3.34154796465411	4.32347216223418	0	0	0	0	11.9761424468326	13.2723509999575	5.36134723575683	4.59522991940069	0	0	0	0	15.2567051921332	15.4293038874377	4.83490228442879	7.50775084687999	0	0	0	0	100274452	LOC100274452	GRMZM2G106420
Zm00001d049103	1.7981672608987	2.01369025014018	13.6412378121016	18.4097442156955	0	0	0.0592856811957501	0.0605615654733477	21.3612687302963	9.00693308038079	292.724028927743	234.968718466938	21.5993586075057	1.03106844906727	181.187577826503	195.248092602025	11.0598652696238	5.08953297152841	12.8898600436543	20.3903320639609	0	0.108642039016334	0.113436355966381	0	20.1781549478501	36.518384080913	254.297271447666	104.451721975739	30.7500538443799	23.5405405773607	159.579225166487	142.836967500224	100382321	LOC100382321	GRMZM2G025109
Zm00001d050093	1.08418908377716	1.24882639042307	0.302137860304051	0.115224839127343	0	0	1.07237335104077	0.219090369212405	0.210565479550124	0.212966699132418	0.643830388069931	0.197728284084078	0.646538998785371	0.981589932161566	0.353799590510656	0	0.11431625446754	0	1.50422465405074	0.840627063471491	0	1.47385707342011	0.820745399050874	1.93342372231698	0	0.131584287612851	0.376107022125714	1.73586069417242	0	0	0.185091796913395	0.425645581028382	100286273	LOC100286273	GRMZM2G076345|si605013h05
Zm00001d051016	1.30383285358909	1.09126418228558	6.52843675722399	5.14053543979705	0	0	6.01090318710481	4.49032878208228	0	0	2.52862880637858	3.35509787460796	1.86659002800198	0.0561432746245681	6.38558662798297	6.30317309710629	1.41666685442951	1.48856646936114	5.04266713465422	5.16867799119527	0.0201502422535068	0.0561994099023745	6.22002284196592	4.48158679244788	0	0	2.33045752962008	3.04821577874841	2.38096635016045	2.39659226861234	6.42251236990704	8.50463738871214	100193981	LOC100193981	GRMZM2G138632|si946009c04b
Zm00001d051085	1.06828505786129	1.77739942078819	0.0637065875989938	0.0364432049332992	0	0	0	0	0.449532814481427	0.522016048571089	0.0610890228680306	0.0625373177568246	1.00782756887075	0.0310456350637146	0	0	5.33298619678802	15.7562771548656	0.0991155779800877	0.232638652449087	0.0167137668304281	0	0	0	3.73977542197769	2.39299797472674	0.0594773895454618	0.158925801620681	4.17769438601498	4.51300467426937	0	0.0269245576836558	103653761	LOC103653761	GRMZM2G071396
Zm00001d051254	2.89471070075435	3.02953493176179	8.11891857326364	2.37380876041929	0	0	0	0	0	0	2.5374408620486	1.99247601305361	0	0	0	0	2.8158691001664	3.05312574830546	3.42454657793769	3.45893583690767	0	0	0	0	0	0.0589312726081706	1.45282174627924	2.94601905089889	0	0	0.0621713390290877	0.0381258829988101	100272737	LOC100272737	GRMZM2G143669
Zm00001d051388	2.21207103546944	1.5019346072201	3.77123508999015	1.88766046203265	0	0	0.794745527463487	0.427289056590158	0.123198923025503	0.249207686174072	0.703166190565094	0.617002982074981	0.0720535131123823	0	0.184002846307645	0.261397158308501	1.07015751792175	0.454543569594594	1.80909619005338	1.14762470997829	0	0	0.0800344461789571	0.436610932160542	0.379080931482062	0.0513254200248981	0.183379140806993	0.213816392237802	0.074941432406874	0	0.360982089582529	0.298847145991629	100282518	LOC100282518	GRMZM2G463471
Zm00001d051452	1.17150369760248	1.22928294143367	0.353676243360611	0.441424735811793	0	0	0.10270618009968	0.104916514834109	0.0336113911018977	0	0	0	0.0589733761467542	0.0626742867483441	0	0	2.70065442479183	2.93902608215021	0.520240451557456	0.536738406723581	0.0674828144327143	0	0	0.0324864870564751	0.0344738875265377	0	0	0.0583338409704593	0.030668520460716	0.0361538119445531	0	0	103653911	LOC103653911	-
Zm00001d051794	6.03906939660972	6.49091718213931	10.4488780085464	12.7608287162416	0	0	0	0	4.70875287155042	6.34993325735316	8.93239045784	10.8887683244154	0	0.0597298571695628	0	0	6.26054118426258	7.65829649067294	9.80157720141341	9.87877844388309	0	0.0597895785190561	0.0624280616727734	0	10.7105047072382	9.04781804042193	13.3311849184783	11.2854449651977	0	0	0	0	100382285	LOC100382285	-
Zm00001d051932	2.23478235725934	1.92913622344257	0	0	0	0	0.0393637721299717	0	0.135262035446503	0.156348022035135	0	0	1.93251217219364	0.0180156856645038	0.0649348776105927	0.409988645360162	2.39184778578237	2.58793348759826	0	0.0385712822645488	0	0	0.0376590331548309	0	0.0990949803394405	0.0241504225578243	0	0	3.3499460810936	1.22630217194925	0.815303137820946	1.0468238959057	100273712	LOC100273712	CER1|GRMZM2G099097
Zm00001d052507	3.80143797499366	4.9094487473507	3.14601047041593	1.68948420370467	0	0	0	0	5.60433184165126	5.70218336927048	1.43654655338103	2.45800973152019	0	0	0	0	4.95560963116785	6.05459136943274	2.71700578137915	2.47853635745422	0	0	0	0	5.36952344405529	5.03309900119157	2.42765329437707	4.33908072862375	0	0	0	0.0271349057905594	100278176	LOC100278176	-
Zm00001d052683	4.86452520066722	1.95112044368069	2.48762375427581	3.90907200400509	0	0	0	0	23.6238802352165	13.6578293614287	9.69493041256463	14.7106382031918	0	0	0	0	8.77708695132831	3.78003869757535	0.857989554681022	1.7824236860041	0	0	0	0	5.78437132502169	11.551775971614	2.60229847693984	5.51924934293586	0	0	0	0	103654413	LOC103654413	GRMZM2G097297
Zm00001d052684	1.79088723150235	3.0680355746879	16.3483265429104	13.881252519598	0	0	0	0	8.96659565727449	12.4018431038039	13.2630208613928	20.9778949890166	0	0	0	0	5.9913546676868	5.1320036957457	5.83977314400431	7.38117054928625	0	0	0	0	8.5678527747043	4.54969401237656	10.7457231977184	8.84499222579201	0	0	0	0	100303908	LOC100303908	GRMZM2G100754
Zm00001d053249	2.50076903772437	1.68817254223456	0.247534632538259	0.33984386287197	0	0	0.10542851258425	0.107697434504411	0	0	0	0.291589662311941	0	0.0965032993546793	0.0579719810957219	0.219615604490516	0.786716199419985	0.687401311512209	0.862663777503799	1.44628367064734	0	0	0	0.200085447991206	0	0	0.0462203810323167	0.224550146868214	0	0	0.0454924416510031	0.0836932034022072	103654664	LOC103654664	GRMZM2G075925
Zm00001d053327	15.0041558479956	14.2127090107828	0.0574294185902879	0	0	0	0	0	59.4350863032047	47.8474113472179	0	0.056375359822714	13.509353958448	0.979532091632925	0	0	24.3797986047671	13.4562049187532	0.0357397891248954	0.239675640738203	0	0	0	0	63.2077643714556	57.6631589272318	0	0.0520968894201586	15.0916124395431	21.7946092760089	0	0.0728148415344151	103654697	LOC103654697	GRMZM2G118312
Zm00001d053538	4.5534724012651	4.95884347730037	3.09930223611163	4.11781614866767	0	0	0	0	1.98577079984496	2.8540646686651	0	0	9.62729604030772	0.292327512643736	6.32190801146048	6.31996000513765	10.7807737789826	5.89977646316136	2.23986736807556	1.46035942413295	0	0	0	0	3.21588527437337	3.00434782228467	0	0	11.0621577159616	14.0524852996164	10.3813530473177	8.53528131533702	103654772	LOC103654772	Cwf21|GRMZM2G039322
Zm00001d054094	0.797221366100088	1.17567894476464	1.70664452721266	3.1040761773858	0	0	1.95699571282585	1.47553513833786	0	0	0.447595822504846	0.687311096113344	0	0	1.43479109761936	2.42653024130895	0	0.101267853843652	0.599126752518613	0.593541792419168	0	0	0.846967296784129	0.663222531280753	0.046919731905128	0.0571740035634115	0.367695682972743	0.595452466136158	0.0417405422244889	0.0984122932164831	1.849735273946	1.03569225083456	103654996	LOC103654996	GRMZM2G431344
