ATGLR3.5	Zm00001d014451_P001	56.792	854	350	5	49	889	95	942	0.0	1003
ATGLR3.5	Zm00001d014458_P001	55.981	836	359	6	49	883	83	910	0.0	970
ATGLR3.5	Zm00001d014456_P001	54.796	834	366	6	49	880	93	917	0.0	957
ATGLR3.5	Zm00001d014456_P002	54.688	832	366	6	51	880	1	823	0.0	951
ATGLR3.5	Zm00001d006508_P003	54.435	823	360	5	49	871	94	901	0.0	951
ATGLR3.5	Zm00001d006508_P011	54.435	823	360	5	49	871	94	901	0.0	951
ATGLR3.5	Zm00001d018614_P003	53.147	858	372	11	49	889	102	946	0.0	942
ATGLR3.5	Zm00001d006508_P009	54.313	823	357	6	49	871	94	897	0.0	942
ATGLR3.5	Zm00001d018615_P001	51.379	870	392	13	46	889	93	957	0.0	875
ATGLR3.5	Zm00001d018615_P002	51.700	853	383	13	51	889	1	838	0.0	872
ATGLR3.5	Zm00001d006508_P002	50.721	832	348	7	49	871	94	872	0.0	869
ATGLR3.5	Zm00001d002532_P003	53.826	758	344	5	42	797	82	835	0.0	849
ATGLR3.5	Zm00001d002532_P001	53.826	758	344	5	42	797	82	835	0.0	849
ATGLR3.5	Zm00001d014456_P003	56.938	699	297	3	51	749	1	695	0.0	847
ATGLR3.5	Zm00001d015007_P003	49.757	824	402	7	44	866	86	898	0.0	831
ATGLR3.5	Zm00001d015007_P004	49.757	824	402	7	44	866	86	898	0.0	831
ATGLR3.5	Zm00001d054016_P005	50.493	812	392	8	44	852	86	890	0.0	826
ATGLR3.5	Zm00001d054016_P002	50.493	812	392	8	44	852	86	890	0.0	826
ATGLR3.5	Zm00001d054016_P013	50.493	812	392	8	44	852	86	890	0.0	826
ATGLR3.5	Zm00001d002532_P004	52.243	758	339	6	42	797	82	818	0.0	814
ATGLR3.5	Zm00001d054016_P004	48.984	837	392	9	44	852	86	915	0.0	813
ATGLR3.5	Zm00001d002532_P002	49.604	758	315	7	42	797	82	774	0.0	753
ATGLR3.5	Zm00001d014451_P002	60.332	542	213	1	49	590	95	634	0.0	714
ATGLR3.5	Zm00001d054016_P014	45.376	811	375	11	44	852	86	830	0.0	697
ATGLR3.5	Zm00001d014458_P002	57.576	561	232	3	49	607	83	639	0.0	694
ATGLR3.5	Zm00001d015007_P005	43.705	826	389	12	44	866	86	838	0.0	679
ATGLR3.5	Zm00001d018614_P001	53.671	572	240	6	51	606	1	563	0.0	650
ATGLR3.5	Zm00001d015007_P006	49.908	543	269	3	49	590	91	631	0.0	579
ATGLR3.5	Zm00001d015007_P002	49.908	543	269	3	49	590	91	631	0.0	579
ATGLR3.5	Zm00001d015007_P001	49.908	543	269	3	49	590	91	631	0.0	579
ATGLR3.5	Zm00001d054016_P006	49.540	543	271	3	49	590	91	631	0.0	573
ATGLR3.5	Zm00001d054016_P010	49.540	543	271	3	49	590	91	631	0.0	573
ATGLR3.5	Zm00001d054016_P008	49.540	543	271	3	49	590	91	631	0.0	573
ATGLR3.5	Zm00001d054016_P011	49.540	543	271	3	49	590	91	631	0.0	573
ATGLR3.5	Zm00001d033769_P001	47.810	548	283	3	44	590	86	631	0.0	558
ATGLR3.5	Zm00001d014458_P003	56.582	433	183	4	452	883	1	429	1.68e-166	493
ATGLR3.5	Zm00001d005783_P002	36.072	779	460	16	49	820	127	874	3.68e-153	477
ATGLR3.5	Zm00001d020568_P002	36.701	782	451	16	49	817	114	864	1.85e-152	474
ATGLR3.5	Zm00001d020568_P001	36.317	782	445	16	49	808	114	864	2.13e-149	467
ATGLR3.5	Zm00001d006508_P001	57.641	373	151	4	499	871	11	376	8.98e-146	438
ATGLR3.5	Zm00001d054016_P001	46.272	456	242	3	44	498	86	539	1.03e-142	444
ATGLR3.5	Zm00001d054016_P001	44.545	220	115	5	635	852	534	748	9.08e-44	172
ATGLR3.5	Zm00001d054016_P003	46.272	456	242	3	44	498	86	539	1.03e-142	444
ATGLR3.5	Zm00001d054016_P003	44.545	220	115	5	635	852	534	748	9.08e-44	172
ATGLR3.5	Zm00001d006508_P007	49.357	389	189	1	110	498	1	381	2.38e-138	419
ATGLR3.5	Zm00001d005782_P001	35.934	782	451	17	46	812	91	837	2.09e-133	425
ATGLR3.5	Zm00001d018329_P001	32.759	812	503	17	50	847	92	874	3.76e-127	409
ATGLR3.5	Zm00001d005783_P001	36.909	634	363	15	193	820	7	609	6.46e-126	398
ATGLR3.5	Zm00001d020563_P001	31.868	819	480	22	41	814	86	871	3.06e-123	397
ATGLR3.5	Zm00001d018332_P001	33.048	817	489	19	38	838	104	878	1.02e-122	397
ATGLR3.5	Zm00001d020568_P003	37.975	553	307	13	192	738	6	528	3.20e-112	356
ATGLR3.5	Zm00001d020568_P004	37.975	553	307	13	192	738	6	528	3.20e-112	356
ATGLR3.5	Zm00001d018332_P002	32.443	786	465	19	82	838	2	750	8.63e-112	365
ATGLR3.5	Zm00001d005783_P003	37.276	558	304	15	192	738	6	528	1.84e-110	352
ATGLR3.5	Zm00001d005783_P004	37.276	558	304	15	192	738	6	528	1.84e-110	352
ATGLR3.5	Zm00001d052064_P001	32.170	802	491	14	41	818	111	883	1.81e-107	357
ATGLR3.5	Zm00001d024012_P001	40.397	302	110	3	436	737	53	284	1.14e-64	221
ATGLR3.5	Zm00001d020568_P005	43.123	269	133	7	356	620	6	258	1.87e-64	219
ATGLR3.4	Zm00001d014451_P001	57.952	918	357	6	58	954	33	942	0.0	1098
ATGLR3.4	Zm00001d006508_P003	57.273	880	367	4	57	936	31	901	0.0	1074
ATGLR3.4	Zm00001d006508_P011	57.273	880	367	4	57	936	31	901	0.0	1074
ATGLR3.4	Zm00001d006508_P009	57.159	880	364	5	57	936	31	897	0.0	1068
ATGLR3.4	Zm00001d014458_P001	57.095	902	375	6	58	954	21	915	0.0	1058
ATGLR3.4	Zm00001d018614_P003	55.195	924	389	11	50	956	32	947	0.0	1042
ATGLR3.4	Zm00001d014456_P001	56.130	889	381	6	59	940	32	918	0.0	1031
ATGLR3.4	Zm00001d006508_P002	53.993	889	353	6	57	936	31	872	0.0	996
ATGLR3.4	Zm00001d014456_P002	55.569	826	358	6	122	940	1	824	0.0	951
ATGLR3.4	Zm00001d018615_P001	51.668	929	413	13	50	946	25	949	0.0	937
ATGLR3.4	Zm00001d002532_P003	54.241	837	362	6	33	862	13	835	0.0	923
ATGLR3.4	Zm00001d002532_P001	54.241	837	362	6	33	862	13	835	0.0	923
ATGLR3.4	Zm00001d015007_P003	50.225	888	423	9	52	931	22	898	0.0	898
ATGLR3.4	Zm00001d015007_P004	50.225	888	423	9	52	931	22	898	0.0	898
ATGLR3.4	Zm00001d054016_P005	49.662	888	428	9	52	931	22	898	0.0	890
ATGLR3.4	Zm00001d054016_P002	49.662	888	428	9	52	931	22	898	0.0	890
ATGLR3.4	Zm00001d054016_P013	49.662	888	428	9	52	931	22	898	0.0	890
ATGLR3.4	Zm00001d002532_P004	52.808	837	357	7	33	862	13	818	0.0	887
ATGLR3.4	Zm00001d054016_P004	48.578	914	424	11	52	931	22	923	0.0	878
ATGLR3.4	Zm00001d018615_P002	52.983	838	373	11	122	946	1	830	0.0	872
ATGLR3.4	Zm00001d014456_P003	57.372	685	286	3	122	802	1	683	0.0	828
ATGLR3.4	Zm00001d002532_P002	50.777	837	330	8	33	862	13	774	0.0	828
ATGLR3.4	Zm00001d014451_P002	59.136	602	242	1	58	655	33	634	0.0	775
ATGLR3.4	Zm00001d015007_P005	45.833	888	402	13	52	931	22	838	0.0	769
ATGLR3.4	Zm00001d054016_P014	44.707	888	412	13	52	931	22	838	0.0	754
ATGLR3.4	Zm00001d014458_P002	57.492	614	255	2	58	667	21	632	0.0	753
ATGLR3.4	Zm00001d018614_P001	55.300	566	234	6	122	671	1	563	0.0	649
ATGLR3.4	Zm00001d054016_P006	49.100	611	303	4	52	655	22	631	0.0	629
ATGLR3.4	Zm00001d054016_P010	49.100	611	303	4	52	655	22	631	0.0	629
ATGLR3.4	Zm00001d054016_P008	49.100	611	303	4	52	655	22	631	0.0	629
ATGLR3.4	Zm00001d054016_P011	49.100	611	303	4	52	655	22	631	0.0	629
ATGLR3.4	Zm00001d015007_P006	48.936	611	304	4	52	655	22	631	0.0	629
ATGLR3.4	Zm00001d015007_P002	48.936	611	304	4	52	655	22	631	0.0	629
ATGLR3.4	Zm00001d015007_P001	48.936	611	304	4	52	655	22	631	0.0	629
ATGLR3.4	Zm00001d033769_P001	47.791	611	311	4	52	655	22	631	0.0	606
ATGLR3.4	Zm00001d014458_P003	58.352	437	176	4	519	954	3	434	5.97e-173	512
ATGLR3.4	Zm00001d054016_P001	45.818	550	288	6	52	593	22	569	7.94e-167	509
ATGLR3.4	Zm00001d054016_P001	44.298	228	116	5	705	931	539	756	9.47e-47	182
ATGLR3.4	Zm00001d054016_P003	45.818	550	288	6	52	593	22	569	7.94e-167	509
ATGLR3.4	Zm00001d054016_P003	44.298	228	116	5	705	931	539	756	9.47e-47	182
ATGLR3.4	Zm00001d005783_P002	34.248	838	502	17	55	875	59	864	1.04e-154	483
ATGLR3.4	Zm00001d006508_P001	59.517	373	144	3	564	936	11	376	5.51e-154	461
ATGLR3.4	Zm00001d020568_P002	34.819	830	492	18	61	873	52	849	7.73e-154	480
ATGLR3.4	Zm00001d020568_P001	34.201	845	492	19	61	873	52	864	8.12e-150	470
ATGLR3.4	Zm00001d006508_P007	54.090	379	172	1	181	559	1	377	4.49e-147	443
ATGLR3.4	Zm00001d005782_P001	35.259	848	489	20	56	876	31	845	4.15e-135	432
ATGLR3.4	Zm00001d018329_P001	30.592	912	588	16	60	956	32	913	2.76e-128	414
ATGLR3.4	Zm00001d018332_P001	33.023	860	525	17	67	910	57	881	1.21e-126	409
ATGLR3.4	Zm00001d020563_P001	30.238	883	515	21	59	879	28	871	4.48e-125	404
ATGLR3.4	Zm00001d005783_P001	36.160	625	354	15	264	875	7	599	2.39e-123	393
ATGLR3.4	Zm00001d052064_P001	32.193	848	532	15	61	883	54	883	3.64e-110	366
ATGLR3.4	Zm00001d018332_P002	32.783	787	467	16	152	910	1	753	5.94e-110	362
ATGLR3.4	Zm00001d020568_P003	36.282	554	309	15	263	803	6	528	3.74e-109	350
ATGLR3.4	Zm00001d020568_P004	36.282	554	309	15	263	803	6	528	3.74e-109	350
ATGLR3.4	Zm00001d005783_P003	36.462	554	306	15	263	802	6	527	6.36e-108	347
ATGLR3.4	Zm00001d005783_P004	36.462	554	306	15	263	802	6	527	6.36e-108	347
ATGLR3.4	Zm00001d020568_P005	42.537	268	136	7	421	685	6	258	5.28e-67	226
ATGLR3.4	Zm00001d024012_P001	40.397	302	110	3	501	802	53	284	1.36e-64	221
ATGLR3.3	Zm00001d015007_P003	54.656	902	384	14	7	899	14	899	0.0	996
ATGLR3.3	Zm00001d015007_P004	54.656	902	384	14	7	899	14	899	0.0	996
ATGLR3.3	Zm00001d054016_P005	53.677	911	402	13	20	921	22	921	0.0	989
ATGLR3.3	Zm00001d054016_P002	53.677	911	402	13	20	921	22	921	0.0	989
ATGLR3.3	Zm00001d054016_P013	53.677	911	402	13	20	921	22	921	0.0	989
ATGLR3.3	Zm00001d002532_P003	58.095	840	337	7	1	833	4	835	0.0	986
ATGLR3.3	Zm00001d002532_P001	58.095	840	337	7	1	833	4	835	0.0	986
ATGLR3.3	Zm00001d014451_P001	52.407	914	410	7	26	918	33	942	0.0	983
ATGLR3.3	Zm00001d006508_P003	52.544	904	413	6	12	907	10	905	0.0	979
ATGLR3.3	Zm00001d006508_P011	52.544	904	413	6	12	907	10	905	0.0	979
ATGLR3.3	Zm00001d054016_P004	52.244	936	402	14	20	921	22	946	0.0	975
ATGLR3.3	Zm00001d006508_P009	52.544	904	409	7	12	907	10	901	0.0	971
ATGLR3.3	Zm00001d014458_P001	52.257	886	409	8	26	903	21	900	0.0	959
ATGLR3.3	Zm00001d018614_P003	51.432	943	424	11	13	929	25	959	0.0	958
ATGLR3.3	Zm00001d002532_P004	56.786	840	331	8	1	833	4	818	0.0	949
ATGLR3.3	Zm00001d014456_P001	49.720	893	432	8	29	910	34	920	0.0	922
ATGLR3.3	Zm00001d006508_P002	49.398	913	399	8	12	907	10	876	0.0	899
ATGLR3.3	Zm00001d015007_P005	49.777	896	369	15	7	895	14	835	0.0	881
ATGLR3.3	Zm00001d018615_P001	49.149	940	435	12	20	925	27	957	0.0	876
ATGLR3.3	Zm00001d054016_P014	49.608	893	370	15	20	904	22	842	0.0	871
ATGLR3.3	Zm00001d014456_P002	50.240	832	397	8	90	910	1	826	0.0	862
ATGLR3.3	Zm00001d002532_P002	53.214	840	317	9	1	833	4	774	0.0	852
ATGLR3.3	Zm00001d018615_P002	50.410	853	391	13	90	925	1	838	0.0	813
ATGLR3.3	Zm00001d014456_P003	53.120	689	313	6	90	774	1	683	0.0	761
ATGLR3.3	Zm00001d014451_P002	51.320	606	288	4	26	628	33	634	0.0	679
ATGLR3.3	Zm00001d015007_P006	51.669	629	286	10	7	628	14	631	0.0	669
ATGLR3.3	Zm00001d015007_P002	51.669	629	286	10	7	628	14	631	0.0	669
ATGLR3.3	Zm00001d015007_P001	51.669	629	286	10	7	628	14	631	0.0	669
ATGLR3.3	Zm00001d014458_P002	50.560	625	298	7	26	645	21	639	0.0	664
ATGLR3.3	Zm00001d054016_P006	51.136	616	288	9	20	628	22	631	0.0	662
ATGLR3.3	Zm00001d054016_P010	51.136	616	288	9	20	628	22	631	0.0	662
ATGLR3.3	Zm00001d054016_P008	51.136	616	288	9	20	628	22	631	0.0	662
ATGLR3.3	Zm00001d054016_P011	51.136	616	288	9	20	628	22	631	0.0	662
ATGLR3.3	Zm00001d033769_P001	50.000	616	295	9	20	628	22	631	0.0	642
ATGLR3.3	Zm00001d018614_P001	49.123	570	268	6	90	644	1	563	0.0	572
ATGLR3.3	Zm00001d054016_P001	50.577	520	244	9	20	532	22	535	4.27e-179	540
ATGLR3.3	Zm00001d054016_P001	55.128	234	96	5	673	904	534	760	5.52e-69	247
ATGLR3.3	Zm00001d054016_P003	50.577	520	244	9	20	532	22	535	4.27e-179	540
ATGLR3.3	Zm00001d054016_P003	55.128	234	96	5	673	904	534	760	5.52e-69	247
ATGLR3.3	Zm00001d014458_P003	56.595	417	176	2	492	903	3	419	2.27e-166	494
ATGLR3.3	Zm00001d005783_P002	34.958	841	489	19	29	849	65	867	5.30e-158	491
ATGLR3.3	Zm00001d006508_P001	59.030	371	151	1	537	907	11	380	3.05e-152	456
ATGLR3.3	Zm00001d020568_P002	35.861	778	444	18	94	856	121	858	7.21e-149	466
ATGLR3.3	Zm00001d020568_P001	35.183	793	444	19	94	856	121	873	5.66e-145	456
ATGLR3.3	Zm00001d005782_P001	32.799	936	550	21	7	918	14	894	6.62e-138	438
ATGLR3.3	Zm00001d018329_P001	31.551	935	587	22	27	933	31	940	2.03e-132	424
ATGLR3.3	Zm00001d018332_P001	33.373	833	506	19	39	852	61	863	4.23e-129	416
ATGLR3.3	Zm00001d005783_P001	37.382	634	347	16	231	849	4	602	2.72e-128	405
ATGLR3.3	Zm00001d020563_P001	29.801	906	558	21	7	868	13	884	7.18e-125	403
ATGLR3.3	Zm00001d006508_P007	46.753	385	198	4	149	533	1	378	1.43e-117	366
ATGLR3.3	Zm00001d018332_P002	32.587	804	478	20	120	893	1	770	1.26e-114	374
ATGLR3.3	Zm00001d052064_P001	32.084	854	528	16	29	854	54	883	3.85e-114	376
ATGLR3.3	Zm00001d005783_P003	36.673	559	304	16	231	774	4	527	4.78e-108	346
ATGLR3.3	Zm00001d005783_P004	36.673	559	304	16	231	774	4	527	4.78e-108	346
ATGLR3.3	Zm00001d020568_P003	36.071	560	308	16	231	775	4	528	1.17e-103	335
ATGLR3.3	Zm00001d020568_P004	36.071	560	308	16	231	775	4	528	1.17e-103	335
ATGLR3.3	Zm00001d024012_P001	44.371	302	98	3	473	774	53	284	5.76e-79	260
ATGLR3.3	Zm00001d020568_P005	41.729	266	136	6	396	658	9	258	2.87e-62	213
ATGLR3.2	Zm00001d006508_P003	51.574	921	422	11	2	911	6	913	0.0	952
ATGLR3.2	Zm00001d006508_P011	51.574	921	422	11	2	911	6	913	0.0	952
ATGLR3.2	Zm00001d006508_P009	51.466	921	419	12	2	911	6	909	0.0	946
ATGLR3.2	Zm00001d015007_P003	52.673	879	399	8	26	894	27	898	0.0	943
ATGLR3.2	Zm00001d015007_P004	52.673	879	399	8	26	894	27	898	0.0	943
ATGLR3.2	Zm00001d054016_P005	51.659	904	418	9	19	912	20	914	0.0	940
ATGLR3.2	Zm00001d054016_P002	51.659	904	418	9	19	912	20	914	0.0	940
ATGLR3.2	Zm00001d054016_P013	51.659	904	418	9	19	912	20	914	0.0	940
ATGLR3.2	Zm00001d054016_P004	50.377	929	417	11	19	912	20	939	0.0	929
ATGLR3.2	Zm00001d014451_P001	50.718	905	403	8	27	899	33	926	0.0	909
ATGLR3.2	Zm00001d014458_P001	50.665	902	416	9	19	902	13	903	0.0	909
ATGLR3.2	Zm00001d002532_P003	51.403	891	410	8	19	894	19	901	0.0	892
ATGLR3.2	Zm00001d002532_P001	51.403	891	410	8	19	894	19	901	0.0	892
ATGLR3.2	Zm00001d018614_P003	50.440	910	411	13	21	902	34	931	0.0	883
ATGLR3.2	Zm00001d006508_P002	48.602	930	407	13	2	911	6	884	0.0	873
ATGLR3.2	Zm00001d014456_P001	48.764	890	427	9	30	899	34	914	0.0	872
ATGLR3.2	Zm00001d002532_P004	50.393	891	402	9	19	894	19	884	0.0	861
ATGLR3.2	Zm00001d018615_P001	47.246	944	436	16	21	912	27	960	0.0	837
ATGLR3.2	Zm00001d014456_P002	49.819	829	387	9	91	899	1	820	0.0	833
ATGLR3.2	Zm00001d054016_P014	48.230	904	389	13	19	912	20	854	0.0	817
ATGLR3.2	Zm00001d015007_P005	48.692	879	374	13	26	894	27	838	0.0	813
ATGLR3.2	Zm00001d002532_P002	48.260	891	377	10	19	894	19	840	0.0	798
ATGLR3.2	Zm00001d018615_P002	49.238	853	388	14	91	911	1	840	0.0	791
ATGLR3.2	Zm00001d014456_P003	51.744	688	320	5	91	771	1	683	0.0	733
ATGLR3.2	Zm00001d014458_P002	48.896	634	311	6	19	646	13	639	0.0	632
ATGLR3.2	Zm00001d014451_P002	49.918	607	295	4	27	629	33	634	0.0	631
ATGLR3.2	Zm00001d015007_P006	50.164	610	293	6	26	629	27	631	0.0	628
ATGLR3.2	Zm00001d015007_P002	50.164	610	293	6	26	629	27	631	0.0	628
ATGLR3.2	Zm00001d015007_P001	50.164	610	293	6	26	629	27	631	0.0	628
ATGLR3.2	Zm00001d054016_P006	49.109	617	303	6	19	629	20	631	0.0	620
ATGLR3.2	Zm00001d054016_P010	49.109	617	303	6	19	629	20	631	0.0	620
ATGLR3.2	Zm00001d054016_P008	49.109	617	303	6	19	629	20	631	0.0	620
ATGLR3.2	Zm00001d054016_P011	49.109	617	303	6	19	629	20	631	0.0	620
ATGLR3.2	Zm00001d033769_P001	47.974	617	310	6	19	629	20	631	0.0	598
ATGLR3.2	Zm00001d018614_P001	49.037	571	267	7	91	645	1	563	0.0	555
ATGLR3.2	Zm00001d054016_P001	47.025	521	265	6	19	533	20	535	3.91e-162	495
ATGLR3.2	Zm00001d054016_P001	49.383	243	115	3	674	912	534	772	6.51e-66	238
ATGLR3.2	Zm00001d054016_P003	47.025	521	265	6	19	533	20	535	3.91e-162	495
ATGLR3.2	Zm00001d054016_P003	49.383	243	115	3	674	912	534	772	6.51e-66	238
ATGLR3.2	Zm00001d014458_P003	55.164	426	173	4	491	902	1	422	2.41e-159	475
ATGLR3.2	Zm00001d006508_P001	58.901	382	145	4	538	911	11	388	8.66e-155	462
ATGLR3.2	Zm00001d005783_P002	34.936	853	499	20	22	854	56	872	9.99e-152	474
ATGLR3.2	Zm00001d020568_P002	35.047	856	501	20	22	858	44	863	4.01e-150	469
ATGLR3.2	Zm00001d020568_P001	34.558	871	500	21	22	858	44	878	8.78e-147	461
ATGLR3.2	Zm00001d005782_P001	34.548	851	495	21	27	852	33	846	7.65e-139	440
ATGLR3.2	Zm00001d020563_P001	31.964	901	522	23	2	850	10	871	7.00e-134	426
ATGLR3.2	Zm00001d018332_P001	32.512	852	510	18	66	889	84	898	8.91e-127	409
ATGLR3.2	Zm00001d005783_P001	36.651	633	353	16	237	854	8	607	2.17e-125	397
ATGLR3.2	Zm00001d018329_P001	32.927	820	491	21	95	889	98	883	3.00e-125	405
ATGLR3.2	Zm00001d006508_P007	48.718	390	189	6	150	537	1	381	9.10e-121	374
ATGLR3.2	Zm00001d018332_P002	32.045	802	480	17	121	889	1	770	2.32e-115	375
ATGLR3.2	Zm00001d005783_P003	36.727	550	303	15	237	771	8	527	3.43e-108	346
ATGLR3.2	Zm00001d005783_P004	36.727	550	303	15	237	771	8	527	3.43e-108	346
ATGLR3.2	Zm00001d020568_P003	36.909	550	302	15	237	771	8	527	4.50e-107	343
ATGLR3.2	Zm00001d020568_P004	36.909	550	302	15	237	771	8	527	4.50e-107	343
ATGLR3.2	Zm00001d052064_P001	29.832	895	562	18	30	889	54	917	7.17e-102	342
ATGLR3.2	Zm00001d024012_P001	43.377	302	98	3	474	771	52	284	3.35e-71	239
ATGLR3.2	Zm00001d020568_P005	41.481	270	140	6	393	659	4	258	2.37e-62	213
ATGLR3.6	Zm00001d014458_P001	50.166	903	428	6	18	900	12	912	0.0	925
ATGLR3.6	Zm00001d002532_P003	51.766	906	419	4	1	888	1	906	0.0	924
ATGLR3.6	Zm00001d002532_P001	51.766	906	419	4	1	888	1	906	0.0	924
ATGLR3.6	Zm00001d014451_P001	50.055	911	420	7	27	903	33	942	0.0	917
ATGLR3.6	Zm00001d015007_P003	49.609	895	433	10	4	882	5	897	0.0	909
ATGLR3.6	Zm00001d015007_P004	49.609	895	433	10	4	882	5	897	0.0	909
ATGLR3.6	Zm00001d054016_P005	49.264	883	432	9	17	884	18	899	0.0	903
ATGLR3.6	Zm00001d054016_P002	49.264	883	432	9	17	884	18	899	0.0	903
ATGLR3.6	Zm00001d054016_P013	49.264	883	432	9	17	884	18	899	0.0	903
ATGLR3.6	Zm00001d006508_P003	49.712	867	424	5	26	882	31	895	0.0	897
ATGLR3.6	Zm00001d006508_P011	49.712	867	424	5	26	882	31	895	0.0	897
ATGLR3.6	Zm00001d018614_P003	49.405	925	424	11	4	892	19	935	0.0	894
ATGLR3.6	Zm00001d054016_P004	48.018	908	431	10	17	884	18	924	0.0	891
ATGLR3.6	Zm00001d006508_P009	49.712	867	420	6	26	882	31	891	0.0	890
ATGLR3.6	Zm00001d002532_P004	50.662	906	412	5	1	888	1	889	0.0	886
ATGLR3.6	Zm00001d014456_P001	47.345	885	443	6	30	892	34	917	0.0	862
ATGLR3.6	Zm00001d006508_P002	46.918	876	406	7	26	882	31	866	0.0	825
ATGLR3.6	Zm00001d018615_P001	48.049	897	438	9	21	891	27	921	0.0	824
ATGLR3.6	Zm00001d014456_P002	48.180	824	404	6	91	892	1	823	0.0	815
ATGLR3.6	Zm00001d054016_P014	46.485	882	398	11	17	884	18	839	0.0	812
ATGLR3.6	Zm00001d002532_P002	46.851	905	404	10	1	888	1	845	0.0	776
ATGLR3.6	Zm00001d018615_P002	48.333	840	398	11	91	903	1	831	0.0	768
ATGLR3.6	Zm00001d015007_P005	44.769	889	425	13	4	882	5	837	0.0	741
ATGLR3.6	Zm00001d014456_P003	50.512	683	329	2	91	764	1	683	0.0	726
ATGLR3.6	Zm00001d014458_P002	48.392	622	311	3	18	630	12	632	0.0	646
ATGLR3.6	Zm00001d014451_P002	48.837	602	298	3	27	618	33	634	0.0	636
ATGLR3.6	Zm00001d015007_P006	46.582	629	320	8	4	618	5	631	0.0	613
ATGLR3.6	Zm00001d015007_P002	46.582	629	320	8	4	618	5	631	0.0	613
ATGLR3.6	Zm00001d015007_P001	46.582	629	320	8	4	618	5	631	0.0	613
ATGLR3.6	Zm00001d054016_P006	46.341	615	316	7	17	618	18	631	0.0	607
ATGLR3.6	Zm00001d054016_P010	46.341	615	316	7	17	618	18	631	0.0	607
ATGLR3.6	Zm00001d054016_P008	46.341	615	316	7	17	618	18	631	0.0	607
ATGLR3.6	Zm00001d054016_P011	46.341	615	316	7	17	618	18	631	0.0	607
ATGLR3.6	Zm00001d033769_P001	45.203	615	323	7	17	618	18	631	0.0	582
ATGLR3.6	Zm00001d018614_P001	49.204	565	264	5	91	634	1	563	0.0	551
ATGLR3.6	Zm00001d054016_P001	45.279	519	270	7	17	522	18	535	3.09e-162	495
ATGLR3.6	Zm00001d054016_P001	48.661	224	113	2	663	884	534	757	2.56e-60	222
ATGLR3.6	Zm00001d054016_P003	45.279	519	270	7	17	522	18	535	3.09e-162	495
ATGLR3.6	Zm00001d054016_P003	48.661	224	113	2	663	884	534	757	2.56e-60	222
ATGLR3.6	Zm00001d014458_P003	53.935	432	187	3	480	900	1	431	2.10e-156	468
ATGLR3.6	Zm00001d005783_P002	33.413	835	505	18	30	842	65	870	8.21e-149	466
ATGLR3.6	Zm00001d020568_P002	34.296	831	497	19	30	839	52	854	5.75e-146	457
ATGLR3.6	Zm00001d020568_P001	33.806	846	496	20	30	839	52	869	8.47e-143	450
ATGLR3.6	Zm00001d005782_P001	33.834	866	513	18	4	842	14	846	1.44e-138	439
ATGLR3.6	Zm00001d018329_P001	33.223	906	549	21	24	900	27	905	3.05e-138	439
ATGLR3.6	Zm00001d006508_P001	55.000	360	158	1	527	882	11	370	6.10e-136	413
ATGLR3.6	Zm00001d018332_P001	35.094	852	503	21	36	859	57	886	1.61e-131	421
ATGLR3.6	Zm00001d020563_P001	29.602	929	553	23	24	897	24	906	1.21e-123	399
ATGLR3.6	Zm00001d052064_P001	33.137	851	512	14	30	844	54	883	1.30e-120	392
ATGLR3.6	Zm00001d018332_P002	35.219	778	445	19	121	859	1	758	4.58e-118	382
ATGLR3.6	Zm00001d005783_P001	34.494	632	369	15	228	842	2	605	8.82e-116	371
ATGLR3.6	Zm00001d006508_P007	45.953	383	199	4	150	526	1	381	1.90e-114	357
ATGLR3.6	Zm00001d020568_P003	35.540	574	317	17	228	784	2	539	1.04e-100	326
ATGLR3.6	Zm00001d020568_P004	35.540	574	317	17	228	784	2	539	1.04e-100	326
ATGLR3.6	Zm00001d005783_P003	34.477	554	318	15	228	764	2	527	6.37e-98	319
ATGLR3.6	Zm00001d005783_P004	34.477	554	318	15	228	764	2	527	6.37e-98	319
ATGLR3.6	Zm00001d024012_P001	40.397	302	110	3	464	764	52	284	2.42e-68	231
ATGLR3.6	Zm00001d020568_P005	40.000	265	146	6	387	648	4	258	1.44e-56	197
ATGLR2	Zm00001d006508_P003	51.378	907	420	8	34	931	9	903	0.0	944
ATGLR2	Zm00001d006508_P011	51.378	907	420	8	34	931	9	903	0.0	944
ATGLR2	Zm00001d006508_P009	51.268	907	417	8	34	931	9	899	0.0	942
ATGLR2	Zm00001d015007_P003	51.713	905	410	14	35	924	6	898	0.0	921
ATGLR2	Zm00001d015007_P004	51.713	905	410	14	35	924	6	898	0.0	921
ATGLR2	Zm00001d002532_P003	53.100	887	393	9	53	924	23	901	0.0	910
ATGLR2	Zm00001d002532_P001	53.100	887	393	9	53	924	23	901	0.0	910
ATGLR2	Zm00001d054016_P005	51.467	886	405	12	54	925	25	899	0.0	907
ATGLR2	Zm00001d054016_P002	51.467	886	405	12	54	925	25	899	0.0	907
ATGLR2	Zm00001d054016_P013	51.467	886	405	12	54	925	25	899	0.0	907
ATGLR2	Zm00001d014458_P001	50.823	911	420	12	46	938	9	909	0.0	904
ATGLR2	Zm00001d014451_P001	50.764	916	409	12	57	940	33	938	0.0	901
ATGLR2	Zm00001d054016_P004	50.220	910	405	12	54	925	25	924	0.0	900
ATGLR2	Zm00001d018614_P003	49.158	950	434	13	39	951	22	959	0.0	899
ATGLR2	Zm00001d014456_P001	49.164	897	430	9	60	938	34	922	0.0	878
ATGLR2	Zm00001d002532_P004	51.860	887	387	10	53	924	23	884	0.0	875
ATGLR2	Zm00001d006508_P002	48.525	915	405	9	34	931	9	874	0.0	871
ATGLR2	Zm00001d018615_P001	47.128	940	450	14	52	951	28	960	0.0	852
ATGLR2	Zm00001d014456_P002	50.120	836	391	9	121	938	1	828	0.0	835
ATGLR2	Zm00001d015007_P005	47.956	905	384	16	35	924	6	838	0.0	815
ATGLR2	Zm00001d054016_P014	47.630	886	379	14	54	925	25	839	0.0	800
ATGLR2	Zm00001d002532_P002	49.267	887	366	11	53	924	23	840	0.0	796
ATGLR2	Zm00001d018615_P002	48.712	854	400	13	121	950	1	840	0.0	792
ATGLR2	Zm00001d014456_P003	53.043	690	308	7	121	801	1	683	0.0	738
ATGLR2	Zm00001d014451_P002	50.492	610	291	6	57	661	33	636	0.0	628
ATGLR2	Zm00001d014458_P002	49.209	632	307	8	46	671	9	632	0.0	625
ATGLR2	Zm00001d015007_P006	49.134	635	304	10	35	659	6	631	0.0	621
ATGLR2	Zm00001d015007_P002	49.134	635	304	10	35	659	6	631	0.0	621
ATGLR2	Zm00001d015007_P001	49.134	635	304	10	35	659	6	631	0.0	621
ATGLR2	Zm00001d054016_P006	49.266	613	298	8	54	659	25	631	0.0	611
ATGLR2	Zm00001d054016_P010	49.266	613	298	8	54	659	25	631	0.0	611
ATGLR2	Zm00001d054016_P008	49.266	613	298	8	54	659	25	631	0.0	611
ATGLR2	Zm00001d054016_P011	49.266	613	298	8	54	659	25	631	0.0	611
ATGLR2	Zm00001d033769_P001	47.961	613	306	8	54	659	25	631	0.0	585
ATGLR2	Zm00001d018614_P001	48.168	573	269	7	121	675	1	563	0.0	547
ATGLR2	Zm00001d014458_P003	55.556	432	177	5	520	939	1	429	2.71e-160	479
ATGLR2	Zm00001d054016_P001	46.833	521	265	7	54	567	25	540	1.32e-157	484
ATGLR2	Zm00001d054016_P001	48.908	229	105	4	704	925	534	757	1.08e-59	220
ATGLR2	Zm00001d054016_P003	46.833	521	265	7	54	567	25	540	1.32e-157	484
ATGLR2	Zm00001d054016_P003	48.908	229	105	4	704	925	534	757	1.08e-59	220
ATGLR2	Zm00001d006508_P001	60.270	370	139	3	568	931	11	378	2.20e-155	465
ATGLR2	Zm00001d005783_P002	33.568	852	513	21	51	883	55	872	7.19e-146	459
ATGLR2	Zm00001d020568_P002	33.294	856	512	21	48	883	43	859	1.21e-138	440
ATGLR2	Zm00001d005782_P001	33.404	937	556	24	45	951	18	916	3.14e-138	440
ATGLR2	Zm00001d020568_P001	32.874	870	512	21	48	883	43	874	2.05e-137	437
ATGLR2	Zm00001d020563_P001	32.343	875	520	23	46	875	16	863	6.86e-132	422
ATGLR2	Zm00001d018332_P001	32.898	842	520	17	96	919	84	898	6.45e-124	402
ATGLR2	Zm00001d005783_P001	36.089	629	357	18	269	883	10	607	2.59e-121	387
ATGLR2	Zm00001d018329_P001	32.857	840	509	25	128	944	102	909	1.26e-116	383
ATGLR2	Zm00001d006508_P007	46.667	390	196	4	180	566	1	381	5.94e-114	357
ATGLR2	Zm00001d018332_P002	32.497	797	483	16	151	919	1	770	4.37e-112	367
ATGLR2	Zm00001d005783_P003	36.380	547	305	17	269	801	10	527	4.52e-103	333
ATGLR2	Zm00001d005783_P004	36.380	547	305	17	269	801	10	527	4.52e-103	333
ATGLR2	Zm00001d020568_P003	35.714	546	310	15	269	801	10	527	5.71e-101	328
ATGLR2	Zm00001d020568_P004	35.714	546	310	15	269	801	10	527	5.71e-101	328
ATGLR2	Zm00001d052064_P001	29.812	852	544	15	60	881	54	881	3.18e-100	338
ATGLR2	Zm00001d024012_P001	45.066	304	92	5	502	801	52	284	1.84e-72	243
ATGLR2	Zm00001d020568_P005	39.706	272	144	7	421	689	4	258	3.56e-59	205
ATGLR3.7	Zm00001d014458_P001	45.404	903	470	10	28	914	21	916	0.0	815
ATGLR3.7	Zm00001d014451_P001	44.481	915	478	9	28	916	33	943	0.0	801
ATGLR3.7	Zm00001d006508_P003	45.734	879	461	10	27	898	31	900	0.0	800
ATGLR3.7	Zm00001d006508_P011	45.734	879	461	10	27	898	31	900	0.0	800
ATGLR3.7	Zm00001d006508_P009	45.620	879	458	11	27	898	31	896	0.0	792
ATGLR3.7	Zm00001d014456_P001	44.183	894	478	9	31	907	34	923	0.0	789
ATGLR3.7	Zm00001d018614_P003	42.145	923	506	10	14	911	22	941	0.0	758
ATGLR3.7	Zm00001d015007_P003	43.237	902	485	12	11	894	6	898	0.0	757
ATGLR3.7	Zm00001d015007_P004	43.237	902	485	12	11	894	6	898	0.0	757
ATGLR3.7	Zm00001d054016_P005	43.927	881	472	10	27	894	27	898	0.0	756
ATGLR3.7	Zm00001d054016_P002	43.927	881	472	10	27	894	27	898	0.0	756
ATGLR3.7	Zm00001d054016_P013	43.927	881	472	10	27	894	27	898	0.0	756
ATGLR3.7	Zm00001d054016_P004	42.826	906	471	11	27	894	27	923	0.0	746
ATGLR3.7	Zm00001d014456_P002	43.923	831	445	9	92	905	1	827	0.0	731
ATGLR3.7	Zm00001d006508_P002	43.018	888	443	12	27	898	31	871	0.0	728
ATGLR3.7	Zm00001d018615_P001	44.066	851	451	10	27	854	32	880	0.0	727
ATGLR3.7	Zm00001d002532_P003	46.314	814	420	7	27	827	26	835	0.0	726
ATGLR3.7	Zm00001d002532_P001	46.314	814	420	7	27	827	26	835	0.0	726
ATGLR3.7	Zm00001d002532_P004	44.840	814	415	8	27	827	26	818	0.0	691
ATGLR3.7	Zm00001d018615_P002	42.262	840	458	11	92	907	1	837	0.0	672
ATGLR3.7	Zm00001d014456_P003	45.481	686	361	6	92	767	1	683	0.0	645
ATGLR3.7	Zm00001d054016_P014	40.341	880	445	14	27	894	27	838	0.0	625
ATGLR3.7	Zm00001d002532_P002	42.138	814	393	9	27	827	26	774	0.0	615
ATGLR3.7	Zm00001d014458_P002	43.607	610	331	5	28	627	21	627	0.0	558
ATGLR3.7	Zm00001d014451_P002	44.186	602	325	5	28	619	33	633	0.0	557
ATGLR3.7	Zm00001d054016_P006	42.739	606	332	8	27	619	27	630	5.94e-172	515
ATGLR3.7	Zm00001d054016_P010	42.739	606	332	8	27	619	27	630	5.94e-172	515
ATGLR3.7	Zm00001d054016_P008	42.739	606	332	8	27	619	27	630	5.94e-172	515
ATGLR3.7	Zm00001d054016_P011	42.739	606	332	8	27	619	27	630	5.94e-172	515
ATGLR3.7	Zm00001d015007_P006	42.739	606	332	8	27	619	27	630	4.68e-171	513
ATGLR3.7	Zm00001d015007_P002	42.739	606	332	8	27	619	27	630	4.68e-171	513
ATGLR3.7	Zm00001d015007_P001	42.739	606	332	8	27	619	27	630	4.68e-171	513
ATGLR3.7	Zm00001d033769_P001	41.680	607	337	9	27	619	27	630	1.54e-164	496
ATGLR3.7	Zm00001d018614_P001	40.320	563	318	5	92	636	1	563	3.79e-151	459
ATGLR3.7	Zm00001d014458_P003	48.747	439	214	6	483	914	1	435	6.42e-136	415
ATGLR3.7	Zm00001d005783_P002	31.038	886	539	21	31	891	65	903	1.08e-129	416
ATGLR3.7	Zm00001d054016_P001	40.388	515	293	7	27	529	27	539	1.53e-128	407
ATGLR3.7	Zm00001d054016_P001	43.043	230	124	2	665	894	534	756	1.37e-48	187
ATGLR3.7	Zm00001d054016_P003	40.388	515	293	7	27	529	27	539	1.53e-128	407
ATGLR3.7	Zm00001d054016_P003	43.043	230	124	2	665	894	534	756	1.37e-48	187
ATGLR3.7	Zm00001d020568_P002	30.697	847	526	19	31	853	52	861	2.00e-121	393
ATGLR3.7	Zm00001d015007_P005	48.387	403	200	3	493	894	443	838	4.51e-120	387
ATGLR3.7	Zm00001d015007_P005	36.797	462	266	8	11	447	6	466	1.47e-94	318
ATGLR3.7	Zm00001d020568_P001	30.394	862	524	21	31	853	52	876	1.58e-118	386
ATGLR3.7	Zm00001d006508_P001	49.462	372	178	6	530	898	11	375	4.44e-117	365
ATGLR3.7	Zm00001d018332_P001	31.318	827	523	18	41	846	61	863	8.20e-116	380
ATGLR3.7	Zm00001d005782_P001	30.334	867	544	17	11	846	16	853	6.84e-113	371
ATGLR3.7	Zm00001d020563_P001	29.051	864	535	23	31	843	30	866	1.94e-111	367
ATGLR3.7	Zm00001d018329_P001	29.405	908	580	25	29	910	31	903	6.63e-110	364
ATGLR3.7	Zm00001d052064_P001	30.624	849	539	18	31	848	54	883	1.33e-104	350
ATGLR3.7	Zm00001d018332_P002	31.266	758	465	18	122	846	1	735	2.56e-104	345
ATGLR3.7	Zm00001d005783_P001	32.695	679	389	19	234	891	7	638	3.41e-104	341
ATGLR3.7	Zm00001d006508_P007	39.426	383	226	4	151	529	1	381	6.30e-94	303
ATGLR3.7	Zm00001d005783_P003	33.574	554	315	15	234	767	7	527	2.55e-89	296
ATGLR3.7	Zm00001d005783_P004	33.574	554	315	15	234	767	7	527	2.55e-89	296
ATGLR3.7	Zm00001d020568_P003	33.394	554	316	17	234	767	7	527	3.23e-86	288
ATGLR3.7	Zm00001d020568_P004	33.394	554	316	17	234	767	7	527	3.23e-86	288
ATGLR3.7	Zm00001d024012_P001	40.728	302	109	4	466	767	53	284	6.80e-65	221
ATGLR3.7	Zm00001d020568_P005	35.793	271	154	7	384	650	4	258	2.44e-49	177
ATGLR1.3	Zm00001d005783_P002	36.353	828	458	21	38	812	61	872	4.55e-147	460
ATGLR1.3	Zm00001d020568_P002	34.861	829	471	21	36	812	48	859	3.10e-137	433
ATGLR1.3	Zm00001d020563_P001	33.875	862	455	27	42	810	30	869	1.28e-135	429
ATGLR1.3	Zm00001d020568_P001	34.561	842	471	22	36	812	48	874	2.34e-135	429
ATGLR1.3	Zm00001d005782_P001	33.806	846	485	21	42	828	36	865	3.82e-120	389
ATGLR1.3	Zm00001d018332_P001	33.132	827	486	22	46	816	55	870	2.86e-117	382
ATGLR1.3	Zm00001d005783_P001	36.977	622	330	17	238	812	1	607	5.28e-112	360
ATGLR1.3	Zm00001d018329_P001	30.983	865	523	24	42	842	33	887	2.18e-110	363
ATGLR1.3	Zm00001d006508_P009	28.331	893	552	23	13	838	8	879	1.05e-100	335
ATGLR1.3	Zm00001d006508_P003	28.237	896	553	23	13	838	8	883	1.49e-100	335
ATGLR1.3	Zm00001d006508_P011	28.237	896	553	23	13	838	8	883	1.49e-100	335
ATGLR1.3	Zm00001d005783_P003	36.464	543	285	15	238	735	1	528	2.79e-95	311
ATGLR1.3	Zm00001d005783_P004	36.464	543	285	15	238	735	1	528	2.79e-95	311
ATGLR1.3	Zm00001d018332_P002	32.043	749	431	22	135	816	5	742	1.85e-94	317
ATGLR1.3	Zm00001d052064_P001	32.105	841	499	20	42	816	54	888	2.35e-94	320
ATGLR1.3	Zm00001d020568_P003	35.175	543	292	15	238	735	1	528	2.24e-92	303
ATGLR1.3	Zm00001d020568_P004	35.175	543	292	15	238	735	1	528	2.24e-92	303
ATGLR1.3	Zm00001d054016_P005	27.414	839	528	22	42	811	31	857	6.34e-89	304
ATGLR1.3	Zm00001d054016_P002	27.414	839	528	22	42	811	31	857	6.34e-89	304
ATGLR1.3	Zm00001d054016_P013	27.414	839	528	22	42	811	31	857	6.34e-89	304
ATGLR1.3	Zm00001d015007_P003	27.705	841	523	24	42	811	31	857	7.12e-89	303
ATGLR1.3	Zm00001d015007_P004	27.705	841	523	24	42	811	31	857	7.12e-89	303
ATGLR1.3	Zm00001d014451_P001	27.073	820	518	23	41	793	35	841	1.61e-88	303
ATGLR1.3	Zm00001d054016_P004	27.199	864	523	24	42	811	31	882	2.32e-87	300
ATGLR1.3	Zm00001d014458_P001	26.659	844	535	21	36	811	18	845	3.61e-85	293
ATGLR1.3	Zm00001d014456_P001	27.046	843	530	24	41	813	33	860	3.65e-83	288
ATGLR1.3	Zm00001d014456_P002	28.000	775	481	21	105	813	3	766	1.64e-82	284
ATGLR1.3	Zm00001d006508_P002	26.630	905	527	25	13	838	8	854	4.39e-82	284
ATGLR1.3	Zm00001d018614_P003	27.027	851	522	23	41	809	42	875	1.65e-81	284
ATGLR1.3	Zm00001d018615_P001	27.919	788	478	22	95	804	91	866	6.89e-78	274
ATGLR1.3	Zm00001d018615_P002	28.093	776	460	22	107	804	5	760	7.44e-76	266
ATGLR1.3	Zm00001d015007_P005	26.538	829	488	24	42	811	31	797	2.80e-73	259
ATGLR1.3	Zm00001d014456_P003	27.325	699	437	18	105	742	3	691	3.57e-73	255
ATGLR1.3	Zm00001d002532_P003	25.969	774	479	22	78	777	67	820	6.16e-73	259
ATGLR1.3	Zm00001d002532_P001	25.969	774	479	22	78	777	67	820	6.16e-73	259
ATGLR1.3	Zm00001d054016_P014	25.756	827	497	21	42	811	31	797	6.93e-73	258
ATGLR1.3	Zm00001d002532_P004	25.389	772	469	21	78	777	67	803	4.50e-69	248
ATGLR1.3	Zm00001d006508_P001	37.654	324	180	7	511	814	11	332	2.57e-57	204
ATGLR1.3	Zm00001d054016_P006	25.859	611	390	16	42	599	31	631	1.03e-56	208
ATGLR1.3	Zm00001d054016_P010	25.859	611	390	16	42	599	31	631	1.03e-56	208
ATGLR1.3	Zm00001d054016_P008	25.859	611	390	16	42	599	31	631	1.03e-56	208
ATGLR1.3	Zm00001d054016_P011	25.859	611	390	16	42	599	31	631	1.03e-56	208
ATGLR1.3	Zm00001d002532_P002	23.916	761	450	20	78	777	67	759	2.13e-56	211
ATGLR1.3	Zm00001d015007_P006	26.101	613	386	18	42	599	31	631	2.22e-56	207
ATGLR1.3	Zm00001d015007_P002	26.101	613	386	18	42	599	31	631	2.22e-56	207
ATGLR1.3	Zm00001d015007_P001	26.101	613	386	18	42	599	31	631	2.22e-56	207
ATGLR1.3	Zm00001d014458_P002	25.000	636	406	18	36	615	18	638	2.08e-55	205
ATGLR1.3	Zm00001d014458_P003	34.153	366	220	8	467	812	1	365	1.13e-54	197
ATGLR1.3	Zm00001d014451_P002	25.246	610	395	17	41	599	35	634	1.87e-54	201
ATGLR1.3	Zm00001d020568_P005	38.806	268	140	7	373	629	4	258	3.52e-53	187
ATGLR1.3	Zm00001d033769_P001	25.654	573	366	15	78	599	68	631	3.54e-51	192
ATGLR1.3	Zm00001d018614_P001	26.140	570	345	13	107	613	5	561	4.23e-51	191
ATGLR1.3	Zm00001d054016_P001	23.136	523	343	14	42	515	31	543	2.54e-31	133
ATGLR1.3	Zm00001d054016_P001	26.347	167	112	5	654	811	551	715	9.97e-06	51.6
ATGLR1.3	Zm00001d054016_P003	23.136	523	343	14	42	515	31	543	2.54e-31	133
ATGLR1.3	Zm00001d054016_P003	26.347	167	112	5	654	811	551	715	9.97e-06	51.6
ATGLR1.3	Zm00001d006508_P007	23.256	387	241	9	164	508	4	376	4.44e-22	101
ATGLR1.3	Zm00001d024012_P001	27.698	278	129	10	467	734	69	284	1.74e-18	89.0
ATGLR1.2	Zm00001d020563_P001	36.388	753	394	23	18	713	11	735	1.45e-139	436
ATGLR1.2	Zm00001d005783_P002	35.286	751	418	19	36	737	61	792	2.04e-134	423
ATGLR1.2	Zm00001d020568_P002	34.137	747	426	19	39	737	51	779	4.67e-130	411
ATGLR1.2	Zm00001d020568_P001	33.816	760	426	20	39	737	51	794	3.36e-128	406
ATGLR1.2	Zm00001d018332_P001	33.696	736	437	14	44	738	55	780	2.06e-111	363
ATGLR1.2	Zm00001d005782_P001	34.088	751	425	18	40	738	36	768	1.56e-108	355
ATGLR1.2	Zm00001d018329_P001	31.995	747	453	16	40	738	33	772	6.42e-105	345
ATGLR1.2	Zm00001d005783_P003	35.832	547	290	15	236	739	1	529	1.41e-99	319
ATGLR1.2	Zm00001d005783_P004	35.832	547	290	15	236	739	1	529	1.41e-99	319
ATGLR1.2	Zm00001d020568_P003	35.165	546	293	16	236	738	1	528	2.01e-98	316
ATGLR1.2	Zm00001d020568_P004	35.165	546	293	16	236	738	1	528	2.01e-98	316
ATGLR1.2	Zm00001d005783_P001	35.780	545	289	15	236	737	1	527	6.05e-97	317
ATGLR1.2	Zm00001d006508_P009	29.381	776	483	18	13	737	8	769	7.50e-96	320
ATGLR1.2	Zm00001d006508_P003	29.268	779	484	18	13	737	8	773	8.76e-96	319
ATGLR1.2	Zm00001d006508_P011	29.268	779	484	18	13	737	8	773	8.76e-96	319
ATGLR1.2	Zm00001d018332_P002	32.777	659	379	15	133	738	5	652	4.54e-89	300
ATGLR1.2	Zm00001d052064_P001	32.322	758	445	16	40	738	54	802	8.34e-88	300
ATGLR1.2	Zm00001d014451_P001	28.026	760	470	19	40	737	36	780	2.62e-86	294
ATGLR1.2	Zm00001d014458_P001	27.536	759	473	18	40	737	24	766	7.46e-86	292
ATGLR1.2	Zm00001d054016_P005	27.727	761	473	22	40	737	31	777	8.19e-84	287
ATGLR1.2	Zm00001d054016_P002	27.727	761	473	22	40	737	31	777	8.19e-84	287
ATGLR1.2	Zm00001d054016_P013	27.727	761	473	22	40	737	31	777	8.19e-84	287
ATGLR1.2	Zm00001d015007_P003	27.464	761	475	22	40	737	31	777	1.06e-81	281
ATGLR1.2	Zm00001d015007_P004	27.464	761	475	22	40	737	31	777	1.06e-81	281
ATGLR1.2	Zm00001d054016_P004	27.423	784	471	24	40	737	31	802	4.37e-81	280
ATGLR1.2	Zm00001d018614_P003	27.555	773	465	18	40	737	43	795	3.16e-79	275
ATGLR1.2	Zm00001d014456_P003	28.103	701	422	17	103	739	3	685	4.16e-79	269
ATGLR1.2	Zm00001d014456_P001	27.415	766	468	20	39	737	33	777	6.81e-79	273
ATGLR1.2	Zm00001d018615_P001	27.792	770	472	21	40	737	36	793	5.43e-78	271
ATGLR1.2	Zm00001d006508_P002	27.411	788	458	20	13	737	8	744	2.23e-77	269
ATGLR1.2	Zm00001d014456_P002	27.897	699	422	17	103	737	3	683	1.02e-75	263
ATGLR1.2	Zm00001d002532_P003	26.169	791	501	21	13	737	3	776	8.82e-75	262
ATGLR1.2	Zm00001d002532_P001	26.169	791	501	21	13	737	3	776	8.82e-75	262
ATGLR1.2	Zm00001d018615_P002	28.430	707	416	18	105	741	5	691	2.00e-74	259
ATGLR1.2	Zm00001d002532_P004	25.696	790	489	21	13	737	3	759	2.11e-70	249
ATGLR1.2	Zm00001d054016_P014	26.035	749	441	22	40	737	31	717	7.40e-67	239
ATGLR1.2	Zm00001d015007_P005	26.035	749	441	22	40	737	31	717	8.90e-66	236
ATGLR1.2	Zm00001d014458_P002	25.832	631	402	16	39	618	23	638	4.69e-63	224
ATGLR1.2	Zm00001d014451_P002	26.264	613	388	16	40	602	36	634	3.37e-59	213
ATGLR1.2	Zm00001d054016_P006	25.896	614	391	18	40	602	31	631	9.24e-59	212
ATGLR1.2	Zm00001d054016_P010	25.896	614	391	18	40	602	31	631	9.24e-59	212
ATGLR1.2	Zm00001d054016_P008	25.896	614	391	18	40	602	31	631	9.24e-59	212
ATGLR1.2	Zm00001d054016_P011	25.896	614	391	18	40	602	31	631	9.24e-59	212
ATGLR1.2	Zm00001d002532_P002	24.293	778	471	18	13	737	3	715	5.32e-58	214
ATGLR1.2	Zm00001d015007_P006	25.570	614	393	18	40	602	31	631	1.07e-56	206
ATGLR1.2	Zm00001d015007_P002	25.570	614	393	18	40	602	31	631	1.07e-56	206
ATGLR1.2	Zm00001d015007_P001	25.570	614	393	18	40	602	31	631	1.07e-56	206
ATGLR1.2	Zm00001d020568_P005	38.007	271	143	7	373	632	2	258	4.71e-56	194
ATGLR1.2	Zm00001d018614_P001	26.307	574	344	12	105	616	5	561	2.58e-53	196
ATGLR1.2	Zm00001d033769_P001	24.796	613	399	17	40	602	31	631	8.44e-52	192
ATGLR1.2	Zm00001d014458_P003	36.364	286	163	6	470	737	1	285	1.02e-48	179
ATGLR1.2	Zm00001d006508_P001	41.004	239	125	4	514	737	11	248	3.29e-47	174
ATGLR1.2	Zm00001d054016_P001	23.473	524	345	15	40	518	31	543	4.13e-33	138
ATGLR1.2	Zm00001d054016_P003	23.473	524	345	15	40	518	31	543	4.13e-33	138
ATGLR1.2	Zm00001d006508_P007	23.438	384	249	10	162	511	4	376	1.10e-22	103
ATGLR1.2	Zm00001d024012_P001	26.978	278	131	10	470	737	69	284	2.68e-18	88.2
ATGLR1.1	Zm00001d005783_P002	31.059	850	480	22	19	792	50	869	2.04e-118	383
ATGLR1.1	Zm00001d018332_P001	31.917	824	482	16	39	796	60	870	1.99e-115	375
ATGLR1.1	Zm00001d020563_P001	34.206	649	373	14	30	633	30	669	1.73e-112	367
ATGLR1.1	Zm00001d020568_P002	30.760	829	484	21	30	792	52	856	9.78e-111	362
ATGLR1.1	Zm00001d020568_P001	30.285	842	486	21	30	792	52	871	1.21e-108	356
ATGLR1.1	Zm00001d005782_P001	30.998	842	500	17	13	790	19	843	2.11e-96	324
ATGLR1.1	Zm00001d018329_P001	29.704	845	499	22	28	796	31	856	4.87e-96	323
ATGLR1.1	Zm00001d018332_P002	31.092	714	405	15	159	796	40	742	7.61e-91	306
ATGLR1.1	Zm00001d052064_P001	30.071	848	499	23	30	796	54	888	1.88e-90	308
ATGLR1.1	Zm00001d005783_P001	30.380	632	346	17	227	792	1	604	2.21e-85	288
ATGLR1.1	Zm00001d014456_P001	27.059	850	507	23	29	793	33	854	2.02e-80	279
ATGLR1.1	Zm00001d014456_P002	27.785	781	453	21	97	793	7	760	4.60e-79	273
ATGLR1.1	Zm00001d006508_P009	26.591	880	532	25	9	805	11	859	2.32e-78	273
ATGLR1.1	Zm00001d006508_P003	26.501	883	533	25	9	805	11	863	2.63e-78	273
ATGLR1.1	Zm00001d006508_P011	26.501	883	533	25	9	805	11	863	2.63e-78	273
ATGLR1.1	Zm00001d014458_P001	26.928	869	517	25	9	793	8	842	1.28e-75	266
ATGLR1.1	Zm00001d018614_P003	26.254	857	510	21	28	789	41	870	1.30e-75	266
ATGLR1.1	Zm00001d014451_P001	26.222	839	496	24	29	776	35	841	1.87e-75	266
ATGLR1.1	Zm00001d015007_P003	25.589	891	540	26	1	798	1	861	3.85e-73	258
ATGLR1.1	Zm00001d015007_P004	25.589	891	540	26	1	798	1	861	3.85e-73	258
ATGLR1.1	Zm00001d018615_P001	26.815	854	510	22	30	789	36	868	9.89e-72	255
ATGLR1.1	Zm00001d054016_P005	25.352	852	532	21	30	798	31	861	1.39e-71	254
ATGLR1.1	Zm00001d054016_P002	25.352	852	532	21	30	798	31	861	1.39e-71	254
ATGLR1.1	Zm00001d054016_P013	25.352	852	532	21	30	798	31	861	1.39e-71	254
ATGLR1.1	Zm00001d018615_P002	27.296	784	451	21	97	789	7	762	5.73e-70	248
ATGLR1.1	Zm00001d005783_P003	29.541	545	301	15	227	705	1	528	1.83e-69	240
ATGLR1.1	Zm00001d005783_P004	29.541	545	301	15	227	705	1	528	1.83e-69	240
ATGLR1.1	Zm00001d014456_P003	27.746	692	403	18	97	705	7	684	2.83e-69	244
ATGLR1.1	Zm00001d020568_P003	30.370	540	303	16	227	705	1	528	8.20e-69	239
ATGLR1.1	Zm00001d020568_P004	30.370	540	303	16	227	705	1	528	8.20e-69	239
ATGLR1.1	Zm00001d054016_P004	24.743	877	531	22	30	798	31	886	9.76e-69	247
ATGLR1.1	Zm00001d002532_P003	26.520	773	465	21	66	751	67	823	2.30e-68	245
ATGLR1.1	Zm00001d002532_P001	26.520	773	465	21	66	751	67	823	2.30e-68	245
ATGLR1.1	Zm00001d002532_P004	26.486	740	441	20	97	750	83	805	2.27e-64	234
ATGLR1.1	Zm00001d015007_P005	25.576	868	509	27	1	798	1	801	8.73e-64	231
ATGLR1.1	Zm00001d054016_P014	24.608	829	507	19	30	798	31	801	2.48e-62	227
ATGLR1.1	Zm00001d006508_P002	24.888	892	507	26	9	805	11	834	6.47e-62	226
ATGLR1.1	Zm00001d002532_P002	25.391	768	454	22	66	774	67	774	2.21e-53	201
ATGLR1.1	Zm00001d018614_P001	26.609	575	337	14	97	601	7	566	1.01e-51	192
ATGLR1.1	Zm00001d014458_P002	26.625	646	395	18	9	595	8	633	2.64e-51	192
ATGLR1.1	Zm00001d014458_P003	31.467	375	212	10	450	793	1	361	2.01e-50	185
ATGLR1.1	Zm00001d014451_P002	26.129	620	372	19	29	582	35	634	6.59e-48	182
ATGLR1.1	Zm00001d020568_P005	36.466	266	139	8	366	612	4	258	8.88e-46	166
ATGLR1.1	Zm00001d006508_P001	31.232	349	202	7	483	805	2	338	5.41e-45	168
ATGLR1.1	Zm00001d015007_P006	24.154	650	406	20	1	582	1	631	1.14e-44	172
ATGLR1.1	Zm00001d015007_P002	24.154	650	406	20	1	582	1	631	1.14e-44	172
ATGLR1.1	Zm00001d015007_P001	24.154	650	406	20	1	582	1	631	1.14e-44	172
ATGLR1.1	Zm00001d054016_P006	24.223	611	395	16	30	582	31	631	3.31e-44	171
ATGLR1.1	Zm00001d054016_P010	24.223	611	395	16	30	582	31	631	3.31e-44	171
ATGLR1.1	Zm00001d054016_P008	24.223	611	395	16	30	582	31	631	3.31e-44	171
ATGLR1.1	Zm00001d054016_P011	24.223	611	395	16	30	582	31	631	3.31e-44	171
ATGLR1.1	Zm00001d033769_P001	22.750	611	404	15	30	582	31	631	1.22e-39	157
ATGLR1.1	Zm00001d054016_P001	21.375	538	357	15	30	511	31	558	9.89e-20	96.7
ATGLR1.1	Zm00001d054016_P001	26.623	154	98	3	649	798	577	719	2.95e-06	53.1
ATGLR1.1	Zm00001d054016_P003	21.375	538	357	15	30	511	31	558	9.89e-20	96.7
ATGLR1.1	Zm00001d054016_P003	26.623	154	98	3	649	798	577	719	2.95e-06	53.1
ATGLR1.1	Zm00001d006508_P007	22.835	381	231	12	152	483	4	370	4.65e-16	83.2
ATGLR1.1	Zm00001d024012_P001	23.985	271	149	9	444	705	63	285	6.20e-16	81.3
ATGLR1.4	Zm00001d005783_P002	34.462	827	467	18	45	819	64	867	2.95e-146	458
ATGLR1.4	Zm00001d020563_P001	32.099	891	494	22	9	819	7	866	4.24e-134	425
ATGLR1.4	Zm00001d020568_P002	32.123	881	491	21	46	855	52	896	3.76e-132	420
ATGLR1.4	Zm00001d020568_P001	31.879	894	491	22	46	855	52	911	6.11e-130	414
ATGLR1.4	Zm00001d018332_P001	34.402	811	466	16	59	818	64	859	1.49e-127	409
ATGLR1.4	Zm00001d005782_P001	34.229	856	475	21	44	831	34	869	8.06e-124	399
ATGLR1.4	Zm00001d018329_P001	30.081	861	524	19	44	839	31	878	1.97e-112	369
ATGLR1.4	Zm00001d005783_P001	34.720	625	337	16	243	819	1	602	8.84e-108	349
ATGLR1.4	Zm00001d006508_P003	28.918	906	543	26	8	843	2	876	4.89e-107	353
ATGLR1.4	Zm00001d006508_P011	28.918	906	543	26	8	843	2	876	4.89e-107	353
ATGLR1.4	Zm00001d006508_P009	28.918	906	539	26	8	843	2	872	9.09e-107	352
ATGLR1.4	Zm00001d052064_P001	32.432	851	492	20	46	829	54	888	7.54e-103	343
ATGLR1.4	Zm00001d018614_P003	29.186	884	524	23	45	854	42	897	1.10e-102	342
ATGLR1.4	Zm00001d018332_P002	32.842	746	422	17	137	818	1	731	7.23e-101	335
ATGLR1.4	Zm00001d014456_P001	27.995	843	519	19	44	819	32	853	1.70e-100	335
ATGLR1.4	Zm00001d014458_P001	27.721	873	537	20	45	852	23	866	1.64e-99	332
ATGLR1.4	Zm00001d014451_P001	28.196	837	523	18	45	819	35	855	1.79e-99	333
ATGLR1.4	Zm00001d014456_P002	28.682	774	472	16	109	819	3	759	3.13e-98	327
ATGLR1.4	Zm00001d005783_P003	34.307	548	294	14	243	745	1	527	6.67e-94	307
ATGLR1.4	Zm00001d005783_P004	34.307	548	294	14	243	745	1	527	6.67e-94	307
ATGLR1.4	Zm00001d002532_P003	29.502	783	477	21	82	803	67	835	1.08e-93	317
ATGLR1.4	Zm00001d002532_P001	29.502	783	477	21	82	803	67	835	1.08e-93	317
ATGLR1.4	Zm00001d015007_P003	28.014	846	512	25	46	818	31	852	4.33e-93	315
ATGLR1.4	Zm00001d015007_P004	28.014	846	512	25	46	818	31	852	4.33e-93	315
ATGLR1.4	Zm00001d054016_P005	28.402	845	510	25	46	818	31	852	5.55e-93	315
ATGLR1.4	Zm00001d054016_P002	28.402	845	510	25	46	818	31	852	5.55e-93	315
ATGLR1.4	Zm00001d054016_P013	28.402	845	510	25	46	818	31	852	5.55e-93	315
ATGLR1.4	Zm00001d018615_P001	28.751	873	524	26	45	842	35	884	1.05e-91	312
ATGLR1.4	Zm00001d054016_P004	27.880	868	510	26	46	818	31	877	1.88e-90	308
ATGLR1.4	Zm00001d018615_P002	29.229	804	471	22	109	842	3	778	2.22e-90	306
ATGLR1.4	Zm00001d006508_P002	27.382	913	519	28	8	843	2	847	9.63e-89	303
ATGLR1.4	Zm00001d002532_P004	29.920	752	450	21	113	803	83	818	1.98e-88	302
ATGLR1.4	Zm00001d020568_P003	32.117	548	306	13	243	745	1	527	1.33e-84	282
ATGLR1.4	Zm00001d020568_P004	32.117	548	306	13	243	745	1	527	1.33e-84	282
ATGLR1.4	Zm00001d014456_P003	28.223	698	423	15	109	745	3	683	3.45e-84	286
ATGLR1.4	Zm00001d015007_P005	26.932	828	484	24	46	818	31	792	8.23e-81	280
ATGLR1.4	Zm00001d054016_P014	27.119	826	485	24	46	818	31	792	1.08e-80	280
ATGLR1.4	Zm00001d014458_P002	25.746	637	399	15	44	626	22	638	5.60e-62	223
ATGLR1.4	Zm00001d014458_P003	33.418	395	234	9	476	852	2	385	4.21e-60	213
ATGLR1.4	Zm00001d014451_P002	25.854	615	392	14	44	609	34	633	7.58e-60	217
ATGLR1.4	Zm00001d018614_P001	26.957	575	345	12	109	624	3	561	2.09e-59	214
ATGLR1.4	Zm00001d006508_P001	35.673	342	199	7	522	843	11	351	2.35e-59	209
ATGLR1.4	Zm00001d002532_P002	36.982	338	184	9	491	803	441	774	3.31e-54	204
ATGLR1.4	Zm00001d002532_P002	22.843	394	260	8	82	433	67	458	1.57e-22	105
ATGLR1.4	Zm00001d054016_P006	26.206	622	379	20	46	609	31	630	1.03e-52	196
ATGLR1.4	Zm00001d054016_P010	26.206	622	379	20	46	609	31	630	1.03e-52	196
ATGLR1.4	Zm00001d054016_P008	26.206	622	379	20	46	609	31	630	1.03e-52	196
ATGLR1.4	Zm00001d054016_P011	26.206	622	379	20	46	609	31	630	1.03e-52	196
ATGLR1.4	Zm00001d015007_P006	25.884	622	381	20	46	609	31	630	1.40e-52	196
ATGLR1.4	Zm00001d015007_P002	25.884	622	381	20	46	609	31	630	1.40e-52	196
ATGLR1.4	Zm00001d015007_P001	25.884	622	381	20	46	609	31	630	1.40e-52	196
ATGLR1.4	Zm00001d020568_P005	38.182	275	138	8	378	640	4	258	5.61e-52	184
ATGLR1.4	Zm00001d033769_P001	25.241	622	385	20	46	609	31	630	8.54e-46	176
ATGLR1.4	Zm00001d054016_P001	23.941	543	338	18	46	533	31	553	1.30e-29	128
ATGLR1.4	Zm00001d054016_P001	28.994	169	109	4	660	818	543	710	1.41e-11	70.5
ATGLR1.4	Zm00001d054016_P003	23.941	543	338	18	46	533	31	553	1.30e-29	128
ATGLR1.4	Zm00001d054016_P003	28.994	169	109	4	660	818	543	710	1.41e-11	70.5
ATGLR1.4	Zm00001d006508_P007	24.615	390	229	13	169	512	4	374	3.26e-25	110
ATGLR1.4	Zm00001d024012_P001	28.767	292	131	10	464	745	60	284	3.40e-21	97.1
ATGLR2.9	Zm00001d005783_P002	42.486	885	469	18	23	885	58	924	0.0	686
ATGLR2.9	Zm00001d020568_P002	42.873	898	468	19	18	892	43	918	0.0	682
ATGLR2.9	Zm00001d020568_P001	42.169	913	468	20	18	892	43	933	0.0	672
ATGLR2.9	Zm00001d020563_P001	41.932	880	457	14	6	841	9	878	0.0	672
ATGLR2.9	Zm00001d018332_P001	43.009	844	450	12	50	870	71	906	0.0	628
ATGLR2.9	Zm00001d005782_P001	40.000	910	504	16	30	912	36	930	0.0	624
ATGLR2.9	Zm00001d018329_P001	38.870	867	496	13	30	870	33	891	0.0	577
ATGLR2.9	Zm00001d052064_P001	40.935	877	477	15	30	870	54	925	0.0	572
ATGLR2.9	Zm00001d005783_P001	44.104	653	334	13	224	862	1	636	1.66e-179	538
ATGLR2.9	Zm00001d018332_P002	41.146	785	418	13	122	870	2	778	4.98e-177	537
ATGLR2.9	Zm00001d014458_P001	35.991	853	491	21	11	827	6	839	1.39e-164	506
ATGLR2.9	Zm00001d014451_P001	35.427	844	493	19	28	835	34	861	1.39e-164	508
ATGLR2.9	Zm00001d006508_P003	35.388	876	499	24	7	838	6	858	2.91e-161	498
ATGLR2.9	Zm00001d006508_P011	35.388	876	499	24	7	838	6	858	2.91e-161	498
ATGLR2.9	Zm00001d014456_P001	35.082	858	497	19	28	846	32	868	8.28e-160	494
ATGLR2.9	Zm00001d006508_P009	35.281	873	500	24	7	838	6	854	2.57e-159	493
ATGLR2.9	Zm00001d054016_P005	35.723	865	487	30	21	837	19	862	1.14e-155	484
ATGLR2.9	Zm00001d054016_P002	35.723	865	487	30	21	837	19	862	1.14e-155	484
ATGLR2.9	Zm00001d054016_P013	35.723	865	487	30	21	837	19	862	1.14e-155	484
ATGLR2.9	Zm00001d014456_P002	35.480	792	453	17	93	846	3	774	2.09e-154	477
ATGLR2.9	Zm00001d015007_P003	34.251	908	524	29	7	861	5	892	6.69e-153	476
ATGLR2.9	Zm00001d015007_P004	34.251	908	524	29	7	861	5	892	6.69e-153	476
ATGLR2.9	Zm00001d005783_P003	44.751	543	271	11	224	753	1	527	7.67e-152	461
ATGLR2.9	Zm00001d005783_P004	44.751	543	271	11	224	753	1	527	7.67e-152	461
ATGLR2.9	Zm00001d020568_P003	44.760	563	274	13	224	768	1	544	1.37e-151	460
ATGLR2.9	Zm00001d020568_P004	44.760	563	274	13	224	768	1	544	1.37e-151	460
ATGLR2.9	Zm00001d018614_P003	34.124	885	510	23	12	843	25	889	6.22e-151	472
ATGLR2.9	Zm00001d054016_P004	34.719	890	487	31	21	837	19	887	3.02e-150	470
ATGLR2.9	Zm00001d002532_P003	33.801	855	504	24	1	813	1	835	2.18e-144	454
ATGLR2.9	Zm00001d002532_P001	33.801	855	504	24	1	813	1	835	2.18e-144	454
ATGLR2.9	Zm00001d018615_P001	34.527	866	503	26	30	844	36	888	3.15e-138	439
ATGLR2.9	Zm00001d054016_P014	33.766	847	468	29	21	837	19	802	1.01e-134	427
ATGLR2.9	Zm00001d006508_P002	32.768	885	481	26	7	838	6	829	1.52e-134	427
ATGLR2.9	Zm00001d018615_P002	35.294	799	455	21	93	846	3	784	1.58e-134	426
ATGLR2.9	Zm00001d002532_P004	32.865	855	495	25	1	813	1	818	2.84e-134	427
ATGLR2.9	Zm00001d014456_P003	35.622	699	394	16	93	753	3	683	3.36e-134	420
ATGLR2.9	Zm00001d015007_P005	32.360	890	505	28	7	861	5	832	3.42e-132	419
ATGLR2.9	Zm00001d002532_P002	32.658	839	474	24	1	813	1	774	7.16e-125	401
ATGLR2.9	Zm00001d014458_P002	33.851	644	375	17	11	620	6	632	7.57e-111	358
ATGLR2.9	Zm00001d014451_P002	33.659	615	360	15	28	608	34	634	2.43e-106	345
ATGLR2.9	Zm00001d054016_P006	32.964	631	362	22	21	608	19	631	1.01e-93	311
ATGLR2.9	Zm00001d054016_P010	32.964	631	362	22	21	608	19	631	1.01e-93	311
ATGLR2.9	Zm00001d054016_P008	32.964	631	362	22	21	608	19	631	1.01e-93	311
ATGLR2.9	Zm00001d054016_P011	32.964	631	362	22	21	608	19	631	1.01e-93	311
ATGLR2.9	Zm00001d018614_P001	34.256	578	317	17	93	624	3	563	2.89e-93	308
ATGLR2.9	Zm00001d015007_P006	32.248	645	376	22	7	608	5	631	1.32e-91	305
ATGLR2.9	Zm00001d015007_P002	32.248	645	376	22	7	608	5	631	1.32e-91	305
ATGLR2.9	Zm00001d015007_P001	32.248	645	376	22	7	608	5	631	1.32e-91	305
ATGLR2.9	Zm00001d014458_P003	42.500	360	199	6	473	827	2	358	6.26e-87	287
ATGLR2.9	Zm00001d033769_P001	32.320	625	374	21	21	608	19	631	4.13e-85	288
ATGLR2.9	Zm00001d020568_P005	52.471	263	110	5	383	638	4	258	1.86e-82	268
ATGLR2.9	Zm00001d006508_P001	43.598	328	179	6	514	838	9	333	2.37e-81	270
ATGLR2.9	Zm00001d054016_P001	30.699	544	317	21	21	521	19	545	7.27e-58	215
ATGLR2.9	Zm00001d054016_P001	31.128	257	153	10	600	837	469	720	3.65e-25	114
ATGLR2.9	Zm00001d054016_P003	30.699	544	317	21	21	521	19	545	7.27e-58	215
ATGLR2.9	Zm00001d054016_P003	31.128	257	153	10	600	837	469	720	3.65e-25	114
ATGLR2.9	Zm00001d006508_P007	31.043	393	220	14	152	511	3	377	7.07e-44	166
ATGLR2.9	Zm00001d024012_P001	31.359	287	117	10	474	753	71	284	6.22e-28	116
ATGLR2.8	Zm00001d020563_P001	42.470	923	466	17	14	887	10	916	0.0	711
ATGLR2.8	Zm00001d018332_P001	43.412	850	443	11	53	878	71	906	0.0	674
ATGLR2.8	Zm00001d005783_P002	41.047	860	476	13	26	870	58	901	0.0	663
ATGLR2.8	Zm00001d020568_P002	42.002	869	462	15	21	870	43	888	0.0	656
ATGLR2.8	Zm00001d005782_P001	41.714	887	478	16	13	878	15	883	0.0	651
ATGLR2.8	Zm00001d020568_P001	41.403	884	461	17	21	870	43	903	0.0	647
ATGLR2.8	Zm00001d052064_P001	40.657	883	476	14	33	878	54	925	0.0	594
ATGLR2.8	Zm00001d018329_P001	39.931	869	487	12	33	877	33	890	0.0	592
ATGLR2.8	Zm00001d018332_P002	41.846	791	409	12	125	878	2	778	0.0	585
ATGLR2.8	Zm00001d005783_P001	41.718	652	356	10	227	870	1	636	1.19e-174	526
ATGLR2.8	Zm00001d014451_P001	36.253	822	481	19	31	823	34	841	2.46e-166	512
ATGLR2.8	Zm00001d006508_P003	35.847	862	505	21	16	846	14	858	2.25e-164	506
ATGLR2.8	Zm00001d006508_P011	35.847	862	505	21	16	846	14	858	2.25e-164	506
ATGLR2.8	Zm00001d014458_P001	35.840	851	500	20	14	835	6	839	6.82e-164	505
ATGLR2.8	Zm00001d006508_P009	35.731	862	502	22	16	846	14	854	1.05e-161	499
ATGLR2.8	Zm00001d015007_P003	35.836	879	500	28	10	845	5	862	1.28e-155	483
ATGLR2.8	Zm00001d015007_P004	35.836	879	500	28	10	845	5	862	1.28e-155	483
ATGLR2.8	Zm00001d054016_P005	36.342	853	484	26	24	836	19	852	1.41e-154	481
ATGLR2.8	Zm00001d054016_P002	36.342	853	484	26	24	836	19	852	1.41e-154	481
ATGLR2.8	Zm00001d054016_P013	36.342	853	484	26	24	836	19	852	1.41e-154	481
ATGLR2.8	Zm00001d018614_P003	34.415	863	510	16	14	835	22	869	3.50e-154	481
ATGLR2.8	Zm00001d014456_P001	33.953	860	512	19	31	854	32	871	9.05e-154	479
ATGLR2.8	Zm00001d054016_P004	35.535	878	482	28	24	836	19	877	1.43e-149	469
ATGLR2.8	Zm00001d014456_P002	34.635	794	465	17	96	854	3	777	3.01e-149	464
ATGLR2.8	Zm00001d005783_P003	42.251	542	291	8	227	761	1	527	1.63e-146	447
ATGLR2.8	Zm00001d005783_P004	42.251	542	291	8	227	761	1	527	1.63e-146	447
ATGLR2.8	Zm00001d020568_P003	43.223	546	280	9	227	761	1	527	2.31e-146	447
ATGLR2.8	Zm00001d020568_P004	43.223	546	280	9	227	761	1	527	2.31e-146	447
ATGLR2.8	Zm00001d002532_P003	33.844	848	498	21	14	821	11	835	1.98e-142	449
ATGLR2.8	Zm00001d002532_P001	33.844	848	498	21	14	821	11	835	1.98e-142	449
ATGLR2.8	Zm00001d006508_P002	33.295	871	486	23	16	846	14	829	1.13e-137	436
ATGLR2.8	Zm00001d018615_P001	33.525	871	510	23	33	852	36	888	4.57e-134	428
ATGLR2.8	Zm00001d002532_P004	32.901	848	489	22	14	821	11	818	3.49e-133	424
ATGLR2.8	Zm00001d018615_P002	34.658	805	457	20	96	854	3	784	4.40e-133	422
ATGLR2.8	Zm00001d054016_P014	33.373	851	452	27	24	836	19	792	5.03e-127	407
ATGLR2.8	Zm00001d014456_P003	35.143	700	401	16	96	761	3	683	7.67e-127	401
ATGLR2.8	Zm00001d015007_P005	34.060	872	465	33	10	845	5	802	9.98e-122	392
ATGLR2.8	Zm00001d002532_P002	31.510	841	466	20	14	821	11	774	5.08e-120	388
ATGLR2.8	Zm00001d014458_P002	33.645	642	389	15	14	632	6	633	4.60e-108	350
ATGLR2.8	Zm00001d014451_P002	34.477	612	367	14	31	619	34	634	7.64e-108	349
ATGLR2.8	Zm00001d018614_P001	33.972	574	332	10	96	635	3	563	6.54e-93	307
ATGLR2.8	Zm00001d054016_P006	32.432	629	376	19	24	619	19	631	2.33e-89	300
ATGLR2.8	Zm00001d054016_P010	32.432	629	376	19	24	619	19	631	2.33e-89	300
ATGLR2.8	Zm00001d054016_P008	32.432	629	376	19	24	619	19	631	2.33e-89	300
ATGLR2.8	Zm00001d054016_P011	32.432	629	376	19	24	619	19	631	2.33e-89	300
ATGLR2.8	Zm00001d015007_P006	31.783	645	387	20	10	619	5	631	2.85e-89	299
ATGLR2.8	Zm00001d015007_P002	31.783	645	387	20	10	619	5	631	2.85e-89	299
ATGLR2.8	Zm00001d015007_P001	31.783	645	387	20	10	619	5	631	2.85e-89	299
ATGLR2.8	Zm00001d014458_P003	42.778	360	194	7	484	835	3	358	8.21e-89	292
ATGLR2.8	Zm00001d006508_P001	45.092	326	170	7	527	846	11	333	6.70e-85	280
ATGLR2.8	Zm00001d033769_P001	31.369	628	384	18	24	619	19	631	1.40e-82	281
ATGLR2.8	Zm00001d020568_P005	50.746	268	115	4	386	649	4	258	6.35e-80	261
ATGLR2.8	Zm00001d054016_P001	31.189	513	310	18	24	508	19	516	2.23e-55	207
ATGLR2.8	Zm00001d054016_P001	45.181	166	82	6	678	836	547	710	3.29e-29	127
ATGLR2.8	Zm00001d054016_P003	31.189	513	310	18	24	508	19	516	2.23e-55	207
ATGLR2.8	Zm00001d054016_P003	45.181	166	82	6	678	836	547	710	3.29e-29	127
ATGLR2.8	Zm00001d006508_P007	30.233	387	239	10	155	522	3	377	7.62e-44	166
ATGLR2.8	Zm00001d024012_P001	33.103	290	108	10	483	761	70	284	1.35e-31	127
ATGLR2.7	Zm00001d020563_P001	43.228	886	439	15	16	854	10	878	0.0	702
ATGLR2.7	Zm00001d005783_P002	40.715	867	474	17	29	875	55	901	0.0	658
ATGLR2.7	Zm00001d018332_P001	41.943	844	461	10	59	882	71	905	0.0	653
ATGLR2.7	Zm00001d020568_P002	40.702	855	471	16	39	875	52	888	0.0	640
ATGLR2.7	Zm00001d020568_P001	40.000	870	471	17	39	875	52	903	0.0	630
ATGLR2.7	Zm00001d005782_P001	39.218	895	515	10	4	882	1	882	0.0	626
ATGLR2.7	Zm00001d018329_P001	38.375	886	509	13	39	899	33	906	0.0	587
ATGLR2.7	Zm00001d052064_P001	39.002	882	489	13	39	882	54	924	0.0	568
ATGLR2.7	Zm00001d018332_P002	40.382	785	426	11	131	882	2	777	0.0	567
ATGLR2.7	Zm00001d006508_P003	35.356	857	508	19	15	840	5	846	8.71e-167	513
ATGLR2.7	Zm00001d006508_P011	35.356	857	508	19	15	840	5	846	8.71e-167	513
ATGLR2.7	Zm00001d005783_P001	41.463	656	348	15	236	875	1	636	9.54e-167	506
ATGLR2.7	Zm00001d014451_P001	35.084	838	508	16	37	848	34	861	9.34e-166	511
ATGLR2.7	Zm00001d006508_P009	35.473	857	503	21	15	840	5	842	7.04e-165	508
ATGLR2.7	Zm00001d014458_P001	34.898	831	501	18	37	840	22	839	4.05e-160	495
ATGLR2.7	Zm00001d018614_P003	35.075	861	502	19	39	856	43	889	1.20e-158	493
ATGLR2.7	Zm00001d014456_P001	33.333	846	532	14	37	859	32	868	2.03e-157	488
ATGLR2.7	Zm00001d014456_P002	34.744	780	479	12	102	859	3	774	5.56e-157	484
ATGLR2.7	Zm00001d054016_P005	35.119	840	492	20	39	842	31	853	1.41e-152	476
ATGLR2.7	Zm00001d054016_P002	35.119	840	492	20	39	842	31	853	1.41e-152	476
ATGLR2.7	Zm00001d054016_P013	35.119	840	492	20	39	842	31	853	1.41e-152	476
ATGLR2.7	Zm00001d015007_P003	34.988	846	497	21	39	848	31	859	1.49e-152	475
ATGLR2.7	Zm00001d015007_P004	34.988	846	497	21	39	848	31	859	1.49e-152	475
ATGLR2.7	Zm00001d054016_P004	34.104	865	492	21	39	842	31	878	3.18e-147	462
ATGLR2.7	Zm00001d002532_P003	33.652	838	514	18	19	826	10	835	5.41e-147	461
ATGLR2.7	Zm00001d002532_P001	33.652	838	514	18	19	826	10	835	5.41e-147	461
ATGLR2.7	Zm00001d018615_P001	35.280	805	471	19	94	857	93	888	2.01e-142	450
ATGLR2.7	Zm00001d018615_P002	34.545	825	483	19	102	885	3	811	5.96e-141	443
ATGLR2.7	Zm00001d005783_P003	41.865	547	284	13	236	767	1	528	5.26e-140	431
ATGLR2.7	Zm00001d005783_P004	41.865	547	284	13	236	767	1	528	5.26e-140	431
ATGLR2.7	Zm00001d020568_P003	41.651	545	288	12	236	767	1	528	5.43e-139	428
ATGLR2.7	Zm00001d020568_P004	41.651	545	288	12	236	767	1	528	5.43e-139	428
ATGLR2.7	Zm00001d006508_P002	32.564	866	491	21	15	840	5	817	1.19e-138	438
ATGLR2.7	Zm00001d002532_P004	32.697	838	505	19	19	826	10	818	4.28e-137	435
ATGLR2.7	Zm00001d014456_P003	35.174	688	418	11	102	767	3	684	3.37e-134	421
ATGLR2.7	Zm00001d054016_P014	32.530	830	467	19	39	842	31	793	2.27e-124	400
ATGLR2.7	Zm00001d002532_P002	31.459	836	474	18	19	826	10	774	3.14e-124	400
ATGLR2.7	Zm00001d014451_P002	34.319	609	371	12	37	624	34	634	1.15e-113	365
ATGLR2.7	Zm00001d014458_P002	33.762	622	381	13	37	637	22	633	1.24e-113	365
ATGLR2.7	Zm00001d018614_P001	35.664	572	324	12	102	640	3	563	2.03e-104	338
ATGLR2.7	Zm00001d054016_P006	32.739	617	368	17	39	624	31	631	2.63e-96	318
ATGLR2.7	Zm00001d054016_P010	32.739	617	368	17	39	624	31	631	2.63e-96	318
ATGLR2.7	Zm00001d054016_P008	32.739	617	368	17	39	624	31	631	2.63e-96	318
ATGLR2.7	Zm00001d054016_P011	32.739	617	368	17	39	624	31	631	2.63e-96	318
ATGLR2.7	Zm00001d015007_P006	32.739	617	368	18	39	624	31	631	2.78e-95	315
ATGLR2.7	Zm00001d015007_P002	32.739	617	368	18	39	624	31	631	2.78e-95	315
ATGLR2.7	Zm00001d015007_P001	32.739	617	368	18	39	624	31	631	2.78e-95	315
ATGLR2.7	Zm00001d033769_P001	32.929	577	347	15	75	624	68	631	5.32e-90	301
ATGLR2.7	Zm00001d006508_P001	44.892	323	170	6	534	850	11	331	5.15e-82	272
ATGLR2.7	Zm00001d020568_P005	48.881	268	118	6	393	654	4	258	7.07e-82	267
ATGLR2.7	Zm00001d014458_P003	39.444	360	206	7	490	840	2	358	3.11e-80	269
ATGLR2.7	Zm00001d015007_P005	40.169	356	204	5	501	848	445	799	1.68e-75	266
ATGLR2.7	Zm00001d015007_P005	29.638	442	271	14	39	452	31	460	4.10e-42	168
ATGLR2.7	Zm00001d054016_P001	30.710	521	315	16	39	529	31	535	8.53e-60	221
ATGLR2.7	Zm00001d054016_P001	37.356	174	103	3	674	842	539	711	1.44e-22	106
ATGLR2.7	Zm00001d054016_P003	30.710	521	315	16	39	529	31	535	8.53e-60	221
ATGLR2.7	Zm00001d054016_P003	37.356	174	103	3	674	842	539	711	1.44e-22	106
ATGLR2.7	Zm00001d006508_P007	30.749	387	238	10	161	529	3	377	1.06e-50	185
ATGLR2.7	Zm00001d024012_P001	30.389	283	121	7	491	766	71	284	7.12e-30	122
ATGLR2.5	Zm00001d020563_P001	40.497	805	415	12	23	783	90	874	0.0	596
ATGLR2.5	Zm00001d005783_P002	39.170	771	437	10	23	784	129	876	0.0	580
ATGLR2.5	Zm00001d020568_P002	38.651	771	441	10	23	784	116	863	0.0	566
ATGLR2.5	Zm00001d020568_P001	37.913	786	441	11	23	784	116	878	0.0	556
ATGLR2.5	Zm00001d018332_P001	39.304	776	436	10	23	782	111	867	0.0	554
ATGLR2.5	Zm00001d018332_P002	38.522	758	418	11	54	782	1	739	2.43e-170	516
ATGLR2.5	Zm00001d018329_P001	36.774	775	463	11	23	783	93	854	2.63e-166	510
ATGLR2.5	Zm00001d005782_P001	38.592	767	433	13	30	777	103	850	6.00e-163	501
ATGLR2.5	Zm00001d052064_P001	36.795	780	464	10	23	782	115	885	7.91e-160	493
ATGLR2.5	Zm00001d014451_P001	34.908	762	461	13	21	761	94	841	1.55e-157	485
ATGLR2.5	Zm00001d014456_P002	32.997	794	503	13	25	801	2	783	3.94e-154	473
ATGLR2.5	Zm00001d014456_P001	33.083	798	505	13	21	801	92	877	6.17e-154	475
ATGLR2.5	Zm00001d006508_P003	36.068	768	460	17	21	772	93	845	6.83e-153	473
ATGLR2.5	Zm00001d006508_P011	36.068	768	460	17	21	772	93	845	6.83e-153	473
ATGLR2.5	Zm00001d006508_P009	35.938	768	457	18	21	772	93	841	4.87e-151	468
ATGLR2.5	Zm00001d005783_P001	38.413	630	356	10	164	784	5	611	1.69e-150	460
ATGLR2.5	Zm00001d002532_P003	34.600	763	470	14	16	759	83	835	6.84e-149	462
ATGLR2.5	Zm00001d002532_P001	34.600	763	470	14	16	759	83	835	6.84e-149	462
ATGLR2.5	Zm00001d018614_P003	35.197	787	462	17	21	775	101	871	2.07e-148	462
ATGLR2.5	Zm00001d015007_P003	33.965	792	484	16	17	784	86	862	2.12e-148	460
ATGLR2.5	Zm00001d015007_P004	33.965	792	484	16	17	784	86	862	2.12e-148	460
ATGLR2.5	Zm00001d054016_P005	34.260	791	483	16	17	784	86	862	5.08e-148	460
ATGLR2.5	Zm00001d054016_P002	34.260	791	483	16	17	784	86	862	5.08e-148	460
ATGLR2.5	Zm00001d054016_P013	34.260	791	483	16	17	784	86	862	5.08e-148	460
ATGLR2.5	Zm00001d014458_P001	33.842	786	487	13	21	787	82	853	3.97e-146	455
ATGLR2.5	Zm00001d054016_P004	33.333	816	482	17	17	784	86	887	1.03e-143	449
ATGLR2.5	Zm00001d014456_P003	33.951	701	434	13	25	708	2	690	8.64e-140	431
ATGLR2.5	Zm00001d002532_P004	33.552	763	461	15	16	759	83	818	1.32e-138	435
ATGLR2.5	Zm00001d018615_P002	33.413	835	496	19	25	822	2	813	1.38e-137	430
ATGLR2.5	Zm00001d018615_P001	34.686	813	462	21	21	787	95	884	4.44e-136	430
ATGLR2.5	Zm00001d006508_P002	34.234	777	433	19	21	772	93	816	2.09e-135	426
ATGLR2.5	Zm00001d005783_P003	38.616	549	306	9	160	699	1	527	2.90e-133	409
ATGLR2.5	Zm00001d005783_P004	38.616	549	306	9	160	699	1	527	2.90e-133	409
ATGLR2.5	Zm00001d020568_P003	37.887	549	310	9	160	699	1	527	1.22e-131	405
ATGLR2.5	Zm00001d020568_P004	37.887	549	310	9	160	699	1	527	1.22e-131	405
ATGLR2.5	Zm00001d015007_P005	30.955	785	457	16	17	784	86	802	6.57e-118	379
ATGLR2.5	Zm00001d054016_P014	31.250	784	456	16	17	784	86	802	4.31e-116	374
ATGLR2.5	Zm00001d014451_P002	34.515	536	328	8	21	540	94	622	9.07e-107	343
ATGLR2.5	Zm00001d018614_P001	35.182	577	329	14	25	570	2	564	1.09e-106	341
ATGLR2.5	Zm00001d014458_P002	33.037	563	347	10	21	565	82	632	2.28e-100	327
ATGLR2.5	Zm00001d015007_P006	31.676	543	343	12	17	540	86	619	4.38e-90	299
ATGLR2.5	Zm00001d015007_P002	31.676	543	343	12	17	540	86	619	4.38e-90	299
ATGLR2.5	Zm00001d015007_P001	31.676	543	343	12	17	540	86	619	4.38e-90	299
ATGLR2.5	Zm00001d054016_P006	31.942	551	344	13	17	545	86	627	5.98e-90	298
ATGLR2.5	Zm00001d054016_P010	31.942	551	344	13	17	545	86	627	5.98e-90	298
ATGLR2.5	Zm00001d054016_P008	31.942	551	344	13	17	545	86	627	5.98e-90	298
ATGLR2.5	Zm00001d054016_P011	31.942	551	344	13	17	545	86	627	5.98e-90	298
ATGLR2.5	Zm00001d033769_P001	30.755	543	348	13	17	540	86	619	3.50e-82	278
ATGLR2.5	Zm00001d014458_P003	35.194	412	255	7	411	816	1	406	2.13e-73	248
ATGLR2.5	Zm00001d020568_P005	44.238	269	136	5	315	583	4	258	1.43e-69	232
ATGLR2.5	Zm00001d006508_P001	39.241	316	187	5	460	774	11	322	1.32e-68	234
ATGLR2.5	Zm00001d002532_P002	39.009	323	187	6	443	759	456	774	1.14e-61	226
ATGLR2.5	Zm00001d002532_P002	30.711	394	255	6	17	392	84	477	6.08e-55	206
ATGLR2.5	Zm00001d054016_P001	30.330	455	290	11	17	452	86	532	1.24e-61	224
ATGLR2.5	Zm00001d054016_P001	35.106	188	120	2	598	784	534	720	2.18e-24	111
ATGLR2.5	Zm00001d054016_P003	30.330	455	290	11	17	452	86	532	1.24e-61	224
ATGLR2.5	Zm00001d054016_P003	35.106	188	120	2	598	784	534	720	2.18e-24	111
ATGLR2.5	Zm00001d006508_P007	32.124	386	236	12	85	455	3	377	4.64e-52	188
ATGLR2.5	Zm00001d024012_P001	29.355	310	134	9	394	699	56	284	3.74e-32	129
ATGLR2.6	Zm00001d020563_P001	36.983	895	444	13	6	801	2	875	0.0	577
ATGLR2.6	Zm00001d005783_P002	34.778	854	453	17	30	806	59	885	1.95e-167	514
ATGLR2.6	Zm00001d020568_P002	34.207	839	452	15	35	800	51	862	5.83e-160	494
ATGLR2.6	Zm00001d020568_P001	33.607	854	452	16	35	800	51	877	1.01e-155	484
ATGLR2.6	Zm00001d006508_P002	31.791	843	489	22	70	844	70	894	2.98e-123	396
ATGLR2.6	Zm00001d014458_P001	30.268	859	510	18	20	802	8	853	2.64e-117	381
ATGLR2.6	Zm00001d014451_P001	29.929	842	507	16	35	802	35	867	2.10e-115	377
ATGLR2.6	Zm00001d005783_P001	34.059	643	324	15	237	806	5	620	1.88e-114	368
ATGLR2.6	Zm00001d005782_P001	35.494	617	363	11	9	608	5	603	4.64e-114	374
ATGLR2.6	Zm00001d005782_P001	39.487	195	109	2	606	795	661	851	6.83e-32	136
ATGLR2.6	Zm00001d018614_P003	31.683	808	456	20	72	794	80	876	4.39e-112	368
ATGLR2.6	Zm00001d018332_P001	36.637	565	326	9	55	607	70	614	3.30e-111	367
ATGLR2.6	Zm00001d018332_P001	42.130	216	111	4	606	816	673	879	6.71e-44	174
ATGLR2.6	Zm00001d052064_P001	35.103	584	347	7	36	607	54	617	1.56e-106	355
ATGLR2.6	Zm00001d052064_P001	45.455	198	105	2	606	801	691	887	1.17e-46	183
ATGLR2.6	Zm00001d015007_P003	29.466	862	507	24	36	812	31	876	1.26e-103	344
ATGLR2.6	Zm00001d015007_P004	29.466	862	507	24	36	812	31	876	1.26e-103	344
ATGLR2.6	Zm00001d014451_P002	32.479	585	375	10	35	607	35	611	9.48e-103	335
ATGLR2.6	Zm00001d014456_P003	33.013	521	330	8	98	607	2	514	1.56e-94	315
ATGLR2.6	Zm00001d014456_P003	38.843	121	70	3	606	725	573	690	1.05e-15	84.0
ATGLR2.6	Zm00001d020568_P003	32.310	554	280	12	233	717	1	528	3.92e-94	309
ATGLR2.6	Zm00001d020568_P004	32.310	554	280	12	233	717	1	528	3.92e-94	309
ATGLR2.6	Zm00001d014456_P001	31.741	586	377	11	35	607	33	608	9.45e-94	318
ATGLR2.6	Zm00001d014456_P001	34.272	213	135	4	606	814	667	878	2.91e-29	127
ATGLR2.6	Zm00001d014456_P002	33.013	521	330	8	98	607	2	514	2.92e-93	315
ATGLR2.6	Zm00001d014456_P002	34.272	213	135	4	606	814	573	784	3.02e-29	127
ATGLR2.6	Zm00001d018614_P001	34.211	532	319	12	98	607	2	524	3.51e-92	304
ATGLR2.6	Zm00001d014458_P002	31.179	619	399	12	20	625	8	612	4.65e-92	307
ATGLR2.6	Zm00001d018329_P001	32.991	585	360	10	36	605	33	600	2.87e-90	310
ATGLR2.6	Zm00001d018329_P001	44.076	211	114	2	606	816	661	867	5.52e-46	181
ATGLR2.6	Zm00001d018332_P002	35.903	493	284	9	127	607	1	473	3.35e-90	307
ATGLR2.6	Zm00001d018332_P002	42.130	216	111	4	606	816	545	751	6.11e-44	174
ATGLR2.6	Zm00001d002532_P003	32.601	546	345	10	72	603	67	603	4.14e-90	308
ATGLR2.6	Zm00001d002532_P003	41.279	172	98	3	606	776	666	835	1.84e-25	115
ATGLR2.6	Zm00001d002532_P001	32.601	546	345	10	72	603	67	603	4.14e-90	308
ATGLR2.6	Zm00001d002532_P001	41.279	172	98	3	606	776	666	835	1.84e-25	115
ATGLR2.6	Zm00001d006508_P003	32.849	551	341	12	70	607	70	604	1.46e-86	298
ATGLR2.6	Zm00001d006508_P003	32.700	263	151	7	606	844	663	923	5.05e-29	127
ATGLR2.6	Zm00001d006508_P011	32.849	551	341	12	70	607	70	604	1.46e-86	298
ATGLR2.6	Zm00001d006508_P011	32.700	263	151	7	606	844	663	923	5.05e-29	127
ATGLR2.6	Zm00001d006508_P009	32.668	551	338	13	70	607	70	600	6.24e-85	293
ATGLR2.6	Zm00001d006508_P009	32.700	263	151	7	606	844	659	919	5.57e-29	127
ATGLR2.6	Zm00001d018615_P002	33.208	530	322	12	98	607	2	519	1.38e-84	291
ATGLR2.6	Zm00001d018615_P002	33.482	224	137	5	606	822	578	796	5.09e-26	117
ATGLR2.6	Zm00001d018615_P001	32.264	561	347	12	72	607	73	625	2.34e-84	293
ATGLR2.6	Zm00001d018615_P001	34.146	205	126	4	606	803	684	886	5.49e-25	114
ATGLR2.6	Zm00001d054016_P006	30.626	591	378	16	36	607	31	608	1.44e-81	278
ATGLR2.6	Zm00001d054016_P010	30.626	591	378	16	36	607	31	608	1.44e-81	278
ATGLR2.6	Zm00001d054016_P008	30.626	591	378	16	36	607	31	608	1.44e-81	278
ATGLR2.6	Zm00001d054016_P011	30.626	591	378	16	36	607	31	608	1.44e-81	278
ATGLR2.6	Zm00001d015007_P006	30.288	591	380	16	36	607	31	608	5.47e-81	276
ATGLR2.6	Zm00001d015007_P002	30.288	591	380	16	36	607	31	608	5.47e-81	276
ATGLR2.6	Zm00001d015007_P001	30.288	591	380	16	36	607	31	608	5.47e-81	276
ATGLR2.6	Zm00001d002532_P004	31.136	546	336	11	72	603	67	586	2.06e-80	281
ATGLR2.6	Zm00001d002532_P004	41.279	172	98	3	606	776	649	818	1.85e-25	115
ATGLR2.6	Zm00001d054016_P005	30.626	591	378	16	36	607	31	608	1.40e-79	279
ATGLR2.6	Zm00001d054016_P005	36.864	236	137	5	606	830	667	901	3.81e-31	134
ATGLR2.6	Zm00001d054016_P002	30.626	591	378	16	36	607	31	608	1.40e-79	279
ATGLR2.6	Zm00001d054016_P002	36.864	236	137	5	606	830	667	901	3.81e-31	134
ATGLR2.6	Zm00001d054016_P013	30.626	591	378	16	36	607	31	608	1.40e-79	279
ATGLR2.6	Zm00001d054016_P013	36.864	236	137	5	606	830	667	901	3.81e-31	134
ATGLR2.6	Zm00001d054016_P004	29.805	614	374	18	36	605	31	631	9.78e-76	268
ATGLR2.6	Zm00001d054016_P004	36.864	236	137	5	606	830	692	926	4.76e-31	133
ATGLR2.6	Zm00001d005783_P003	36.935	398	217	10	233	621	1	373	1.49e-75	259
ATGLR2.6	Zm00001d005783_P003	39.640	111	63	1	606	716	421	527	2.99e-20	97.8
ATGLR2.6	Zm00001d005783_P004	36.935	398	217	10	233	621	1	373	1.49e-75	259
ATGLR2.6	Zm00001d005783_P004	39.640	111	63	1	606	716	421	527	2.99e-20	97.8
ATGLR2.6	Zm00001d015007_P005	26.636	856	479	24	36	812	31	816	1.91e-75	266
ATGLR2.6	Zm00001d033769_P001	31.609	522	330	15	100	605	96	606	2.46e-75	261
ATGLR2.6	Zm00001d054016_P001	29.787	517	332	15	36	533	31	535	2.83e-60	221
ATGLR2.6	Zm00001d054016_P001	33.480	227	139	5	615	830	534	759	1.23e-24	112
ATGLR2.6	Zm00001d054016_P003	29.787	517	332	15	36	533	31	535	2.83e-60	221
ATGLR2.6	Zm00001d054016_P003	33.480	227	139	5	615	830	534	759	1.23e-24	112
ATGLR2.6	Zm00001d002532_P002	31.477	413	267	7	72	470	67	477	1.21e-57	215
ATGLR2.6	Zm00001d002532_P002	41.279	172	98	3	606	776	605	774	1.47e-25	115
ATGLR2.6	Zm00001d002532_P002	41.791	67	38	1	537	603	477	542	3.48e-09	62.8
ATGLR2.6	Zm00001d020568_P005	40.343	233	119	5	389	621	4	216	1.14e-50	181
ATGLR2.6	Zm00001d006508_P007	30.848	389	242	10	158	533	3	377	1.21e-50	185
ATGLR2.6	Zm00001d014458_P003	30.504	377	194	9	489	802	1	372	6.59e-44	167
ATGLR2.6	Zm00001d054016_P014	25.000	584	360	17	36	607	31	548	1.29e-41	166
ATGLR2.6	Zm00001d054016_P014	36.864	236	137	5	606	830	607	841	3.22e-31	134
ATGLR2.6	Zm00001d006508_P001	32.700	263	151	7	606	844	138	398	2.27e-30	126
ATGLR2.6	Zm00001d006508_P001	41.429	70	40	1	538	607	11	79	5.76e-11	67.8
ATGLR2.6	Zm00001d024012_P001	32.806	253	138	8	472	716	56	284	1.68e-28	118
ATGLR2.1	Zm00001d020563_P001	39.432	880	481	13	11	853	11	875	0.0	640
ATGLR2.1	Zm00001d005783_P002	36.830	839	480	12	25	843	58	866	0.0	578
ATGLR2.1	Zm00001d020568_P002	35.754	909	512	15	32	898	52	930	0.0	568
ATGLR2.1	Zm00001d020568_P001	35.173	924	512	16	32	898	52	945	0.0	558
ATGLR2.1	Zm00001d018332_P001	39.237	813	461	11	50	847	69	863	0.0	556
ATGLR2.1	Zm00001d005782_P001	36.424	906	519	17	3	874	4	886	0.0	550
ATGLR2.1	Zm00001d052064_P001	36.538	884	497	14	32	869	54	919	2.35e-168	518
ATGLR2.1	Zm00001d018329_P001	35.236	911	522	15	31	896	32	919	1.95e-161	499
ATGLR2.1	Zm00001d018332_P002	38.165	752	421	11	123	847	1	735	2.18e-156	483
ATGLR2.1	Zm00001d014451_P001	34.420	828	496	19	30	830	34	841	9.36e-147	459
ATGLR2.1	Zm00001d006508_P003	33.450	858	532	20	28	866	31	868	1.02e-145	456
ATGLR2.1	Zm00001d006508_P011	33.450	858	532	20	28	866	31	868	1.02e-145	456
ATGLR2.1	Zm00001d018614_P003	33.598	881	525	19	8	848	19	879	1.92e-144	454
ATGLR2.1	Zm00001d006508_P009	33.138	854	536	19	28	866	31	864	3.90e-144	452
ATGLR2.1	Zm00001d014456_P002	34.665	776	458	17	95	842	3	757	5.86e-144	449
ATGLR2.1	Zm00001d014456_P001	34.247	803	478	18	68	842	71	851	8.94e-144	451
ATGLR2.1	Zm00001d014458_P001	33.102	864	527	18	14	849	6	846	1.74e-142	447
ATGLR2.1	Zm00001d005783_P001	37.002	627	349	11	233	843	5	601	3.82e-139	432
ATGLR2.1	Zm00001d015007_P003	33.069	883	529	25	6	851	8	865	4.71e-138	436
ATGLR2.1	Zm00001d015007_P004	33.069	883	529	25	6	851	8	865	4.71e-138	436
ATGLR2.1	Zm00001d002532_P003	34.606	786	472	18	68	828	67	835	4.92e-136	431
ATGLR2.1	Zm00001d002532_P001	34.606	786	472	18	68	828	67	835	4.92e-136	431
ATGLR2.1	Zm00001d054016_P005	31.729	914	559	24	28	895	27	921	1.86e-134	427
ATGLR2.1	Zm00001d054016_P002	31.729	914	559	24	28	895	27	921	1.86e-134	427
ATGLR2.1	Zm00001d054016_P013	31.729	914	559	24	28	895	27	921	1.86e-134	427
ATGLR2.1	Zm00001d018615_P001	34.668	799	471	18	87	848	93	877	8.89e-133	423
ATGLR2.1	Zm00001d018615_P002	34.606	786	465	17	95	848	3	771	5.16e-132	418
ATGLR2.1	Zm00001d054016_P004	30.990	939	558	25	28	895	27	946	9.48e-130	415
ATGLR2.1	Zm00001d002532_P004	33.969	786	460	19	68	828	67	818	9.51e-128	409
ATGLR2.1	Zm00001d005783_P003	37.729	546	302	9	233	762	5	528	5.14e-126	392
ATGLR2.1	Zm00001d005783_P004	37.729	546	302	9	233	762	5	528	5.14e-126	392
ATGLR2.1	Zm00001d014456_P003	34.233	704	419	16	95	770	3	690	6.50e-126	397
ATGLR2.1	Zm00001d020568_P003	37.912	546	301	9	233	762	5	528	1.22e-124	389
ATGLR2.1	Zm00001d020568_P004	37.912	546	301	9	233	762	5	528	1.22e-124	389
ATGLR2.1	Zm00001d006508_P002	31.257	867	510	22	28	866	31	839	9.35e-122	392
ATGLR2.1	Zm00001d002532_P002	32.394	781	435	17	68	828	67	774	1.25e-114	373
ATGLR2.1	Zm00001d054016_P014	29.171	905	534	21	28	895	27	861	3.59e-106	350
ATGLR2.1	Zm00001d015007_P005	30.182	878	501	25	6	851	8	805	3.95e-105	347
ATGLR2.1	Zm00001d018614_P001	35.315	572	327	11	95	633	3	564	2.24e-100	326
ATGLR2.1	Zm00001d014451_P002	33.625	571	348	11	68	616	73	634	1.06e-97	321
ATGLR2.1	Zm00001d014458_P002	31.125	649	407	14	14	635	6	641	3.06e-94	312
ATGLR2.1	Zm00001d015007_P006	31.513	641	392	19	6	616	8	631	1.55e-88	296
ATGLR2.1	Zm00001d015007_P002	31.513	641	392	19	6	616	8	631	1.55e-88	296
ATGLR2.1	Zm00001d015007_P001	31.513	641	392	19	6	616	8	631	1.55e-88	296
ATGLR2.1	Zm00001d054016_P006	31.169	616	386	17	28	616	27	631	2.17e-85	288
ATGLR2.1	Zm00001d054016_P010	31.169	616	386	17	28	616	27	631	2.17e-85	288
ATGLR2.1	Zm00001d054016_P008	31.169	616	386	17	28	616	27	631	2.17e-85	288
ATGLR2.1	Zm00001d054016_P011	31.169	616	386	17	28	616	27	631	2.17e-85	288
ATGLR2.1	Zm00001d033769_P001	31.851	562	349	15	79	616	80	631	4.28e-81	276
ATGLR2.1	Zm00001d014458_P003	38.667	375	212	7	482	849	2	365	8.36e-73	248
ATGLR2.1	Zm00001d006508_P001	40.187	321	180	6	524	842	11	321	1.54e-67	232
ATGLR2.1	Zm00001d020568_P005	39.927	273	140	4	380	646	4	258	3.29e-60	207
ATGLR2.1	Zm00001d054016_P001	29.447	506	324	15	28	510	27	522	1.40e-55	208
ATGLR2.1	Zm00001d054016_P001	28.740	254	154	7	661	895	534	779	2.35e-18	92.4
ATGLR2.1	Zm00001d054016_P003	29.447	506	324	15	28	510	27	522	1.40e-55	208
ATGLR2.1	Zm00001d054016_P003	28.740	254	154	7	661	895	534	779	2.35e-18	92.4
ATGLR2.1	Zm00001d006508_P007	31.234	381	241	10	154	519	3	377	1.77e-50	184
ATGLR2.1	Zm00001d024012_P001	28.197	305	138	9	463	761	55	284	4.02e-26	111
ATGLR2.4	Zm00001d020563_P001	35.400	887	493	12	33	854	11	882	2.18e-180	547
ATGLR2.4	Zm00001d005783_P002	37.218	841	447	17	55	845	65	874	3.27e-174	532
ATGLR2.4	Zm00001d018332_P001	37.132	816	453	13	73	845	69	867	7.04e-173	529
ATGLR2.4	Zm00001d020568_P002	36.980	841	449	19	55	845	52	861	3.98e-169	518
ATGLR2.4	Zm00001d020568_P001	36.332	856	449	19	55	845	52	876	1.38e-166	512
ATGLR2.4	Zm00001d052064_P001	34.982	849	477	14	55	845	54	885	2.05e-156	487
ATGLR2.4	Zm00001d005782_P001	35.357	840	465	18	53	839	34	848	4.34e-156	485
ATGLR2.4	Zm00001d018329_P001	34.597	844	480	13	53	845	31	853	1.01e-145	458
ATGLR2.4	Zm00001d018332_P002	35.185	756	417	13	146	845	1	739	3.23e-141	442
ATGLR2.4	Zm00001d014456_P001	32.553	854	498	20	55	851	34	866	7.65e-132	420
ATGLR2.4	Zm00001d014456_P002	33.418	790	450	18	118	851	3	772	6.39e-131	415
ATGLR2.4	Zm00001d014458_P001	32.575	835	495	17	55	838	24	841	3.83e-130	415
ATGLR2.4	Zm00001d014451_P001	33.176	850	498	17	55	851	36	868	2.96e-129	414
ATGLR2.4	Zm00001d018614_P003	33.456	816	461	19	91	843	80	876	1.98e-123	398
ATGLR2.4	Zm00001d002532_P003	32.436	854	499	21	28	822	1	835	2.10e-122	395
ATGLR2.4	Zm00001d002532_P001	32.436	854	499	21	28	822	1	835	2.10e-122	395
ATGLR2.4	Zm00001d006508_P009	33.892	776	452	18	111	843	92	849	5.97e-121	391
ATGLR2.4	Zm00001d006508_P003	33.718	780	452	18	111	843	92	853	2.85e-120	389
ATGLR2.4	Zm00001d006508_P011	33.718	780	452	18	111	843	92	853	2.85e-120	389
ATGLR2.4	Zm00001d015007_P003	31.507	876	522	24	33	851	9	863	4.43e-118	383
ATGLR2.4	Zm00001d015007_P004	31.507	876	522	24	33	851	9	863	4.43e-118	383
ATGLR2.4	Zm00001d054016_P005	31.684	849	509	22	44	837	20	852	2.95e-117	381
ATGLR2.4	Zm00001d054016_P002	31.684	849	509	22	44	837	20	852	2.95e-117	381
ATGLR2.4	Zm00001d054016_P013	31.684	849	509	22	44	837	20	852	2.95e-117	381
ATGLR2.4	Zm00001d018615_P001	33.822	819	459	23	91	843	73	874	5.76e-117	381
ATGLR2.4	Zm00001d005783_P001	36.094	640	332	16	252	845	1	609	7.45e-117	374
ATGLR2.4	Zm00001d014456_P003	33.381	695	394	16	118	756	3	684	1.01e-115	370
ATGLR2.4	Zm00001d018615_P002	33.969	786	439	21	118	843	3	768	4.15e-115	373
ATGLR2.4	Zm00001d054016_P004	30.778	874	509	22	44	837	20	877	1.34e-113	372
ATGLR2.4	Zm00001d002532_P004	31.499	854	490	22	28	822	1	818	1.93e-113	370
ATGLR2.4	Zm00001d002532_P002	30.898	835	476	19	28	822	1	774	4.22e-107	352
ATGLR2.4	Zm00001d005783_P003	35.935	551	284	13	252	756	1	528	3.29e-101	327
ATGLR2.4	Zm00001d005783_P004	35.935	551	284	13	252	756	1	528	3.29e-101	327
ATGLR2.4	Zm00001d020568_P003	35.390	551	287	14	252	756	1	528	2.35e-99	322
ATGLR2.4	Zm00001d020568_P004	35.390	551	287	14	252	756	1	528	2.35e-99	322
ATGLR2.4	Zm00001d006508_P002	31.355	775	448	20	111	843	92	824	4.99e-97	326
ATGLR2.4	Zm00001d018614_P001	34.555	573	318	12	118	642	3	566	1.21e-94	311
ATGLR2.4	Zm00001d015007_P005	29.288	857	506	23	33	851	9	803	1.25e-94	318
ATGLR2.4	Zm00001d054016_P014	29.398	830	493	21	44	837	20	792	7.90e-94	317
ATGLR2.4	Zm00001d014458_P002	31.877	618	377	13	55	636	24	633	2.13e-91	305
ATGLR2.4	Zm00001d014451_P002	32.619	607	363	13	55	623	36	634	2.29e-90	301
ATGLR2.4	Zm00001d054016_P006	30.323	620	384	17	44	623	20	631	2.29e-77	266
ATGLR2.4	Zm00001d054016_P010	30.323	620	384	17	44	623	20	631	2.29e-77	266
ATGLR2.4	Zm00001d054016_P008	30.323	620	384	17	44	623	20	631	2.29e-77	266
ATGLR2.4	Zm00001d054016_P011	30.323	620	384	17	44	623	20	631	2.29e-77	266
ATGLR2.4	Zm00001d015007_P006	30.016	633	391	18	33	623	9	631	7.00e-77	265
ATGLR2.4	Zm00001d015007_P002	30.016	633	391	18	33	623	9	631	7.00e-77	265
ATGLR2.4	Zm00001d015007_P001	30.016	633	391	18	33	623	9	631	7.00e-77	265
ATGLR2.4	Zm00001d033769_P001	29.564	619	390	16	44	623	20	631	4.44e-72	251
ATGLR2.4	Zm00001d014458_P003	35.676	370	195	6	502	838	1	360	1.19e-63	223
ATGLR2.4	Zm00001d006508_P001	37.003	327	181	6	532	843	12	328	1.24e-53	194
ATGLR2.4	Zm00001d020568_P005	39.852	271	122	8	402	650	4	255	1.09e-52	186
ATGLR2.4	Zm00001d054016_P001	29.077	509	332	15	44	530	20	521	1.17e-51	196
ATGLR2.4	Zm00001d054016_P001	37.805	164	93	4	675	837	555	710	4.97e-20	97.8
ATGLR2.4	Zm00001d054016_P003	29.077	509	332	15	44	530	20	521	1.17e-51	196
ATGLR2.4	Zm00001d054016_P003	37.805	164	93	4	675	837	555	710	4.97e-20	97.8
ATGLR2.4	Zm00001d006508_P007	31.250	368	232	10	177	530	3	363	4.64e-43	163
ATGLR2.4	Zm00001d024012_P001	31.159	276	108	6	502	755	69	284	8.21e-30	122
ATGLR2.2	Zm00001d020563_P001	39.027	884	486	9	12	860	10	875	0.0	654
ATGLR2.2	Zm00001d005783_P002	35.889	900	525	13	29	906	62	931	0.0	582
ATGLR2.2	Zm00001d018332_P001	39.294	822	467	9	50	860	69	869	0.0	576
ATGLR2.2	Zm00001d020568_P002	36.977	860	492	13	28	867	48	877	0.0	573
ATGLR2.2	Zm00001d020568_P001	36.343	875	492	14	28	867	48	892	0.0	563
ATGLR2.2	Zm00001d005782_P001	37.471	862	489	13	5	846	11	842	2.47e-179	546
ATGLR2.2	Zm00001d052064_P001	37.778	855	485	11	32	860	54	887	1.75e-177	543
ATGLR2.2	Zm00001d018332_P002	37.927	762	428	10	123	860	1	741	2.53e-160	493
ATGLR2.2	Zm00001d014451_P001	34.741	829	499	16	30	837	34	841	4.51e-160	495
ATGLR2.2	Zm00001d014456_P001	34.670	848	516	17	30	858	32	860	2.66e-157	487
ATGLR2.2	Zm00001d014456_P002	36.189	782	463	15	95	858	3	766	2.90e-157	484
ATGLR2.2	Zm00001d018329_P001	35.976	845	499	11	32	858	33	853	1.87e-155	484
ATGLR2.2	Zm00001d014458_P001	34.149	858	515	18	12	846	6	836	9.40e-155	480
ATGLR2.2	Zm00001d006508_P003	34.138	870	532	18	4	852	3	852	2.02e-148	464
ATGLR2.2	Zm00001d006508_P011	34.138	870	532	18	4	852	3	852	2.02e-148	464
ATGLR2.2	Zm00001d018614_P003	35.732	806	472	16	68	846	80	866	8.66e-147	461
ATGLR2.2	Zm00001d006508_P009	34.023	870	529	19	4	852	3	848	1.82e-146	459
ATGLR2.2	Zm00001d018615_P001	36.914	810	462	21	68	846	73	864	1.30e-145	457
ATGLR2.2	Zm00001d002532_P003	35.525	791	465	16	68	835	67	835	2.05e-145	456
ATGLR2.2	Zm00001d002532_P001	35.525	791	465	16	68	835	67	835	2.05e-145	456
ATGLR2.2	Zm00001d018615_P002	37.323	777	441	19	95	846	3	758	1.01e-144	452
ATGLR2.2	Zm00001d015007_P003	33.333	840	513	19	32	846	31	848	2.24e-143	450
ATGLR2.2	Zm00001d015007_P004	33.333	840	513	19	32	846	31	848	2.24e-143	450
ATGLR2.2	Zm00001d054016_P005	33.929	840	508	20	32	846	31	848	4.98e-142	447
ATGLR2.2	Zm00001d054016_P002	33.929	840	508	20	32	846	31	848	4.98e-142	447
ATGLR2.2	Zm00001d054016_P013	33.929	840	508	20	32	846	31	848	4.98e-142	447
ATGLR2.2	Zm00001d005783_P001	35.920	696	398	11	229	906	1	666	7.26e-142	440
ATGLR2.2	Zm00001d054016_P004	32.831	862	513	19	32	846	31	873	1.98e-137	436
ATGLR2.2	Zm00001d014456_P003	36.075	693	414	13	95	769	3	684	3.04e-137	427
ATGLR2.2	Zm00001d002532_P004	34.513	791	456	17	68	835	67	818	1.58e-135	430
ATGLR2.2	Zm00001d005783_P003	38.545	550	307	7	229	769	1	528	6.47e-129	400
ATGLR2.2	Zm00001d005783_P004	38.545	550	307	7	229	769	1	528	6.47e-129	400
ATGLR2.2	Zm00001d020568_P003	38.182	550	309	7	229	769	1	528	1.62e-127	397
ATGLR2.2	Zm00001d020568_P004	38.182	550	309	7	229	769	1	528	1.62e-127	397
ATGLR2.2	Zm00001d006508_P002	31.741	879	512	20	4	852	3	823	5.82e-124	399
ATGLR2.2	Zm00001d054016_P014	30.539	835	483	21	32	846	31	788	3.71e-106	350
ATGLR2.2	Zm00001d018614_P001	35.377	571	334	10	95	639	3	564	2.25e-105	340
ATGLR2.2	Zm00001d014451_P002	32.137	613	384	13	30	622	34	634	8.89e-103	335
ATGLR2.2	Zm00001d014458_P002	31.734	646	401	15	12	635	6	633	9.22e-101	330
ATGLR2.2	Zm00001d054016_P006	31.707	615	382	16	32	622	31	631	1.71e-93	310
ATGLR2.2	Zm00001d054016_P010	31.707	615	382	16	32	622	31	631	1.71e-93	310
ATGLR2.2	Zm00001d054016_P008	31.707	615	382	16	32	622	31	631	1.71e-93	310
ATGLR2.2	Zm00001d054016_P011	31.707	615	382	16	32	622	31	631	1.71e-93	310
ATGLR2.2	Zm00001d015007_P006	31.057	615	386	16	32	622	31	631	6.11e-92	306
ATGLR2.2	Zm00001d015007_P002	31.057	615	386	16	32	622	31	631	6.11e-92	306
ATGLR2.2	Zm00001d015007_P001	31.057	615	386	16	32	622	31	631	6.11e-92	306
ATGLR2.2	Zm00001d033769_P001	32.072	608	373	16	35	622	44	631	1.94e-89	299
ATGLR2.2	Zm00001d014458_P003	39.730	370	210	5	481	849	1	358	1.11e-81	272
ATGLR2.2	Zm00001d020568_P005	42.125	273	140	3	380	652	4	258	7.38e-70	234
ATGLR2.2	Zm00001d006508_P001	39.755	327	183	6	530	852	11	327	2.16e-67	232
ATGLR2.2	Zm00001d015007_P005	39.368	348	199	5	500	846	452	788	3.61e-67	243
ATGLR2.2	Zm00001d015007_P005	27.002	437	288	12	32	444	31	460	2.36e-39	159
ATGLR2.2	Zm00001d054016_P001	30.097	515	329	14	32	525	31	535	9.33e-62	226
ATGLR2.2	Zm00001d054016_P001	34.807	181	109	3	667	846	534	706	1.65e-18	93.2
ATGLR2.2	Zm00001d054016_P003	30.097	515	329	14	32	525	31	535	9.33e-62	226
ATGLR2.2	Zm00001d054016_P003	34.807	181	109	3	667	846	534	706	1.65e-18	93.2
ATGLR2.2	Zm00001d002532_P002	40.938	320	178	5	517	835	465	774	7.26e-61	225
ATGLR2.2	Zm00001d002532_P002	32.452	416	253	9	68	461	67	476	1.12e-54	206
ATGLR2.2	Zm00001d006508_P007	31.854	383	242	9	154	525	3	377	1.68e-49	182
ATGLR2.2	Zm00001d024012_P001	30.323	310	138	7	460	768	52	284	7.08e-33	131
ATGLR2.3	Zm00001d020563_P001	37.698	886	495	12	12	859	10	876	0.0	621
ATGLR2.3	Zm00001d005783_P002	36.912	829	479	12	31	846	65	862	0.0	563
ATGLR2.3	Zm00001d020568_P002	37.215	833	479	12	27	846	48	849	0.0	560
ATGLR2.3	Zm00001d020568_P001	36.557	848	479	13	27	846	48	864	0.0	550
ATGLR2.3	Zm00001d018332_P001	39.364	818	459	13	49	851	69	864	1.03e-180	549
ATGLR2.3	Zm00001d005782_P001	35.889	861	501	14	6	846	13	842	1.56e-167	514
ATGLR2.3	Zm00001d052064_P001	37.133	851	483	14	31	851	54	882	5.63e-164	506
ATGLR2.3	Zm00001d018329_P001	35.274	859	515	12	31	873	33	866	6.25e-156	485
ATGLR2.3	Zm00001d018332_P002	38.259	758	418	14	122	851	1	736	3.30e-153	474
ATGLR2.3	Zm00001d014456_P001	34.689	836	505	18	31	846	34	848	3.02e-151	471
ATGLR2.3	Zm00001d014451_P001	34.125	800	494	15	31	810	36	822	2.08e-150	469
ATGLR2.3	Zm00001d014456_P002	35.751	772	457	16	94	846	3	754	1.86e-148	460
ATGLR2.3	Zm00001d006508_P003	34.772	811	494	16	50	846	54	843	7.47e-146	456
ATGLR2.3	Zm00001d006508_P011	34.772	811	494	16	50	846	54	843	7.47e-146	456
ATGLR2.3	Zm00001d006508_P009	34.895	811	489	18	50	846	54	839	8.23e-144	451
ATGLR2.3	Zm00001d014458_P001	32.591	853	536	16	11	846	6	836	3.27e-142	447
ATGLR2.3	Zm00001d018614_P003	33.608	848	507	19	31	846	43	866	4.68e-138	437
ATGLR2.3	Zm00001d002532_P003	33.670	793	478	16	67	835	67	835	3.62e-136	431
ATGLR2.3	Zm00001d002532_P001	33.670	793	478	16	67	835	67	835	3.62e-136	431
ATGLR2.3	Zm00001d014456_P003	35.971	695	413	14	94	769	3	684	4.76e-136	424
ATGLR2.3	Zm00001d018615_P001	35.229	809	478	21	67	846	73	864	6.00e-136	431
ATGLR2.3	Zm00001d005783_P001	36.783	628	357	10	228	846	1	597	2.94e-135	422
ATGLR2.3	Zm00001d018615_P002	35.438	776	458	19	94	846	3	758	3.44e-135	426
ATGLR2.3	Zm00001d054016_P005	32.143	840	528	20	29	846	29	848	2.67e-133	424
ATGLR2.3	Zm00001d054016_P002	32.143	840	528	20	29	846	29	848	2.67e-133	424
ATGLR2.3	Zm00001d054016_P013	32.143	840	528	20	29	846	29	848	2.67e-133	424
ATGLR2.3	Zm00001d015007_P003	31.862	838	533	18	29	846	29	848	4.85e-133	422
ATGLR2.3	Zm00001d015007_P004	31.862	838	533	18	29	846	29	848	4.85e-133	422
ATGLR2.3	Zm00001d054016_P004	31.329	865	527	21	29	846	29	873	1.73e-128	411
ATGLR2.3	Zm00001d002532_P004	32.787	793	468	17	67	835	67	818	3.04e-126	404
ATGLR2.3	Zm00001d020568_P003	37.024	551	315	8	228	769	1	528	7.29e-122	382
ATGLR2.3	Zm00001d020568_P004	37.024	551	315	8	228	769	1	528	7.29e-122	382
ATGLR2.3	Zm00001d005783_P003	36.842	551	316	8	228	769	1	528	1.01e-121	381
ATGLR2.3	Zm00001d005783_P004	36.842	551	316	8	228	769	1	528	1.01e-121	381
ATGLR2.3	Zm00001d006508_P002	32.439	820	472	18	50	846	54	814	2.39e-121	391
ATGLR2.3	Zm00001d018614_P001	34.609	575	334	11	94	639	3	564	1.96e-100	326
ATGLR2.3	Zm00001d014451_P002	32.079	611	384	13	31	622	36	634	5.27e-100	327
ATGLR2.3	Zm00001d014458_P002	31.125	649	416	14	11	641	6	641	1.01e-96	319
ATGLR2.3	Zm00001d054016_P014	28.571	840	498	22	29	846	29	788	1.12e-95	322
ATGLR2.3	Zm00001d054016_P006	30.130	614	398	16	29	622	29	631	5.42e-86	289
ATGLR2.3	Zm00001d054016_P010	30.130	614	398	16	29	622	29	631	5.42e-86	289
ATGLR2.3	Zm00001d054016_P008	30.130	614	398	16	29	622	29	631	5.42e-86	289
ATGLR2.3	Zm00001d054016_P011	30.130	614	398	16	29	622	29	631	5.42e-86	289
ATGLR2.3	Zm00001d015007_P006	29.690	613	402	15	29	622	29	631	2.68e-84	285
ATGLR2.3	Zm00001d015007_P002	29.690	613	402	15	29	622	29	631	2.68e-84	285
ATGLR2.3	Zm00001d015007_P001	29.690	613	402	15	29	622	29	631	2.68e-84	285
ATGLR2.3	Zm00001d033769_P001	31.308	543	349	11	96	622	97	631	1.16e-81	278
ATGLR2.3	Zm00001d014458_P003	37.330	367	217	5	481	846	1	355	3.63e-69	238
ATGLR2.3	Zm00001d006508_P001	37.736	318	187	4	530	846	11	318	1.80e-61	215
ATGLR2.3	Zm00001d015007_P005	36.782	348	208	5	500	846	452	788	8.55e-61	224
ATGLR2.3	Zm00001d015007_P005	26.667	435	297	11	29	444	29	460	4.68e-39	158
ATGLR2.3	Zm00001d020568_P005	37.729	273	152	3	380	652	4	258	1.58e-60	208
ATGLR2.3	Zm00001d054016_P001	29.014	517	337	15	29	525	29	535	2.97e-59	218
ATGLR2.3	Zm00001d054016_P001	33.516	182	110	4	667	846	534	706	1.94e-17	89.7
ATGLR2.3	Zm00001d054016_P003	29.014	517	337	15	29	525	29	535	2.97e-59	218
ATGLR2.3	Zm00001d054016_P003	33.516	182	110	4	667	846	534	706	1.94e-17	89.7
ATGLR2.3	Zm00001d002532_P002	37.812	320	188	5	517	835	465	774	6.44e-54	204
ATGLR2.3	Zm00001d002532_P002	30.839	441	272	10	67	484	67	497	1.54e-52	200
ATGLR2.3	Zm00001d006508_P007	32.637	383	238	9	154	525	4	377	2.29e-51	187
ATGLR2.3	Zm00001d024012_P001	31.579	304	124	8	470	768	60	284	1.60e-31	127
