id	B	Ca	CHL	Cu	DW	Fe	FW	K	LA	Mg	Mn	N	P	S	Zn
33-16	14.8702301559363	0.384060556422737	NA	NA	5.82003125751956	78.2017819784857	24.1694540549246	2.07505391997551	1143.82374824196	0.187619721856986	NA	2.10584166408899	0.306039038649549	0.159274731044597	NA
38-11Goodman-Buckler	15.8533070507044	0.405220478752562	303.608722427314	12.6388718976403	6.94911254579852	94.2124793124968	25.9516167539687	2.15587648840865	1152.68710510775	0.120418460427081	69.9011486255345	2.20045594519435	0.316654140211984	0.22901083777511	20.9523737258252
4226	14.5704684047549	0.453034714296945	251.8266950276	6.20644631031199	5.60137743667788	74.5528691997108	21.5084717387156	2.08204691644396	1057.89348221778	0.171443554285815	65.9226226853197	1.96601003598845	0.334945648840052	0.169011282555295	34.300923772897
4722	12.7718978976663	0.261439831313033	229.478966167057	5.12755356633921	NA	70.1741738651809	NA	2.20092785640766	1097.41546055896	0.135047177250681	58.010568304452	1.73994890389258	0.289176849371755	0.149538179533899	25.2248417398186
A188	13.970944902392	0.33424588684692	370.295880877621	10.8816482008607	NA	97.6626501319517	NA	2.06806092350705	NA	0.143135261036267	NA	2.41114071877516	0.339763417205136	0.230676108789716	22.955821231549
A214NGoodman-Buckler	16.069277160662	0.288263114930781	272.571913995926	6.20644631031199	6.14311675398713	70.4174347170993	26.4807672100024	2.48414421338001	1086.47139206788	0.175487596178608	53.0134813270619	1.96601003598845	0.303630154467007	0.159274731044597	25.9811819092418
A239	12.1723743953034	0.368732965784024	272.513640908936	5.4871844809968	5.37293314624626	73.3365649401192	19.6447351098858	1.85477453121924	964.599946384736	0.167399512393023	64.2569270261897	1.84016157069797	0.265088007546336	0.136556110852969	16.5269297914518
A441-5	12.9198773733962	0.268546759897691	266.017418729814	6.18349473725449	4.6134685507673	74.2148088775767	18.9993272862791	2.49428817279827	950.705131291994	0.142950050028598	38.2857716934465	1.94488737022659	0.296083372097438	0.146501433225923	16.3913384525031
A554	16.069277160662	0.453034714296945	296.959200901107	8.36423179825756	4.99763181196576	79.9046079419139	20.2461660670316	2.21841034757879	897.290312865329	0.171443554285815	82.9960031914026	2.1361385168441	0.325310112109885	0.169011282555295	29.0065425869346
A556	12.1723743953034	0.318918296208207	301.00918044689	NA	4.83119382893701	NA	18.4628533452621	2.18344536523653	874.083943436583	0.151223344821852	NA	NA	0.301221270284465	NA	NA
A6	NA	NA	NA	NA	NA	NA	NA	NA	NA	NA	NA	NA	NA	NA	NA
A619	19.0668946724764	0.318918296208207	315.140404041888	8.72386271291515	6.12679930467059	94.0137373531768	25.1065674067565	2.44568273280352	1008.05607818343	0.110782925893925	55.512024815757	2.2410122379195	0.301221270284465	0.165765765385063	24.846671655107
A632	16.6688006630249	0.261439831313034	303.864561709385	6.20644631031199	5.20323167335421	70.6606955690176	19.9664307381266	2.05057843233592	911.348833910757	0.159311428607437	43.8521552018467	2.10584166408899	0.334945648840052	0.169011282555295	24.0903314856838
A634	14.8702301559363	0.326582091527563	267.23992653637	6.20644631031199	4.37756873793709	69.444391309426	16.4417655939232	2.00162745705675	804.875712796036	0.195707805642571	53.0134813270619	1.93571318323333	0.318083459562259	0.165765765385063	NA
A635	13.6711831512106	0.26910362663239	242.852639631189	4.04866082236643	4.45915598451981	62.8763483076312	16.4102953694214	1.88624301532728	807.693648649414	0.143135261036267	39.6879160540216	1.75160153956763	0.250634702451084	0.133310593682736	17.6614400455866
A641	19.2779900261025	0.399008036986432	299.579309520696	7.58447700881197	4.54140524757851	79.7468099149581	16.993886509189	1.80641493152739	804.975020514698	0.201897379250885	61.3382772125845	2.09106253793256	0.323000728093049	0.209790907829151	44.6704885047067
A654	16.069277160662	0.437707123658232	271.493861886617	11.2412791155183	6.04521205808787	80.1478687938323	23.7638378280124	2.14498388466004	1089.89366045847	0.175487596178608	55.512024815757	2.01961216009366	0.303630154467007	0.16252024821483	35.0572639423202
A659	15.4697536582992	0.311254500888851	341.567248991708	7.28533905428477	NA	80.6343904976689	NA	1.91071850296686	NA	0.114826967786718	NA	2.18041853240927	0.298812386101923	0.172256799725528	21.8213109774142
A661	19.3666564236578	0.284431217271103	298.561710793324	5.4871844809968	4.02511183269974	71.3904781247726	15.735433888438	2.30931930166868	780.954073865745	0.106738884001132	63.0076552818421	2.02427321436367	0.298812386101923	0.149538179533899	21.4431408927026
A679	16.9685624142063	0.349573477485633	292.064261593974	4.76792265168161	5.97994226082169	75.7691734593024	23.8722352679631	1.97015897294871	1104.50994790792	0.126959093465096	46.7671226053243	1.91240791188325	0.279541312641587	0.152783696704132	17.283269960875
A680	17.2683241653878	0.433875225998554	313.246528714723	NA	7.38650639190777	80.6343904976689	28.1766626414892	1.93519399060645	1220.63561211409	0.155267386714645	74.2511009809699	2.11516377262902	0.284359081006671	0.172256799725528	NA
A682	16.3690389118435	0.364901068124346	282.361792610192	7.28533905428477	5.7221265616203	80.6343904976689	22.1763398364763	2.37924926635321	1002.63317805636	0.11887100967951	57.177720474887	2.07088375706385	0.291585733554297	0.149538179533899	18.7959502997214
Ab28A	NA	NA	NA	NA	NA	NA	NA	NA	NA	NA	NA	NA	NA	NA	NA
B10	15.8533070507044	0.336883619325127	239.549280503738	6.46127814462789	5.098520618394	75.2463794357238	21.3544622766057	2.34942442760442	1048.20290603363	0.195107469348901	62.0518498303303	1.98166913067077	0.303960964449854	0.152131117991276	25.2094712502398
B103	19.3666564236578	0.39938814706145	305.70016394956	6.20644631031199	5.25544751116715	77.4719994227307	19.4873839873767	2.10652240408355	900.701966916735	0.171443554285815	NA	2.09418902841394	0.289176849371755	0.172256799725528	NA
B104	12.1723743953034	0.288263114930781	270.765448299246	5.4871844809968	6.06805648713103	72.8500432362825	24.4177191593279	1.97715196941717	1071.07238270338	0.151223344821852	NA	1.90774685761323	0.293994617736839	0.152783696704132	20.6868007232794
B105	14.8702301559363	0.384060556422737	254.798622464073	6.20644631031199	5.09227301800171	69.444391309426	20.742696275838	2.12400489525468	963.348139157525	0.159311428607437	63.8405031114072	1.88910264053316	0.318083459562259	0.143047145193434	23.7121614009722
B109	11.5728508929405	0.338077784506598	326.64933872235	6.56607722496959	6.69464654088631	75.7691734593024	26.20802526432	2.10652240408355	1117.72788176987	0.139091219143474	59.2598400487996	2.15012167965416	0.291585733554297	0.185238868406459	21.064970807991
B14A	14.5704684047549	0.303590705569494	273.475146844266	6.20644631031199	NA	75.5259126073841	24.1974275878152	2.0610679270386	1100.80348914573	0.187619721856986	46.3506986905418	2.00096794301358	0.320492343744801	0.172256799725528	NA
B164	15.4697536582992	0.39938814706145	244.804788045343	5.8468153956544	5.03026671059884	75.0393909035474	19.9559406632926	1.97365547118294	968.188277823789	0.183575679964193	56.7612965601045	1.94503529177337	0.277132428459046	0.136556110852969	19.9304605538562
B2	NA	NA	NA	NA	NA	NA	NA	NA	NA	NA	NA	NA	NA	NA	NA
B37	16.6688006630249	0.476026100255014	256.546815073764	5.8468153956544	5.9440438723253	68.4713479017527	23.6869106125635	1.85477453121924	1042.43797717699	0.191663763749779	38.4386443096741	1.89143316766816	0.286767965189213	0.159274731044597	21.8213109774142
B46	15.7695154094806	0.303590705569494	257.624867183073	6.92570813962718	5.22933959226068	71.8769998286092	21.9560482649636	2.37575276811899	935.773113160946	0.11887100967951	46.3506986905418	2.00096794301358	0.289176849371755	0.139801628023201	22.955821231549
B52	15.06030423302	0.38037071168804	275.926485163436	5.62189530516245	6.10556884825576	71.9645936379596	22.5480079354715	1.9243970184996	1057.91246965528	0.136160140126614	56.1250871370924	1.89626807811023	0.270697020573179	0.151306415712413	18.2158088201093
B57	NA	0.31125450088885	265.520870470175	5.12755356633921	5.36640616651965	71.3904781247726	22.6344064375583	2.298829806966	980.827901399424	0.139091219143474	47.5999704348893	1.80986471794285	0.291585733554297	0.133310593682736	NA
B64	12.1723743953034	0.341909682166276	254.740349377084	5.8468153956544	5.69928213257714	69.444391309426	24.0365797736948	2.25687182815529	1104.39832614751	0.187619721856986	40.9371877983691	1.92173002042328	0.281950196824129	0.175502316895761	16.5269297914518
B68	14.2707066535734	0.292095012590459	285.945587460058	5.8468153956544	6.25081191947632	75.2826517554658	26.5157341296123	2.13799088819159	996.471382963112	0.143135261036267	62.1748074522771	1.95668792744841	0.289176849371755	0.156029213874365	17.6614400455866
B73	15.1699919071177	0.37639676110338	310.012372386796	6.92570813962718	6.42377688223169	76.985477718894	24.966699742304	2.13799088819159	1135.83115083911	0.155267386714645	60.9255357079296	2.0056289972836	0.286767965189213	0.172256799725528	NA
B73Htrhm	11.872612644122	0.311254500888851	306.632533341394	NA	5.6829646832606	73.5798257920375	22.9386186077425	2.21491384934457	1032.51767881977	0.139091219143474	51.3477856679319	NA	0.313265691197175	NA	28.628372502223
B75	11.5728508929405	0.322750193867885	317.179962086527	7.64496996894237	5.55242508872825	85.9861292398721	23.5155727236091	2.55407417806454	1050.00463142047	0.135047177250681	56.7612965601045	2.12448588116906	0.313265691197175	0.169011282555295	NA
B76	14.2707066535734	0.368732965784024	306.953035319838	6.56607722496959	6.94593526036109	76.985477718894	26.8129529165739	2.06456442527283	1157.7942729916	0.139091219143474	47.1835465201068	2.03359532290371	0.291585733554297	0.149538179533899	19.5522904691446
B77	14.5704684047549	0.303590705569494	NA	NA	5.14122536595134	80.1478687938323	21.54693534644	2.19393485993921	1008.13072095573	0.106738884001132	40.5207638835866	NA	0.286767965189213	0.149538179533899	NA
B79	12.4721361464848	0.387892454082415	256.896453595702	NA	5.58505998736133	74.5528691997108	24.3897456264374	2.65197612862288	1004.22841051576	0.16335547050023	42.1864595427167	1.77490681091772	0.289176849371755	0.143047145193434	15.0142494526054
B84	12.1723743953034	0.345741579825955	291.947715419995	5.12755356633921	5.49041878132538	66.0387393825694	22.3756512583211	2.34428428401095	945.454075289552	0.151223344821852	48.8492421792368	1.91706896615326	NA	0.146292662363667	21.8213109774142
B97	15.4697536582992	0.257607933653355	227.730773557366	5.4871844809968	5.67970119339729	64.5791742710595	21.8126839088998	2.10302590584932	1048.55354853509	0.131003135357888	41.3536117131517	1.6653720355723	0.265088007546336	0.117083007831573	17.283269960875
C103	NA	0.230784650035608	269.541713472463	5.12755356633921	6.61305929430359	70.4174347170993	28.2920534646625	2.37575276811899	1199.41104252974	0.122915051572303	45.1014269461942	1.76791522951269	0.286767965189213	0.126819559342271	13.8797391984706
C123	12.9198773733962	0.262334318131561	288.919285964366	6.74509416934653	5.92632303329773	79.6796173166469	23.3545262648334	2.17170827413865	1084.93559185564	0.115790410420663	51.1300788128715	2.02085501415838	0.302429959978503	0.146501433225923	19.4321223985135
C49A	17.8678476677506	0.468362304935658	317.267371717011	10.1623863715455	4.28945451162775	76.4989560150574	15.2424003712429	2.20442435464189	757.013945441398	0.248280350248876	57.5941443896695	2.12215535403405	0.373487795760724	0.191729902746924	36.5699442811666
CH701-30	13.6711831512106	0.20396136641786	232.363483973046	NA	4.53747974123922	68.4713479017527	18.1306676421873	2.57155666923567	884.832502647914	0.10269484210834	39.2714921392391	1.96134898171843	0.351807838117846	0.146292662363667	19.5522904691446
CH9	14.8702301559363	0.284431217271103	353.017910585181	9.44312454223034	6.09742789590081	76.985477718894	24.3023283361545	2.6414866339202	1078.66129281933	0.122915051572303	71.7525574922748	2.11749429976403	0.286767965189213	0.159274731044597	NA
CI187-2	12.4286240753064	0.243696992833169	253.569992760438	5.33807928044381	5.31167780374949	71.0674082764348	21.7469678635619	2.31179010609413	996.041511389464	0.0932588208191462	37.790380826972	1.91177889825352	0.297614376568789	0.137716170531808	19.736060147421
CI21E	NA	NA	NA	NA	NA	NA	NA	NA	NA	NA	NA	NA	NA	NA	NA
CI28AGoodman-Buckler	NA	NA	NA	NA	NA	NA	NA	NA	NA	NA	NA	NA	NA	NA	NA
CI31A	11.1443679595322	0.2499094345993	222.485950337958	4.77647984835177	4.754562432934	65.92405915731	20.445784958858	2.31179010609413	944.561682582682	0.120418460427081	43.4989617689387	1.81757901977808	0.291267788687725	0.128106205558828	25.2094712502398
CI3A	14.5704684047549	0.276767421951746	259.89751757567	5.4871844809968	6.43683084168492	69.9309130132626	25.7114950555136	2.0610679270386	1149.75065828108	0.126959093465096	34.6908290766315	1.79355102799779	0.284359081006671	0.130065076512503	14.6360793678938
CI64	13.6711831512106	0.261439831313034	253.108702941373	5.4871844809968	6.6522211726633	65.7954785306511	26.0157072256978	2.01211695175943	1189.73692836189	0.131003135357888	39.2714921392391	1.74694048529761	0.274723544276504	0.130065076512503	13.1233990290474
CI66	13.7760481172457	0.324458735792866	269.96459871997	5.06029587307041	6.081346440829	72.9289715977955	26.1504564732881	2.09643963111807	1121.64330120295	0.1836895094405	44.707925253159	1.98135183931385	0.273870314513711	0.141696450739434	18.2158088201093
Ci7Goodman-Buckler	13.2847948191559	0.442495129349345	318.492880306861	9.26927530508809	6.26119617487851	76.2107573955597	25.7204148328849	2.12899483018701	1151.73634940181	0.222267108956836	67.760430772297	2.04852065733075	0.278574612925595	0.190570977883193	27.6420984070482
Ci90CGoodman-Buckler	14.5704684047549	0.414715737700163	279.826913326141	7.28533905428477	5.12817140649811	76.2556951631391	22.3546711086533	2.20092785640766	1013.97819465002	0.228060140784913	NA	2.06622270279383	0.34458118557022	0.169011282555295	NA
Ci91BGoodman-Buckler	NA	NA	NA	NA	NA	NA	NA	NA	NA	NA	NA	NA	NA	NA	NA
CM105	17.8678476677506	NA	322.13317448065	NA	4.29598149135437	79.6613470899956	16.2879111630254	1.75687258066089	818.37201626294	0.187619721856986	NA	2.24334276505451	0.284359081006671	NA	25.6030118245302
CM174	18.7671329212949	0.422379533019519	338.682731185719	8.72386271291515	4.63864792700179	78.9315645342406	17.5781903675999	1.77785157006625	860.876281515778	0.256368434034462	35.107252991414	2.22236802083943	0.298812386101923	0.198220937087389	NA
CM37	20.865465179565	0.456866611956623	340.634879599873	7.64496996894237	5.57853300763472	75.5259126073841	21.1098488950259	1.7044251071475	992.217429738037	0.211883973213742	NA	2.01495110582364	0.277132428459046	0.175502316895761	20.6868007232794
CM7	20.5657034283835	0.46453040727598	331.573414572978	8.36423179825756	6.09090091617419	75.7691734593024	23.4106719752698	1.75337608242667	1020.01467206133	0.215928015106535	NA	2.07088375706385	0.291585733554297	0.172256799725528	24.0903314856838
CML10	15.7695154094806	NA	234.461315104675	6.20644631031199	5.47736482187214	66.7685219383244	23.770831211235	2.21141735111034	1088.92330441856	0.171443554285815	43.8521552018467	1.77723733805273	0.284359081006671	0.123574042172038	15.392419537317
CML103	15.4697536582992	0.303590705569494	231.081476059273	5.4871844809968	6.01584064931809	64.8224351229778	22.4560751653813	1.79183756300316	1111.47124242008	0.155267386714645	70.0868618331448	1.77723733805273	0.286767965189213	0.139801628023201	24.0903314856838
CML108	14.2707066535734	0.249944138333999	227.555954296397	6.20644631031199	6.67506560170646	72.8500432362825	29.2781205025494	2.43519323810084	1269.85019411717	0.143135261036267	46.7671226053243	1.99397636160856	0.315674575379717	0.136556110852969	18.0396101302982
CML11	NA	NA	NA	NA	NA	NA	NA	NA	NA	NA	NA	NA	NA	NA	NA
CML14	15.06030423302	0.299608968728344	269.060036638893	6.18349473725449	6.63361733015914	71.6431343180143	29.2958779524228	2.48891184115395	1205.73259282836	0.136160140126614	51.1300788128715	1.91146160689659	0.277043608454244	0.151306415712413	20.0402791877156
CML154Q	13.7128801910807	0.324458735792866	272.113515422526	5.89967871253585	6.49373128617542	73.317623516052	27.6184213013166	2.87092859710415	1122.13067062893	0.161157919838983	83.4590283627053	1.8813918406808	0.269054731103998	0.142521153018297	21.5605305150273
CML157Q	NA	NA	NA	NA	NA	NA	NA	NA	NA	NA	NA	NA	NA	NA	NA
CML158Q	11.5728508929405	0.272935524292068	290.986209484665	7.28533905428477	9.60894298882104	67.984826197916	43.7963840692238	2.73938858447855	1596.57701638999	0.110782925893925	63.4240791966247	1.98232372593351	0.34458118557022	0.156029213874365	21.064970807991
CML218	14.8702301559363	NA	219.776497183275	5.12755356633921	5.38272361583619	67.984826197916	25.5051902504462	2.29533330873178	1184.78653752737	0.171443554285815	46.7671226053243	1.91473843901825	0.310856807014633	0.130065076512503	18.4177802150098
CML220	11.5728508929405	0.215457059396895	281.283740500883	5.4871844809968	6.16269769316698	62.6330874557129	23.9281823337441	2.29183681049755	1040.09665939262	0.10269484210834	50.9313617531494	1.92872160182831	0.298812386101923	0.146292662363667	22.5776511468374
CML228	NA	0.263355780142873	266.045328253082	5.4871844809968	6.49231016936117	66.0387393825694	26.3688730749437	2.06806092350705	1118.28153939744	0.159311428607437	55.0956009009745	1.85414473350802	0.274723544276504	0.136556110852969	19.174120384433
CML238	12.9198773733962	0.225059667534778	245.376956697956	6.18349473725449	5.68409895903012	78.3937800368657	23.0050349887766	2.47815917786529	1056.14216877895	0.10900050051868	46.1350704886507	1.85068749175115	0.353202663027022	0.151306415712413	17.6076520309073
CML247	NA	NA	NA	NA	NA	NA	NA	NA	NA	NA	NA	NA	NA	NA	NA
CML254	NA	0.299758807909816	245.970249785137	5.12755356633921	5.52631716982178	64.8224351229778	NA	2.21141735111034	1033.51782348899	0.195707805642571	54.2627530714094	1.82850893502292	0.277132428459046	0.139801628023201	21.4431408927026
CML258	12.9198773733962	0.287184085196083	248.501807523496	5.62189530516245	4.92835984731519	75.8221054773033	21.1231588869321	2.37600887662308	949.143101107002	0.136160140126614	61.833668079059	2.00262277961475	0.280216902394776	0.141696450739434	18.8239656093114
CML261	14.5704684047549	0.265271728972712	273.242054496307	5.8468153956544	6.9491987502244	67.7415653459977	29.3585444096096	2.08204691644396	1264.14413081261	0.155267386714645	47.1835465201068	1.85414473350802	0.272314660093962	0.136556110852969	15.7705896220286
CML264	NA	NA	NA	NA	NA	NA	NA	NA	NA	NA	NA	NA	NA	NA	NA
CML277	12.7718978976663	0.391724351742093	265.054685774257	5.4871844809968	6.24754842961301	70.1741738651809	26.6276282541809	2.25687182815529	1098.72102427815	0.187619721856986	59.2598400487996	1.94270476463836	0.274723544276504	0.139801628023201	NA
CML281	NA	NA	NA	NA	NA	NA	NA	NA	NA	NA	NA	NA	NA	NA	NA
CML287	14.5690509349302	0.200209900470256	231.36710531581	4.77647984835177	6.02866106358161	64.6382218775287	25.1182144802947	2.24727412636221	1139.15627896862	0.120418460427081	37.790380826972	1.73249525857447	0.291267788687725	0.118496240585849	16.6952762014106
CML311	15.4883896049447	0.324458735792866	294.79893949137	5.62189530516245	6.081346440829	81.9298325562641	23.2738744318973	2.10181596276239	1031.98276858441	0.149739959930582	56.1250871370924	1.99958407385748	0.302429959978503	0.160916380685392	18.8239656093114
CML314	13.970944902392	NA	268.25970555869	5.8468153956544	7.63126813165593	66.7685219383244	32.9951036783816	2.34778078224518	1339.64084382049	0.183575679964193	45.1014269461942	1.79122050086278	0.279541312641587	0.130065076512503	17.6614400455866
CML321	16.6688006630249	NA	280.934101978945	6.20644631031199	8.04246785443284	69.444391309426	32.9986003734896	2.24638233345261	1354.17153176043	0.159311428607437	46.7671226053243	2.12448588116906	0.289176849371755	0.143047145193434	19.9304605538562
CML322	12.0005387033817	0.305821410494474	248.101503815743	5.33807928044381	5.79612595228471	63.9953032376381	23.558945710195	2.27415578458384	1089.28846531275	0.127208370329064	53.4889784173803	1.80238549099173	0.281747906866127	0.128106205558828	18.5197465690169
CML323	11.5728508929405	0.261439831313034	244.688241871364	5.12755356633921	5.70254562244045	70.4174347170993	23.7393609867332	1.90722200473263	1008.31630069237	0.143135261036267	43.4357312870642	1.63041412854716	0.267496891728878	NA	15.0142494526054
CML328	NA	NA	NA	NA	NA	NA	NA	NA	NA	NA	NA	NA	NA	NA	NA
CML331	NA	NA	NA	NA	NA	NA	NA	NA	NA	NA	NA	NA	NA	NA	NA
CML332	12.4917920014715	0.274759201663822	265.565137689276	6.18349473725449	6.58032803382027	76.4650241171939	28.8388509044945	2.30611656524682	1209.898006655	0.142950050028598	38.2857716934465	1.97223572204203	0.277043608454244	0.146501433225923	16.9994952417052
CML333	10.3738038882148	0.326582091527563	228.167821709789	5.8468153956544	5.69275515285052	67.0117827902427	24.1309904506969	2.23589283874993	1042.52391908455	0.114826967786718	53.0134813270619	1.74694048529761	0.25786135499871	0.133310593682736	NA
CML341	12.4917920014715	0.336883619325127	256.272818129116	5.62189530516245	5.74223273685435	70.3572970382331	25.7471973086071	2.59106214239616	1147.31266390965	0.170109689636533	42.5672073999215	1.92057772416841	0.305603253919035	0.141696450739434	17.6076520309073
CML38	NA	NA	NA	NA	NA	NA	NA	NA	NA	NA	NA	NA	NA	NA	NA
CML45	NA	NA	NA	NA	NA	NA	NA	NA	NA	NA	NA	NA	NA	NA	NA
CML5	NA	NA	NA	NA	NA	NA	NA	NA	NA	NA	NA	NA	NA	NA	NA
CML52	13.6711831512106	0.37639676110338	285.741631655594	5.8468153956544	8.00983295579975	80.3911296457506	34.6175685860308	2.42820024163239	1442.85639000094	0.187619721856986	NA	1.9007552762082	0.277132428459046	0.143047145193434	18.4177802150098
CML61	12.0637066295467	0.324458735792866	263.838246443582	6.74509416934653	7.07930962681154	73.5718902376861	32.0111563386948	2.26848224373653	1311.32583333381	0.163319779734549	52.5572240483632	1.85372619750843	0.353202663027022	0.151306415712413	18.8239656093114
CML69	13.6711831512106	0.326582091527563	270.794584842741	NA	9.36091775920958	72.8500432362825	36.8484578375451	2.30931930166868	1607.20299710369	0.114826967786718	NA	NA	0.301221270284465	NA	NA
CML77	NA	NA	NA	NA	NA	NA	NA	NA	NA	NA	NA	NA	NA	NA	NA
CML91	13.7760481172457	0.430070245817084	284.807640141287	6.74509416934653	6.04259058894618	73.5718902376861	26.3386440834725	2.43514852471067	1161.05852953758	0.163319779734549	64.6879585500423	1.9752744277993	0.299256666037971	0.160916380685392	21.8647495553219
CML92	14.6322188610952	0.287184085196083	292.578650746907	5.62189530516245	5.94085647775379	71.0002156781237	22.8706152672163	2.19321360071595	1015.73765466049	0.136160140126614	48.989360959634	1.99046795658566	0.270697020573179	0.151306415712413	20.6484359769177
CMV3	18.1676094189321	0.418547635359841	302.669963426096	9.08349362757275	4.43304806561334	79.4180862380773	15.9906923760639	1.63799164069719	767.690601064733	0.207839931320949	43.4357312870642	2.04757848571376	0.339763417205136	0.217694040108785	18.0396101302982
CO106	13.970944902392	0.426211430679197	330.000041224257	NA	4.61906698782194	83.3102598687705	17.5117532266353	2.28134731579487	808.270589343575	0.171443554285815	NA	2.35753859466995	0.342172301387678	0.194975419917157	42.2424955518406
CO125	13.0716596488477	0.284431217271103	310.565966713198	NA	4.14586095764217	72.3635215324459	16.1130765824598	2.0610679270386	762.425888831252	0.106738884001132	NA	2.0056289972836	0.296403501919381	0.16252024821483	NA
CO255	16.9685624142063	0.44153902131791	358.116805696778	NA	4.41673061629679	78.445042830404	15.679486822657	1.63099864422874	795.857633269148	0.195707805642571	NA	2.15944378819419	0.279541312641587	0.159274731044597	NA
D940Y	16.069277160662	NA	250.107638961404	6.20644631031199	7.00141458803734	82.5804773130155	29.9599753667554	2.24288583521838	1303.64556527151	0.135047177250681	54.2627530714094	1.86113631491305	NA	NA	17.6614400455866
DE-2	13.0716596488477	0.253776035993677	286.003860547047	8.00460088359996	6.01257715945478	83.5535207206888	23.8722352679631	2.14848038289426	1090.23879768085	0.110782925893925	NA	1.98232372593351	0.313265691197175	0.143047145193434	NA
DE1	13.6711831512106	0.223120854716251	297.221429792561	6.92570813962718	6.28671030797272	77.9585211265673	26.9283437362505	2.35827027694786	1173.85342577351	0.106738884001132	NA	2.16410484246421	0.310856807014633	0.156029213874365	NA
DE811	13.0716596488477	0.295926910250138	276.884122433162	NA	5.45125690296567	76.7422168669757	22.1868299113103	2.23589283874993	994.822394011731	0.135047177250681	53.0134813270619	1.8751194777231	0.274723544276504	0.149538179533899	16.1487597067402
E2558W	13.3714214000291	0.384060556422737	275.951753041327	4.76792265168161	7.16458908120278	71.8769998286092	28.7501200622478	1.99113796235407	1226.42761732621	0.175487596178608	38.4386443096741	1.94969634604339	0.248225818268542	0.146292662363667	16.1487597067402
EP1	12.1723743953034	0.315086398548529	363.157427721385	9.08349362757274	4.51789880205937	77.715260274649	18.819515889616	2.36875977165054	772.839240363306	0.122915051572303	83.8288510209676	2.36686070320999	0.346990069752762	0.178747834065993	29.7628827563578
F2834T	NA	0.215457059396895	228.89623529716	4.04866082236643	4.74960658235429	67.255043642161	20.4874377882122	2.59952865510949	915.77261656272	0.106738884001132	48.8492421792368	1.77956786518774	0.325310112109885	0.146292662363667	NA
F44	20.2659416772021	0.315086398548529	273.853921909699	7.28533905428477	5.60790441640449	72.1202606805275	23.8092948189594	2.05407493057015	1089.70499913949	0.151223344821852	63.8405031114072	1.99630688874357	0.301221270284465	0.149538179533899	19.5522904691446
F6	14.6322188610952	0.25612187636543	298.869468856218	6.18349473725449	8.36309722042985	79.3581579967016	36.957802081361	2.55342782088587	1519.23205095625	0.122580320322647	46.8486431063965	2.08466783506109	0.286563490275841	0.160916380685392	19.4321223985135
F7	13.0716596488477	0.567991644087292	315.460906020331	11.6009100301759	5.17386026458443	80.3911296457506	18.5502706355449	1.72540409655286	879.014817582938	0.405997984067791	NA	2.3179196333748	0.301221270284465	0.181993351236226	31.2755630952042
GA209	14.2707066535734	0.345741579825955	258.061915335495	7.28533905428477	6.21817702084323	81.6074339053422	24.8792824520212	2.20442435464189	1069.87056558973	0.126959093465096	55.0956009009745	1.91240791188325	0.281950196824129	0.159274731044597	19.174120384433
GT112	12.9198773733962	0.343096061091257	276.831047244513	6.74509416934653	6.26543673727238	72.9289715977955	27.0645105798983	2.35987988169009	1153.45664930396	0.1836895094405	52.5572240483632	1.9327325471975	0.289736784216373	0.151306415712413	25.5136902905344
H105W	13.970944902392	0.299758807909816	252.933883680403	5.4871844809968	5.04005718018877	74.0663474958741	20.5958352281629	2.29533330873178	996.996621553523	0.155267386714645	NA	2.00096794301358	0.274723544276504	0.152783696704132	NA
H49	NA	NA	NA	NA	NA	NA	NA	NA	NA	NA	NA	NA	NA	NA	NA
H84	16.069277160662	0.422379533019519	315.256950215867	6.20644631031199	5.24892053144053	77.2287385708124	19.2006552752491	1.79883055947161	867.418480829326	0.195707805642571	NA	2.14079957111412	0.308447922832091	0.152783696704132	NA
H91	18.4673711701135	0.403220044721128	360.506002263355	NA	6.63590372334676	84.7698249802804	27.1696154574311	2.20442435464189	1142.5760497912	0.211883973213742	NA	2.46241231574535	0.373487795760724	0.207957488598087	NA
H95	NA	0.215457059396895	258.178461509475	4.76792265168161	6.10395487562743	65.7954785306511	23.5330561816657	2.18344536523653	1084.56320780168	0.10269484210834	52.5970574122794	1.73528784962257	0.308447922832091	0.130065076512503	15.392419537317
H99	12.7718978976663	0.272935524292068	258.965148183835	5.8468153956544	3.81298499158467	73.8230866439558	14.8053139198288	2.17645236876808	730.076122193682	0.139091219143474	NA	1.99630688874357	0.301221270284465	0.146292662363667	17.6614400455866
Hi27Goodman-Buckler	NA	NA	NA	NA	NA	NA	NA	NA	NA	NA	NA	NA	NA	NA	NA
HP301	13.3714214000291	0.372564863443702	240.550852695096	6.20644631031199	5.88530105478574	73.3365649401192	24.9597063590814	2.18344536523653	1168.77018450021	0.151223344821852	53.4299052418444	1.9520268731784	0.284359081006671	0.143047145193434	22.5776511468374
I137TN	15.9164749768695	0.262334318131561	290.317245544213	5.06029587307041	6.31872603361125	70.6787563581784	26.7150192984647	2.02117098809749	1130.91134696724	0.129370230224631	36.8586264579549	1.94184866446931	0.270697020573179	0.146501433225923	18.8239656093114
i1677a	NA	NA	NA	NA	NA	NA	NA	NA	NA	NA	NA	NA	NA	NA	NA
I205	15.4252216787797	0.212634784002517	238.480252589737	4.21488041625973	5.48607913722217	62.7094659578569	22.2093717057294	2.18813447827461	1054.2323425477	0.133998280231048	30.6546546495137	1.81150160826354	0.291267788687725	0.128106205558828	16.0871194122085
I29	12.0005387033817	0.305821410494474	316.35482447886	8.70767587299605	5.68470287812161	79.4253505950128	23.650351120856	2.21501613649625	1049.2499869343	0.140788190133032	74.8961569497553	2.16703018186436	0.313480846271452	0.166546065450745	28.2502551962503
IA2132Goodman-Buckler	16.2813924226292	0.423857804050954	344.026200868184	8.70767587299605	6.74564432341373	81.0326471947393	27.7205802897025	2.1666291516973	1078.23918446084	0.276586388172705	82.0318831272136	2.23692041428161	0.303960964449854	0.190570977883193	29.4665687746545
Ia5125	14.5690509349302	0.2499094345993	262.122216072443	5.33807928044381	6.55186506399964	73.6390828359973	26.2957312411631	2.18813447827461	1209.61946061361	0.127208370329064	47.0668248576678	1.88443054643807	0.291267788687725	0.137716170531808	14.8708058338043
IDS28	12.4286240753064	0.318246294026735	270.386624176833	7.58447700881197	4.85145206264104	76.8536760354503	18.8327483001341	2.05910251881076	880.271123552053	0.120418460427081	57.7704141238553	1.99382395369986	0.294441082628257	0.147326135504787	25.8176280394419
IDS69	NA	NA	NA	NA	NA	NA	NA	NA	NA	NA	NA	NA	NA	NA	NA
IDS91	15.8533070507044	0.355520944623518	320.055305719631	8.70767587299605	6.87160084203288	77.8180539952863	27.2904371807095	2.11824216689836	1189.91340847647	0.161157919838983	78.4640200384844	2.12448830126255	0.294441082628257	0.171351047937235	26.425784828644
Il101	NA	NA	NA	NA	NA	NA	NA	NA	NA	NA	NA	NA	NA	NA	NA
Il14H	16.069277160662	0.307422603229172	251.71014885362	NA	6.14964373371375	72.8500432362825	26.4003433029423	2.54008818512763	1113.16713990268	0.139091219143474	46.3506986905418	2.15012167965416	0.310856807014633	0.233921625959949	NA
ILLHy	15.7695154094806	0.487521793234049	279.069363195275	6.56607722496959	6.51515459840433	80.1478687938323	27.0122643384187	2.31631229813714	1245.45673069041	0.219972056999327	53.8463291566269	2.110502718359	0.284359081006671	0.16252024821483	26.737522078665
K148	NA	NA	NA	NA	NA	NA	NA	NA	NA	NA	NA	NA	NA	NA	NA
K4	12.1723743953034	0.276767421951746	259.693561771206	7.28533905428477	6.90024640227477	72.3635215324459	29.9739621262073	2.14498388466004	1309.58377444589	0.195707805642571	48.0163943496718	1.93338265609833	0.253043586633626	0.156029213874365	NA
K55	16.6688006630249	0.357237272804989	301.183999707859	NA	4.8670922174334	74.7961300516291	18.529290485877	1.98764146411984	874.295203026077	0.183575679964193	77.1660683844475	2.19207116808432	0.313265691197175	0.165765765385063	25.2248417398186
K64	11.5728508929405	0.276767421951746	253.196112571857	5.8468153956544	NA	68.2280870498343	NA	2.16246637583117	NA	0.135047177250681	47.5999704348893	1.87745000485811	0.267496891728878	0.146292662363667	20.3086306385678
Ki11	19.2779900261025	0.293396526962213	289.711359545306	7.02287757671993	6.74079984192838	75.2463794357238	27.3710890136457	2.18275814663028	1264.68102463457	0.188317559446917	42.7853891511928	2.00597877672895	0.300787670509322	0.142521153018297	17.3034329906127
Ki14	NA	NA	NA	NA	NA	NA	NA	NA	NA	NA	NA	NA	NA	NA	NA
Ki2021	NA	NA	NA	NA	NA	NA	NA	NA	NA	NA	NA	NA	NA	NA	NA
Ki21	NA	NA	NA	NA	NA	NA	NA	NA	NA	NA	NA	NA	NA	NA	NA
KI3	NA	NA	NA	NA	NA	NA	NA	NA	NA	NA	NA	NA	NA	NA	NA
Ki43	NA	NA	NA	NA	NA	NA	NA	NA	NA	NA	NA	NA	NA	NA	NA
Ki44	14.5690509349302	0.324458735792866	283.297192061302	7.02287757671993	6.70688847153091	77.8180539952863	27.2044085589109	2.17738181498596	1208.87333086191	0.195107469348901	47.0668248576678	1.97559171915623	0.297614376568789	0.152131117991276	26.425784828644
Ky21	NA	NA	NA	NA	NA	NA	NA	NA	NA	NA	NA	NA	NA	NA	NA
KY226	12.8567094472312	0.349308502857388	313.887836985012	7.58447700881197	6.77471121232584	87.1403742737001	26.7903958165051	2.15587648840865	1118.05220981592	0.154368009936999	87.7404640691803	2.12448830126255	0.294441082628257	0.185765995396703	29.4665687746545
KY228	17.6288164645685	0.492194663478389	317.988621933537	8.42989246562265	6.63361733015914	79.6796173166469	26.9300908637147	2.03729998303047	1209.32526225384	0.25837851836232	48.989360959634	2.09378395233291	0.334162899383827	0.18013631063135	22.472906344524
L317	NA	NA	301.97068638222	NA	6.03868507836125	72.3635215324459	25.0576137241981	2.10302590584932	1156.08296759729	0.151223344821852	43.4357312870642	1.849483679238	0.250634702451084	0.149538179533899	19.174120384433
L578	NA	NA	NA	NA	NA	NA	NA	NA	NA	NA	NA	NA	NA	NA	NA
M14	14.5704684047549	0.315086398548529	284.838398807254	7.64496996894237	6.39766896332522	72.6075122778502	24.9841832003605	2.18694186347076	1124.47791669253	0.10269484210834	77.9989162140125	1.9007552762082	0.281950196824129	0.149538179533899	21.064970807991
M162W	14.8702301559363	0.280599319611425	255.148260986011	NA	6.11048185535404	86.9591726475454	24.274354803264	2.09253641114664	1150.26083135781	0.114826967786718	41.3536117131517	1.90541633047822	0.265088007546336	0.143047145193434	17.283269960875
M37W	NA	0.345741579825955	231.198022233252	NA	6.06805648713103	74.3096083477925	23.9911227827477	2.06806092350705	1205.30987592974	0.155267386714645	NA	2.04990901284877	0.293994617736839	0.169011282555295	NA
MEF156-55-2	14.8702301559363	0.422379533019519	300.368176490004	NA	4.13280699818893	88.6619986109736	15.745923963272	1.93519399060645	717.515934962882	0.179531638071401	NA	2.32957226904984	0.286767965189213	0.214448522938553	NA
Mo17	12.7718978976663	0.299758807909816	274.116150801153	6.92570813962718	5.40883153474266	76.0124343112207	22.4036247912116	2.44917923103774	987.867605062299	0.122915051572303	57.177720474887	2.09185850127893	0.301221270284465	0.146292662363667	21.064970807991
Mo18W	NA	NA	NA	NA	NA	NA	NA	NA	NA	NA	NA	NA	NA	NA	NA
MO1W	13.6711831512106	0.284431217271103	249.029586852095	7.28533905428477	5.11185395718156	79.4180862380773	20.7322062010041	2.29533330873178	1040.11480648863	0.155267386714645	71.3361335774923	1.9799931987985	0.306039038649549	0.149538179533899	22.1994810621258
Mo24W	11.5728508929405	0.338077784506598	315.111267498393	8.72386271291515	7.93803617880695	84.2833032764438	35.1665491690069	2.36526327341631	1403.28681833247	0.191663763749779	77.58249229923	2.22702907510945	0.296403501919381	0.169011282555295	16.1487597067402
Mo44	15.1699919071177	0.288263114930781	269.833078907411	6.20644631031199	5.9081454838289	74.5528691997108	23.9771360163024	2.51211619925382	1117.8405307244	0.11887100967951	62.5912313670596	2.15711326105918	0.315674575379717	0.175502316895761	NA
Mo45	10.9733273905777	0.338077784506598	NA	NA	5.26197449089377	79.174825386159	20.3405767405371	2.0086204535252	924.050089133245	0.16335547050023	54.2627530714094	NA	0.25786135499871	0.143047145193434	NA
Mo46	12.7718978976663	0.349573477485633	308.788637560013	7.64496996894237	5.6470662947642	83.5535207206888	23.3092679185417	2.0470819341017	1005.72708672843	0.175487596178608	69.2540140035798	2.19440169521933	0.371078911578182	0.188484385576691	20.3086306385678
Mo47	15.1699919071177	0.449202816637267	269.10466532004	7.28533905428477	6.16596118303029	72.1202606805275	22.9386186077425	1.88624301532728	1088.22070364442	0.244236308356083	82.5795792766201	1.86113631491305	0.277132428459046	0.165765765385063	29.0065425869346
MoG	NA	NA	NA	NA	NA	NA	NA	NA	NA	NA	NA	NA	NA	NA	NA
Mp339	13.3714214000291	0.276767421951746	252.525972071476	7.28533905428477	5.8330852169728	82.3372164610972	25.9038130941358	2.35827027694786	1160.87003456765	0.11887100967951	55.0956009009745	1.97300161739348	0.301221270284465	0.165765765385063	NA
MS1334	13.3714214000291	0.280599319611425	346.724417190295	8.72386271291515	5.43493945364913	79.174825386159	20.9175308564037	2.11001890231777	962.112767036141	NA	63.0076552818421	2.26198698213458	0.34458118557022	0.169011282555295	NA
MS153	15.1699919071177	0.349573477485633	263.947497121453	7.28533905428477	5.0890095281384	74.0663474958741	19.5328409783238	2.06456442527283	955.452782797493	0.147179302929059	57.5941443896695	1.99164583447355	0.296403501919381	0.159274731044597	NA
Ms71	15.7695154094806	0.292095012590459	301.213136251354	6.20644631031199	6.96225270967763	75.5259126073841	27.9493776867539	2.16945937229962	1284.88009839663	0.143135261036267	47.5999704348893	2.03359532290371	0.315674575379717	0.149538179533899	17.283269960875
Mt42	17.8678476677506	0.633133904301822	380.639353818289	9.80275545688793	5.1640697949945	90.8513462782386	19.1202313681889	2.13099789172313	885.255706622978	0.236148224570498	163.365818744427	2.40647966450514	0.327718996292427	0.201466454257622	NA
N192	NA	0.387892454082415	289.529382309923	7.28533905428477	5.76128843998001	75.0393909035474	22.1903266029216	2.08204691644396	1026.81127311717	0.143135261036267	47.5999704348893	2.0056289972836	0.337354533022594	0.185238868406459	17.6614400455866
N28Ht	15.1699919071177	0.353405375145311	290.374342071274	7.64496996894237	5.48715529146207	78.9315645342406	21.7042864689491	1.95267648177758	1056.71426337464	0.195707805642571	43.8521552018467	2.06855322992884	0.303630154467007	0.159274731044597	NA
N6	14.8702301559363	0.322750193867885	281.662515566316	6.92570813962718	4.78224148098738	73.8230866439558	19.1062446017436	1.98764146411984	909.485846185577	0.131003135357888	61.7583835374946	2.06622270279383	0.284359081006671	0.204711971427855	NA
N7A	14.1409655630054	0.448707571115476	289.135729130075	5.89967871253585	5.26807747038133	72.3532455562161	19.7898167176436	1.94082322263556	912.950357052271	0.222267108956836	67.760430772297	2.07283030338893	0.323000728093049	0.156936100477766	27.6420984070482
NC222	13.3714214000291	0.33424588684692	273.970468083678	4.76792265168161	6.48251969977124	73.3365649401192	27.8549670167451	2.73239558801009	1270.10767744181	0.143135261036267	55.0956009009745	2.08952797414392	0.291585733554297	0.146292662363667	18.7959502997214
NC230	14.8702301559363	0.299758807909816	240.230350716653	4.76792265168161	5.80697729806633	66.2820002344877	24.7953618533497	2.4701582204431	1133.60898757199	0.159311428607437	45.9342747757592	1.86346684204806	0.267496891728878	0.126819559342271	16.5269297914518
NC232	13.2847948191559	0.299608968728344	283.21495914484	8.14607644090401	6.83284499015007	72.9961641961067	28.3980556863665	2.21501613649625	1236.2057350389	0.140788190133032	32.0817998850054	2.10625606671892	0.300787670509322	0.161741082964255	30.6828823530586
NC236	NA	0.315086398548529	263.277356621072	5.8468153956544	6.20838655125331	73.5798257920375	25.8688461780227	2.10652240408355	1204.53674115976	0.171443554285815	40.1043399688041	2.0056289972836	0.308447922832091	0.139801628023201	18.4177802150098
NC238	14.2041334891705	0.262334318131561	280.2848297359	6.74509416934653	6.78379625620506	79.6796173166469	27.3064660787068	2.27385857538086	1285.03165855312	0.122580320322647	52.5572240483632	1.96615831052749	0.292910078156906	0.151306415712413	20.6484359769177
NC250	14.8702301559363	0.37639676110338	316.393275412166	7.28533905428477	4.74960658235429	74.3096083477925	19.0258206946834	2.22889984228147	771.907575301697	0.183575679964193	66.7554705148847	2.04291743144375	0.301221270284465	0.169011282555295	22.5776511468374
NC258	13.3714214000291	0.226952752375929	250.399004396352	5.8468153956544	6.55757996662735	66.5252610864061	27.7885298726335	2.39323525929012	1175.67464093805	0.0905627164299617	43.0193073722817	1.94037423750335	0.272314660093962	0.139801628023201	16.5269297914518
NC260	13.7760481172457	0.268546759897691	330.652491068622	6.18349473725449	5.45156384773322	73.8933495576314	23.3276423205214	2.51041716773125	1008.29197744537	0.115790410420663	58.9793776080757	1.90538419538205	0.321469723621698	0.18013631063135	21.2565927661198
NC262	15.7695154094806	0.295926910250138	285.858177829573	8.00460088359996	5.56547904818148	71.1472172728542	21.6972930857265	2.14848038289426	927.855158530402	0.151223344821852	45.1014269461942	2.06855322992884	0.281950196824129	0.159274731044597	17.283269960875
NC264	17.2683241653878	0.292095012590459	268.026613210731	6.92570813962718	6.20838655125331	79.6613470899956	24.4352026173844	2.56106717453299	1119.46726380331	0.159311428607437	53.0134813270619	2.12681640830407	0.308447922832091	0.165765765385063	23.7121614009722
NC290A	NA	0.207793264077538	261.121252402454	NA	5.69275515285052	64.5791742710595	22.2043133693668	2.38624226282167	978.295183111764	0.11887100967951	49.6820900088018	NA	0.274723544276504	0.133310593682736	NA
NC294	16.069277160662	0.361069170464667	314.528536628496	5.8468153956544	5.58832347722464	72.8500432362825	22.4106181744343	1.95617298001181	871.227316604901	0.151223344821852	53.8463291566269	1.96601003598845	0.296403501919381	0.169011282555295	20.6868007232794
NC296	NA	0.272935524292068	224.700573033903	5.4871844809968	5.92772642300875	62.8763483076312	25.5296670917254	2.6414866339202	1115.1581844941	0.135047177250681	61.7583835374946	1.80054260940282	0.306039038649549	0.130065076512503	22.5776511468374
NC296A	NA	NA	NA	NA	NA	NA	NA	NA	NA	NA	NA	NA	NA	NA	NA
NC298	NA	0.315086398548529	298.532574249829	6.20644631031199	NA	74.3096083477925	30.5614063204046	2.24638233345261	1288.63072650573	0.199751847535364	43.8521552018467	1.96601003598845	0.325310112109885	0.152783696704132	17.283269960875
NC300	NA	NA	NA	NA	NA	NA	NA	NA	NA	NA	NA	NA	NA	NA	NA
NC302	14.2707066535734	0.368732965784024	295.997694965778	7.28533905428477	5.93751689259868	72.1202606805275	21.9805251062428	2.04358543586747	986.643874474209	0.159311428607437	33.441557332284	2.01728163295865	0.33253676465751	0.156029213874365	24.846671655107
NC304	12.0637066295467	0.343096061091257	262.193588114351	6.18349473725449	6.13463573716787	68.7500004385065	23.4351780977696	2.05342897796345	1061.55720675359	0.1836895094405	41.1400621644299	2.04820336597383	0.340509487264892	0.160916380685392	23.6892199229281
NC306	14.2707066535734	0.391724351742093	283.323298545522	7.64496996894237	5.6829646832606	75.5259126073841	22.4385917073248	1.74288658772399	985.79780892212	0.135047177250681	55.512024815757	2.0056289972836	0.272314660093962	0.16252024821483	19.174120384433
NC310	10.9733273905777	0.303590705569494	297.687614488478	NA	5.75476146025339	75.0393909035474	22.2672538183704	2.11701189878623	1026.38772674407	0.151223344821852	NA	2.32025016050981	0.313265691197175	0.175502316895761	NA
NC314	NA	NA	NA	NA	NA	NA	NA	NA	NA	NA	NA	NA	NA	NA	NA
NC318	13.7128801910807	0.262334318131561	255.132418173208	5.89967871253585	5.93177143387457	78.1395133152316	23.9998423969128	2.15050015676432	1125.81966524915	0.10004873072113	57.0568415061095	1.9239337212826	0.291267788687725	0.147326135504787	17.9115897798148
NC320	12.7718978976663	0.272935524292068	251.76842194061	5.4871844809968	NA	67.0117827902427	26.0017204557559	2.26736132285797	1166.69217080712	0.126959093465096	46.3506986905418	1.84016157069797	0.260270239181252	0.139801628023201	16.1487597067402
NC324	15.1699919071177	0.487521793234049	316.859460108084	NA	5.00089530182906	76.985477718894	20.9944580718526	1.99813095882252	803.911177522771	0.167399512393023	NA	2.108172191224	0.296403501919381	0.178747834065993	18.7959502997214
NC326	14.8702301559363	0.322750193867885	285.858177829573	6.20644631031199	5.89835501423897	77.4719994227307	23.9456657918006	2.06806092350705	1076.1665807139	0.143135261036267	45.1014269461942	1.98465425306852	0.267496891728878	0.16252024821483	17.6614400455866
NC328	16.6688006630249	0.403220044721128	322.191447567639	8.00460088359996	5.99952320000155	79.174825386159	23.7253742202879	1.89673251002996	1065.02871493327	0.171443554285815	NA	2.11516377262902	0.315674575379717	0.178747834065993	21.4431408927026
NC33	12.4917920014715	0.386583153454171	271.855955798587	6.18349473725449	6.42046014480365	79.0366986767563	27.5484215775154	2.0641816412521	1272.22301103618	0.129370230224631	81.1001287581965	2.08770654081837	0.277043608454244	0.170526345658371	25.5136902905344
NC336	17.5680859165692	0.295926910250138	240.929627760529	7.28533905428477	4.02837532256305	90.3648245744019	18.6237011593824	2.77085706858658	815.028499421112	0.171443554285815	68.0047422592323	1.97300161739348	0.281950196824129	0.159274731044597	22.1994810621258
NC338	13.3714214000291	0.288263114930781	285.712495112099	6.92570813962718	6.90350989213808	76.4989560150574	28.1277089589308	2.21141735111034	1315.17992798023	0.151223344821852	42.6028834574992	2.03825637717373	NA	0.146292662363667	NA
NC340	10.9733273905777	0.491353690893727	277.729082194513	5.8468153956544	5.92119944328214	68.9578696055893	24.3582754019355	2.49113720984846	1034.68163442042	0.171443554285815	65.0897748557547	1.86579736918307	0.272314660093962	0.143047145193434	24.4685015703954
NC342	14.2707066535734	0.249944138333999	257.071272856671	6.20644631031199	7.62474115192931	70.4174347170993	31.1418571243858	2.15547337936272	1345.69718031801	0.122915051572303	48.0163943496718	1.85414473350802	0.26990577591142	0.136556110852969	18.4177802150098
NC344	12.4721361464848	0.238448445354964	290.374342071274	NA	7.30818263518836	70.1741738651809	30.6313401491341	2.18344536523653	1204.22858292549	0.10269484210834	41.3536117131517	1.85880578777804	0.260270239181252	0.136556110852969	16.1487597067402
NC346	14.2707066535734	0.311254500888851	202.731619238793	6.20644631031199	5.54916159886494	76.7422168669757	23.3407381430435	2.55407417806454	1035.03156521533	0.135047177250681	75.5003727253174	1.85647526064303	0.308447922832091	0.149538179533899	27.1156921633766
NC348	10.3738038882148	0.265271728972712	279.360728630224	6.20644631031199	6.21165004111662	67.7415653459977	23.5680230977788	2.16246637583117	1045.86812072245	NA	53.0134813270619	1.89376369480317	0.286767965189213	0.14661721408069	18.7959502997214
NC350	13.7760481172457	0.299608968728344	294.716706574908	6.74509416934653	5.26262906980449	79.6796173166469	20.3704084461944	2.32762189182413	972.157012499218	0.136160140126614	52.5572240483632	2.03604854294474	0.32464301756223	0.151306415712413	18.2158088201093
NC352	11.872612644122	0.311254500888851	274.931974019008	8.00460088359996	6.98509713872079	78.2017819784857	29.5123988370107	2.41771074692971	1161.2994017074	0.187619721856986	56.7612965601045	2.10118060981897	0.318083459562259	0.169011282555295	21.064970807991
NC354	NA	NA	NA	NA	NA	NA	NA	NA	NA	NA	NA	NA	NA	NA	NA
NC356	16.069277160662	0.253776035993677	234.344768930695	5.8468153956544	5.83634870683611	71.6337389766909	23.5575330229449	2.27435431932642	1058.48069485308	0.139091219143474	43.0193073722817	1.95435740031341	0.310856807014633	0.146292662363667	19.9304605538562
NC358	12.7718978976663	0.318918296208207	256.663361247743	5.4871844809968	4.87361919716002	70.1741738651809	22.0644457049143	2.43519323810084	1013.95936275793	0.167399512393023	NA	1.89376369480317	0.334945648840052	0.130065076512503	17.283269960875
NC360	16.3690389118435	0.39938814706145	262.578079577196	8.00460088359996	4.81487637962046	74.5528691997108	20.8266168745096	2.81631154563153	956.531336617438	0.207839931320949	68.8375900887973	1.96367950885344	0.318083459562259	0.146292662363667	21.4431408927026
NC362	16.6688006630249	0.361069170464667	284.838398807254	8.72386271291515	6.52168157813095	72.1202606805275	27.2535360595993	2.31631229813714	1087.57151696423	0.228060140784913	NA	2.04757848571376	0.274723544276504	0.156029213874365	NA
NC364	20.865465179565	0.368732965784024	268.055749754226	8.36423179825756	6.24102144988639	71.1472172728542	25.2149648467072	2.03659243939902	1074.1145892717	0.199751847535364	NA	2.07787533846888	0.281950196824129	0.156029213874365	18.0396101302982
NC366	12.7718978976663	0.322750193867885	310.099782017281	6.92570813962718	7.79444262482137	74.3096083477925	33.3028125436739	2.53309518865918	1369.55958438771	0.11887100967951	53.0134813270619	2.12681640830407	0.313265691197175	0.172256799725528	24.846671655107
NC368	15.4697536582992	0.265271728972712	289.616791940408	7.28533905428477	5.51652670023185	81.1209122015056	21.1867761104748	1.82680254534543	1032.14412256023	0.139091219143474	37.1893725653266	2.0569005942538	0.286767965189213	0.159274731044597	19.9304605538562
ND246	14.8702301559363	0.364901068124346	372.859896705167	NA	4.2307116940882	71.3904781247726	14.6409694140971	1.95617298001181	718.631467770938	0.143135261036267	87.5766662540102	2.13147746257408	0.281950196824129	0.181993351236226	21.4431408927026
Oh40B	19.6664181748392	0.39938814706145	279.21504591275	8.00460088359996	6.98509713872079	78.9315645342406	26.4912572848364	2.13099789172313	1225.65448255623	NA	51.7642095827144	2.00096794301358	0.289176849371755	0.149538179533899	NA
Oh43	22.0645121842907	0.311254500888851	246.523844111539	6.92570813962718	6.22796749043316	70.1741738651809	24.6065405063388	2.17295587053385	1118.08192134124	0.122915051572303	57.177720474887	1.94503529177337	0.308447922832091	0.149538179533899	21.4431408927026
Oh43E	16.069277160662	0.261439831313034	255.585309138434	6.56607722496959	5.70907260216707	80.6343904976689	22.0994126210274	2.45267572927197	953.22890754018	0.110782925893925	37.6057964801091	2.08952797414392	0.346990069752762	0.201466454257622	19.9304605538562
Oh603	16.9685624142063	0.307422603229172	259.926654119165	NA	6.52494506799426	82.8237381649338	26.9248470481359	2.22540334404725	1266.67650670223	0.151223344821852	47.1835465201068	2.02194268722867	0.281950196824129	0.152783696704132	18.4177802150098
OH7B	13.3714214000291	0.338077784506598	281.691652109811	NA	6.65874815238992	78.9315645342406	25.4842101007783	2.05407493057015	1189.33529546323	0.135047177250681	55.0956009009745	2.18974064094931	0.35662560648293	0.191729902746924	NA
Os420	16.9685624142063	0.311254500888851	270.85285792973	6.56607722496959	7.7683347059149	76.2556951631391	32.7468385739784	2.61701114628062	1375.02768105581	0.139091219143474	53.0134813270619	2.12215535403405	0.351807838117846	0.169011282555295	27.4938622480882
P39Goodman-Buckler	11.1443679595322	0.50461954701065	327.538501117636	6.46127814462789	4.67705072916837	78.1395133152316	18.0208531819098	2.03222086058912	801.161584156405	0.229057018858819	167.660597256713	2.20349465095162	0.316654140211984	0.195375960369683	27.0339416178461
Pa762	19.9661799260207	0.288263114930781	260.596794619547	6.92570813962718	4.91604456538304	73.0933040882008	18.5537673271562	2.24638233345261	954.296162224867	0.131003135357888	43.0193073722817	2.03825637717373	0.303630154467007	0.149538179533899	22.955821231549
Pa875	19.6664181748392	0.315086398548529	245.649747806693	5.8468153956544	6.03215809863463	73.8230866439558	24.8128453114062	2.11701189878623	1132.8735165862	0.215928015106535	65.5061987705372	1.95668792744842	0.298812386101923	0.146292662363667	22.955821231549
Pa880	12.1723743953034	0.261439831313034	258.848602009856	6.20644631031199	5.31419032870671	74.7961300516291	19.6797020259989	2.07155742174128	962.962941364687	0.122915051572303	46.7671226053243	1.98232372593351	0.284359081006671	0.149538179533899	19.174120384433
Pa91	12.4721361464848	0.37639676110338	277.495989846554	NA	6.86108452391506	76.7422168669757	29.1067826135951	2.32330529460559	1251.32063949053	0.151223344821852	59.2598400487996	2.00329847014859	0.277132428459046	0.217694040108785	NA
R109B	NA	NA	NA	NA	NA	NA	NA	NA	NA	NA	NA	NA	NA	NA	NA
R168	13.6711831512106	0.280599319611425	317.617010238949	6.92570813962718	5.39904106515273	73.8230866439558	22.1763398364763	2.27785081756065	995.879376755276	0.110782925893925	50.0985139235843	2.10351113695398	0.33253676465751	0.159274731044597	23.3339913162606
R177	14.5704684047549	0.361069170464667	315.111267498393	NA	6.82518613541867	76.985477718894	26.5751778835079	2.18694186347076	1129.31154979607	0.199751847535364	58.4269922192345	2.20838485802938	0.301221270284465	0.178747834065993	NA
R229	11.5728508929405	0.345741579825955	318.607652717774	NA	6.53147204772088	87.2024334994637	24.4107257761052	2.21491384934457	1087.23014612026	0.191663763749779	62.1748074522771	2.02893426863369	0.318083459562259	0.175502316895761	19.9304605538562
R4	14.5690509349302	0.367945828155779	318.246181557476	9.26927530508809	6.26119617487851	86.8189149537548	25.408561078865	2.27415578458384	1190.63194236157	0.201897379250885	61.3382772125845	2.17918500489345	0.307134258390387	0.171351047937235	24.6013144610378
SA24	13.2847948191559	0.399008036986432	232.723948437426	5.89967871253585	6.60515436033852	69.7815709966536	27.5915373570046	2.39243508075904	1231.22025536513	0.181527649544934	56.3432688883637	1.87531442916625	0.28492120080666	0.142521153018297	22.7768440934315
SC213R	NA	NA	NA	NA	NA	NA	NA	NA	NA	NA	NA	NA	NA	NA	NA
SC357	20.2659416772021	0.303590705569494	328.805442940968	9.08349362757275	6.18554212221015	84.7698249802804	24.2673614200414	2.24987883168683	1148.13693632762	0.135047177250681	59.6762639635821	2.32724174191484	0.279541312641587	0.172256799725528	28.628372502223
SC55	10.3738038882148	0.364901068124346	237.782881063086	4.76792265168161	6.30302775728926	62.3898266037945	27.6171919871758	2.36875977165054	1163.02269103304	0.171443554285815	55.0956009009745	1.78422891945775	0.238590281538374	0.133310593682736	15.0142494526054
SD40	NA	NA	295.793739161314	NA	5.2391300618506	NA	20.3091065160352	2.11701189878623	923.487186758646	0.126959093465096	57.5941443896695	NA	0.308447922832091	0.139801628023201	17.283269960875
SD44	17.8678476677506	0.315086398548529	286.557454873449	6.20644631031199	4.93236201469958	72.3635215324459	18.2285750073041	1.8897395135615	942.171162900464	0.151223344821852	66.3390466001022	1.96134898171843	0.272314660093962	0.146292662363667	18.4177802150098
Sg1533	13.2847948191559	0.280971643429952	281.816999564993	5.89967871253585	5.88332661902105	72.3532455562161	23.9138137751142	2.39781141240337	1128.20332331145	0.147578100035015	37.0768082092262	2.06675289187438	0.288094494747192	0.156936100477766	27.0339416178461
Sg18	15.8533070507044	0.349308502857388	249.622812770282	6.46127814462789	5.15665439621823	73.317623516052	20.9350727453375	2.17200548334163	985.604025693347	0.161157919838983	64.1925676835678	1.94216595582623	0.281747906866127	0.137716170531808	20.9523737258252
T232	14.8702301559363	0.33424588684692	273.067235235338	6.92570813962718	5.77760588929655	79.4180862380773	24.6065405063388	2.26736132285797	1107.67849935229	0.11887100967951	46.7671226053243	2.03359532290371	0.274723544276504	0.159274731044597	25.2248417398186
T234	12.4721361464848	0.265271728972712	278.807134303822	6.56607722496959	6.78928774692227	70.9039564209359	28.6836829251296	2.27785081756065	1249.86921420712	0.126959093465096	NA	1.94037423750335	0.296403501919381	0.159274731044597	NA
T8	10.3738038882148	0.307422603229172	275.48556834541	NA	6.77297029760572	71.6337389766909	27.1486353042665	2.07155742174128	1154.11315168422	0.135047177250681	49.6820900088018	NA	0.260270239181252	0.139801628023201	15.0142494526054
Tx303	NA	NA	NA	NA	NA	NA	NA	NA	NA	NA	NA	NA	NA	NA	NA
Tx601	NA	0.330413989187242	264.47195490436	5.8468153956544	5.90161850410228	73.0933040882008	24.8792824485245	2.35827027694786	1111.01345624317	0.187619721856986	42.6028834574992	1.9799931987985	0.318083459562259	0.139801628023201	25.9811819092418
Tzi10	16.9685624142063	0.322750193867885	272.105729300009	5.4871844809968	7.0242590170805	76.4989560150574	29.6557631930745	2.42820024163239	1271.46117688633	0.151223344821852	52.1806334974969	1.96601003598845	0.315674575379717	0.146292662363667	19.9304605538562
Tzi11	13.970944902392	0.284431217271103	260.101473380134	10.5220172862031	5.83634870683611	70.1741738651809	23.4945925739413	2.52610219219073	1083.91333632541	0.135047177250681	48.8492421792368	2.0312647957687	0.293994617736839	0.152783696704132	NA
Tzi16	NA	NA	NA	NA	NA	NA	NA	NA	NA	NA	NA	NA	NA	NA	NA
Tzi18	11.872612644122	0.307422603229172	254.53639357262	5.4871844809968	6.63264023348345	71.3904781247726	26.8863834404114	2.36526327341631	1250.08081619465	0.139091219143474	41.7700356279342	1.88211105912813	0.255452470816168	0.133310593682736	17.6614400455866
Tzi25	16.069277160662	0.318918296208207	255.089987899022	5.4871844809968	6.52494506799426	66.7685219383244	28.5717887970642	2.43169673986661	1219.51562813154	0.151223344821852	47.1835465201068	1.74927101243262	0.291585733554297	0.126819559342271	20.6868007232794
Tzi8	16.069277160662	0.483689895574371	263.597858599515	6.20644631031199	7.56599833438975	76.985477718894	32.8622294041451	2.48764071161424	1354.19139084664	0.183575679964193	82.1631553618376	2.01961216009366	0.322901227927343	0.149538179533899	22.5776511468374
Tzi9	13.0716596488477	0.295926910250138	267.414745797339	6.56607722496959	7.45177618917395	69.9309130132626	30.0613794234835	2.32680179283982	1346.21933732608	0.135047177250681	39.6879160540216	1.83783104356296	0.260270239181252	0.143047145193434	15.392419537317
U267Y	NA	NA	NA	NA	NA	NA	NA	NA	NA	NA	NA	NA	NA	NA	NA
VA102	16.6688006630249	0.37639676110338	309.458778060394	9.08349362757274	7.5105190067135	81.3641730534239	32.5580172269675	2.48764071161424	1293.63590102635	0.199751847535364	55.512024815757	2.16410484246421	0.279541312641587	0.175502316895761	19.5522904691446
Va14	NA	NA	NA	NA	NA	NA	NA	NA	NA	NA	NA	NA	NA	NA	NA
Va17	NA	NA	NA	NA	NA	NA	NA	NA	NA	NA	NA	NA	NA	NA	NA
Va22	18.1676094189321	0.311254500888851	310.420283995724	NA	6.691383051023	85.9861292398721	30.1697768599375	2.31980879637136	1270.37817189189	0.135047177250681	NA	2.03825637717373	0.310856807014633	0.149538179533899	17.6614400455866
Va26	16.6688006630249	0.33424588684692	304.359882948797	6.92570813962718	6.16596118303029	74.7961300516291	23.5015859571639	2.25687182815529	1054.80642150647	0.183575679964193	38.0222203948916	2.04524795857875	0.281950196824129	0.156029213874365	16.9050998761634
Va35	13.970944902392	0.330413989187242	313.508757606177	9.08349362757275	6.30955473701588	75.5259126073841	26.2150186475427	2.37225626988476	1089.05820924556	0.171443554285815	43.8521552018467	2.04291743144375	0.281950196824129	0.178747834065993	20.3086306385678
Va59	14.8702301559363	0.361069170464667	338.741004272709	NA	6.1300627945339	90.6080854263202	26.1241046656485	2.72190609330741	1082.45574787731	0.203795889428157	NA	2.34588595899491	0.315674575379717	0.191729902746924	23.3339913162606
Va85	16.3690389118435	0.284431217271103	317.121688999537	6.92570813962718	5.61443139613111	84.7698249802804	22.1938232945329	2.44568273280352	1074.72576976967	0.131003135357888	52.5970574122794	2.04990901284877	0.262679123363794	0.159274731044597	17.6614400455866
Va99	13.3714214000291	0.322750193867885	280.759282717976	7.28533905428477	6.54452600717411	75.2826517554658	25.6870182142344	2.06806092350705	1209.29607388904	0.11887100967951	47.1835465201068	1.93338265609833	0.298812386101923	0.143047145193434	18.0396101302982
VaW6	14.2707066535734	0.284431217271103	266.569786035989	6.56607722496959	5.34682522733979	71.6337389766909	20.9664845389621	2.15547337936272	1056.87210887019	0.159311428607437	45.5178508609767	1.98465425306852	0.342172301387678	0.169011282555295	NA
W117Ht	14.9971363068549	0.479769779946128	309.529492412548	6.46127814462789	4.82238517372893	75.2463794357238	18.9134001330703	2.36017709089308	862.631637349667	0.17473773964295	104.152634277334	2.12448830126255	0.300787670509322	0.156936100477766	17.3034329906127
W153R	12.4721361464848	0.315086398548529	360.098090654427	6.92570813962718	3.93699760639041	92.3109113897485	14.3402539355242	2.10652240408355	679.183447405981	0.159311428607437	55.9284487305395	2.27130909067462	0.325310112109885	0.175502316895761	NA
W182B	15.7695154094806	0.384060556422737	229.828604688995	7.28533905428477	4.44610202506657	70.4174347170993	16.3648383784743	2.28834031226333	836.893695734709	0.171443554285815	107.565014163571	2.00795952441861	0.303630154467007	0.201466454257622	NA
W22	18.7671329212949	0.37639676110338	258.790328922866	8.00460088359996	5.12164442677149	80.6343904976689	22.0679423965256	2.5086197010196	1009.54482485299	0.159311428607437	98.4036880383555	1.9799931987985	0.306039038649549	0.169011282555295	NA
W64A	19.0668946724764	0.311254500888851	257.857959531031	6.56607722496959	4.62233047768525	78.9315645342406	18.2075948576362	2.31980879637136	905.215457854673	0.10269484210834	49.2656660940193	1.96367950885344	0.298812386101923	0.149538179533899	25.9811819092418
WD	NA	NA	NA	NA	NA	NA	NA	NA	NA	NA	NA	NA	NA	NA	NA
Wf9	15.7695154094806	0.284431217271103	266.744605296958	8.36423179825756	5.83634870683611	71.3904781247726	23.2078638618136	2.28134731579487	1122.36155441918	0.167399512393023	NA	2.02660374149868	0.296403501919381	0.143047145193434	NA
Yu796	13.3714214000291	0.39938814706145	326.882431070309	9.44312454223034	5.80371380820302	78.445042830404	22.7218237278411	2.32680179283982	1075.90567340888	0.195707805642571	62.5912313670596	2.20838485802938	0.284359081006671	0.181993351236226	24.846671655107
