ID	B	Ca	CHL	Cu	DW	Fe	FW	K	LA	Mg	Mn	N	P	S	Zn
33-16	0.820482577534657	1.28107130512843	NA	NA	1.33760137165084	1.31363686093365	1.37850737943148	1.09235055127953	1.23016042130707	1.11476394126634	NA	1.38371428375594	0.922731671133029	1.12639818088604	NA
38-11Goodman-Buckler	1.13038558989462	1.13415747267921	1.39862819924378	1.36868869719107	1.11411405730434	1.18379589852755	1.3841648499265	1.09112283173306	1.14695435680131	1.40743485457801	1.38233423897494	1.33870614107777	0.982692493684352	0.906351359419388	1.23951694791421
4226	1.33669850865506	1.0146165057016	1.58067304735525	2.31056455709525	1.22229274656659	1.36087827472664	1.2592770299037	1.09622720899984	1.170440171378	1.19904008046537	1.37667785564922	1.56730627091358	1.04258023550164	1.24866426645901	1.50497886408708
4722	NA	1.27555891205109	1.64711308590541	2.10316551310532	NA	1.4186178397463	NA	1.1340921572848	0.984850820658466	1.46911384765148	1.23701288007333	1.67041725469144	1.12094653910251	1.30550310857717	NA
A188	1.21179190013733	1.03643127476529	1.23713016439304	1.35053299859839	NA	1.08007886252398	NA	1.01552052430706	NA	1.26090272603904	NA	1.25172223529412	1.0359905960599	0.857733054473498	1.13042937836054
A214NGoodman-Buckler	1.16674616646244	1.24665229704965	1.40413369853767	1.73756337977291	0.873650353142879	1.37459870067006	NA	0.970644135309763	1.0325294305208	1.23267809376871	1.17446772561018	1.46320239690872	1.00340444576113	1.14294798220418	1.36933805834702
A239	NA	1.29922740553687	1.44947736488022	1.90051268718246	1.27630037996603	1.41523144655136	1.39491767982629	1.0848656984391	1.12562112107639	1.24941642664728	1.44192476347113	1.46316948734707	1.1072846445567	1.3137952317851	NA
A441-5	1.62580655998779	1.30108821830218	1.51229264558642	1.63372468575051	1.99833777832343	1.36148870458078	2.26811450017458	1.19280796231419	1.57662088066962	1.14783966721505	1.55314773884613	1.42162875024395	1.11036050645596	1.29827526073702	1.49605621416483
A554	1.48367959061068	1.09317054208908	1.18620988548129	NA	1.01927202539267	1.22730190633243	0.974535210056583	1.10249324504396	1.04272854930427	1.38718402888311	NA	1.29005195509279	1.04778709844537	NA	NA
A556	2.43683808039273	1.24855434917786	1.39648273547213	NA	1.21007229515564	NA	1.14772331622961	1.07841642249909	1.15471277747226	1.05126358762586	NA	NA	0.974459339923069	NA	NA
A6	NA	NA	NA	NA	NA	NA	NA	NA	NA	NA	NA	NA	NA	NA	NA
A619	1.34581685455176	1.08624338806716	1.19450164067603	1.1546300016681	0.979809386635849	1.09946086604278	0.982870647731666	0.971776743214912	1.0127663726795	1.30561243947349	1.05317260723363	1.22802025091407	0.909762907250505	1.08229082701725	NA
A632	1.19025367926197	1.18893583887744	1.20198366707985	1.45106279111173	1.10811275265612	1.36087016692488	1.19864246053498	1.1865989786742	1.15617234022903	1.22286060967298	1.42849331910415	1.34130358187876	1.00933314993504	0.999122094936766	1.17709905144077
A634	1.28528914856125	1.31831872112972	1.63365105875373	2.02406396843409	1.25789733903178	1.38165425410646	1.21103475079097	0.986435718583361	1.17950944583554	1.30676340104488	1.25329233251247	1.47264677776123	0.992820607337066	1.12999606605135	NA
A635	1.1851440968028	1.25125460759688	1.38788298435914	2.04874734172443	NA	1.47206125685104	0.852668746697077	1.17170990322056	0.939517789180079	1.41113855658878	1.41565549755363	1.54352001801638	1.17113822364433	1.38532649593354	NA
A641	1.34481058878501	1.13982999956759	1.18298477181761	1.11652029940052	1.13872280498979	1.22995656562128	1.17149121779892	1.23879971751976	1.16509062108956	1.19912318338138	1.26569890525945	1.32237692037452	1.03505063698462	0.921137326213424	1.04621325948059
A654	1.34785098026144	0.939276030329126	1.08367866984068	1.62368764529662	0.803986585987301	1.31082183283969	0.823002419442306	1.12704999976454	0.877097847696063	1.33479378594585	1.2310995565419	1.34605897646915	1.15010880279961	1.13634269973058	1.33520465663188
A659	1.07087031279829	1.10259496219792	1.06497284487344	1.38261699883979	NA	1.24772821870825	NA	1.24549986546189	NA	1.54054083959661	NA	1.32870707162425	1.01026553529337	1.02620507543171	1.06052448130358
A661	1.21228363402225	1.2293240520251	1.19657766194407	1.51164647846144	1.37711554662702	1.28759684817732	1.34844675107828	1.07541944046757	1.30567684073624	1.28792381964578	1.11478943765879	1.34755536256437	0.982314970411124	1.14685675847422	1.19146753032516
A679	1.16922699953882	1.15757442632772	1.43207147203928	2.33638939752422	1.2261210040585	1.34182899546302	1.28769968860774	1.15369896508306	1.15669934687547	1.53447591186781	1.19324272151575	1.54799554670705	1.12970712816026	1.26051795599392	1.43182100218751
A680	0.93826834919179	1.08924744778214	1.31396545669098	NA	1.07716528501074	1.21356635984183	1.147067974683	1.0381590887788	1.15007539005509	1.34704206093823	0.971564153435975	1.37673621209136	1.01266291855072	1.13332279795945	NA
A682	1.63429766104661	1.0557542183969	1.46850049945679	1.67550393378938	1.13269128066326	1.37386431298423	1.19778045063854	1.01607852564622	1.12968507269743	1.2167774675957	1.24174317892921	1.42594020665104	1.07349498217615	1.27024836410985	1.29524817450307
Ab28A	NA	NA	NA	NA	NA	NA	NA	NA	NA	NA	NA	NA	NA	NA	NA
B10	1.59925413685327	1.08029522511585	1.62743635286001	1.48144525708005	1.32787204260432	1.27850748941767	1.29319448748799	0.956382959442821	1.15151049677702	1.06906983345082	0.826623058545798	1.41037184772998	0.985650956474733	1.15261544067974	1.13647971338595
B103	1.19349990992191	0.972690578767667	1.31129223818834	1.5656630265762	NA	1.19746141708912	NA	1.15210272346329	0.984683752390535	1.11542054783526	NA	1.33455139658048	1.01504626269318	1.07211267080074	NA
B104	1.0621034326615	1.22420581825467	1.52957096621972	1.90051268718246	1.4333555039641	1.43922608299526	1.51615999807601	1.20206116564795	1.2815263165252	1.02756349373706	NA	1.42498836584715	1.02682102659364	1.15700042589151	1.21563879574915
B105	1.06511761491707	1.22210476649381	1.53802776433801	1.79486349750515	1.39109805838634	1.34809023505553	1.38873648027023	1.06125845049412	1.30167013458402	1.24535747321745	1.15975194311176	1.45973555935089	0.905296670518176	1.27260653973465	1.2466215815973
B109	1.33716111000707	1.23521367150051	1.41366993878952	1.64239521678406	1.22666257533137	1.26911814110903	1.24243664889995	1.06857449142544	1.13857400655433	1.50370168501324	1.59556781949088	1.32060340163547	0.978017345878572	0.996975954377427	1.13668762844849
B14A	1.4115989005099	1.3222475666983	1.37694083097495	1.73756337977291	NA	1.35176204007959	1.25211462963708	1.1150077282131	1.19082838692536	1.32489154291084	1.25313873697003	1.44321871070691	0.976671761288428	1.05681013901106	NA
B164	1.18844746982468	1.32911282808591	1.56906767789061	1.84443891205116	1.23767170161717	1.37182133351118	1.23413152198162	1.11344735876438	1.20318201805851	1.3345546389856	1.06345673958543	1.52394159782696	1.2098467039866	1.42961422241055	1.78505765549298
B2	NA	NA	NA	NA	NA	NA	NA	NA	NA	NA	NA	NA	NA	NA	NA
B37	1.03748650851366	1.23067010496414	1.67878150876037	1.96608807666957	1.23721159801597	1.46318160365361	1.31797585720329	1.13738052248979	1.1919246802552	1.31563622308524	1.56049456369796	1.50613894321436	1.09152994700144	1.1925973861586	1.31787842504743
B46	1.37347219687357	1.30093435855996	1.45231886062697	1.86520629985691	1.40001984484479	1.36437355323257	1.5204060112914	1.13395779667593	1.50918133278895	1.57858216464865	1.52360500463261	1.42741100919157	0.986164369126999	1.32100534327594	NA
B52	1.20491126456582	1.11975782368328	1.29442271357996	1.89509606259602	1.24435304395893	1.3181306458004	1.45330768688229	1.15797706417155	1.225015704528	1.49225837375316	1.10314138373501	1.49906575116641	1.04346311991014	1.20973166563426	1.27267193100468
B57	NA	1.21693131823468	1.39879231825067	NA	1.21253611293635	1.24901158106163	1.19343731696113	1.05845777104852	1.14786829380962	1.45216705194976	1.18034561860024	1.41672733383218	0.930278527729779	1.24691471959392	NA
B64	1.42072986250443	1.21190793100532	1.31887858426297	1.41866683588677	1.1429972275495	1.29621856924955	1.16731339142562	0.975112313160615	1.05589738914341	1.24848150594921	1.32605535459041	1.38557349856495	1.00156664810272	1.0222472870048	1.32744853245249
B68	1.46674131976732	1.28567790594683	1.328215847111	1.84443891205116	1.12918014309992	1.33924212243888	1.05013517705344	0.92939823988622	1.2423481491375	1.61145299732176	1.19693230225268	1.45781162728611	1.09206464553633	1.14982805370158	1.9235411546682
B73	1.11601100209158	1.19541613380915	1.32637989444959	1.71115846946472	1.03397982997854	1.33439119222902	1.12189312151699	1.01022742197285	1.05512461590225	1.60095296270069	1.20276942819857	1.44914172824589	0.965323759433241	1.1027177343801	NA
B73Htrhm	1.39532051078724	1.237719746605	1.23136597282841	NA	1.38271241521903	1.30688040558589	1.45229973430613	1.03756029504274	1.31797912126808	1.4779343684815	1.63427169578002	NA	0.963654379271104	NA	0.97649902158527
B75	NA	1.06332281486392	1.09794620521491	1.31757661046234	1.20018961641541	1.08628464534678	NA	0.859183908198937	1.10602290506844	1.41603598932938	0.896138550825379	1.25859248549152	1.02586336729666	1.06150763781733	NA
B76	1.15137924947739	1.0902485008008	1.20528023569656	1.37042565397847	1.0358450071068	1.20422476509145	1.11052295480752	1.03497657037301	1.00955224382951	1.34032867957051	1.14340610180512	1.28654909906346	0.929017078429244	1.12828786995543	1.11716494064599
B77	1.21186452223031	1.05583246496907	NA	NA	1.61221246064055	1.30553425874135	1.6084321932918	0.98733154637021	1.37873426475501	1.52296517807826	1.26468183282161	NA	1.10123811527591	1.27024836410985	NA
B79	1.24074705120278	1.29343762898577	1.37251874058863	NA	1.10492112009445	1.24434822172921	1.07720967053425	1.04428250357652	1.10424721686818	1.12676758078411	1.30479669223564	1.54631548836507	0.95728247556082	1.19889754959092	1.407755449844
B84	1.36095879086395	1.21719102346131	1.46053231001906	1.61766873618232	NA	1.39515153351311	1.34255779912962	1.00040649652266	1.22105217642964	1.43046508984664	1.22015009709231	1.42097077054298	NA	1.17229988898594	1.07890690585671
B97	1.11790117560884	1.33220914346248	1.76823667030943	1.90051268718246	1.39957818012421	1.39059095539131	1.46034776256338	1.04345810864049	1.29098056360833	1.6786141981045	1.36782017575547	1.61115057566161	1.02326751567773	1.48727676395767	1.43182100218751
C103	NA	1.61321326231634	1.41694405665908	1.82573878343503	1.28817433994574	1.55514537782755	1.33923536195609	1.05592770586473	1.15196011035221	1.17674413571145	1.31311853536809	1.54506360882272	1.03328093735458	1.43544681441625	1.63842458261027
C123	1.25406159359762	1.12321924754312	1.36887995517532	1.38790848210101	1.17375631012349	1.30788781610541	1.19124569132446	1.07411713891712	1.00923651716114	1.31105486644168	NA	1.34707255953559	1.1362621948856	1.22460759160684	1.78955048093133
C49A	1.5786452994084	1.15410151883186	1.33580827152259	1.48111423128186	1.13988363853068	1.32071857552494	1.12324384191508	0.91564282427199	1.06256138026983	NA	NA	1.36167929413603	0.897720779486415	1.1007064945616	NA
CH701-30	1.1851440968028	2.09502439997743	1.97893112969978	NA	1.66418481816709	1.6333865831316	1.76312833666572	0.960864969993377	1.42625401420845	1.65273751764975	2.18519000806585	1.5776714365721	0.960955698455818	1.44257644741324	1.1425657436685
CH9	1.01619060744059	1.11557964733656	1.18663829062492	1.17966504431736	0.891713576856334	1.21053373662017	0.929192234865826	1.01512352571074	0.975342330692212	1.52664505586177	0.984217970219822	1.32513540686417	0.984740095982194	1.07674877693163	NA
CI187-2	1.30384626988895	1.49338636125815	1.62292324280817	2.41349952843703	1.08186209878352	1.50501685062848	1.08955773564856	1.02347995300348	1.02873678629396	1.63762502911063	1.47079151210246	1.51095653576266	1.0196331775121	1.37722914534877	1.45166018177279
CI21E	NA	NA	NA	NA	NA	NA	NA	NA	NA	NA	NA	NA	NA	NA	NA
CI28AGoodman-Buckler	NA	NA	NA	NA	NA	NA	NA	NA	NA	NA	NA	NA	NA	NA	NA
CI31A	1.19756670087994	1.74331680429599	1.83222726292697	2.00399251455798	1.46264045573219	1.5327124155978	1.61776525315249	1.23751829815159	1.26568947800629	1.77854427022704	1.79885677207346	1.53644180549819	0.935884042575278	1.45260107401566	0.923922273977878
CI3A	1.18689772494536	1.46208435518241	1.56540747426825	2.03013475675614	1.11129593308458	1.39628221124851	1.21059828757403	1.12567902207568	1.05422507417609	1.81677215175404	1.98094766991308	1.59663491296285	1.01266291855072	1.44016109315175	2.23892752605564
CI64	0.919053059191288	1.30030836152927	1.32738063700214	NA	1.03524613045957	1.32301788700362	1.07511042631001	1.03907091455623	1.04854949740978	1.62389783638285	1.67250110200941	NA	0.886039931310163	1.2172294848435	NA
CI66	0.943690527352855	1.19479924586425	1.41402853731329	1.77822026632649	1.25309210757238	1.33388029892561	1.42026926057975	1.21592765064357	1.18806049848822	1.1669594853232	1.85073902449433	1.3746980319766	1.07363439334115	1.21599112203286	1.34621328059146
Ci7Goodman-Buckler	0.961576442138123	1.00619485781024	1.35160865990694	1.33036809885905	1.39175082762684	1.35052688434675	1.24521014128828	1.06616390292508	1.31597228129655	0.963568401223676	1.10957594145348	1.38331615450653	1.03392473914521	1.0140381187532	1.27877876573577
Ci90CGoodman-Buckler	1.01213014395072	1.24098420464395	1.43617359458056	NA	1.29592137298167	1.32771048638776	1.42440212180313	1.13123696387092	1.22783765709512	1.45140642925532	NA	1.36522152418785	0.916474336763004	1.04591125209719	NA
Ci91BGoodman-Buckler	NA	NA	NA	NA	NA	NA	NA	NA	NA	NA	NA	NA	NA	NA	NA
CM105	NA	NA	1.36206567679065	NA	1.15599991694368	1.28424837565185	1.10150582576224	1.02191855526673	1.08212529325054	1.28668652443002	NA	1.29641414869525	1.03224373624031	NA	1.31122769484227
CM174	1.2316267377686	1.04229724377091	1.27729638009987	1.35845605669827	1.17214311675334	1.37397350820339	1.17140095622077	1.09999317586729	1.11419629601457	1.27716170812833	1.65446883665177	1.34632500423461	1.08480037497934	1.06466225140568	NA
CM37	1.21237509278962	1.14065278171238	1.31144428193485	1.68972206633665	1.06105275822686	1.30126162209105	1.09162112164768	1.05889475221195	0.964949149607219	1.13933944209725	NA	1.40365402318203	1.14957245147997	1.08232547173563	1.23502935343173
CM7	1.33617787326923	1.0800470502069	1.28691706916608	1.41686462379397	0.875884482531805	1.26352499846641	0.859808162577043	1.0759242080264	0.855719257376648	1.134599302366	NA	1.42504173533906	1.07349498217615	1.08741520259042	1.26035415378985
CML10	1.37347219687357	NA	1.54384118215593	1.79486349750515	1.20463790988504	1.39577027172515	1.13282967452824	0.976684487934757	1.05501818555906	1.44989867835569	1.73169566352147	1.56208545514435	1.02245332739552	1.43048490644874	1.60771013656836
CML103	1.21196290122995	NA	1.64076235878303	2.03013475675614	1.16175282507103	1.63380397018016	1.27525643726352	1.18960486762342	1.11607135114612	1.55478734419843	1.58215491863881	1.5578977653939	0.975031927707718	1.35871542134957	1.32695823566911
CML108	1.00789909722685	1.46366451607259	1.58242265861435	1.90946373296961	NA	1.60210942162963	NA	0.941125556872648	1.15982311854483	1.61145299732176	1.41256288806177	1.44268039099734	1.07095019101272	1.33309839688934	1.34955357338214
CML11	NA	NA	NA	NA	NA	NA	NA	NA	NA	NA	NA	NA	NA	NA	NA
CML14	1.09101351885562	1.62910885821743	1.75607479997411	2.16925064716612	1.35423503728989	1.53420365524233	1.16217767209613	0.860358877665257	1.11027368004495	1.49225837375316	2.75651457672053	1.63424885080691	1.11704037915292	1.44630537882079	1.69157672824465
CML154Q	0.973254617900757	1.13640419608312	1.57788137140857	2.37085099528367	1.34722714003095	1.35614646369826	1.29575864396083	0.816168984872251	1.24144568095215	1.22495626549702	1.01096933416295	1.49040414830304	1.05616840752968	1.2805656975003	1.20455395631807
CML157Q	NA	NA	NA	NA	NA	NA	NA	NA	NA	NA	NA	NA	NA	NA	NA
CML158Q	1.27429363951538	1.36407621962056	1.27192697108468	1.38261699883979	0.992560629893282	1.32716384653803	0.993028511110177	0.939846931278719	1.08315962678131	1.79088678678868	1.08351146594751	1.37701063617745	0.819522148598265	1.11603995609685	1.30806965679981
CML218	1.48947108575611	NA	1.80491160000378	2.50833972448204	1.27363081505517	1.64444358510783	1.03693942046482	0.898985066375123	0.990202918218024	1.44580841659734	1.41557111198841	1.50490105432625	0.995535212503979	1.4623386347791	1.54965521960258
CML220	1.02282375754867	1.29252077631768	1.48827299833146	1.70607958282195	1.20990417358708	1.46086310838429	1.26485932624519	1.04249383704687	1.21126860413289	1.51313917378454	NA	1.46737344216386	1.00094868033262	1.20833676344291	1.09606392425475
CML228	NA	1.52425768477042	1.54279717222333	1.83570165239563	NA	1.44328098741771	NA	1.08692836062486	1.18318013766594	1.51531983575109	NA	1.59162104744019	1.09884959438974	1.3137952317851	1.47890519993367
CML238	1.00622674170046	1.59499050259176	1.63695831071322	1.8122333395557	1.57337512853072	1.26490355702572	1.77232479966381	1.1506540363225	1.40955824209257	1.81283622804259	1.30217794699556	1.49522476185985	0.919871903279812	1.18607429431561	1.31662918742415
CML247	NA	NA	NA	NA	NA	NA	NA	NA	NA	NA	NA	NA	NA	NA	NA
CML254	NA	1.45787134726874	1.45630767458395	1.75638210101746	NA	1.55208307480906	NA	1.09745462454771	1.21108332156633	1.48989393376373	1.70049916724469	1.50098577018565	1.0089325289645	1.28329526520231	1.35982707440032
CML258	1.31601665084412	1.53306054656382	1.52808082803383	2.09143684474209	1.77846968111726	1.24752367410744	1.82356210694201	0.89352824344681	1.55873927918117	2.025591327997	1.10037176796913	1.34639880762517	1.03554963809831	1.24125295492086	1.33830308955237
CML261	0.987163346665776	NA	1.22776900817092	1.23619308895917	NA	1.31628983623179	NA	1.00115329298096	1.03461321336689	1.37012487018936	1.16660906032175	1.41600898102726	0.934771550159474	1.19797624115965	1.21306488452636
CML264	NA	NA	NA	NA	NA	NA	NA	NA	NA	NA	NA	NA	NA	NA	NA
CML277	NA	1.05779243404717	1.44500363280668	1.64126854803511	1.07249668053786	1.39144195761219	1.07335731380601	0.977896731239499	1.10436192232028	1.26758401518961	1.12759800744076	1.39072671228442	1.0177792465499	1.22673014809186	NA
CML281	NA	NA	NA	NA	NA	NA	NA	NA	NA	NA	NA	NA	NA	NA	NA
CML287	1.48664391866201	1.98884682939196	1.65060061946311	2.03438595430041	1.2489170662933	1.46799627886751	1.3334824231753	1.03240672836653	1.17712425653766	1.85592582470979	1.9391011718468	1.56161620423899	1.03643405457786	1.46953891651958	1.48224854850659
CML311	1.02394230045001	1.20953918936577	1.5534364135131	1.89509606259602	1.68243112954395	1.26281725373757	1.88044271323543	1.07548842543361	1.44931879091231	1.39423145586813	1.31052852041489	1.4307566605325	0.959489965493389	1.15973074689761	1.23155497980899
CML314	1.10763919363114	NA	1.14997424922214	1.47949141819597	NA	1.38942315211297	NA	1.06449336197037	1.07386989299454	1.17836804733445	1.70899804946118	1.41485358217408	0.910606001459098	1.19696297499729	1.62828369992237
CML321	1.43031637615217	NA	1.34653009776168	1.50836290884397	NA	1.32978258830048	NA	1.01463335466894	1.06537289229939	1.38033865448427	1.16887381412175	1.26910211323344	0.976537071271606	1.16204305451905	1.2215182006446
CML322	1.15977311924484	1.33076456493378	1.45845635372833	1.79315992872218	0.994415231745537	1.44026334355317	1.02145797152055	1.05451964898608	0.982548160046098	1.42013645794686	1.32545179214285	1.48724689324463	1.00858639927167	1.36877581253543	1.90867236501219
CML323	NA	1.52305340683295	1.62829960775282	2.31123556035803	1.78517992504554	1.47991759567859	1.8853789985602	1.05997486098724	1.55490232832766	1.31098133622229	1.48591835081639	1.62287143772326	1.04527540524342	NA	1.407755449844
CML328	NA	NA	NA	NA	NA	NA	NA	NA	NA	NA	NA	NA	NA	NA	NA
CML331	NA	NA	NA	NA	NA	NA	NA	NA	NA	NA	NA	NA	NA	NA	NA
CML332	1.04070946034568	1.37610694630596	1.3922815785449	1.7229790126531	1.53824813692774	1.30735805580324	1.64467437314301	1.13318694114733	1.1793318211062	1.42137837121915	1.77716210630325	1.36018890482214	1.00563330834087	1.17610880882652	1.36373158474882
CML333	1.10597896668298	NA	1.46666344698784	1.54031600050517	NA	1.37805529972926	NA	0.933671832441619	1.17124753672429	1.29084287825267	1.22462883909346	1.46988755332612	0.987166134097358	1.24691471959392	NA
CML341	1.26957103356227	1.47724793749844	1.45599019086645	1.79692567152299	1.46931190063954	1.41320715954241	1.63580794011821	0.886559771529856	1.37892864083305	1.55565913678488	2.07333795427978	1.50984756315147	0.92427797811506	1.24125295492086	1.20250705784428
CML38	NA	NA	NA	NA	NA	NA	NA	NA	NA	NA	NA	NA	NA	NA	NA
CML45	NA	NA	NA	NA	NA	NA	NA	NA	NA	NA	NA	NA	NA	NA	NA
CML5	NA	NA	NA	NA	NA	NA	NA	NA	NA	NA	NA	NA	NA	NA	NA
CML52	0.839225747907834	0.877389751920409	1.40536612028418	1.60114058281437	0.990149219871053	1.32003426529549	1.02599036364979	1.07064574371123	0.886502513045977	0.885533830381428	NA	1.39890545704927	0.908475441453441	1.14361580698312	NA
CML61	1.21982913430692	1.38641851138393	1.41170501795572	1.90681493496543	1.31853093325586	1.40993075610697	1.43231486356196	1.05302268473894	1.23214365987015	1.44931880279232	1.31790152912062	1.50633861506369	0.876179400170448	1.23338903695291	1.30272038630458
CML69	1.1851440968028	1.35794423682412	1.48236863995033	NA	1.19984132787378	1.45376923823047	1.2710594835676	0.996505205112767	1.08037355064331	1.44690410409263	NA	NA	0.845066474577945	NA	NA
CML77	NA	NA	NA	NA	NA	NA	NA	NA	NA	NA	NA	NA	NA	NA	NA
CML91	1.1927219893878	1.27948439807864	1.47718698693334	1.98863790834771	1.14501614720165	1.46109303496207	1.1598857616877	0.999766190307079	0.973086980568908	1.31250615047585	1.74314779361554	1.4784544462531	0.982556522031721	1.24870893654261	1.39725506176289
CML92	1.04477927739653	1.48310126594184	1.44755489540695	1.69875528044996	1.50247139085557	1.40041033609309	1.62247767035969	1.07453835378956	1.33998112183675	1.57430959748299	1.52642837576609	1.42812172460253	1.02921073876104	1.23338903695291	1.31736825537999
CMV3	1.11208243105469	0.997731837844758	1.34469809885956	1.38297497238186	1.11119729765166	1.29885440557557	1.11368123187935	1.05196741382806	1.14538538480465	0.989067364580158	1.319744793735	1.41218305151624	0.880306261327654	1.00575213040815	1.10495767592372
CO106	1.26386825339043	1.06328918997466	1.43455019089445	NA	1.17395016072215	1.24834692565679	1.24381283390088	1.03075988730863	1.10232041855487	1.303564496253	NA	1.26755438173156	1.0124247941204	1.05534543243992	1.10809319982326
CO125	1.12818193558413	1.30894513530707	1.28866206265195	NA	1.25598364208653	1.37276957966353	1.27816248883382	1.12872796317927	1.17112402081775	1.42223316732148	NA	1.42409372559203	1.2438977700766	1.2012199118378	NA
CO255	1.29785708220406	1.23153983495074	1.35688493630113	NA	1.05330193840177	1.32577028490753	1.08090442445006	1.10271258234382	0.9820591507567	1.50820698703562	NA	1.38124757085292	1.12970712816026	1.29189619406743	NA
D940Y	1.25729857336194	NA	1.64505535306241	1.73756337977291	1.46078131176637	1.32609245770865	1.41137430481049	1.04423290445029	1.23012354668089	1.46911384765148	1.31544988485492	1.55664982725788	NA	NA	1.83269270705409
DE-2	NA	1.22484057228273	1.31910265584758	1.56937797791531	1.21217877092481	1.20413602627962	1.26832897847959	1.01553232790526	1.1322192790093	1.30561243947349	NA	1.39202840242283	0.919219387824276	1.21732479712685	NA
DE1	1.15853499304164	1.30612492426468	1.11148925580872	1.40306280868037	1.32077859438747	1.37209659447851	1.0809323799951	1.10106133364105	1.08013316787495	1.45581050424041	NA	1.32754628211135	1.04276882853197	1.1836161513063	NA
DE811	1.12818193558413	1.94685016119191	1.63166337744468	NA	1.2365291690656	1.45182661832297	1.33767237711877	0.930861288657439	1.15793236159907	1.78758099758413	1.8265622008928	1.56587928426178	1.07858200742977	1.35838522527815	1.48273255320518
E2558W	1.02127336222308	1.14629064539215	1.46293572004826	1.7396849117176	1.20786658499184	1.36437355323257	1.34810803568369	1.12260725378219	1.24599997275913	1.17140867846243	1.47154785132136	1.42200365838793	0.969407776824912	1.26239207512837	1.20949704102039
EP1	1.68969968488663	1.11998926044446	1.19291256313007	1.69618494982945	0.995772737351013	1.27278288578626	0.969355896574619	1.0378218178994	0.953060654175007	1.46832823583672	NA	1.22640061078143	1.02243760757842	1.06267373206196	1.45142071733949
F2834T	NA	1.65289839855645	1.8127253471712	2.40010313059668	1.76666869013609	1.51484799191516	1.86452501479874	0.966238707376702	1.53332978361125	1.32150115656471	1.50788950561675	1.60708955591734	1.01355524941086	1.35248426127081	NA
F44	1.06873844394095	1.59230832692563	1.59993950746924	1.48024597715631	1.2885825844082	1.42147086730899	1.23807347608828	1.12951134060936	0.979264835506763	1.33566471429145	1.14785078711299	1.44099617810536	0.946732297349114	1.27024836410985	1.51184804641784
F6	0.927549298940451	1.34553333288974	1.28294227663455	1.63372468575051	1.00197577023988	1.30712800611314	1.07682848730474	1.00907824172114	0.94364692779022	1.33858140867401	1.33464949630257	1.31863024739811	0.95876206402613	1.11524165207511	1.19301165927578
F7	1.29515901765971	1.02001605992077	1.27932273875067	1.57335294987382	0.958443326769448	1.36747843198957	1.0532240257134	1.16620869932922	1.03964476159997	1.00067519400253	NA	1.26834941239714	1.05764046764494	1.15959373087909	1.2657903902667
GA209	1.10986403556917	1.38562441553213	1.4322909386886	1.62668944463111	1.16681425336706	1.36007959189429	1.41675631846913	0.956977462609096	1.13984159766726	1.70385365579955	NA	1.45264888755982	0.892952046571687	1.07674877693163	1.31154269478598
GT112	1.36027235215036	1.31110685460131	1.48076606882739	1.74316898820086	1.4347328687793	1.36706028344237	1.59967463470555	1.01029789312606	1.27068789815956	1.41024188407622	1.76083287977794	1.48615909080745	0.961577182124289	1.23338903695291	1.38119122183531
H105W	1.28990643001698	1.28518606227483	1.28940071663264	1.4468354436746	1.2548272714508	1.29829586344047	1.22019271936013	0.935501988129812	1.14137155502009	1.57787015344956	NA	1.34930236640992	1.10898338786971	1.07073581747283	NA
H49	NA	NA	NA	NA	NA	NA	NA	NA	NA	NA	NA	NA	NA	NA	NA
H84	1.2120223699122	1.08059509789757	1.41065553923269	1.90946373296961	1.04907895516729	1.25610763505131	1.08372584498252	1.14131247222171	1.06912600136878	1.14194592159792	NA	1.34460566299208	1.01480930385479	1.22601211262645	NA
H91	0.995539074005827	1.01158801242199	1.14470929881429	NA	1.14893603729872	1.24185074338127	1.20246014572601	1.09666003354139	1.14118920502447	1.05476467657591	NA	1.215080681629	0.87535866998737	0.913410857216167	NA
H95	NA	1.57781972725671	1.36068612774771	2.11262521534675	1.18625594708344	1.42285317918921	1.20476315398173	1.0294894963018	1.11646164091419	1.58293834571714	1.38599928283849	1.51299716375171	0.987731880513204	1.31856203407452	1.45134929866879
H99	2.0091413523491	1.34036918509858	1.50970936182427	1.84443891205116	1.06016684581253	1.2796116457356	1.02603852872866	0.959171077601097	0.976600543390692	1.45216705194976	NA	1.48107372091027	1.03915577259563	1.26239207512837	1.58285947611532
Hi27Goodman-Buckler	NA	NA	NA	NA	NA	NA	NA	NA	NA	NA	NA	NA	NA	NA	NA
HP301	1.34774091129677	1.24244605476537	1.42988292836792	1.85216361523739	1.2408750426178	1.39500610215517	1.22482952619784	1.01509922389083	1.16897322055205	1.31196462040265	1.44971506540467	1.44508856224232	0.973501283171533	1.34631552987838	1.36256326031319
I137TN	0.780860579790022	1.31366923087479	1.31919934957336	1.66915477400685	0.89201338144602	1.33069888440962	0.947183399701546	1.08893214985955	0.856547965892931	1.35468448706869	1.56342301274131	1.3214361652532	0.929444070717303	1.15167551844442	1.33830308955237
i1677a	NA	NA	NA	NA	NA	NA	NA	NA	NA	NA	NA	NA	NA	NA	NA
I205	1.31002738235465	1.77901878779475	1.77722472440502	2.5328920702492	1.51605635641336	1.6327191725986	1.53442260193878	1.06247424072969	1.3994254591148	1.47323833784164	1.81315927368673	1.57566814667821	1.04185050403723	1.48054282784241	1.57274985668155
I29	1.92210987506279	1.14310588820111	1.10982246747662	0.909119608430245	0.781223456256671	1.18415772156206	0.719493585255309	0.997869374403743	0.80072120884338	1.32283323867319	1.01204065057791	1.26019629196869	0.943411190014953	1.11733178012458	1.03786178353526
IA2132Goodman-Buckler	1.17090146931751	1.0504379523088	1.23431215311976	1.35278858291939	1.11276434563556	1.2436192419047	1.16991938035726	1.04764464914604	1.07767092231181	1.07727773841383	0.93147400900782	1.29746707951709	1.01103630238663	0.99525502754402	1.17687000364011
Ia5125	1.190782548968	1.60935818007361	1.33178674545778	1.68976999543637	0.765602520190577	1.37578422677813	0.708493962769816	1.05409890525471	0.72219755549714	1.50796170161371	1.83170106561669	1.50013161035779	1.05509631171998	1.37722914534877	2.60222390278673
IDS28	1.07382151795915	1.20367082446257	1.46211543849762	1.77142807225603	1.31370218544194	1.35672105140207	1.3642201422186	1.02670136888622	1.27374260606092	1.26826882370962	1.3014506630725	1.40406693052264	1.00441601283347	1.19020752837787	1.23942798011159
IDS69	NA	NA	NA	NA	NA	NA	NA	NA	NA	NA	NA	NA	NA	NA	NA
IDS91	1.0582519672856	1.11782806449459	1.2226726221595	1.28940730084952	0.960133277101517	1.27080672690331	1.03063946910972	1.14727821409454	0.993584971613444	1.32894221417185	0.895753883512255	1.32954738603493	0.991312959826407	1.08599984664808	1.10951710359519
Il101	NA	NA	NA	NA	NA	NA	NA	NA	NA	NA	NA	NA	NA	NA	NA
Il14H	0.804536538864459	1.48467044400412	1.52295901790002	NA	1.08244653230138	1.39559661728963	1.29476722108172	1.08038610163663	1.1688211744222	1.37486510235452	1.41705768706857	1.31281516017268	0.935298446067857	0.845832541451898	NA
ILLHy	1.02744577669307	1.1485622406033	1.34845458880639	1.58823348640914	1.02148961353816	1.27380881415136	1.14679436736027	0.978575425793378	1.06789408169547	1.13003345135044	1.2268524671674	1.40005365377665	1.0811957804643	1.185000608811	1.15057326054145
K148	NA	NA	NA	NA	NA	NA	NA	NA	NA	NA	NA	NA	NA	NA	NA
K4	1.18164557594248	1.50884196741176	1.50832505657889	1.62668944463111	1.14143196793972	1.542604405233	1.22464711304601	1.23398261073748	1.0882451634396	1.27013729450111	1.42328115342731	1.40705602077571	1.03896714170903	1.11603995609685	NA
K55	0.928367100836299	1.28669804013539	1.33484591547425	NA	1.26191180499022	1.32812273801464	1.31417887545302	1.12616284052566	1.20205801359794	1.49074123063674	NA	1.28769192276395	1.05252436216476	1.16179955874074	1.42629833570219
K64	1.17999243377787	1.39194793683839	1.45153301344467	1.84443891205116	NA	1.41249638731894	NA	1.05691285798682	NA	1.5752695642957	1.29207742131755	1.47077767812568	1.04527540524342	1.19031832621442	1.39628844727918
Ki11	0.632885728769249	1.53359266244634	1.43933739209462	1.43428865286729	1.55896604955732	1.32017569193379	1.85425929925371	1.05572426578627	1.34358994186079	1.39610885689892	1.73047736625817	1.3700479702485	1.04990943602088	1.369779531656	1.70833684649786
Ki14	NA	NA	NA	NA	NA	NA	NA	NA	NA	NA	NA	NA	NA	NA	NA
Ki2021	NA	NA	NA	NA	NA	NA	NA	NA	NA	NA	NA	NA	NA	NA	NA
Ki21	NA	NA	NA	NA	NA	NA	NA	NA	NA	NA	NA	NA	NA	NA	NA
KI3	NA	NA	NA	NA	NA	NA	NA	NA	NA	NA	NA	NA	NA	NA	NA
Ki43	NA	NA	NA	NA	NA	NA	NA	NA	NA	NA	NA	NA	NA	NA	NA
Ki44	0.994552116215731	1.29854357459977	1.46946870034605	1.91308410833285	1.28640275125158	1.34681766171637	1.3466275431943	1.10138788851531	1.15648901530205	1.26948436167279	1.46725910657436	1.46909433203623	1.04555986262467	1.29379018940964	1.26159756286619
Ky21	NA	NA	NA	NA	NA	NA	NA	NA	NA	NA	NA	NA	NA	NA	NA
KY226	1.0825399968603	1.05556053114852	1.30352636717143	1.48035795098692	1.1266656999316	1.22433238544821	1.16409810636775	1.01674210831891	1.08088623580308	1.24264963096441	1.10127923431731	1.31663531137424	0.991312959826407	0.963191284184805	0.995021187147043
KY228	0.802316060691293	1.28317264457551	1.29065175317003	1.72212840686862	1.08461371843399	1.35584368248497	1.27426344602569	1.02858759874235	1.00010626787181	1.06744477368885	1.35135846751433	1.40023189605307	0.799101425315347	1.07573369189128	1.00178146335592
L317	NA	NA	1.56525598608197	NA	1.35991068588816	1.45475880580052	1.43796564702825	1.04046999769874	1.19887173857918	1.40676499595784	1.4596804207509	1.62581303419544	NA	1.27024836410985	1.77178958394213
L578	NA	NA	NA	NA	NA	NA	NA	NA	NA	NA	NA	NA	NA	NA	NA
M14	1.21186452223031	1.08918584306526	1.51062887126159	1.92231297625807	1.11410352220269	1.46154361207299	1.20689136028162	1.11835731154722	1.01020879138584	1.40844041588562	1.38757130459762	1.56531669568075	1.11018124963374	1.30550310857717	1.40328189477276
M162W	1.01619060744059	1.33835001683134	1.46049287289994	NA	1.14734439024405	1.26906593461048	1.4230736518938	1.15529845685042	1.14836531971822	1.72781431060456	NA	1.45016716000063	1.02326751567773	1.23575204466278	1.29256658901194
M37W	NA	1.46048370089694	1.35472834285041	NA	1.17943449487991	1.3539272600038	1.24595360016533	1.05958067863081	1.13034996085309	1.62403577195182	NA	1.34159504828135	0.903717100808118	1.04591125209719	NA
MEF156-55-2	1.65224170463487	1.11889295202423	1.2671094052424	NA	1.35713226165635	1.28771080793591	1.28038566680064	1.0349118304933	1.19613144548619	1.60417332588523	NA	1.24443366332711	1.0439599224565	0.95951427423255	NA
Mo17	0.955282046930984	1.25280757133847	1.40398687506148	1.76250774626212	1.10784405574619	1.46855298222762	1.28201114683594	1.2218366404802	1.17551823693439	1.32253618577409	1.51414654680218	1.36183262422895	1.06688281516959	1.26239207512837	1.32711210439439
Mo18W	NA	NA	NA	NA	NA	NA	NA	NA	NA	NA	NA	NA	NA	NA	NA
MO1W	0.972271266713589	1.30894513530707	1.37599799330235	1.91957637958071	1.27005906703007	1.40024148864136	1.37625038615125	1.00120825950544	1.24518466069209	1.37012487018936	1.32013330627819	1.44065263119874	0.950022225378045	1.19973887517521	NA
Mo24W	1.17999243377787	1.21607460885517	1.32233918617892	1.39922126770431	1.12789436409999	1.31187095555318	1.13380763952992	1.00614577037907	1.07746959599669	1.22213895995273	1.292191178683	1.30256888642666	1.06543887457973	1.15508595213817	1.38337418513798
Mo44	0.948150298364836	1.40377764861448	1.63703921221908	1.79486349750515	1.14337789971731	1.44330197074921	1.31543906124578	1.10117128916454	1.08999299522325	1.48813099038541	1.33463335103452	1.33788697948047	0.973939184526653	1.03726683318751	NA
Mo45	1.11185644359362	1.41703476663118	NA	NA	1.57382845722856	1.3884859913194	1.76411951821213	1.18010026341244	1.35748599913373	1.54362623712504	1.30144809276802	NA	0.987166134097358	1.19889754959092	NA
Mo46	NA	0.91694863497278	1.46417608886134	1.78275843030521	1.21886917333666	1.22949628587224	1.22288522549602	1.07043951699033	1.01700136074667	0.94675415567273	1.04715368492288	1.29989072548522	0.933558094996022	0.993794059905811	1.29753028632002
Mo47	1.21193140422115	0.879227745657125	1.46795372431632	1.48024597715631	1.1204406307131	1.30688639512457	1.18847833038871	1.05010906736973	1.10937262969291	0.88569843277404	1.01618624717114	1.51366153341595	0.958703985208969	1.06638908067256	NA
MoG	NA	NA	NA	NA	NA	NA	NA	NA	NA	NA	NA	NA	NA	NA	NA
Mp339	0.885245216775693	1.48546316129708	1.54454157065266	1.57787495547285	1.42224049406604	1.19104193543136	1.48180150040382	0.918529618540065	1.2083932340166	1.84993568743836	1.64031838233959	1.41086509517097	0.900520559725853	1.05048733432786	NA
MS1334	1.61979720219152	1.25764161857258	1.37220339654852	1.7253429557526	1.07363481235337	1.29481623735948	1.05878940573112	1.06233645209413	1.01859709842463	NA	1.21125718059194	1.34248550966902	1.11845806210622	1.18627872357845	NA
MS153	NA	1.04651636877929	1.39345928415569	NA	0.917743796929781	1.33262625580343	0.909252333424218	1.05833138230631	0.894041909412482	1.22625693450886	1.33170417927824	1.3556179185504	0.990298287002105	1.15949778352232	NA
Ms71	1.1889247727773	1.28567790594683	1.39717541556056	1.96676385070185	1.23929849946388	1.36578993396528	1.31652267769729	1.01729841625943	1.10871932572446	1.2108241158558	1.25217320606137	1.41457376726131	1.05331182619707	1.21736624740887	1.50144820877529
Mt42	1.3343329875244	0.705562459936124	1.01026617038204	0.954994078081196	0.771480868010538	1.05143572213978	0.748012275395992	1.15508918113052	1.06394814138193	0.961564451148692	0.650868212696325	1.16987060402198	0.921154582470943	0.955923872231458	NA
N192	NA	1.08492326409648	1.45345092055278	1.67550393378938	1.2232227507249	1.42829671130517	1.23526034272132	1.01624439076173	1.11380207226026	1.23586342094742	1.37986669488115	1.45749106246384	0.936106625504649	1.0965865611321	1.51472314040475
N28Ht	1.09203090155919	1.20910452797289	1.59154712570994	1.64320388435235	1.43072375444567	1.38202708849611	1.50210059879196	1.12058263610955	1.24385760270954	1.16025897486981	1.81832490478357	1.40775809785776	1.06758760196547	1.17604758484046	NA
N6	0.893873088749383	1.16356275305147	1.39341702847411	1.65980919266734	1.19573672214289	1.31979574938604	1.2256681623464	1.09454710482342	1.0925799529805	1.24088330433132	1.35878285588762	1.30939064114382	0.963710874326732	1.19829775681145	NA
N7A	0.539449841469346	1.03489748644005	1.37100576079864	1.99665864510925	1.3910256955169	NA	1.45830900750501	1.02317348089225	1.30674837521348	1.18975786208772	2.12215072361045	1.33731677049498	0.903661310108949	1.07170785417622	1.1576216139958
NC222	1.34774091129677	1.22033682285808	1.4161032724975	1.81427297244343	1.20540958869117	1.38344876250019	1.24389816469005	0.905454821416687	1.22087934818447	1.41113855658878	1.3783058131192	1.34643289003475	1.04485169128688	1.20833676344291	1.38061307413226
NC230	1.16297162987004	1.29597889258695	1.52037508620154	1.88886103316926	1.42360473697646	1.45077143468588	1.36576491308651	0.930347962329297	1.31108308425419	1.26785433676192	1.38855298631316	1.43688267719415	1.00364513965352	1.37309132680553	NA
NC232	0.961576442138123	1.31047073673429	1.39588833430942	1.64930388074029	1.24333078303089	1.42841752444427	1.30115593381218	1.05164836956176	1.18082560016634	1.5212182401079	1.54154864001361	1.34214157286166	0.944743201765081	1.15052532338955	0.999237133427135
NC236	NA	1.26373854154743	1.35787980776649	2.51350931745235	1.02221541070074	1.38175475159879	1.12815695993986	1.09393127615122	1.07504323622941	1.13632543099279	NA	1.40925046476011	0.996757688293734	1.32100534327594	1.99700542453348
NC238	1.19702998871539	1.20428582724948	1.37119154023174	1.66134601481857	1.32934167571863	1.25123970145893	1.34413364750425	1.01426476831615	1.15848811110232	1.33858140867401	1.23630891189427	1.4050861642617	1.03018900920748	1.16241692299695	1.31736825537999
NC250	0.918336592487627	1.07508182714855	1.52714497117303	1.43143148799804	1.44149265690116	1.4651357858946	1.526101818736	0.991578705787575	1.23968727857986	0.963611483814125	1.16601719477319	1.35802647907547	0.965216992398417	1.17068233785831	0.936164322619686
NC258	1.15730150767045	1.44087882379209	1.62220231102804	2.20938640590637	1.34194563399	1.5410213778334	1.54076231481128	1.06003013975916	1.21359111769864	1.59712044680371	1.4031649289952	1.47390378356557	1.11879340889767	1.28329526520231	1.30317732129867
NC260	1.07049642672724	1.22975477705989	1.48675168351439	2.31914079003304	1.44140397916519	1.44471360535021	1.49823636388547	1.06311696311204	1.28374442653866	1.28010232505734	1.43568840463746	1.62498718251008	1.01700333229003	1.09838223450231	1.39063171948636
NC262	NA	1.18156924709073	1.30240443800599	1.34723691838522	1.09437556976602	1.38134666845065	NA	1.1003542179873	1.02589810501733	1.52526546540184	1.38050228244776	1.35738701787874	1.09043314026447	1.22569698879487	1.38540286446233
NC264	1.06466553545868	1.26352589506761	1.4323181744308	1.55711063907254	1.21629103403471	1.28424837565185	1.37519899923676	1.01387431069463	1.19151846900403	1.17786688258404	1.47543440650985	1.30707937203695	0.924551226049496	1.11409431970665	1.2804547354722
NC290A	NA	1.79170802205385	1.63543465046958	NA	1.37071375652321	1.53496151442673	1.41992222797831	0.901178788341612	1.16817013500267	1.75948451317512	NA	NA	1.04818062698984	1.34578027412222	NA
NC294	1.25729857336194	1.14760020904462	1.26546491498784	1.60114058281437	1.04743331908897	1.35487578263103	1.18364413515397	1.09930508859508	1.12169133502796	1.38306490206904	1.13513697439292	1.34395614123041	0.990298287002105	1.03031486637705	1.09929544965368
NC296	NA	1.93304504814815	1.59525670180705	1.9653237219693	1.35703244793375	1.69785190018506	1.44130314821317	0.91520587522839	1.17085720694747	1.76104206842308	1.87548328112643	1.51189886990541	0.977312779623064	1.29829552422832	1.16713041387034
NC296A	NA	NA	NA	NA	NA	NA	NA	NA	NA	NA	NA	NA	NA	NA	NA
NC298	NA	1.22266731837515	1.40951421041393	1.79486349750515	NA	1.37388776465087	1.14203086416952	1.01743077460342	1.05926550829332	1.24442294696472	1.45448209148278	1.42061444845217	0.953649513600466	1.26051795599392	1.4782391399127
NC300	NA	NA	NA	NA	NA	NA	NA	NA	NA	NA	NA	NA	NA	NA	NA
NC302	0.931425393470101	1.23780973003779	1.30374019078994	1.52906046631458	1.27915750865326	1.38621410663686	1.39266900074336	1.07227099896085	1.24817760362991	1.44782924511768	1.78231554815605	1.39280895827217	0.983156796182652	1.16672210250394	1.17355611853487
NC304	1.07763944464309	1.14383579638112	1.39062501791547	1.8122333395557	1.46813624236819	1.34065583806957	1.4499467978272	1.04282028803681	1.21151996434057	0.954087386414308	1.50495412571815	1.33317736285923	0.931501363452895	1.11524165207511	1.11999409787805
NC306	1.36477638142499	0.950425615667622	1.33909396872249	1.41061297443091	1.11479749689213	1.29284488575963	1.16586105095822	1.14910239672767	1.13367402237996	1.28334134352411	1.12160604927527	1.36750379367033	1.09834653570453	1.12012339670377	1.29062238164252
NC310	1.21130975927268	1.67391550098088	1.4005645155471	NA	1.19352127242417	1.59489907579743	1.31550517072463	1.0781217061315	1.30142800360438	1.40676499595784	NA	1.22457426448505	0.910332389534911	1.08232547173563	NA
NC314	NA	NA	NA	NA	NA	NA	NA	NA	NA	NA	NA	NA	NA	NA	NA
NC318	1.15501221160385	1.36986985516292	1.5639398588623	2.008750767221	1.34564299421253	1.3336658530233	1.416229639666	1.05841071359173	1.23966964008607	1.91138520065123	1.05129015027485	1.48649867641114	1.00775949697234	1.27142860382044	1.58314849152298
NC320	1.29707425409362	1.68412118566733	1.59169638049006	1.9653237219693	NA	1.51086095458469	1.32590598129875	1.06760492897968	1.20782553459184	1.70385365579955	1.72030774475085	1.59865996631212	1.06360193586594	1.33986038231276	1.92984520950757
NC324	0.780289594638085	0.93620687150295	1.30443397799793	NA	1.18288151942763	1.2775653289699	1.23762915363386	1.02590158394145	1.08181804355995	1.03531738781367	NA	1.26303638705585	0.952727993213292	0.944699036925127	1.16720082505928
NC326	1.11404462239356	1.46428256761413	1.6179860651228	2.02406396843409	1.45230982029373	1.39165372962935	1.46124701406451	1.08388972929219	1.30626080125732	1.33602064131391	1.66688320753638	1.48601961709234	1.06609053803837	1.185000608811	1.3784504689836
NC328	0.841071574694405	1.04368211082497	1.31635025794181	1.43609334219726	1.30062632319325	1.40186738474224	1.62175707669411	1.30603697856284	1.2549446639212	1.05270589836268	NA	1.37673621209136	1.00921591415795	1.04792689516985	1.02310798625001
NC33	0.994937145702366	1.62135421305073	1.61892055671173	1.8122333395557	1.0211962861435	1.47913111583758	1.06866851412084	1.08399897820298	0.843047337265014	2.17508194606318	1.29974309758828	1.36050949343755	1.00563330834087	1.13635636611453	1.9587543513199
NC336	0.735898076221238	1.31276026093665	1.59852922891508	1.77313291210591	1.60984355860794	1.13916712371211	1.51047315097098	0.858867700308595	1.30574649245732	1.42899379519816	NA	1.46178953436427	1.1003071949491	1.15949778352232	1.16894330331029
NC338	1.15730150767045	1.67313539415419	1.43746150304605	1.50576136227515	1.21969707915875	1.30686911217451	1.26757596731578	0.917009832196594	1.10359632441271	1.88076687373382	1.47929889981067	1.39399472291481	NA	1.24437363789989	NA
NC340	NA	0.9420744227806	1.51942577827035	1.96608807666957	1.48863768162609	1.48665917445615	1.52679338036255	0.941432378011484	1.39326783451879	1.303564496253	0.886528924847836	1.5507666114286	1.02678247952857	1.30946103480652	1.17530020629376
NC342	1.28830267766825	1.25656249912443	1.38454243615554	1.96676385070185	1.00759461842234	1.33848936523857	1.07555234645111	1.06034179752007	1.00331449375572	1.46832823583672	1.24922531759355	1.44511040917569	1.0359464185569	1.27518890157661	1.19116682040374
NC344	1.1532452968756	1.95483342315049	1.55734649662328	NA	1.38347625440451	1.57261450517294	1.50081756759435	1.06690420457031	1.32132736552918	1.82723544748127	2.02004955321057	1.51555932677341	1.15987081791291	1.33309839688934	1.53241173723878
NC346	0.88044292429894	1.36245031682692	1.68810583717776	1.62296314430845	1.31472487586223	1.33309877899279	1.55579750139929	0.935456679755237	1.26010037433733	1.44257491849043	1.15675222048742	1.46734999586005	1.02383511163532	1.09397464177324	0.927421559723835
NC348	1.17611291849626	NA	1.62481588892731	2.02406396843409	1.34320439255031	1.50709628842466	1.43654785816298	1.01768218616285	1.34372120338167	NA	1.28195582593149	1.50625044689176	1.00415643253115	1.25959764530574	1.40195429903956
NC350	1.1927219893878	1.45352153184652	1.26319067093259	1.66134601481857	1.47317251430133	1.24111673555318	1.56409564410601	0.990837321664368	1.35757624706056	1.57430959748299	1.45777458722293	1.39727341148788	0.941374998949125	1.25704640827156	1.5668373293518
NC352	0.84379887402344	1.01944124871664	1.40015727180253	1.21395228266717	0.995842852006103	1.15919086425748	1.01544527592888	1.0064124819692	1.01328492090435	1.0383539043047	NA	1.26989563113453	0.835277521063064	0.967929323496485	1.02243294288094
NC354	NA	NA	NA	NA	NA	NA	NA	NA	NA	NA	NA	NA	NA	NA	NA
NC356	1.14410806473757	1.49255759547992	1.65502781186582	1.78361432974196	1.26129242625667	1.36013277194638	1.24772038182239	0.894396933447387	1.04728046616468	NA	NA	1.40909182727579	1.06068055894265	1.20833676344291	1.38252947345842
NC358	0.983764730861207	1.17754330369193	1.69003555495181	2.03013475675614	1.45201100432105	1.41257875482761	1.44933425914228	1.03144389866184	1.1651089484114	0.949677772280231	NA	1.48660037490783	1.05920377828494	1.35909505376693	1.26935752014935
NC360	0.83425035302646	1.04559512976458	1.5887748238275	1.3028087064792	2.06121301575667	1.31256093567892	2.07801113479157	0.876244209661117	1.7070518233448	0.954579213552803	0.926560246105848	1.39766488357829	0.949058638927623	1.19031832621442	0.985694754233304
NC362	1.05931039004913	1.21032149208629	1.47478904302265	1.56228211172845	1.29390660333718	1.43322312086637	1.42007161697556	1.21460340055459	1.16241439838912	1.05852678596024	NA	1.39946128518194	1.08871580090976	1.2342982977134	NA
NC364	1.05546503346917	1.29922740553687	1.29731621485594	1.37434666005776	1.23099210814076	1.41708561746216	1.2757403070226	1.16234914907139	1.07149577360664	1.51355743918675	NA	1.32891107941874	1.07068503089519	1.21740424891103	1.26060961066999
NC366	0.898316679070548	1.24375470360152	1.40984820260219	1.45441208547777	1.2461078545772	1.30830324938192	1.32126176736833	0.977935139442069	1.12138344324547	1.33737903328002	1.31778519270526	1.31407811302431	0.910332389534911	1.04150760722139	0.979826217841158
NC368	1.07087031279829	NA	NA	NA	1.38736544850784	1.1984517854067	1.51506717052296	1.19779522148941	1.20508143947496	1.09142462050533	1.6129149631605	1.36145849212892	0.99444826425667	1.12639818088604	0.980001291423871
ND246	1.18743513360828	1.11781685294808	1.28288474404517	NA	1.33090442565856	1.39741645458349	1.37289675649555	1.0575434590279	1.19968000516414	1.36105994640554	0.854096490751388	1.32866311524434	1.1003071949491	1.10165831431837	1.64042631452559
Oh40B	0.934841791248905	1.0860976580962	1.41800238554408	1.48052155410327	1.18820125727286	1.34981276732524	1.39278086010262	1.05630142355502	1.18672946020955	NA	1.54773644707578	1.34558290722984	0.966909773416213	1.12922938624056	NA
Oh43	1.57515363127462	1.05062389127212	1.56363093693189	1.71115846946472	0.988516067328475	1.44579372188041	0.957414264724529	1.0286752483706	0.954451656266565	1.32253618577409	1.00920371854985	1.4531528597516	0.978706072732675	1.25262099187619	1.54689323448383
Oh43E	1.30257477681169	1.28793363679018	1.54575281118188	1.64239521678406	1.23249185623388	1.28189007757466	1.32731573732817	1.02793503824907	1.22051801747193	1.37031568578218	1.50413791851279	1.33040470852892	0.934181743940976	0.916672198842439	1.18126538244115
Oh603	0.954843528430099	1.15843345510066	1.23928701355923	NA	1.31340417780355	1.25312157099974	1.32913300787211	1.08490986849607	1.26456898072346	1.14606396318106	1.18271161815396	1.30769873346783	1.02131475747199	1.13974750420777	1.12582855520403
OH7B	1.18450713675992	1.80938555086053	1.4185643943803	NA	1.21298744553919	1.31491391939013	1.31606704929179	1.00407917662775	1.13338084423555	1.97335350171151	NA	1.3052067660872	0.979199774496916	0.990719888778264	NA
Os420	0.826213445764861	1.17535446149404	1.33709529986975	1.53407175603424	0.866296937361638	1.31659557112368	1.04395788090918	1.1590869276871	0.953205317611953	1.27179583622754	1.13863835883641	1.29066140138214	0.92138876218913	1.01471848065691	0.914665145705339
P39Goodman-Buckler	1.09495375126692	0.844411027168866	1.2599560579874	1.48144525708005	0.939697982930203	1.29998702338388	1.02150709208755	1.24093052126603	0.969595777701412	0.983779803236023	0.919788236237954	1.29121326890806	0.994876377054875	1.0623839480891	1.30754623143735
Pa762	1.01190509771614	1.39255440921699	1.50167697955324	1.91655557665429	1.40308732776439	1.37935614729027	1.51464943168906	0.967077215782938	1.28689486599747	1.26824148519214	1.30602792048957	1.41407750184006	0.957559334186601	1.21736624740887	1.18285119311245
Pa875	0.842354707995059	1.24320292996129	1.65193291195712	1.90526349436037	1.38135670178244	1.42025600851213	1.45782252917215	1.02617523022184	1.20939641773103	1.0516085086821	1.36223235264563	1.44830255013552	1.0382161001756	1.26239207512837	1.23527300786437
Pa880	0.882790217740034	1.52305340683295	1.57723173142051	2.19596432163079	1.44499848049887	1.38478179173552	1.58511800132147	1.0502084987587	1.302268305726	1.49748664584925	1.51003851763777	1.42112532452325	1.06161496277471	1.18211150294155	1.31154269478598
Pa91	1.09491079399081	1.25558328713945	1.48980448672508	NA	1.23468930351134	1.44630439323784	1.38905870435826	1.04189756278758	1.1458911162418	1.28826452651385	1.2750405509634	1.45268514602326	1.0189782377156	0.957317820447791	NA
R109B	NA	NA	NA	NA	NA	NA	NA	NA	NA	NA	NA	NA	NA	NA	NA
R168	1.26497140808625	1.21152253385328	1.31268381771103	1.50576136227515	1.05439897083283	1.33414721497548	1.022623229911	1.02406578165575	1.02458431044879	1.33796406262783	1.31863196330494	1.35251952939017	1.02501670398343	1.15949778352232	1.35277907385854
R177	1.08703053580557	1.38056497462797	1.32478606542686	NA	1.15612475317067	1.31512447691209	1.21770616629882	1.03933735327227	1.12688237554161	1.44178824126087	1.54028875409066	1.26638412324339	0.928247602299811	1.04792689516985	NA
R229	1.3685948452529	1.58213003961475	1.24345517238975	NA	1.13488340569299	1.17318922760561	1.35812869845392	0.995002829058884	1.14837556841227	1.25953786520574	NA	1.31511410590474	0.826525127381175	0.947149556091262	1.04038051872905
R4	1.03379820276618	1.09307882322198	1.44149821015743	1.27082691117024	1.20345495328859	1.33415836390606	1.31237245305299	1.03840258220977	1.07598327566327	0.867109776509076	1.17581205172668	1.34862620315068	0.975467266045494	1.12777971438153	1.0284415814464
SA24	1.09069659229485	1.09188606871065	1.52684873915446	1.62246629493484	1.20521671185369	1.39019016516937	1.22121558117295	1.03111086722408	1.11987685684982	1.27213525092167	1.68234676556148	1.44038026027391	0.997353324652262	1.23033438820204	1.28726614288773
SC213R	NA	NA	NA	NA	NA	NA	NA	NA	NA	NA	NA	NA	NA	NA	NA
SC357	0.856045669363435	1.43506144587599	1.24886230793062	1.05378285651881	1.21631465408027	1.17927771170495	1.3682683544461	1.06997101619651	1.06897016515374	1.33770470540804	1.89635305214638	1.23237784280126	1.01654780183701	1.05950940696813	1.00075729624027
SC55	1.00077803896305	1.28627257530128	1.64056614558417	1.7396849117176	1.17253997878291	1.48693681748153	1.2824173161581	1.01925154177145	1.10062192178592	1.36627914572558	1.63342331472852	1.52050847206664	1.02022609106519	1.28646094140524	1.48790503120515
SD40	NA	NA	1.51442464300602	NA	1.21899467072024	NA	1.29463968002513	1.12264725691121	1.08653851299821	1.53447591186781	1.19978524991136	NA	0.843318956024729	1.20787510905504	1.29256658901194
SD44	1.13073939428774	1.06865023147912	1.37628777766673	1.73756337977291	1.16526551532864	1.36398501972029	1.21850430165963	1.1695419421983	1.08670219340594	1.05126358762586	1.14470422610794	1.44391207882623	1.0778996625114	1.26239207512837	NA
Sg1533	1.30589684255606	1.75484384146369	1.28982726300183	1.71601438247844	1.24067156920029	1.38537019503367	1.33871873936634	1.01160228349554	1.15617820510433	1.337674110145	2.60612376727476	1.31359761103155	0.946192587915417	1.07170785417622	1.10933389771517
Sg18	1.13038558989462	1.39784417118576	1.58695101907668	1.82311366901078	1.43111980481182	1.34881221934428	1.3335571022227	1.03028575390923	1.32495037039034	1.46759014573829	1.31439699919231	1.4508286334966	1.04966649625677	1.35123719360062	1.01574024667198
T232	0.722628562581687	1.23001606223138	1.56016144527115	1.45441208547777	1.50920459792075	1.29085016217563	1.47609145652907	1.00940266196977	1.29800434999305	1.75948451317512	1.13638193759642	1.37980582412228	1.04818062698984	1.14294798220418	1.01284306896217
T234	0.949074536778857	1.26932920461888	1.45713461659798	1.64239521678406	1.11867689204455	1.39505125291981	1.27384763207245	1.0282039420688	1.09986248697655	1.39332779192469	NA	1.41445183051807	0.933942846318886	1.09329857824977	NA
T8	1.24624687030955	1.45309912249733	1.64252175230569	NA	1.16719416957827	1.49028556900466	1.35046546854469	1.17761560583275	1.06824109119009	1.28334134352411	1.85728431299867	NA	1.02081576606729	1.24558518712867	1.43447197696438
Tx303	NA	NA	NA	NA	NA	NA	NA	NA	NA	NA	NA	NA	NA	NA	NA
Tx601	NA	1.58698310273726	1.5127925874916	1.90526349436037	1.4193354632716	1.37935614729027	1.77313484758921	1.05176444708094	1.29814826068584	1.24848150594921	1.32771070526331	1.43971291602835	0.896544276836288	1.30215030423912	1.38477725599761
Tzi10	1.08347361109534	1.53445052434542	1.47465910999834	2.03013475675614	1.34999157352672	1.37611642892669	1.37771744632695	1.01500469559482	1.09331004913127	1.43046508984664	2.22700829595763	1.43954242554397	0.956300819711006	1.28041051235686	1.52341433717051
Tzi11	1.05556284037804	1.45681286140217	1.46090102893677	1.46429004665895	1.26191802312686	1.50014548614864	1.23069628064405	0.971935554551751	1.10002404466488	1.46911384765148	1.41456861636559	1.37589294039613	1.01735149384091	1.17425334757525	NA
Tzi16	NA	NA	NA	NA	NA	NA	NA	NA	NA	NA	NA	NA	NA	NA	NA
Tzi18	NA	1.14790968126507	1.57329687194875	NA	1.34822820910772	NA	1.46548671810864	0.978249178358191	1.19859165894167	1.29756315275929	1.45422598651345	1.39595706197859	0.974678431678929	NA	NA
Tzi25	0.940365149213705	1.07609895299774	1.45574851396446	2.03013475675614	1.18302301183412	1.50049774532609	1.24351174569761	1.0380954646015	1.15326348187531	1.28826452651385	NA	1.57535890689202	0.920730764100021	1.33152100173172	1.15746712270142
Tzi8	NA	0.87673692841205	1.58789344854036	1.79486349750515	1.03761632938031	1.30411492530241	1.10086097705342	0.95159702037702	0.981170417124246	1.17836804733445	0.873381990467118	1.40317837807607	0.926276637148811	1.23499361964253	1.14936379146644
Tzi9	NA	1.21436700055221	1.58010686299708	1.69655694715898	1.08585960076863	1.33568128716355	1.18938435746963	1.12270431072434	1.05217827421449	1.38949706016832	1.20507418003421	1.50653352342946	0.999422681167967	1.19889754959092	1.39922901936893
U267Y	NA	NA	NA	NA	NA	NA	NA	NA	NA	NA	NA	NA	NA	NA	NA
VA102	0.86289545622988	1.14384428809746	1.30483356707961	1.6570337026485	0.993749707019623	1.29903929452749	1.10188424747187	1.08548129016218	1.00960829869123	1.22648064748325	1.56642342254597	1.32582674467522	1.0599931333008	1.08232547173563	1.18359711064066
Va14	NA	NA	NA	NA	NA	NA	NA	NA	NA	NA	NA	NA	NA	NA	NA
Va17	NA	NA	NA	NA	NA	NA	NA	NA	NA	NA	NA	NA	NA	NA	NA
Va22	0.971918391948676	1.30008503171596	1.4647264153917	NA	1.23435438131293	1.29081988435468	1.3366516538763	1.1017087850256	1.18813640959676	1.28334134352411	NA	1.39855899085237	0.917386715657174	1.18211150294155	1.15132934994836
Va26	0.917128913918434	1.27428069296699	1.41140727429868	1.6180201492613	1.49764302892582	1.39763734846121	1.31382563248996	1.05640986907566	1.17948179181127	1.25897054894176	1.74114470599965	1.37534082600336	0.960765870531496	1.17311468638374	1.56945458420066
Va35	NA	1.16594894458751	1.39215703569046	1.69618494982945	1.25349933128833	1.39665130051382	1.35162404227377	1.02437172028601	1.15939682423107	1.24084984678042	1.41983039497794	1.42451275114889	1.04106286684127	1.09216740584616	1.25802702193636
Va59	1.16297162987004	1.12967984246128	1.28854865137456	NA	1.10853777826089	1.30448620960914	1.11744158735034	0.89970938612564	0.992914593679926	1.20214286945917	NA	1.27067807612763	0.956300819711006	1.00446821450118	1.00896425259114
Va85	0.72313267135699	1.35444289718249	1.2544362327878	1.40306280868037	1.27732969516403	1.20185653127388	1.40555547983388	0.858720669353293	1.18425879070266	1.29559966605296	1.27766017263695	1.32434942271668	1.01145443228226	1.06019897561349	1.4692989165977
Va99	1.2117127658494	1.33397064797031	1.41163112308287	1.48024597715631	1.27823204002078	1.389905722441	1.43372647375102	0.976018316982323	1.21751732313565	1.33737903328002	1.4645063802176	1.38299676845566	1.02889924521486	1.21732479712685	1.39402555473822
VaW6	1.23732020849708	1.17245184968083	1.57296712657155	1.8048804079088	1.4013522708857	1.2299799748881	1.37065328749498	1.08949583291762	1.16966195769126	1.20036374612851	NA	1.44289423966625	1.0124247941204	1.10829679497775	NA
W117Ht	0.966163148891742	0.828337477738634	1.42042818238776	1.99394787497615	1.38721163539392	1.30709248555181	1.31430982367319	0.930672534978549	1.22156009127204	0.874012560027634	0.639530447800156	1.31555930515251	1.02170268165207	1.16294274655613	2.12025808217716
W153R	1.00740903966365	1.03784681409991	1.12099687679997	1.35171353188297	1.11673088358083	1.1358102828203	NA	1.08199867157438	1.24505777362803	1.08787942840616	0.827974534856774	1.31403829128177	0.91941766456596	1.00722774082209	NA
W182B	1.23506162880138	1.19683339279326	1.5760343100981	1.77313291210591	1.17116825385621	1.46186292796284	NA	1.07704026096698	1.21858245889346	1.21994496362289	1.12978309107487	1.4187343508018	0.985066401131319	1.13909834804688	NA
W22	1.11532407208156	1.08367713476716	1.48236534498769	1.65823440172734	1.32751452966886	1.26612306579017	1.32410661092963	0.914831621838662	1.28716708079471	1.40283551802874	0.810309730473438	1.43031576432449	1.00460333386808	1.10829679497775	NA
W64A	0.906999073423098	1.10259496219792	1.41596123139927	1.53407175603424	0.967746046806073	1.18874116147089	0.870972742736791	1.02586025283775	0.927060960211202	1.40844041588562	1.38718979264381	1.37397683217043	1.07548352001859	1.18211150294155	1.26126367479288
WD	NA	NA	NA	NA	NA	NA	NA	NA	NA	NA	NA	NA	NA	NA	NA
Wf9	1.00437734868103	1.44543842093332	1.47169188198756	2.0121161161011	1.41081007823238	1.5339489382236	1.68287037186607	1.0748326134668	1.32368662738209	1.292236234414	NA	1.41027288266508	0.999690860449311	1.25417929219872	NA
Yu796	0.803628329507267	0.988891590100313	1.28415630209955	1.518606982889	1.11991374582151	1.37169028352224	1.15646046847204	0.966061688699495	1.08988019593728	1.52652004030751	1.21324641392298	1.3211485482762	1.02245332739552	1.10165831431837	1.12512364336144
