id	B	Ca	CHL	Cu	DW	Fe	FW	K	LA	Mg	Mn	N	P	S	Zn
33-16	12.2007647668762	0.492008958264828	460.910786749482	11.8509841401638	7.78488179310891	102.728743397636	33.3177707715436	2.26668629341999	1407.08670403836	0.209151700596588	73.2793717461182	2.91388318992831	0.282391913565044	0.179406767309748	21.1363914922226
38-11Goodman-Buckler	17.920349842291	0.459583834059867	424.635720723218	17.2986811115461	7.7421039730641	111.528346600245	35.9213157096072	2.35232605889918	1322.07949723202	0.169481138339696	96.6267510887524	2.94576388700277	0.311173646680389	0.207564284139244	25.9708223321927
4226	19.4763233870415	0.459656498781491	398.055669434677	14.3403948701215	6.84652301163313	101.457380012423	27.0851244088975	2.28239648022009	1238.20102862665	0.205567693126132	90.7542148371983	3.08133985808374	0.349207713447911	0.211038349155204	51.622165296872
4722	NA	0.333481906796474	377.977808113805	10.7840938273248	6.04325868507799	99.5503349346044	25.5450575979985	2.49605502070158	1080.79051693478	0.19839967818522	71.7598201729808	2.90644067134363	0.324151788491836	0.195222558232476	NA
A188	16.9298778699836	0.346422890589809	458.104203984198	14.6960249744012	5.30206478375666	105.483364065596	21.0736364655711	2.10015831333883	904.917255774056	0.180479640832939	NA	3.01807845011391	0.351991705109697	0.197858523386264	25.9499347245356
A214NGoodman-Buckler	18.7487675250249	0.359363874383144	382.727409716592	10.7840938273248	5.36693612151879	96.7957142666437	NA	2.41122001198099	1121.81368772899	0.2163197155375	62.2626228408721	2.87667059700489	0.304663846859333	0.182042732463536	35.5770211891618
A239	NA	0.479067974471493	395.0023541186	10.4284637230451	6.85747661608616	103.788212885313	27.402788320284	2.01218126725822	1085.77407303981	0.209151700596588	92.65365430362	2.69246826203392	0.293527880212188	0.179406767309748	NA
A441-5	21.0052213879053	0.34940302536611	402.29618594298	10.102127996461	9.21926849410533	101.042623999442	43.0926497115721	2.97520679281988	1498.90156135471	0.1640837378532	59.4634597356555	2.76490780150047	0.3287592829953	0.190199186419733	24.5223637503462
A554	23.8416585591406	0.495244204213162	352.255939693517	NA	5.09394629914919	98.0670776518563	19.7306017009751	2.44578242294123	935.630226238841	0.237823760360237	NA	2.75572967000375	0.340855738462553	NA	NA
A556	29.6621054552728	0.398186825763149	420.354123712697	9.71720351448578	5.84609380492355	113.959119967014	21.1902472684852	2.3546633395006	1009.31589806956	0.158975596010203	101.39107584916	2.89713752311277	0.293527880212188	0.192586593078688	33.1702495730052
A6	NA	NA	NA	NA	NA	NA	NA	NA	NA	NA	NA	NA	NA	NA	NA
A619	25.6605482141819	0.346422890589809	376.435729671342	10.0728336187655	6.00309546875024	103.364425090242	24.6765081693975	2.37665760102075	1020.92529775935	0.144639566128378	58.4637439080286	2.7520084107114	0.274039938579685	0.179406767309748	NA
A632	19.8401013180497	0.310835185158138	365.240240179058	9.00594330592643	5.76576737226804	96.1600325740374	23.9326116680494	2.43321427350114	1053.6763140676	0.194815670714764	62.6425107341564	2.82457296691209	0.338071746800766	0.168862906694596	28.3567063406922
A634	19.1125454560332	0.430539285246487	436.576788927411	12.5622443487232	5.50653206687979	95.948138676502	19.9115494986004	1.97447681893796	949.358505966535	0.255743797712517	66.4413896669999	2.85062178195849	0.315799813506477	0.187314662771112	36.3792783945473
A635	16.2023220079671	0.336717152744808	337.051046250829	8.29468309736708	NA	92.5578363159351	13.9925459855734	2.21012962093959	758.842551113889	0.201983685655676	56.1844165483225	2.70363203991095	0.293527880212188	0.184678697617324	NA
A641	25.9252451175944	0.454801330625708	354.397761114618	8.4682225406751	5.17140172211796	98.0851124422553	19.9081888017864	2.23778630689961	937.868846613054	0.242099828123678	77.6357903184688	2.76517283922179	0.334322109359205	0.193246235901631	46.7348573810995
A654	21.658990973091	0.411127809556484	294.212107119198	18.252326017198	4.86026940415133	105.059576270526	19.5576960276888	2.41750408670103	955.943383805708	0.234239752889781	68.3408291334216	2.71851707708032	0.349207713447911	0.184678697617324	46.8086220645589
A659	16.5660999389754	0.343187644641475	363.759844874293	10.0728336187655	6.90129103389826	100.609804422282	30.804606919659	2.37979963838077	1336.34105598541	0.176895633362483	77.8380264655304	2.89713752311277	0.301879855197547	0.17677080215596	23.1420345056864
A661	23.4778806281323	0.349658136538143	357.252273847098	8.29468309736708	5.5430440817232	91.9221546233288	21.2183947036713	2.48348687126149	1019.67364792512	0.137471551187466	70.2402685998434	2.72782022531118	0.293527880212188	0.171498871848384	25.5488061218429
A679	19.8401013180497	0.404657317659817	418.256897030947	11.1397239316045	7.33213280905056	101.669273909959	30.7402699209267	2.27297036814003	1277.58593536255	0.194815670714764	55.8045286550381	2.9603989310826	0.315799813506477	0.192586593078688	24.7465489164574
A680	16.2023220079671	0.472597482574826	411.595118159505	12.2066142444435	7.95648826287296	97.8551837543209	32.3205473494991	2.0090392298982	1403.82297771725	0.209151700596588	72.1397080662651	2.91202256028214	0.287959896888616	0.195222558232476	26.3510633272284
A682	26.7518820072067	0.385245841969814	414.648433475582	12.2066142444435	6.48140286319898	110.780711503982	26.5623863228481	2.41750408670103	1132.65973464145	0.144639566128378	71.0000443864121	2.95295641249791	0.313015821844691	0.1899506279249	24.3454203137646
Ab28A	NA	NA	NA	NA	NA	NA	NA	NA	NA	NA	NA	NA	NA	NA	NA
B10	25.3534668836442	0.363933765376679	389.851207393244	9.57202986203398	6.77018298780706	96.2030596601368	27.6154728993767	2.24694948705957	1207.0166490499	0.20858350976184	51.2934898951722	2.7948903534136	0.299599415340981	0.175348675604616	28.6500526610839
B103	23.1141026971241	0.388481087918148	400.86225219996	9.71720351448578	NA	92.7697302134705	NA	2.4269301987811	886.906592569106	0.191231663244308	NA	2.79480289257335	0.293527880212188	0.184678697617324	45.2041076537879
B104	12.9283206288927	0.352893382486476	414.154968373994	10.4284637230451	8.6976821641943	104.84768237299	37.0211690336272	2.37665760102075	1372.60744533773	0.155391588539747	75.5586991058243	2.71851707708032	0.301879855197547	0.17677080215596	25.1476775191501
B105	15.8385440769588	0.469362236626492	391.887355664824	11.1397239316045	7.08385110811533	93.6173058036123	28.8061390174217	2.2541181439799	1253.96150194844	0.19839967818522	74.0391475326869	2.75759029964992	0.287959896888616	0.182042732463536	29.5600921487704
B109	15.4747661459506	0.417598301453152	461.774350677261	10.7840938273248	8.21207236677687	96.1600325740374	32.5618110836871	2.25097610661988	1272.6159125842	0.209151700596588	94.5530937700418	2.83945800408146	0.28517590522683	0.184678697617324	23.9442917110719
B14A	20.5676571800662	0.401422071711483	376.559095946739	10.7840938273248	7.49643687584593	102.09306170503	30.2979530822873	2.2981066670202	1310.86804330122	0.248575782771605	58.0838560147442	2.88783437488191	0.313015821844691	0.182042732463536	30.3623493541559
B164	18.3849895940167	0.530831909644834	384.115280314809	10.7840938273248	6.22581875929507	102.940637295171	24.6282554233641	2.19756147149951	1164.90672597262	0.244991775301149	60.3631833744503	2.96412019037494	0.33528775513898	0.195222558232476	35.5770211891618
B2	15.6332369064901	0.359151261942519	358.85731410564	9.57202986203398	7.68459385559327	99.698300541214	35.995294876338	2.36148923905915	1347.69900007207	0.175067191400003	56.1943829971809	2.71945358661901	0.27259287554903	0.164610139426407	18.6029389277419
B37	17.2936558009919	0.585831090766508	430.686049277201	11.4953540358842	7.35404001795661	100.186016627211	31.2187763190912	2.10958442541889	1242.50755263256	0.252159790242061	59.983295481166	2.84876115231232	0.313015821844691	0.1899506279249	28.7578349433849
B46	21.658990973091	0.394951579814815	374.153453576496	12.9178744530029	7.32117920459753	98.0670776518563	33.3821077662548	2.69400337438295	1412.2513141083	0.187647655773851	70.6201564931278	2.856203670897	0.28517590522683	0.184678697617324	NA
B52	18.1463302181541	0.425923080312661	357.165509673835	10.6540316571404	7.5974831814279	94.8587362867668	32.7691932565036	2.22840760978266	1295.95938934372	0.203186109275344	61.9139062866599	2.84263053092519	0.282462357637669	0.183040162300927	23.1827485859006
B57	10.7456530428431	0.378775350073147	371.408553948911	NA	6.50696127358937	89.1675339553682	27.0127452898474	2.43321427350114	1125.86124970023	0.201983685655676	56.1844165483225	2.5640848164481	0.271255946917899	0.166226941540808	NA
B64	17.2936558009919	0.414363055504818	335.971591341104	8.29468309736708	6.51426367655805	90.0151095455099	28.0582214539042	2.20070350885953	1166.13130915351	0.234239752889781	54.2849770819007	2.66269818769518	0.282391913565044	0.179406767309748	21.9386486976081
B68	20.9314351110745	0.375540104124813	379.797460675912	10.7840938273248	7.05829269772494	100.821698319817	27.8451051549023	1.98704496837804	1237.96437829271	0.230655745419325	74.4190354259712	2.85248241160466	0.315799813506477	0.179406767309748	33.9725067783908
B73	16.9298778699836	0.44995076093649	411.194177764465	11.8509841401638	6.64205572851001	102.728743397636	28.0099687078708	2.15985702317924	1198.44340675893	0.248575782771605	73.2793717461182	2.90644067134363	0.276823930241472	0.1899506279249	NA
B73Htrhm	16.5660999389754	0.385245841969814	377.576867718764	9.71720351448578	7.85790582279574	96.1600325740374	33.3137497093741	2.2981066670202	1360.83674302464	0.205567693126132	83.91623275808	2.8041060408042	0.301879855197547	0.179406767309748	27.9555777379994
B75	NA	0.343187644641475	348.246535743112	10.0728336187655	6.66396293741606	93.4054119060768	NA	2.19441943413948	1161.32917277899	0.191231663244308	50.8659860423416	2.67386196557221	0.32136779683005	0.179406767309748	NA
B76	16.4309955163033	0.402010563141864	369.964426758069	8.99832067510209	7.19491235913208	92.7078188214885	29.7763997000286	2.136775808183	1168.85380619163	0.186427950094425	53.9499549958958	2.61632023054143	0.270888126298261	0.168722114063315	21.843133421455
B77	17.6574337320001	0.320540923003139	413.723186410104	12.9178744530029	8.28874759794804	104.635788475455	34.6567844779912	2.16614109789929	1389.94436833384	0.162559603480659	51.2458739356259	2.94551389391323	0.315799813506477	0.1899506279249	23.5431631083791
B79	15.4747661459506	0.50171469610983	352.595196950859	9.3615734102061	6.17105073702995	92.7697302134705	26.2728698506688	2.76941227102347	1108.91642741198	0.184063648303395	55.0447528684694	2.74456589212672	0.276823930241472	0.171498871848384	21.1363914922226
B84	16.5660999389754	0.420833547401486	426.399071207153	8.29468309736708	NA	92.1340485208642	30.0406051074636	2.34523722742053	1154.44875634658	0.2163197155375	59.6034075878816	2.72409896601883	0.276823930241472	0.171498871848384	23.5431631083791
B97	17.2936558009919	0.343187644641475	402.681904762067	10.4284637230451	7.94918585990428	89.8032156479745	31.8541041418641	2.19441943413948	1353.66225106134	0.219903723007956	56.5643044416068	2.68316511380306	0.271255946917899	0.174134837002172	24.7465489164574
C103	17.2936558009919	0.372304858176479	381.925528926511	9.3615734102061	8.51877329146156	109.50934811877	37.8897184622282	2.50862317014166	1381.67367691022	0.144639566128378	59.2235196945973	2.73154148460352	0.296311871873975	0.182042732463536	22.7409059029936
C123	16.2023220079671	0.294658955416469	395.495819220188	9.3615734102061	6.95605905616338	104.212000680384	27.8209787859067	2.33266907798044	1094.95661806855	0.15180758106929	NA	2.72223833637266	0.343639730124339	0.179406767309748	34.7747639837763
C49A	28.2069937312398	0.540537647489835	423.808379423814	15.0516550786809	4.88947901602607	101.033592217352	17.1209323530027	2.01846534197826	804.373782751723	NA	NA	2.88969500452809	0.33528775513898	0.211038349155204	NA
CH701-30	16.2023220079671	0.427304039298153	459.831331839757	14.3403948701215	7.55120489811105	111.840180991659	31.9666938826087	2.4709187218214	1261.9959088037	0.169727618421571	85.8156722245017	3.09436426560694	0.338071746800766	0.211038349155204	22.3397773003008
CH9	15.1109882149423	0.317305677054805	418.904569976781	11.1397239316045	5.4371592386773	93.1935180085414	22.5815347791145	2.68143522494286	1052.06401936588	0.187647655773851	70.6201564931278	2.80596667045037	0.282391913565044	0.171498871848384	27.1533205326139
CI187-2	16.2050151404403	0.363933765376679	411.524634929613	12.8834518261106	5.74650289682627	106.957646986528	23.6945770626445	2.36607082913913	1024.66454344218	0.152722979158777	55.5817713594298	2.8886148212493	0.303457492454117	0.189666723842228	28.6500526610839
CI21E	NA	NA	NA	NA	NA	NA	NA	NA	NA	NA	NA	NA	NA	NA	NA
CI28AGoodman-Buckler	NA	NA	NA	NA	NA	NA	NA	NA	NA	NA	NA	NA	NA	NA	NA
CI31A	13.3461239706891	0.43567131688907	407.644823827423	9.57202986203398	6.95421536371372	101.042623957013	33.0764804798683	2.86088255777729	1195.52178297282	0.214169562822147	78.2484019562199	2.79260439078346	0.27259287554903	0.186087211782825	23.2915920033015
CI3A	17.2936558009919	0.404657317659817	406.845516556718	11.1397239316045	7.15322393631782	97.6432898567855	31.1262918851728	2.32010092854036	1212.09597301038	0.230655745419325	68.720717026706	2.86364618948169	0.287959896888616	0.187314662771112	32.7691209703125
CI64	12.5645426978845	0.339952398693141	335.971591341104	NA	6.88668622796089	87.0485949800139	27.9697580861763	2.09073220125876	1247.49805828371	0.212735708067044	65.6816138804312	NA	0.243416030300038	0.158319046079444	NA
CI66	13.0003261126019	0.387663052839385	381.737646654368	8.99832067510209	7.62048722841623	97.2785184352049	37.1406894791398	2.54911891538147	1332.58009955315	0.214358215395957	82.7427019701967	2.72376047415796	0.294036588977077	0.172301626122718	24.5223637503462
Ci7Goodman-Buckler	12.7743457367389	0.445236323757389	430.477735141457	12.3315481654312	8.71402495832114	102.924676739131	32.0273213880497	2.26985743745949	1515.65311117446	0.214169562822147	75.1853437674645	2.83375171812596	0.288025184001573	0.193246235901631	35.3481284833119
Ci90CGoodman-Buckler	14.747210283934	0.514655679903165	401.880023971986	NA	6.64570692999435	101.245486114888	31.8420409593768	2.48977094598153	1245.00061086462	0.331007954592096	66.8212775602843	2.82085170761974	0.315799813506477	0.17677080215596	34.7747639837763
Ci91BGoodman-Buckler	NA	NA	NA	NA	NA	NA	NA	NA	NA	NA	NA	NA	NA	NA	NA
CM105	NA	0.443480269039822	438.766540315708	12.2066142444435	4.96615424719724	102.304955602565	17.9412290355703	1.79538068941671	885.581058086567	0.241407767830693	47.0671071094981	2.9083013009898	0.293527880212188	0.195222558232476	33.571378175698
CM174	23.1141026971241	0.440245023091488	432.598226545855	11.8509841401638	5.4371592386773	108.449878631093	20.5911090052373	1.95562459477783	959.185164191677	0.327423947121639	58.0838560147442	2.99202963506751	0.324151788491836	0.211038349155204	35.5770211891618
CM37	25.2967702831737	0.521126171799832	446.723665078819	12.9178744530029	5.91911783461038	98.2789715493918	23.0439569286012	1.80480680149678	957.439365051179	0.241407767830693	NA	2.82829422620443	0.318583805168264	0.1899506279249	25.5488061218429
CM7	27.4794378692232	0.50171469610983	426.707486895645	11.8509841401638	5.33492559711573	95.7362447789666	20.1286868557506	1.88649977285735	872.846197689606	0.244991775301149	NA	2.95109578285174	0.313015821844691	0.187314662771112	30.3623493541559
CML10	21.658990973091	NA	361.971033881036	11.1397239316045	6.59824131069791	93.1935180085414	26.928302984289	2.15985702317924	1148.83388884065	0.248575782771605	75.9385869991086	2.77619659611163	0.290743888550402	0.17677080215596	24.7465489164574
CML103	18.7487675250249	NA	379.149787730077	11.1397239316045	6.98891986952245	105.907151860667	28.6372544103259	2.13157868693905	1240.48121128784	0.241407767830693	110.888273181269	2.76875407752695	0.279607921903258	0.1899506279249	31.966863764927
CML108	14.3834323529258	0.365834366279812	360.089698181231	11.8509841401638	NA	116.713740634974	NA	2.29182259230016	1472.80161222573	0.230655745419325	66.0615017737156	2.87667059700489	0.338071746800766	0.182042732463536	24.3454203137646
CML11	NA	NA	NA	NA	NA	NA	NA	NA	NA	NA	NA	NA	NA	NA	NA
CML14	16.4309955163033	0.488095624956733	472.489550021671	13.4135499605376	8.98347701247492	109.915158543715	34.0470152407591	2.14135739826298	1338.69316298968	0.203186109275344	140.94080755655	3.12380393443229	0.309468897429621	0.218835282894957	33.8996699014654
CML154Q	13.3461239706891	0.368716268810838	429.362846893702	13.9872591474695	8.74853102880364	99.4294358580542	35.786808133733	2.34316287873921	1393.06427451623	0.197411403641228	84.3745183337307	2.80403420393416	0.284167106888437	0.182507699723422	25.9708223321927
CML157Q	NA	NA	NA	NA	NA	NA	NA	NA	NA	NA	NA	NA	NA	NA	NA
CML158Q	14.747210283934	0.372304858176479	370.113208057242	10.0728336187655	9.53745850559285	90.2270034430453	43.4910580642708	2.57460595470212	1729.3477652006	0.19839967818522	68.720717026706	2.72968085495735	0.282391913565044	0.174134837002172	27.5544491353067
CML218	22.1487778558057	0.421140576878501	396.677149174292	12.8616462998582	6.85560266605418	111.797211325834	26.4473371971427	2.06347036690327	1173.17908692503	0.247874533757795	66.2021877509174	2.88149189563756	0.309468897429621	0.190199186419733	28.541209243683
CML220	11.8369868358679	0.2784827256748	418.626995857138	9.3615734102061	7.45627365951817	91.4983668282579	30.2657845849317	2.38922575046084	1259.83642878578	0.155391588539747	NA	2.8301548558506	0.299095863535761	0.17677080215596	24.7465489164574
CML228	20.9314351110745	0.401422071711483	410.453980112082	10.0728336187655	NA	95.3124569838957	NA	2.24783406925985	1323.12850573354	0.241407767830693	NA	2.95109578285174	0.301879855197547	0.179406767309748	28.3567063406922
CML238	13.0003261126019	0.358968032234429	401.671848524237	11.2059353178198	8.94321993024534	99.1605712173234	40.7723940277425	2.85150386066034	1488.69389882389	0.197600056215038	60.0760713734066	2.76719376413061	0.324901205882165	0.179460650241524	23.1827485859006
CML247	NA	NA	NA	NA	NA	NA	NA	NA	NA	NA	NA	NA	NA	NA	NA
CML254	15.8385440769588	0.437009777143154	358.208362481425	9.00594330592643	NA	100.609804422282	NA	2.4269301987811	1251.67619856905	0.291583872417078	92.2737664103357	2.74456589212672	0.279607921903258	0.179406767309748	29.1589635460777
CML258	17.0027737502536	0.440270590615139	379.730847808408	11.7578389784993	8.76493856608577	94.589871603607	38.5193921251247	2.12303103794305	1479.46663325931	0.275804799059326	68.0400226641707	2.6963289225963	0.290178511863941	0.175881138182121	25.192171332569
CML261	14.3834323529258	NA	335.478126239516	7.22779278452805	NA	89.1675339553682	NA	2.08444812653872	1307.90022133893	0.212735708067044	55.0447528684694	2.62548559477175	0.254551996947183	0.16359097638702	19.1307484787588
CML264	NA	NA	NA	NA	NA	NA	NA	NA	NA	NA	NA	NA	NA	NA	NA
CML277	NA	0.414363055504818	383.004983836235	9.00594330592643	6.70047495225947	97.6432898567855	28.5809595359326	2.20698758357957	1213.38566246553	0.237823760360237	66.8212775602843	2.70177141026478	0.279607921903258	0.171498871848384	NA
CML281	NA	NA	NA	NA	NA	NA	NA	NA	NA	NA	NA	NA	NA	NA	NA
CML287	21.658990973091	0.398186825763149	381.894687357662	9.71720351448578	7.529297689205	94.8886691888248	33.4946975110204	2.32010092854036	1340.92848796114	0.223487730478413	73.2793717461182	2.70549266955712	0.301879855197547	0.174134837002172	24.7465489164574
CML311	15.8592172823531	0.392445556273545	457.951407270938	10.6540316571404	10.231446561592	103.46240614788	43.7651875842176	2.26047874034254	1495.6720184071	0.208772162335651	73.5535274039304	2.8609182319663	0.290178511863941	0.18661967436033	23.1827485859006
CML314	15.4747661459506	0.440245023091488	308.491753496408	8.65031320164675	NA	92.7697302134705	NA	2.4991970580616	1438.59996960463	0.2163197155375	77.0782506789617	2.53431474210935	0.254551996947183	0.155683080925656	28.7578349433849
CML321	23.8416585591406	0.414363055504818	378.286223802298	9.3615734102061	NA	92.3459424183997	NA	2.27925444286007	1442.69764146111	0.219903723007956	54.6648649751851	2.69618952132626	0.282391913565044	0.166226941540808	24.3454203137646
CML322	13.9179022046394	0.406976296284114	361.845214609625	9.57202986203398	5.76375593206752	92.1700894127399	24.0644728962985	2.39814195969901	1070.27837735248	0.180653244460309	70.8970623032069	2.68059222190665	0.284167106888437	0.175348675604616	35.3481284833119
CML323	NA	0.398186825763149	398.425768260868	11.8509841401638	10.180069966837	104.212000680384	44.7576926436262	2.02160737933828	1567.8333636373	0.187647655773851	64.5419502005782	2.64595252087964	0.279607921903258	0.192586593078688	21.1363914922226
CML328	NA	NA	NA	NA	NA	NA	NA	NA	NA	NA	NA	NA	NA	NA	NA
CML331	NA	NA	NA	NA	NA	NA	NA	NA	NA	NA	NA	NA	NA	NA	NA
CML332	13.0003261126019	0.378098045971066	369.741449108518	10.6540316571404	10.1221773383974	99.9671652668028	47.4305190335143	2.61326117650123	1426.8712195412	0.203186109275344	68.0400226641707	2.68261314681546	0.278604280524533	0.172301626122718	23.1827485859006
CML333	11.4732089048597	NA	334.645403880586	9.00594330592643	NA	92.3459424183997	NA	2.08759016389874	1221.05357220393	0.148223573598834	64.9218380938625	2.56780607574044	0.254551996947183	0.166226941540808	25.1476775191501
CML341	15.8592172823531	0.497660631825052	373.130709381695	10.102127996461	8.43713089650203	99.4294359004832	42.1174697932097	2.2971314609824	1582.06229225548	0.264632692938713	88.2562067099564	2.89977959667867	0.282462357637669	0.175881138182121	21.1733258392322
CML38	NA	NA	NA	NA	NA	NA	NA	NA	NA	NA	NA	NA	NA	NA	NA
CML45	NA	NA	NA	NA	NA	NA	NA	NA	NA	NA	NA	NA	NA	NA	NA
CML5	NA	NA	NA	NA	NA	NA	NA	NA	NA	NA	NA	NA	NA	NA	NA
CML52	11.4732089048597	0.33024666084814	401.571608283494	9.3615734102061	7.93092985248257	106.119045758203	35.5172917822533	2.5997422535823	1279.09581570028	0.166143610951115	72.8994838528339	2.65897692840284	0.251768005285396	0.16359097638702	NA
CML61	14.7156608144526	0.449835597483458	372.461776433042	12.8616462998582	9.33428872904699	103.73127083104	45.8500550237181	2.38876326258206	1615.7418115662	0.236702427637182	69.2652459396729	2.79233935306213	0.309468897429621	0.18661967436033	24.5223637503462
CML69	16.2023220079671	0.443480269039822	401.417400439247	12.2066142444435	11.2316159943273	105.907151860667	46.8365817892524	2.30124870438022	1736.37960858549	0.166143610951115	53.1453134020477	2.77433596646546	0.254551996947183	0.17677080215596	21.9386486976081
CML77	NA	NA	NA	NA	NA	NA	NA	NA	NA	NA	NA	NA	NA	NA	NA
CML91	16.4309955163033	0.550268169600806	420.714139795902	13.4135499605376	6.9188637952721	107.495376395277	30.5498182545797	2.43457916338189	1129.8109387715	0.214358215395957	112.76067222	2.92035326034992	0.294036588977077	0.200937722597942	30.5506319903514
CML92	15.2874390484029	0.425923080312661	423.523658180246	9.55022433578153	8.92596689500409	99.4294359004832	37.1070625784458	2.35669213202218	1361.06928198379	0.214358215395957	74.7787506794326	2.84263053092519	0.278604280524533	0.18661967436033	27.2015940792374
CMV3	20.203879249058	0.417598301453152	406.999724400964	12.5622443487232	4.92599103086948	103.152531192707	17.8085339839785	1.72311383013621	879.301594511445	0.205567693126132	57.3240802281755	2.89155563417426	0.299095863535761	0.218946244616568	19.9330056841443
CO106	17.6574337320001	0.453186006884823	473.401622133434	18.9635862257573	5.42255443273993	104.000106782848	21.7813434073942	2.35152130214057	890.973174350805	0.223487730478412	105.189954782004	2.98830837577517	0.346423721786125	0.205766418847628	46.8086220645589
CO125	14.747210283934	0.372304858176479	400.214579254126	16.4741754957996	5.20713354516378	99.3384410370689	20.5951300674067	2.3263850032604	892.895272503605	0.15180758106929	NA	2.856203670897	0.368695655080414	0.195222558232476	26.7521919299212
CO255	22.0227689040993	0.543772893438169	485.923299086236	23.9424076856728	4.65215091954387	104.000106782848	16.9480266797164	1.79852272677674	781.579271451537	0.295167879887535	120.765358406662	2.98272648683665	0.315799813506477	0.205766418847628	40.3905644214748
D940Y	20.203879249058	0.446715514988156	411.440910315259	10.7840938273248	10.2275355861334	109.50934811877	42.2847394053939	2.34209519006051	1603.6451063666	0.19839967818522	71.3799322796965	2.89713752311277	0.313015821844691	0.187314662771112	32.3679923676197
DE-2	NA	0.310835185158138	377.268452030272	12.5622443487232	7.28831839123846	100.609804422282	30.2778477714401	2.1818512846994	1234.38938545818	0.144639566128378	78.2179143588147	2.75945092929609	0.287959896888616	0.174134837002172	23.1420345056864
DE1	15.8385440769588	0.291423709468135	330.358425810538	9.71720351448578	8.30335240388541	106.966621348344	29.1077186841515	2.59660021622227	1267.9180194016	0.155391588539747	64.5419502005782	2.87294933771254	0.324151788491836	0.184678697617324	24.7465489164574
DE811	14.747210283934	0.576125352921506	451.781682370099	12.2066142444435	6.74063816858723	111.416393196589	29.6787095081922	2.0813060891787	1151.93704406964	0.241407767830693	96.8324211297478	2.93621074568237	0.296311871873974	0.20313045369384	23.9442917110719
E2558W	13.6558764909093	0.440245023091488	403.699676534093	8.29468309736708	8.6538677463822	98.0670776518563	38.7582678827871	2.23526591981977	1528.1287777795	0.205567693126132	56.5643044416068	2.77247533681929	0.240632038638252	0.184678697617324	19.5318770814516
EP1	20.5676571800662	0.352893382486476	433.215057922841	15.4072851829606	4.49880045720152	98.9146532419981	18.242808698279	2.45835057238132	736.562671992768	0.180479640832939	NA	2.90271941205129	0.354775696771483	0.1899506279249	43.1984646403241
F2834T	11.1094309738514	0.35612862843481	414.926007595226	9.71720351448578	8.39098123950961	101.881167807494	38.1993402452547	2.51176520750169	1404.18142799122	0.141055558657922	73.6592596394025	2.85992493018934	0.329719771815408	0.197858523386264	23.5431631083791
F44	21.658990973091	0.50171469610983	438.149708938723	10.7840938273248	7.22624796600465	102.5168495001	29.4776563997197	2.32010092854036	1067.10978673323	0.201983685655676	73.2793717461182	2.87667059700489	0.28517590522683	0.1899506279249	29.5600921487704
F6	13.5721043465521	0.34462052193195	383.432276790956	10.102127996461	8.3796207790312	103.73127083104	39.7972141093801	2.57660845586136	1433.6186574853	0.1640837378532	62.526517924411	2.74890606308949	0.274746203411397	0.179460650241524	23.1827485859006
F7	16.9298778699836	0.57936059886984	403.576310258696	18.252326017198	4.95885184422856	109.933135913841	19.5375907168416	2.01218126725822	913.863150468857	0.406272111471674	110.888273181269	2.93993200497471	0.318583805168264	0.211038349155204	39.5883072160893
GA209	15.8385440769588	0.479067974471493	369.619742955654	11.8509841401638	7.25545757787939	110.992605401518	35.2478806128791	2.10958442541889	1219.48297477897	0.2163197155375	NA	2.7780572257578	0.251768005285396	0.171498871848384	25.1476775191501
GT112	17.5745519842038	0.449835597483458	409.922021557628	11.7578389784993	8.98922802422201	99.698300583643	43.2944110753833	2.38418167250208	1465.68340532222	0.259046639878407	92.544488174214	2.872348045117	0.278604280524533	0.18661967436033	35.239285065911
H105W	18.0212116630084	0.385245841969814	326.133130878188	7.9390529930874	6.32440119937229	96.1600325740374	25.1308881945452	2.14728887373916	1137.94358429232	0.244991775301149	NA	2.69991078061861	0.304663846859333	0.16359097638702	27.9555777379994
H49	NA	NA	NA	NA	NA	NA	NA	NA	NA	NA	NA	NA	NA	NA	NA
H84	19.4763233870415	0.456421252833157	444.718963103617	11.8509841401638	5.50653206687979	97.0076081641792	20.8082463623875	2.0530277529385	927.379651922437	0.223487730478412	74.4190354259712	2.87853122665106	0.313015821844691	0.187314662771112	43.5995932430169
H91	18.3849895940167	0.407892563608151	412.674573069229	10.7840938273248	7.62422892779788	105.271470168061	32.6703797622623	2.41750408670103	1303.89545394122	0.223487730478412	61.8827349475877	2.99202963506751	0.326935780153622	0.1899506279249	29.5600921487704
H95	20.5676571800662	0.339952398693141	351.29985105919	10.0728336187655	7.24085277194202	93.6173058036123	28.3517589882529	2.24783406925985	1210.87321865742	0.162559603480659	72.8994838528339	2.62548559477175	0.304663846859333	0.171498871848384	22.3397773003008
H99	25.6605482141819	0.365834366279812	390.962108599346	10.7840938273248	4.04240027165883	94.464881393754	15.1908225116671	2.08759016389874	712.992737650919	0.201983685655676	NA	2.95667767179025	0.313015821844691	0.184678697617324	27.9555777379994
Hi27Goodman-Buckler	NA	NA	NA	NA	NA	NA	NA	NA	NA	NA	NA	NA	NA	NA	NA
HP301	18.0212116630084	0.462891744729825	343.959557673064	11.4953540358842	7.30292319717583	102.304955602565	30.5713853138309	2.21641369565964	1366.26104666042	0.19839967818522	77.458138572246	2.82085170761974	0.276823930241472	0.192586593078688	30.7634779568487
I137TN	12.4285478786517	0.34462052193195	382.986321491854	8.44641701442265	5.63638817567257	94.0521422372875	25.3040228022122	2.20091806930276	968.679813850024	0.175255843973813	57.6256248224023	2.56602905267837	0.251597740732581	0.168722114063315	25.192171332569
i1677a	NA	NA	NA	NA	NA	NA	NA	NA	NA	NA	NA	NA	NA	NA	NA
I205	20.207462778092	0.378281275679157	423.833001184834	10.6758371833929	8.31720514777241	102.386947372812	34.0785619201309	2.32483651841928	1475.31957998349	0.197411403641228	55.5817713594298	2.85432538179721	0.303457492454117	0.189666723842228	25.3010147499699
I29	23.0663539478432	0.349586255074201	351.097691901261	7.91631887999566	4.44102323023841	94.0521421948585	17.0162759204916	2.21029676641971	840.156717916934	0.186239297520615	75.7979554052156	2.73088339976971	0.295741338227845	0.186087211782825	29.3198602433067
IA2132Goodman-Buckler	19.0639063101915	0.445236323757389	424.635720723218	11.7796445047517	7.50631249143369	100.773759273853	32.4308441156723	2.26985743745949	1161.98701639065	0.297960358726741	76.4105670429666	2.90233059703013	0.307315569567253	0.189666723842228	34.6783209010891
Ia5125	17.3485716083408	0.402193792849954	349.090893055301	9.02012620135454	5.01612440494672	101.311488640173	18.6303668309817	2.30651015809935	873.584217536918	0.191825350580922	86.212353246984	2.82689383023555	0.307315569567253	0.189666723842228	38.6971663944259
IDS28	13.3461239706891	0.383063779113317	395.336457572202	13.43535548679	6.37336317725833	104.26900015493	25.692014564376	2.11408337474007	1121.23883495337	0.152722979158777	75.1853437674645	2.79946227867388	0.295741338227845	0.175348675604616	31.9990905721979
IDS69	NA	NA	NA	NA	NA	NA	NA	NA	NA	NA	NA	NA	NA	NA	NA
IDS91	16.7767933743906	0.397411289415795	391.322859880282	11.2277408440723	6.59765263539457	98.8917064917347	28.1266016876986	2.43021309025889	1182.28008018355	0.214169562822147	70.2844506654558	2.82460786760541	0.291883261114709	0.186087211782825	29.3198602433067
Il101	NA	NA	NA	NA	NA	NA	NA	NA	NA	NA	NA	NA	NA	NA	NA
Il14H	12.9283206288927	0.456421252833157	383.344241093577	9.3615734102061	6.65666053444737	101.669273909959	34.1822991339541	2.7442759721433	1301.09332378925	0.191231663244308	65.6816138804312	2.82271233726592	0.290743888550402	0.197858523386264	25.1476775191501
ILLHy	16.2023220079671	0.559949123179838	376.312363395945	10.4284637230451	6.6551627528654	102.09306170503	30.9775125929453	2.26668629341999	1330.01587171208	0.248575782771605	66.0615017737156	2.95481704214408	0.307447838521119	0.192586593078688	30.7634779568487
K148	NA	NA	NA	NA	NA	NA	NA	NA	NA	NA	NA	NA	NA	NA	NA
K4	14.3834323529258	0.417598301453152	391.702306251728	11.8509841401638	7.87616183021745	111.628287094124	36.7075261844102	2.64687281398262	1425.14820865972	0.248575782771605	68.3408291334216	2.72037770672649	0.262903971932541	0.174134837002172	25.1476775191501
K55	15.4747661459506	0.459656498781491	402.034231816232	9.71720351448578	6.14184112515522	99.3384410370689	24.3508021336721	2.23840795717979	1050.95355504773	0.273663835064798	NA	2.82271233726592	0.329719771815408	0.192586593078688	35.9781497918545
K64	13.6558764909093	0.385245841969814	367.522516273904	10.7840938273248	6.60189251218225	96.3719264715729	28.6493175928132	2.28553851758012	1165.78858679972	0.212735708067044	61.5028470543034	2.76131155894226	0.279607921903258	0.174134837002172	28.3567063406922
Ki11	12.2007647668762	0.44995076093649	416.992392708127	10.0728336187655	10.5086781004277	99.3384410370689	50.7530963342537	2.30439074174025	1699.21270436121	0.26291181265343	74.0391475326869	2.74828715141906	0.315799813506477	0.195222558232476	29.5600921487704
Ki14	NA	NA	NA	NA	NA	NA	NA	NA	NA	NA	NA	NA	NA	NA	NA
Ki2021	NA	NA	NA	NA	NA	NA	NA	NA	NA	NA	NA	NA	NA	NA	NA
Ki21	NA	NA	NA	NA	NA	NA	NA	NA	NA	NA	NA	NA	NA	NA	NA
KI3	NA	NA	NA	NA	NA	NA	NA	NA	NA	NA	NA	NA	NA	NA	NA
Ki43	NA	NA	NA	NA	NA	NA	NA	NA	NA	NA	NA	NA	NA	NA	NA
Ki44	14.4896804385896	0.421323806586592	416.296356630006	13.43535548679	8.6277597821149	104.80672952125	36.6342058617403	2.39814195969901	1398.0487280334	0.247685881183984	69.0592273899536	2.90233059703013	0.311173646680389	0.196825747961034	33.3387057366435
Ky21	NA	NA	NA	NA	NA	NA	NA	NA	NA	NA	NA	NA	NA	NA	NA
KY226	13.9179022046394	0.368716268810838	409.161071844371	11.2277408440723	7.63283474986952	106.688782303369	31.1866490388361	2.19197040609978	1208.48724449925	0.191825350580922	96.6267510887524	2.79717631604374	0.291883261114709	0.178928187664019	29.3198602433067
KY228	14.1438825805024	0.631570727981516	410.412572386641	14.5173572818965	7.19491235913208	108.033105761596	34.316030385782	2.09554149746315	1209.45377467578	0.275804799059326	66.2021877509174	2.93178307350061	0.267030049185125	0.193778698479136	22.5129410036778
L317	21.658990973091	0.427304039298153	472.661424481052	12.2066142444435	8.21207236677687	105.271470168061	36.0319877319006	2.18813535941944	1385.99519730514	0.212735708067044	63.4022865207251	3.00691467223688	NA	0.1899506279249	33.9725067783908
L578	NA	NA	NA	NA	NA	NA	NA	NA	NA	NA	NA	NA	NA	NA	NA
M14	17.6574337320001	0.343187644641475	430.28510888216	14.6960249744012	7.12766552592743	106.119045758203	30.1531948482082	2.44578242294123	1135.95747716203	0.144639566128378	108.229057928278	2.97528396825197	0.313015821844691	0.195222558232476	29.5600921487704
M162W	15.1109882149423	0.375540104124813	372.642216702882	10.0728336187655	7.0108270784285	110.356923708911	34.5441947372466	2.41750408670103	1320.91964736156	0.19839967818522	NA	2.76317218858843	0.271255946917899	0.17677080215596	22.3397773003008
M37W	13.6558764909093	0.504949942058164	313.210513530346	9.71720351448578	7.15687513780216	100.609804422282	29.891825803173	2.19127739677946	1362.42197107302	0.252159790242061	73.6592596394025	2.75014778106523	0.265687963594327	0.17677080215596	28.7578349433849
MEF156-55-2	24.5692144211571	0.472597482574826	380.599341465992	11.1397239316045	5.60876570844135	114.171013864549	20.1608553531062	2.00275515517815	858.243372446527	0.287999864946622	52.7654255087633	2.89899815275894	0.299374262701939	0.205766418847628	44.0007218457096
Mo17	12.2007647668762	0.375540104124813	384.855477967191	12.2066142444435	5.99214186429721	111.628287094124	28.7216967118633	2.99249692358502	1161.25638542743	0.162559603480659	86.5754480110704	2.84876115231232	0.32136779683005	0.184678697617324	27.9555777379994
Mo18W	NA	NA	NA	NA	NA	NA	NA	NA	NA	NA	NA	NA	NA	NA	NA
MO1W	13.292098559901	0.372304858176479	342.664211781395	13.9847647658419	6.492356467652	111.204499299053	28.5327067898992	2.2981066670202	1295.13500239836	0.212735708067044	94.1732058767574	2.85248241160466	0.290743888550402	0.179406767309748	NA
Mo24W	13.6558764909093	0.411127809556484	416.683977019634	12.2066142444435	8.9532662680982	110.568817606447	39.8721021037245	2.37979963838077	1511.99888121617	0.234239752889781	100.251412169307	2.90085878240511	0.315799813506477	0.195222558232476	22.3397773003008
Mo44	14.3834323529258	0.404657317659817	441.727330925238	11.1397239316045	6.7552429745246	107.602303040951	31.5404612926471	2.76627023366345	1218.43834826624	0.176895633362483	83.5363448647956	2.88597374523574	0.307447838521119	0.182042732463536	26.3510633272284
Mo45	12.2007647668762	0.479067974471493	413.9082358232	10.4284637230451	8.28144519497936	109.933135913841	35.8832084396731	2.3703735263007	1254.38505849666	0.252159790242061	70.6201564931278	2.71479581778798	0.254551996947183	0.171498871848384	26.3510633272284
Mo46	NA	0.320540923003139	452.120939627441	13.6291346615622	6.88303502647655	102.728743397636	28.504559354713	2.19127739677946	1022.8258157426	0.166143610951115	72.5195959595495	2.85248241160466	0.346423721786125	0.187314662771112	26.3510633272284
Mo47	18.3849895940167	0.394951579814815	395.033195687449	10.7840938273248	6.90859343686694	94.2529874962186	27.2620511443533	1.980760893658	1207.24226368828	0.2163197155375	83.91623275808	2.8171304483274	0.265687963594327	0.17677080215596	NA
MoG	NA	NA	NA	NA	NA	NA	NA	NA	NA	NA	NA	NA	NA	NA	NA
Mp339	11.8369868358679	0.411127809556484	390.036861533868	11.4953540358842	8.29605000091673	98.0670776518563	38.3843091090705	2.16614109789929	1402.78749534416	0.219903723007956	90.3743269439139	2.78363911469632	0.271255946917899	0.174134837002172	26.7521919299212
MS1334	21.658990973091	0.352893382486476	475.776422934828	15.0516550786809	5.83514020047053	102.5168495001	22.147260064814	2.24154999453981	980.00527286031	NA	76.318474892393	3.03668474657562	0.385399605051131	0.200494488540052	24.3454203137646
MS153	NA	0.365834366279812	367.800090393547	NA	4.67040692696557	98.7027593444626	17.7602812379451	2.18499332205942	854.21483028574	0.180479640832939	76.6983627856773	2.69991078061861	0.293527880212188	0.184678697617324	24.7465489164574
Ms71	18.7487675250249	0.375540104124813	420.847588814285	12.2066142444435	8.62830933599181	103.152531192707	36.7959895521381	2.20698758357957	1424.57139633109	0.173311625892027	59.6034075878816	2.87667059700489	0.332503763477194	0.182042732463536	25.9499347245356
Mt42	23.8416585591406	0.446715514988156	384.547062278699	9.3615734102061	3.98398104790936	95.5243508814311	14.3021677718168	2.46149260974134	941.866163709266	0.227071737948869	106.329618461857	2.81526981868123	0.301879855197547	0.192586593078688	28.3567063406922
N192	21.2952130420828	0.420833547401486	420.816747245436	12.2066142444435	7.04733909327192	107.17851524588	27.4108304446229	2.11586850013894	1143.6645238181	0.176895633362483	65.6816138804312	2.92318633815917	0.315799813506477	0.20313045369384	26.7521919299212
N28Ht	16.5660999389754	0.427304039298153	462.144449503452	12.5622443487232	7.85060341982706	109.085560323699	32.6020217013606	2.18813535941944	1314.40207039016	0.227071737948869	79.7374659319521	2.91202256028214	0.324151788491836	0.187314662771112	33.571378175698
N6	13.292098559901	0.375540104124813	392.47334547296	11.4953540358842	5.7183017529716	97.43139595925	23.4179157103599	2.17556720997935	993.686003061864	0.162559603480659	83.91623275808	2.70549266955712	0.274039938579685	0.245305896154448	25.1476775191501
N7A	7.62834163118674	0.464366337494027	396.406750290047	11.7796445047517	7.32803112727412	NA	28.8596679762129	1.98579885250054	1192.99639572862	0.264444040364903	143.797847195586	2.77203072711221	0.291883261114709	0.16818965148581	31.9990905721979
NC222	18.0212116630084	0.407892563608151	387.970476420967	8.65031320164675	7.81409140498364	101.457380012423	34.6487423496312	2.47406075918142	1550.64823335925	0.201983685655676	75.9385869991086	2.81340918903506	0.304663846859333	0.17677080215596	25.9499347245356
NC230	17.2936558009919	0.388481087918148	365.240240179058	9.00594330592643	8.266840389042	96.1600325740374	33.8646352265886	2.2981066670202	1486.25556776415	0.201983685655676	63.7821744140095	2.67758322486455	0.268471955256113	0.174134837002172	NA
NC232	12.7743457367389	0.392628785981635	395.336457572202	13.43535548679	8.49548651193199	104.26900015493	36.9502986650446	2.32941810849927	1459.74337900638	0.214169562822147	49.455654981919	2.82689383023555	0.284167106888437	0.186087211782825	30.6594754077523
NC236	14.3834323529258	0.398186825763149	357.499006397892	14.6960249744012	6.34630840827834	101.669273909959	29.1841188613499	2.30439074174025	1294.92907637362	0.194815670714764	NA	2.82643359655826	0.307447838521119	0.184678697617324	36.78040699724
NC238	17.0027737502536	0.315925501326994	384.324187389161	11.2059353178198	9.01798308295742	99.698300583643	36.7035398508233	2.30629464114237	1488.69389882389	0.1640837378532	64.9769644754153	2.76262183887033	0.301752743203349	0.175881138182121	27.2015940792374
NC250	13.6558764909093	0.404657317659817	483.178399458652	10.4284637230451	6.84652301163313	108.873666426163	29.0353395651014	2.21012962093959	956.924001340942	0.176895633362483	77.8380264655304	2.77433596646546	0.290743888550402	0.197858523386264	21.1363914922226
NC258	15.4747661459506	0.327011414899806	406.197843610883	12.9178744530029	8.79991580575586	102.5168495001	42.8155196117612	2.53690150638186	1426.78830154595	0.144639566128378	60.3631833744503	2.85992493018934	0.304663846859333	0.179406767309748	21.5375200949153
NC260	14.747210283934	0.33024666084814	491.598147754501	14.3403948701215	7.85790582279574	106.754727450809	34.9503220083188	2.66886707550278	1294.38920636914	0.148223573598834	84.6760085446487	3.09622489525311	0.326935780153622	0.197858523386264	29.5600921487704
NC262	NA	0.349658136538143	372.30295944554	10.7840938273248	6.09072430437443	98.2789715493918	NA	2.36408945158066	951.884848866895	0.230655745419325	62.2626228408721	2.80782730009655	0.307447838521119	0.195222558232476	23.9442917110719
NC264	18.3849895940167	0.369069612228145	383.899389332864	10.7840938273248	7.55120489811105	102.304955602565	33.6032661855745	2.59660021622227	1333.86592026705	0.187647655773851	78.2179143588148	2.77991785540397	0.28517590522683	0.184678697617324	30.3623493541559
NC290A	15.8385440769588	0.372304858176479	427.046744152987	12.2066142444435	7.80313780053062	99.1265471395335	31.5283981101598	2.15043091109918	1142.81521612813	0.209151700596588	NA	2.80782730009655	0.287959896888616	0.179406767309748	19.9330056841443
NC294	20.203879249058	0.414363055504818	398.024827865828	9.3615734102061	5.85339620789223	98.7027593444626	26.5261967673441	2.15043091109918	977.24813187538	0.209151700596588	61.122959161019	2.64223126158729	0.293527880212188	0.174134837002172	22.7409059029936
NC296	14.3834323529258	0.5275966636965	358.455095032219	10.7840938273248	8.04411709849716	106.754727450809	36.7959895521381	2.41750408670103	1305.69099720137	0.237823760360237	115.826815793965	2.72223833637266	0.299095863535761	0.168862906694596	26.3510633272284
NC296A	NA	NA	NA	NA	NA	NA	NA	NA	NA	NA	NA	NA	NA	NA	NA
NC298	NA	0.385245841969814	420.785905676586	11.1397239316045	8.31430600833843	102.09306170503	34.9020692703276	2.28553851758012	1365.00208151448	0.248575782771605	63.7821744140095	2.79294226292717	0.310231830182905	0.192586593078688	25.5488061218429
NC300	NA	NA	NA	NA	NA	NA	NA	NA	NA	NA	NA	NA	NA	NA	NA
NC302	13.292098559901	0.456421252833157	385.904091308066	11.1397239316045	7.59501931592315	99.9741227296752	30.6115959355254	2.19127739677946	1231.50678687735	0.230655745419325	59.6034075878816	2.80968792974272	0.326935780153622	0.182042732463536	29.1589635460777
NC304	13.0003261126019	0.392445556273545	364.612963168842	11.2059353178198	9.00648105946325	92.1700894551689	33.9797614393712	2.14135739826298	1286.09774927158	0.175255843973813	61.9139062866599	2.73061836204838	0.317185051655893	0.179460650241524	26.5317864970146
NC306	19.4763233870415	0.372304858176479	379.396520280871	10.7840938273248	6.33535480382532	97.6432898567855	26.1602801099242	2.00275515517815	1117.57336729409	0.173311625892027	62.2626228408721	2.74270526248055	0.299095863535761	0.182042732463536	24.7465489164574
NC310	13.292098559901	0.508185188006497	416.930709570428	10.4284637230451	6.86843022053918	119.68025520047	29.292687535904	2.28239648022009	1335.76973014057	0.212735708067044	91.8938785170513	2.84131863372763	0.28517590522683	0.1899506279249	22.3397773003008
NC314	NA	NA	NA	NA	NA	NA	NA	NA	NA	NA	NA	NA	NA	NA	NA
NC318	15.8385440769588	0.359363874383144	399.011758069004	11.8509841401638	7.98204667326335	104.212000680384	33.9892881498205	2.27611240550005	1395.64445922123	0.191231663244308	59.983295481166	2.85992493018934	0.293527880212188	0.187314662771112	28.3567063406922
NC320	16.5660999389754	0.459656498781491	400.738885924563	10.7840938273248	7.76297458420286	101.245486114888	34.4758366763449	2.42064612406105	1409.16059490922	0.2163197155375	79.7374659319521	2.94179263462088	0.276823930241472	0.187314662771112	31.1646065595415
NC324	11.8369868358679	0.456421252833157	413.322246015064	11.1397239316045	5.91546663312604	98.3539771678441	25.9833533744685	2.04988571557848	869.685617263661	0.173311625892027	84.6760085446487	2.66269818769518	0.282391913565044	0.168862906694596	21.9386486976081
NC326	16.5660999389754	0.472597482574826	462.514548329643	12.5622443487232	8.566238910758	107.814196938486	34.9905326380554	2.24154999453981	1405.75422000969	0.191231663244308	75.17881121254	2.94923515320557	0.28517590522683	0.192586593078688	24.3454203137646
NC328	14.0196544219175	0.420833547401486	424.116795112307	11.4953540358842	7.80313780053062	110.992605401518	38.4767935389678	2.47720279654145	1336.55210272836	0.180479640832939	74.0391475326869	2.91202256028214	0.318583805168264	0.187314662771112	21.9386486976081
NC33	12.4285478786517	0.626788224547357	440.113195306849	11.2059353178198	6.55655005520586	116.905640305869	29.4401307536178	2.23757078994262	1072.54422186133	0.281390852119632	105.409332566987	2.84034456829505	0.278604280524533	0.193778698479136	49.9750518748126
NC336	12.9283206288927	0.388481087918148	385.133052086835	12.9178744530029	6.48505406468332	102.940637295171	28.1306005729543	2.37979963838077	1064.22060437187	0.244991775301149	NA	2.88411311558957	0.310231830182905	0.184678697617324	25.9499347245356
NC338	15.4747661459506	0.482303220419827	410.700712662876	10.4284637230451	8.42019085138434	99.9741227296752	35.6540078919935	2.02789145405833	1451.42773446036	0.284415857476166	63.0223986274408	2.84131863372763	0.290743888550402	0.182042732463536	27.5544491353067
NC340	NA	0.462891744729825	421.988726861708	11.4953540358842	8.81452061169322	102.5168495001	37.190053640723	2.34523722742053	1441.5886402053	0.223487730478412	57.7039681214599	2.89341626382043	0.279607921903258	0.187314662771112	28.7578349433849
NC342	18.3849895940167	0.314070431106471	355.92608638658	12.2066142444435	7.68264815154735	94.2529874962186	33.4946975029783	2.28553851758012	1350.15748521926	0.180479640832939	59.983295481166	2.67944385451072	0.279607921903258	0.174134837002172	21.9386486976081
NC344	14.3834323529258	0.466126990678158	452.213464333988	14.3403948701215	10.1106971386345	110.356923708911	45.9720534147787	2.32952704062042	1591.18018097188	0.187647655773851	83.5363448647956	2.8171304483274	0.301879855197547	0.182042732463536	24.7465489164574
NC346	12.5645426978845	0.424068793349819	342.232429817505	10.0728336187655	7.29562079420714	102.304955602565	36.3134620837621	2.38922575046084	1304.24366277879	0.194815670714764	87.3352237976391	2.72409896601883	0.315799813506477	0.16359097638702	25.1476775191501
NC348	12.2007647668762	NA	453.909750620698	12.5622443487232	8.34351562021317	102.09306170503	33.8565931022497	2.20070350885953	1405.3551697557	0.241407767830693	67.9609412401373	2.85248241160466	0.287959896888616	0.184678697617324	26.3510633272284
NC350	16.4309955163033	0.43548808718098	372.283394313401	11.2059353178198	7.75276049859914	98.8917065341636	31.8612671193529	2.30629464114237	1319.77726858229	0.214358215395957	76.6165855926859	2.84491649355533	0.305610820316485	0.190199186419733	28.541209243683
NC352	10.0180971808266	0.317305677054805	384.948002673739	9.71720351448578	6.95605905616338	90.6507912381162	29.9682259803714	2.43321427350114	1176.72717240535	0.194815670714764	NA	2.66828007663369	0.265687963594327	0.16359097638702	21.5375200949153
NC354	13.5721043465521	0.358968032234429	394.046012909589	15.0692609425759	7.45945889949791	100.236029949963	31.2559830279191	2.26506033042252	1223.92904753022	0.1640837378532	71.1030808529261	2.85177438144575	0.321043128769029	0.18661967436033	23.8525561681234
NC356	18.3849895940167	0.378775350073147	387.84711014557	10.4284637230451	7.36134242092529	97.43139595925	29.3932140981823	2.03417552877837	1108.52615553205	NA	NA	2.75386904035758	0.329719771815408	0.17677080215596	27.5544491353067
NC358	12.5645426978845	0.375540104124813	433.770206162127	11.1397239316045	7.07654870514665	99.1265471395335	31.978757069117	2.51176520750169	1181.37312687479	0.158975596010203	48.5866586826355	2.81526981868123	0.354775696771483	0.17677080215596	21.9386486976081
NC360	13.6558764909093	0.417598301453152	417.177442121222	10.4284637230451	9.92448586293306	97.8551837543209	43.2779417652689	2.46777668446138	1632.84856225924	0.19839967818522	63.7821744140095	2.74456589212672	0.301879855197547	0.174134837002172	21.1363914922226
NC362	17.6574337320001	0.437009777143154	420.076549593053	13.6291346615622	8.43844685880605	103.364425090242	38.7019730204569	2.81340079406378	1264.20879059712	0.241407767830693	86.9553359043548	2.86550681912786	0.299095863535761	0.192586593078688	25.1476775191501
NC364	22.0227689040993	0.479067974471493	347.753070641524	11.4953540358842	7.68264815154735	100.821698319817	32.1677469951022	2.36723148894068	1150.90924277386	0.302335894828447	94.5530937700418	2.76131155894226	0.301879855197547	0.1899506279249	22.7409059029936
NC366	11.4732089048597	0.401422071711483	437.193620304396	10.0728336187655	9.71271617684124	97.2195020617146	44.0017329597908	2.47720279654145	1535.80144247052	0.158975596010203	69.8603807065591	2.79480289257335	0.28517590522683	0.179406767309748	24.3454203137646
NC368	16.5660999389754	NA	NA	NA	7.65343853967262	97.2195020617146	32.0993889342005	2.18813535941944	1243.8177249605	0.15180758106929	59.983295481166	2.80038478151186	0.28517590522683	0.179406767309748	19.5318770814516
ND246	17.6574337320001	0.407892563608151	478.336273149317	13.2735045572825	5.6306729173474	99.7622288321398	20.1005394205645	2.06873793973861	862.127802966553	0.194815670714764	74.7989233192556	2.83201548549677	0.310231830182905	0.200494488540052	35.175892586469
Oh40B	18.3849895940167	0.433774531194821	395.927601184078	11.8509841401638	8.29970120240107	106.542833553274	36.8965161063743	2.25097610661988	1454.52028248737	0.130303536246554	80.1173538252365	2.69246826203392	0.279607921903258	0.168862906694596	26.7521919299212
Oh43	34.7549964893885	0.327011414899806	385.472309344176	11.8509841401638	6.15644593109258	101.457380012423	23.5586528862907	2.23526591981977	1067.15514166585	0.162559603480659	57.7039681214599	2.82643359655826	0.301879855197547	0.187314662771112	33.1702495730052
Oh43E	20.9314351110745	0.336717152744808	395.071710097524	10.7840938273248	7.03638548881889	103.364425090242	29.3328981575985	2.52119131958175	1163.43305642787	0.15180758106929	56.5643044416068	2.77991785540397	0.324151788491836	0.184678697617324	23.5431631083791
Oh603	16.2023220079671	0.35612862843481	322.123726927784	10.0728336187655	8.56989011224234	103.788212885313	35.7867029435853	2.41436204934101	1601.79981898679	0.173311625892027	55.8045286550381	2.64409189123347	0.287959896888616	0.174134837002172	20.7352628895298
OH7B	15.8385440769588	0.611713058353178	399.59774787714	13.2735045572825	8.07697791185623	103.788212885313	33.5389291908633	2.06245386501857	1347.96984125125	0.266495820123886	NA	2.85806430054317	0.349207713447911	0.1899506279249	NA
Os420	14.0196544219175	0.365834366279812	362.156083294131	10.0728336187655	6.7296845641342	100.397910524746	34.1863202041656	3.03334340926531	1310.68369744603	0.176895633362483	60.3631833744503	2.7389840031882	0.324151788491836	0.171498871848384	25.1476775191501
P39Goodman-Buckler	12.2025675027887	0.426106310020751	412.684118707278	9.57202986203398	4.39501513626175	101.580353323333	18.4084293307893	2.52184489185855	776.802889254625	0.225341668942759	154.212245037354	2.84518153127666	0.315031723793525	0.207564284139244	35.3481284833119
Pa762	20.203879249058	0.401422071711483	391.332207425537	13.2735045572825	6.89763983241392	100.821698319817	28.1024531377681	2.17242517261933	1228.07883180827	0.166143610951115	56.1844165483225	2.8822524859434	0.290743888550402	0.182042732463536	27.1533205326139
Pa875	16.5660999389754	0.391716333866482	405.796903215843	11.1397239316045	8.33256201576014	104.84768237299	36.1727249078314	2.17242517261933	1370.0931727017	0.227071737948869	89.2346632640609	2.83387611514294	0.310231830182905	0.184678697617324	28.3567063406922
Pa880	10.7456530428431	0.398186825763149	408.264228723784	13.6291346615622	7.67899695006301	103.576318987778	31.1946499420534	2.17556720997935	1254.03611812792	0.184063648303395	70.6201564931278	2.8171304483274	0.301879855197547	0.17677080215596	25.1476775191501
Pa91	13.6558764909092	0.472597482574826	413.414770721612	17.5410658086386	8.47130767216512	110.992605401518	40.4310297452779	2.42064612406105	1433.87720436221	0.194815670714764	75.5586991058243	2.91016193063597	0.282391913565044	0.208402384001416	30.3623493541559
R109B	NA	NA	NA	NA	NA	NA	NA	NA	NA	NA	NA	NA	NA	NA	NA
R168	17.2936558009919	0.339952398693141	416.930709570428	10.4284637230451	5.69274334258121	98.4908654469272	22.6780402711813	2.33266907798044	1020.36238452298	0.148223573598834	66.0615017737156	2.84503989301997	0.340855738462553	0.184678697617324	31.5657351622342
R177	15.8385440769588	0.498479450161496	417.455016240866	13.2735045572825	7.89076663615482	101.245486114888	32.3607579792357	2.27297036814003	1272.60128196077	0.287999864946622	89.9944390506296	2.79666352221952	0.279607921903258	0.187314662771112	24.3454203137646
R229	15.8385440769588	0.547008139386503	396.174333734872	12.5622443487232	7.41245924170607	102.304955602565	33.1529072266172	2.20384554621955	1248.54853704581	0.241407767830693	NA	2.66828007663369	0.262903971932541	0.166226941540808	20.7352628895298
R4	15.0614586725398	0.402193792849954	458.751301104538	11.7796445047517	7.53506755016911	115.830181530801	33.3454956316167	2.36148923905915	1281.10005745152	0.175067191400003	72.1222855787091	2.93890599911236	0.299599415340981	0.193246235901631	25.3010147499699
SA24	14.4896804385896	0.43567131688907	355.334267242732	9.57202986203398	7.96064241945326	97.0096537096161	33.6952153288895	2.46686581089876	1378.81506966813	0.230927722003066	94.7889161754992	2.7011658855779	0.284167106888437	0.175348675604616	29.3198602433067
SC213R	NA	NA	NA	NA	NA	NA	NA	NA	NA	NA	NA	NA	NA	NA	NA
SC357	17.3485716083408	0.43567131688907	410.632724331408	9.57202986203398	7.52356552667495	99.9671652243738	33.2042626769488	2.40730513985898	1227.32413044525	0.180653244460309	113.167265308032	2.86804115757805	0.284167106888437	0.182507699723422	28.6500526610839
SC55	10.3818751118349	0.469362236626492	390.098544671566	8.29468309736708	7.39055203280002	92.7697302134705	35.416765228017	2.41436204934101	1280.04826928542	0.234239752889781	89.9944390506296	2.71293518814181	0.243416030300038	0.171498871848384	22.3397773003008
SD40	11.1094309738514	0.372304858176479	447.95732783279	9.71720351448578	6.3864716246061	101.033592217352	26.292975161516	2.37665760102075	1003.40439467364	0.194815670714764	69.1006049199904	2.64967378017198	0.260119980270755	0.168862906694596	22.3397773003008
SD44	20.203879249058	0.336717152744808	394.385522741614	10.7840938273248	5.74751136484633	98.7027593444626	22.2115970595252	2.21012962093959	1023.85946928776	0.158975596010203	75.9385869991086	2.83201548549677	0.293527880212188	0.184678697617324	NA
Sg1533	17.3485716083408	0.493061358098983	363.495249216303	10.1239335227134	7.2992760685387	100.236029907534	32.0138706304623	2.42563150017891	1304.40409333897	0.197411403641228	96.6267510887524	2.71488166135873	0.27259287554903	0.16818965148581	29.9896678255295
Sg18	17.920349842291	0.488278854664824	396.139177110586	11.7796445047517	7.37979023299787	98.8917064917347	27.9181149450936	2.23778630689961	1305.87641890061	0.236513775063372	84.3745183337307	2.81774997971499	0.295741338227845	0.186087211782825	21.2821692566331
T232	10.7456530428431	0.411127809556484	426.028972380962	10.0728336187655	8.71958937310035	102.5168495001	36.3215042161431	2.28868055494014	1437.77151055305	0.209151700596588	53.1453134020477	2.80596667045037	0.287959896888616	0.182042732463536	25.5488061218429
T234	11.8369868358679	0.336717152744808	406.259526748582	10.7840938273248	7.59501931592315	98.9146532419981	36.5386415732933	2.34209519006051	1374.68426233327	0.176895633362483	NA	2.74456589212672	0.276823930241472	0.174134837002172	24.7465489164574
T8	12.9283206288927	0.446715514988156	452.491038453632	13.6291346615622	7.90537144209218	106.754727450809	36.6632944965252	2.43949834822118	1232.87109251198	0.173311625892027	92.2737664103357	2.73712337354203	0.265687963594327	0.174134837002172	21.5375200949153
Tx303	NA	NA	NA	NA	NA	NA	NA	NA	NA	NA	NA	NA	NA	NA	NA
Tx601	12.9283206288927	0.524361417748166	400.091212978729	11.1397239316045	8.37637643357224	100.821698319817	44.1143226924933	2.48034483390147	1442.26018582063	0.234239752889781	56.5643044416068	2.85062178195849	0.28517590522683	0.182042732463536	35.9781497918545
Tzi10	18.3849895940167	0.495244204213162	401.263192595001	11.1397239316045	9.48269048332773	105.271470168061	40.8572623352395	2.46463464710136	1390.1012817701	0.2163197155375	116.20670368725	2.8301548558506	0.301879855197547	0.187314662771112	30.3623493541559
Tzi11	14.747210283934	0.414363055504818	379.982510089007	15.4072851829606	7.36499362240963	105.271470168061	28.9147076959968	2.45520853502129	1192.33073229088	0.19839967818522	69.1006049199904	2.79480289257335	0.299095863535761	0.179406767309748	29.1589635460777
Tzi16	NA	NA	NA	NA	NA	NA	NA	NA	NA	NA	NA	NA	NA	NA	NA
Tzi18	NA	0.352893382486476	400.46131180492	NA	8.94231266364518	NA	39.401637829899	2.31381685382031	1498.3364392939	0.180479640832939	60.7430712677347	2.62734622441792	0.24898401362361	NA	NA
Tzi25	15.1109882149423	0.343187644641475	371.346870811213	11.1397239316045	7.71916016639076	100.186016627211	35.5293549647406	2.52433335694177	1406.42283950033	0.194815670714764	NA	2.75572967000375	0.268471955256113	0.168862906694596	23.9442917110719
Tzi8	NA	0.424068793349819	418.565312719439	11.1397239316045	7.85060341982706	100.397910524746	36.1767459700008	2.36723148894068	1328.69253182306	0.2163197155375	71.7598201729808	2.83387611514294	0.299095863535761	0.184678697617324	25.9499347245356
Tzi9	NA	0.359363874383144	422.543875100994	11.1397239316045	8.0915827177936	93.4054119060768	35.7545344502508	2.61231040302238	1416.46273906193	0.187647655773851	47.8268828960668	2.76875407752695	0.260119980270755	0.171498871848384	21.5375200949153
U267Y	NA	NA	NA	NA	NA	NA	NA	NA	NA	NA	NA	NA	NA	NA	NA
VA102	14.3834323529258	0.430539285246487	403.792201240641	15.0516550786809	7.46357606248685	105.695257963132	35.8751663113132	2.70028744910299	1306.06554116111	0.244991775301149	86.9553359043548	2.8692280784202	0.296311871873974	0.1899506279249	23.1420345056864
Va14	NA	NA	NA	NA	NA	NA	NA	NA	NA	NA	NA	NA	NA	NA	NA
Va17	NA	NA	NA	NA	NA	NA	NA	NA	NA	NA	NA	NA	NA	NA	NA
Va22	17.6574337320001	0.404657317659817	454.68078984193	13.2735045572825	8.25953798607331	110.992605401518	40.3264821369144	2.55575373054199	1509.38255998173	0.173311625892027	56.9441923348912	2.85062178195849	0.28517590522683	0.17677080215596	20.3341342868371
Va26	15.2874390484029	0.425923080312661	429.575752798627	11.2059353178198	9.2344087823925	104.537864880519	30.876986034688	2.38418167250208	1244.12496805248	0.231116374576876	66.2021877509174	2.81291301673339	0.270888126298261	0.183040162300927	26.5317864970146
Va35	NA	0.385245841969814	436.453422652014	15.4072851829606	7.90902264357652	105.483364065596	35.4328494726738	2.43007223614112	1262.65062920208	0.212735708067044	62.2626228408721	2.91016193063597	0.293527880212188	0.195222558232476	25.5488061218429
Va59	17.2936558009919	0.407892563608151	436.484264220863	12.2066142444435	6.79540619085235	118.196997917722	29.1921609856888	2.44892446030125	1074.7861090801	0.244991775301149	100.251412169307	2.98086585719048	0.301879855197547	0.192586593078688	23.5431631083791
Va85	11.8369868358679	0.385245841969814	397.808936883883	9.71720351448578	7.17147994373953	101.881167807494	31.1946499500955	2.10015831333883	1272.75344044442	0.169727618421571	67.2011654535686	2.71479581778798	0.265687963594327	0.168862906694596	25.9499347245356
Va99	16.2023220079671	0.430539285246487	396.328541579118	10.7840938273248	8.36542282911921	104.635788475455	36.8281580454726	2.01846534197826	1472.33891875983	0.158975596010203	69.1006049199904	2.67386196557221	0.307447838521119	0.174134837002172	25.1476775191501
VaW6	17.6574337320001	0.333481906796474	419.305510371822	11.8509841401638	7.49278567436159	88.108064467691	28.7377809605411	2.34837926478055	1236.1830998904	0.191231663244308	NA	2.86364618948169	0.346423721786125	0.187314662771112	28.7578349433849
W117Ht	14.4896804385896	0.397411289415795	439.664414302963	12.8834518261106	6.6896688233479	98.3539771254151	24.8580675939561	2.19655199617976	1053.75638165501	0.152722979158777	66.6087808389493	2.7948903534136	0.307315569567253	0.182507699723422	36.6877436477575
W153R	12.5645426978845	0.327011414899806	403.668834965244	9.3615734102061	4.39656681563996	104.84768237299	NA	2.27925444286007	845.622630912302	0.173311625892027	46.3073313229294	2.98458711648283	0.299095863535761	0.17677080215596	21.1363914922226
W182B	19.4763233870415	0.459656498781491	362.21776643183	12.9178744530029	5.20713354516378	102.940637295171	NA	2.46463464710136	1019.82397758084	0.209151700596588	121.525134193231	2.84876115231232	0.299095863535761	0.22949010523172	NA
W22	20.9314351110745	0.407892563608151	383.621815213221	13.2735045572825	6.79905739233669	102.09306170503	29.2203084168539	2.29496462966018	1299.45286513743	0.223487730478412	79.7374659319521	2.83201548549677	0.307447838521119	0.187314662771112	31.966863764927
W64A	17.2936558009919	0.343187644641475	365.116873903661	10.0728336187655	4.47324204681113	93.8291997011477	15.8583188317957	2.37979963838077	839.189911556776	0.144639566128378	68.3408291334216	2.69805015097243	0.32136779683005	0.17677080215596	32.7691209703125
WD	NA	NA	NA	NA	NA	NA	NA	NA	NA	NA	NA	NA	NA	NA	NA
Wf9	15.8385440769588	0.411127809556484	392.565870179508	16.8298056000793	8.23397957568292	109.50934811877	39.0558264873474	2.45206649766127	1485.65498067245	0.2163197155375	86.5754480110704	2.85806430054317	0.296311871873975	0.179406767309748	30.7634779568487
Yu796	10.7456530428431	0.394951579814815	419.76813390456	14.3403948701215	6.49965887062069	107.602303040951	26.2768909128382	2.24783406925985	1172.6082861449	0.298751887357991	75.9385869991086	2.91760444922066	0.290743888550402	0.200494488540052	27.9555777379994
