Year	ID	Treatment	DW	CHL	LA	FW	N	P	K	Mg	Ca	S	Na	Fe	Mn	B	Cu	Zn
2018	33-16	HN	7.57	429.1	1593.5	35.25	3.04	0.3	2.57	0.21	0.48	0.17	0.001	114	53	11	12	16
2018	38-11Goodman-Buckler	HN	NA	NA	NA	NA	NA	NA	NA	NA	NA	NA	NA	NA	NA	NA	NA	NA
2018	4226	HN	7.09	367.6	1264	27.65	3.06	0.48	2.39	0.2	0.49	0.22	0.002	97	90	26	15	45
2018	4722	HN	4.77	380.1	745.8	19.45	3	0.44	2.92	0.14	0.3	0.21	0.001	102	64	30	11	23
2018	A6	HN	NA	NA	NA	NA	NA	NA	NA	NA	NA	NA	NA	NA	NA	NA	NA	NA
2018	A188	HN	4.16	430.7	739.8	17.45	3.11	0.41	2.23	0.12	0.25	0.17	0.001	110	16	17	11	19
2018	A214NGoodman-Buckler	HN	NA	404.6	1378	39.9	2.73	0.33	2.77	0.21	0.37	0.18	0.001	100	48	21	12	30
2018	A239	HN	7.41	381.3	1090.4	30	2	0.29	2.11	0.17	0.45	0.13	0.001	84	69	9	9	17
2018	A441-5	HN	11.05	399.3	1781.2	51.3	2.36	0.41	3.95	0.12	0.31	0.18	0.001	100	41	24	8	18
2018	A554	HN	3.79	212.4	827.8	15	1.72	0.36	2.76	0.21	0.49	0.12	0.001	68	66	22	7	24
2018	A556	HN	4.76	418.6	873	16.75	2.57	0.31	2.64	0.13	0.39	0.18	0.001	116	115	41	7	28
2018	A619	HN	5.27	326.4	979.9	23.45	2.2	0.26	2.61	0.12	0.37	0.14	0.001	81	39	21	7	19
2018	A632	HN	5.48	391.8	983.6	20.55	2.77	0.38	2.27	0.18	0.28	0.14	0.001	83	51	25	8	25
2018	A634	HN	5.69	449.6	1002.6	20.7	2.59	0.38	2.06	0.23	0.34	0.17	0.001	82	63	20	11	32
2018	A635	HN	1.54	198.4	442.3	6.500000001	1.96	0.33	2.29	0.18	0.26	0.15	0.001	60	44	15	5	16
2018	A641	HN	NA	NA	NA	NA	NA	NA	NA	NA	NA	NA	NA	NA	NA	NA	NA	NA
2018	A654	HN	4.31	236.2	850.9	17.7	2.25	0.5	2.64	0.19	0.4	0.16	0.001	108	47	21	22	46
2018	A659	HN	8.01	337.3	1700.5	38.90000001	2.92	0.35	2.84	0.18	0.37	0.16	0.002	114	61	17	11	19
2018	A661	HN	5.57	324.6	944.3	20.2	2.37	0.35	2.46	0.1	0.36	0.15	0.002	69	55	26	7	25
2018	A679	HN	9.34	474.3	1544.3	40.95	3.15	0.34	2.25	0.21	0.5	0.17	0.001	110	55	17	11	19
2018	A680	HN	8.09	414.6	1479.3	32.94999999	2.67	0.28	1.72	0.24	0.62	0.17	0.002	92	67	18	12	21
2018	A682	HN	7.5	476.7	1190	30.39999999	3.28	0.36	2.68	0.1	0.4	0.18	0.002	131	64	28	14	22
2018	Ab28A	HN	NA	NA	NA	NA	NA	NA	NA	NA	NA	NA	NA	NA	NA	NA	NA	NA
2018	B2	HN	NA	NA	NA	NA	NA	NA	NA	NA	NA	NA	NA	NA	NA	NA	NA	NA
2018	B10	HN	NA	NA	NA	NA	NA	NA	NA	NA	NA	NA	NA	NA	NA	NA	NA	NA
2018	B14A	HN	7.36	382.2	1344.6	28.8	2.8	0.4	2.16	0.25	0.41	0.17	0.001	104	50	25	12	28
2018	B37	HN	6.06	412.6	1118.1	27.65	2.67	0.36	2.32	0.29	0.78	0.18	0.002	94	47	20	10	23
2018	B46	HN	7.71	323.2	1599.1	36.75	2.36	0.29	2.9	0.19	0.44	0.15	0.001	89	68	22	11	23
2018	B52	HN	8.23	298.1	1429.3	35.94999999	2.7	0.29	2.32	0.19	0.47	0.16	0.001	77	45	19	9	16
2018	B57	HN	6.47	283.8	1224.5	29.3	1.48	0.23	3	0.16	0.3	0.1	0.001	53	44	6	4	15
2018	B64	HN	7.37	313.3	1335	34.2	1.97	0.28	2.49	0.2	0.45	0.17	0.002	75	44	17	6	15
2018	B68	HN	8.35	396.3	1408.3	30.54999999	2.75	0.38	2.06	0.24	0.37	0.16	0.001	104	59	27	11	28
2018	B73	HN	6.58	361.7	1344.3	28.05	2.66	0.26	1.98	0.24	0.45	0.17	0.001	101	58	18	10	15
2018	B73Htrhm	HN	9.18	371.2	1575.4	35.55	2.78	0.35	2.34	0.2	0.34	0.17	0.001	87	75	15	11	25
2018	B75	HN	8.72	299.3	1520.1	35.85	2.08	0.36	2.49	0.15	0.35	0.13	0.002	76	37	10	8	17
2018	B76	HN	7.53	326.8	1208.9	31.5	1.71	0.26	2.12	0.16	0.42	0.12	0.001	69	32	16	6	14
2018	B77	HN	9.45	419.2	1543.7	38.60000001	2.99	0.42	2.42	0.13	0.3	0.17	0.002	113	43	19	12	21
2018	B79	HN	7.72	314.6	1336.4	32.4	2.2	0.3	2.96	0.17	0.62	0.13	0.001	82	43	15	7	15
2018	B84	HN	10.03	542	1478.6	39.20000001	2.93	0.32	2.26	0.22	0.45	0.18	0.001	84	50	14	8	23
2018	B97	HN	7.26	391.7	1312.4	28.65	2.01	0.28	2.46	0.19	0.26	0.13	0.001	61	45	15	8	19
2018	B103	HN	6.47	406	985.3	25.6	2.63	0.3	2.57	0.15	0.36	0.15	0.001	81	50	22	9	32
2018	B104	HN	10.65	392.3	1625.9	44.90000001	2.49	0.35	2.84	0.13	0.35	0.14	0.001	117	61	13	8	17
2018	B105	HN	8.29	391.5	1458.9	33.15	2.55	0.33	2.38	0.2	0.63	0.16	0.001	85	82	17	9	27
2018	B109	HN	8.15	503.8	1227.9	29.95	2.6	0.32	2.31	0.15	0.41	0.17	0.001	85	74	19	12	20
2018	B164	HN	5.31	317.9	1150.5	22.45	3.14	0.4	2.54	0.25	0.54	0.19	0.001	110	51	22	9	27
2018	C49A	HN	3.71	408.6	585.9	12.6	2.89	0.37	2.12	0.18	0.5	0.2	0.001	93	46	32	11	33
2018	C103	HN	11.49	406.1	1665.9	50.75000001	2.38	0.33	2.95	0.1	0.42	0.16	0.001	135	47	14	8	19
2018	C123	HN	6.48	418.8	1087.3	26.25	2.24	0.4	2.48	0.1	0.21	0.15	0.001	115	49	13	8	26
2018	CH9	HN	6.13	404.9	1279.9	26.75	2.25	0.3	3.44	0.16	0.29	0.14	0.001	79	56	14	8	24
2018	CH701-30	HN	8.83	517	1482.6	36.6	3.55	0.39	2.4	0.18	0.58	0.23	0.002	134	82	16	12	21
2018	CI3A	HN	7.94	404.2	1269.7	33.69999999	2.64	0.31	2.43	0.23	0.45	0.16	0.001	91	69	19	11	27
2018	Ci7Goodman-Buckler	HN	NA	NA	NA	NA	NA	NA	NA	NA	NA	NA	NA	NA	NA	NA	NA	NA
2018	CI21E	HN	NA	NA	NA	NA	NA	NA	NA	NA	NA	NA	NA	NA	NA	NA	NA	NA
2018	CI28AGoodman-Buckler	HN	NA	NA	NA	NA	NA	NA	NA	NA	NA	NA	NA	NA	NA	NA	NA	NA
2018	CI31A	HN	NA	NA	NA	NA	NA	NA	NA	NA	NA	NA	NA	NA	NA	NA	NA	NA
2018	CI64	HN	6.64	248.5	1305.1	26.05	1.39	0.18	2.02	0.18	0.27	0.09	0.001	48	44	8	5	10
2018	CI66	HN	8.27	353.2	1492.8	42.45	2.18	0.32	3.02	0.21	0.39	0.13	0.001	86	79	10	6	18
2018	Ci90CGoodman-Buckler	HN	7.82	352	1495.2	38.75000001	2.32	0.38	2.63	0.29	0.51	0.14	0.002	97	42	15	8	28
2018	Ci91BGoodman-Buckler	HN	NA	NA	NA	NA	NA	NA	NA	NA	NA	NA	NA	NA	NA	NA	NA	NA
2018	CI187-2	HN	NA	NA	NA	NA	NA	NA	NA	NA	NA	NA	NA	NA	NA	NA	NA	NA
2018	CM7	HN	4.54	452.8	705.5	16.2	3.52	0.37	1.6	0.24	0.56	0.16	0.003	86	70	30	11	22
2018	CM37	HN	5.44	519.6	811.6	20.45	2.68	0.36	1.6	0.21	0.6	0.17	0.001	93	88	27	11	22
2018	CM105	HN	4.78	483.5	812.2	16.35	2.62	0.33	1.53	0.25	0.53	0.2	0.001	106	38	43	14	29
2018	CM174	HN	5.49	494	874.4	19.85	3.29	0.41	1.86	0.33	0.48	0.23	0.001	118	42	28	13	26
2018	CML5	HN	NA	NA	NA	NA	NA	NA	NA	NA	NA	NA	NA	NA	NA	NA	NA	NA
2018	CML10	HN	8.55	347.5	1429.4	34.5	2.3	0.3	2.2	0.29	0.58	0.15	0.001	92	70	29	11	17
2018	CML11	HN	NA	NA	NA	NA	NA	NA	NA	NA	NA	NA	NA	NA	NA	NA	NA	NA
2018	CML14	HN	10.64	556.7	1503.4	37.85000001	3.93	0.36	2.13	0.19	0.6	0.26	0.001	133	174	16	14	32
2018	CML38	HN	NA	NA	NA	NA	NA	NA	NA	NA	NA	NA	NA	NA	NA	NA	NA	NA
2018	CML45	HN	NA	NA	NA	NA	NA	NA	NA	NA	NA	NA	NA	NA	NA	NA	NA	NA
2018	CML52	HN	6.58	428.6	1119.5	32.00000001	2.24	0.22	3.64	0.16	0.34	0.14	0.001	131	63	8	8	16
2018	CML61	HN	11.25	332.4	1983.8	55.40000001	2.48	0.36	2.67	0.25	0.52	0.17	0.002	110	57	13	13	18
2018	CML69	HN	12.05	386.9	1848.7	49.55000001	2.31	0.25	2.51	0.14	0.5	0.15	0.003	114	37	15	12	16
2018	CML77	HN	NA	NA	NA	NA	NA	NA	NA	NA	NA	NA	NA	NA	NA	NA	NA	NA
2018	CML91	HN	7.05	440.6	1141.2	32.64999999	3.04	0.32	2.77	0.21	0.73	0.21	0.002	124	128	16	14	27
2018	CML92	HN	10.54	446.9	1542.2	42.39999999	2.7	0.28	2.6	0.21	0.47	0.17	0.001	94	66	14	7	22
2018	CML103	HN	7.9	397.9	1375.4	34.10000001	2.51	0.29	2.07	0.31	0.69	0.2	0.004	139	117	16	13	23
2018	CML108	HN	12.52	376.3	1915.7	57.09999999	3.04	0.47	2.4	0.21	0.4	0.18	0.001	144	66	15	12	19
2018	CML154Q	HN	NA	NA	NA	NA	NA	NA	NA	NA	NA	NA	NA	NA	NA	NA	NA	NA
2018	CML157Q	HN	NA	NA	NA	NA	NA	NA	NA	NA	NA	NA	NA	NA	NA	NA	NA	NA
2018	CML158Q	HN	13.74	372.3	2368.9	60.95000001	2.4	0.3	2.75	0.24	0.45	0.15	0.001	83	61	14	7	18
2018	CML218	HN	6.94	386.7	1216.4	26.55	2.87	0.36	1.96	0.27	0.46	0.18	0.001	140	52	26	13	24
2018	CML220	HN	7.19	368.2	1278.5	29.6	2.4	0.34	2.53	0.12	0.18	0.13	0.001	72	32	9	6	16
2018	CML228	HN	10.89	480.2	1754.6	51.99999999	3.38	0.32	2.43	0.26	0.46	0.18	0.001	96	153	15	10	24
2018	CML238	HN	10.57	397.9	1763.5	47.85	2.37	0.4	3.68	0.18	0.33	0.15	0.001	93	42	10	10	16
2018	CML247	HN	NA	NA	NA	NA	NA	NA	NA	NA	NA	NA	NA	NA	NA	NA	NA	NA
2018	CML254	HN	9.25	398.5	1629.5	43.14999999	2.63	0.31	2.69	0.37	0.58	0.18	0.001	119	129	17	9	26
2018	CML258	HN	10.26	348.7	1747.5	44.49999999	2.06	0.31	2.09	0.32	0.5	0.14	0.001	76	55	17	11	19
2018	CML261	HN	9.92	336	1694.4	43.65	2.13	0.23	1.72	0.26	0.41	0.14	0.001	81	46	14	6	14
2018	CML264	HN	NA	NA	NA	NA	NA	NA	NA	NA	NA	NA	NA	NA	NA	NA	NA	NA
2018	CML277	HN	7.86	367.6	1382.1	35.25	2.18	0.26	2.31	0.22	0.51	0.14	0.001	87	48	13	8	15
2018	CML281	HN	NA	NA	NA	NA	NA	NA	NA	NA	NA	NA	NA	NA	NA	NA	NA	NA
2018	CML287	HN	9.41	351.2	1571.5	44.45000001	2.02	0.33	2.39	0.23	0.48	0.14	0.001	84	97	17	7	18
2018	CML311	HN	12.81	524.1	1775.6	52.29999999	2.78	0.31	2.39	0.2	0.4	0.17	0.001	109	64	15	9	16
2018	CML314	HN	11.96	339.1	1960.6	57.95000001	2.37	0.27	2.77	0.26	0.61	0.14	0.001	94	75	14	10	27
2018	CML321	HN	13.02	367.9	1922.2	49.65	2.02	0.26	2.32	0.21	0.53	0.12	0.001	75	48	19	7	18
2018	CML322	HN	NA	NA	NA	NA	NA	NA	NA	NA	NA	NA	NA	NA	NA	NA	NA	NA
2018	CML323	HN	11.22	366.8	1742.2	51	1.82	0.28	2.15	0.14	0.35	0.18	0.001	95	47	11	10	15
2018	CML328	HN	NA	NA	NA	NA	NA	NA	NA	NA	NA	NA	NA	NA	NA	NA	NA	NA
2018	CML331	HN	NA	NA	NA	NA	NA	NA	NA	NA	NA	NA	NA	NA	NA	NA	NA	NA
2018	CML332	HN	12.62	326.3	1656.3	57.75	2	0.28	3.16	0.19	0.37	0.13	0.001	96	55	10	9	16
2018	CML333	HN	10.45	391.8	1540.9	42.3	2.25	0.24	2.15	0.14	0.37	0.16	0.001	84	63	10	9	21
2018	CML341	HN	9.69	333.9	1925.4	49.85000001	2.95	0.29	2.47	0.3	0.62	0.14	0.002	94	88	15	8	13
2018	CMV3	HN	4.55	420	830.1	16.4	3.08	0.35	1.47	0.16	0.37	0.21	0.001	109	38	17	14	15
2018	CO106	HN	5.31	544.4	844.2	22.4	3.14	0.43	2.35	0.22	0.52	0.19	0.001	100	80	19	19	37
2018	CO125	HN	5.16	412.8	831.5	21.4	2.55	0.49	2.41	0.12	0.4	0.18	0.001	99	30	15	16	23
2018	CO255	HN	4.21	552.1	633.2	14.75	3.2	0.36	1.59	0.33	0.66	0.2	0.001	108	105	31	26	38
2018	D940Y	HN	11.71	374.7	1635.2	48.54999999	2.98	0.4	2.93	0.18	0.57	0.21	0.002	133	93	15	10	36
2018	DE-2	HN	9.05	366.2	1452.8	39	2.25	0.36	2.3	0.12	0.31	0.14	0.001	103	95	8	12	16
2018	DE1	HN	8.94	306.7	1492.8	37.25000001	2.65	0.41	2.78	0.13	0.23	0.15	0.001	110	41	14	9	17
2018	DE811	HN	6.12	471.5	1123.6	28.95	2.78	0.29	2.01	0.28	0.88	0.2	0.002	125	76	12	10	17
2018	E2558W	HN	7.59	364.6	1546.9	36.99999999	2.24	0.18	2.39	0.19	0.48	0.17	0.001	87	39	9	5	13
2018	EP1	HN	2.59	416	429.7	11.5	2.47	0.41	2.67	0.15	0.31	0.14	0.001	79	76	21	11	35
2018	F6	HN	9.59	357	1668	46.40000001	2.29	0.27	3.08	0.12	0.3	0.15	0.001	110	46	11	8	16
2018	F7	HN	3.98	434.9	826.2	17.8	3	0.37	1.82	0.42	0.69	0.21	0.001	114	101	17	20	31
2018	F44	HN	7.82	453.8	972.4	29.65	2.97	0.35	2.49	0.19	0.64	0.19	0.002	117	70	22	11	25
2018	F2834T	HN	9.26	440.4	1563.6	42.6	2.81	0.41	2.9	0.1	0.35	0.18	0.001	107	56	8	8	20
2018	GA209	HN	7.05	351.6	1249.7	36.45	2.72	0.25	2.25	0.18	0.56	0.16	0.001	129	53	16	10	22
2018	GT112	HN	10.65	416.4	1723.6	51.6	2.83	0.28	2.66	0.29	0.52	0.17	0.002	95	95	18	11	34
2018	H49	HN	NA	NA	NA	NA	NA	NA	NA	NA	NA	NA	NA	NA	NA	NA	NA	NA
2018	H84	HN	5.23	449.6	884.6	19.7	2.82	0.37	2.11	0.2	0.55	0.18	0.002	96	87	20	11	45
2018	H91	HN	9.15	417	1440.7	36.15	3.15	0.45	2.49	0.29	0.5	0.18	0.001	110	66	23	10	33
2018	H95	HN	8.32	284.3	1313.8	30.24999999	2	0.38	2.31	0.13	0.34	0.14	0.001	89	70	26	9	17
2018	H99	HN	2.88	341	541	11.85	3.15	0.37	2.1	0.18	0.28	0.15	0.001	82	53	27	10	26
2018	H105W	HN	5.43	324.1	1085.1	21.25	2.47	0.34	2.01	0.21	0.34	0.14	0.001	68	59	19	6	21
2018	Hi27Goodman-Buckler	HN	NA	NA	NA	NA	NA	NA	NA	NA	NA	NA	NA	NA	NA	NA	NA	NA
2018	HP301	HN	7.62	294.2	1552	33.05000001	2.66	0.3	2.41	0.17	0.48	0.18	0.002	119	69	17	12	23
2018	I29	HN	NA	NA	NA	NA	NA	NA	NA	NA	NA	NA	NA	NA	NA	NA	NA	NA
2018	I137TN	HN	4.82	356	861.8	24.85	1.49	0.21	2.26	0.14	0.3	0.12	0.001	74	38	9	5	19
2018	I205	HN	NA	NA	NA	NA	NA	NA	NA	NA	NA	NA	NA	NA	NA	NA	NA	NA
2018	i1677a	HN	NA	NA	NA	NA	NA	NA	NA	NA	NA	NA	NA	NA	NA	NA	NA	NA
2018	IA2132Goodman-Buckler	HN	NA	NA	NA	NA	NA	NA	NA	NA	NA	NA	NA	NA	NA	NA	NA	NA
2018	Ia5125	HN	NA	NA	NA	NA	NA	NA	NA	NA	NA	NA	NA	NA	NA	NA	NA	NA
2018	IDS28	HN	NA	NA	NA	NA	NA	NA	NA	NA	NA	NA	NA	NA	NA	NA	NA	NA
2018	IDS69	HN	NA	NA	NA	NA	NA	NA	NA	NA	NA	NA	NA	NA	NA	NA	NA	NA
2018	IDS91	HN	NA	NA	NA	NA	NA	NA	NA	NA	NA	NA	NA	NA	NA	NA	NA	NA
2018	Il14H	HN	6.08	370.6	1409.4	36.54999999	2.54	0.31	3.25	0.2	0.57	0.19	0.002	105	43	8	8	20
2018	Il101	HN	NA	NA	NA	NA	NA	NA	NA	NA	NA	NA	NA	NA	NA	NA	NA	NA
2018	ILLHy	HN	NA	383	1538	38.90000001	2.93	0.33	2.25	0.27	0.76	0.16	0.002	106	68	11	8	24
2018	K4	HN	8.05	393.2	1460.1	39.20000001	2.56	0.25	3.44	0.28	0.51	0.15	0.002	148	57	12	12	20
2018	K55	HN	5.97	419.7	922.7	22.1	2.56	0.43	2.43	0.2	0.5	0.2	0.001	89	181	14	9	42
2018	K64	HN	6.73	326.5	1232.6	31.05	2.58	0.27	2.5	0.22	0.44	0.14	0.001	92	53	12	8	22
2018	K148	HN	NA	NA	NA	NA	NA	NA	NA	NA	NA	NA	NA	NA	NA	NA	NA	NA
2018	KI3	HN	NA	NA	NA	NA	NA	NA	NA	NA	NA	NA	NA	NA	NA	NA	NA	NA
2018	Ki11	HN	12.83	370.9	2055.9	62.04999999	2.16	0.42	2.57	0.2	0.42	0.2	0.001	91	57	11	7	26
2018	Ki14	HN	NA	NA	NA	NA	NA	NA	NA	NA	NA	NA	NA	NA	NA	NA	NA	NA
2018	Ki21	HN	NA	NA	NA	NA	NA	NA	NA	NA	NA	NA	NA	NA	NA	NA	NA	NA
2018	Ki43	HN	NA	NA	NA	NA	NA	NA	NA	NA	NA	NA	NA	NA	NA	NA	NA	NA
2018	Ki44	HN	NA	NA	NA	NA	NA	NA	NA	NA	NA	NA	NA	NA	NA	NA	NA	NA
2018	Ki2021	HN	NA	NA	NA	NA	NA	NA	NA	NA	NA	NA	NA	NA	NA	NA	NA	NA
2018	Ky21	HN	NA	NA	NA	NA	NA	NA	NA	NA	NA	NA	NA	NA	NA	NA	NA	NA
2018	KY226	HN	NA	NA	NA	NA	NA	NA	NA	NA	NA	NA	NA	NA	NA	NA	NA	NA
2018	KY228	HN	7.53	417.5	1279.3	38.25	3.09	0.25	2.03	0.32	0.9	0.19	0.001	126	52	12	16	15
2018	L317	HN	10.24	544.2	1663.7	42.39999999	3.5	0.4	1.98	0.2	0.46	0.2	0.001	126	51	24	14	35
2018	L578	HN	NA	NA	NA	NA	NA	NA	NA	NA	NA	NA	NA	NA	NA	NA	NA	NA
2018	M14	HN	7.48	447.6	1013.4	30.50000001	2.79	0.32	2.54	0.12	0.33	0.18	0.001	99	93	21	11	24
2018	M37W	HN	7.64	288.4	1438.2	31.8	2.13	0.25	2.51	0.23	0.59	0.15	0.001	95	58	12	8	23
2018	M162W	HN	6.74	321.2	1384.2	38.60000001	2.54	0.3	3.17	0.16	0.34	0.16	0.001	121	31	12	10	18
2018	MEF156-55-2	HN	4.26	419.5	623.6	14.2	2.98	0.321	1.85	0.27	0.43	0.21	0.001	145	30	20	11	40
2018	MO1W	HN	6.46	308.1	1409.9	29.85	2.65	0.29	2.37	0.19	0.39	0.15	0.002	121	99	9	13	19
2018	Mo17	HN	5.55	347	1196.9	28.1	2.62	0.38	3.87	0.14	0.4	0.16	0.002	122	60	12	11	24
2018	Mo18W	HN	NA	NA	NA	NA	NA	NA	NA	NA	NA	NA	NA	NA	NA	NA	NA	NA
2018	Mo24W	HN	9.12	401.7	1591.7	41.64999999	3.09	0.4	2.85	0.26	0.52	0.21	0.001	134	98	12	13	20
2018	Mo44	HN	6.01	391	1190.1	28.6	2.37	0.34	3.14	0.14	0.42	0.14	0.002	114	64	17	9	21
2018	Mo45	HN	9.7	330.8	1310	40.10000001	2.12	0.21	2.24	0.33	0.63	0.13	0.002	135	57	10	8	24
2018	Mo46	HN	5.98	460.9	754.4	25.05	2.57	0.43	2.33	0.12	0.24	0.16	0.001	81	50	7	10	21
2018	Mo47	HN	8.75	364.9	1583.3	35.1	2.75	0.24	1.89	0.2	0.42	0.13	0.001	88	76	13	8	27
2018	MoG	HN	NA	NA	NA	NA	NA	NA	NA	NA	NA	NA	NA	NA	NA	NA	NA	NA
2018	Mp339	HN	7.63	368.9	1401.6	36.50000001	2.41	0.26	2.13	0.15	0.35	0.14	0.002	86	73	11	11	22
2018	Ms71	HN	8.97	411	1414.8	40.55000001	3.03	0.44	2.23	0.13	0.39	0.16	0.004	124	64	15	15	24
2018	MS153	HN	4.34	306.2	846.1	17.4	1.91	0.3	2.24	0.22	0.38	0.13	0.001	68	66	11	8	19
2018	MS1334	HN	5.59	547	897.3	20.95	3.33	0.55	2.47	0.08	0.31	0.21	0.001	109	61	22	15	21
2018	Mt42	HN	2.16	348.5	1059.9	7.899999999	2.5	0.34	2.66	0.23	0.45	0.16	0.001	78	101	24	7	27
2018	N6	HN	4.94	354.2	972.7	23.55	2.09	0.22	2.4	0.17	0.41	0.29	0.001	87	59	10	8	16
2018	N7A	HN	NA	NA	NA	NA	NA	NA	NA	NA	NA	NA	NA	NA	NA	NA	NA	NA
2018	N28Ht	HN	9.75	559.5	1542.9	39.24999999	3.04	0.41	2.29	0.18	0.4	0.18	0.001	115	67	18	13	30
2018	N192	HN	7.57	385	1160.9	27.05	2.4	0.32	1.91	0.15	0.41	0.15	0.001	86	44	27	10	18
2018	NC33	HN	6.42	484.1	1041.9	30.99999999	2.69	0.28	2.34	0.33	0.89	0.19	0.002	159	116	9	10	56
2018	NC222	HN	8.87	372.5	1879.2	39.75	2.86	0.38	2.61	0.18	0.43	0.17	0.002	113	72	17	7	23
2018	NC230	HN	9.22	253.8	1674.3	36	1.79	0.21	2.03	0.15	0.32	0.11	0.002	66	50	17	6	13
2018	NC232	HN	NA	NA	NA	NA	NA	NA	NA	NA	NA	NA	NA	NA	NA	NA	NA	NA
2018	NC236	HN	6.17	303.3	1418.6	29.45	2.49	0.33	2.63	0.19	0.42	0.15	0.001	102	49	12	11	28
2018	NC238	HN	10.7	359	1763.5	41.79999999	2.35	0.34	2.49	0.12	0.24	0.14	0.001	95	50	17	10	22
2018	NC250	HN	6.95	519.9	889.3	30.95000001	2.42	0.33	2.35	0.15	0.41	0.17	0.001	115	67	10	9	16
2018	NC258	HN	9.27	388.9	1472.4	50.34999999	2.65	0.38	3.19	0.1	0.34	0.16	0.002	115	56	11	13	17
2018	NC260	HN	8.51	536.7	1430.9	38.19999999	3.03	0.35	2.89	0.11	0.25	0.18	0.001	99	59	15	12	24
2018	NC262	HN	7.26	377.9	1074.5	34.65	3	0.35	2.66	0.3	0.4	0.18	0.002	102	54	10	12	16
2018	NC264	HN	8.75	395.2	1513.1	38.7	2.52	0.31	2.93	0.16	0.33	0.15	0.006	104	71	20	10	32
2018	NC290A	HN	8.18	462.9	1040.4	32.00000001	2.59	0.32	2.35	0.16	0.32	0.15	0.001	93	47	17	13	15
2018	NC294	HN	6.04	377.1	937.7	27.85	2.07	0.34	1.98	0.25	0.53	0.17	0.001	97	51	21	7	17
2018	NC296	HN	7.46	357.3	1223.4	35.15000001	2.37	0.35	2.89	0.24	0.68	0.14	0.002	110	89	10	9	20
2018	NC296A	HN	NA	NA	NA	NA	NA	NA	NA	NA	NA	NA	NA	NA	NA	NA	NA	NA
2018	NC298	HN	7.96	435.5	1145	34.85000001	2.91	0.38	2.49	0.28	0.37	0.2	0.001	107	72	8	12	27
2018	NC300	HN	NA	NA	NA	NA	NA	NA	NA	NA	NA	NA	NA	NA	NA	NA	NA	NA
2018	NC302	HN	9.69	326.1	1487.2	38.90000001	2.76	0.44	2.44	0.24	0.53	0.16	0.001	94	44	13	12	26
2018	NC304	HN	10.68	314.8	1412.2	37.74999999	2.21	0.38	2.13	0.14	0.4	0.15	0.001	67	45	10	10	21
2018	NC306	HN	6.17	354.8	1149.2	27.85	2.41	0.32	2.1	0.16	0.39	0.17	0.001	86	63	19	10	17
2018	NC310	HN	7.24	372.6	1409.4	30.24999999	2.42	0.31	2.46	0.2	0.57	0.17	0.001	106	73	16	9	19
2018	NC314	HN	NA	NA	NA	NA	NA	NA	NA	NA	NA	NA	NA	NA	NA	NA	NA	NA
2018	NC318	HN	7.82	355.7	1530.6	32.94999999	2.55	0.34	2.6	0.12	0.3	0.18	0.002	111	55	18	10	21
2018	NC320	HN	10.44	434.5	1869.5	44.55	3.05	0.31	2.61	0.19	0.48	0.18	0.001	105	72	17	9	28
2018	NC324	HN	5.82	380.4	809.9	26.1	2.01	0.28	1.95	0.14	0.52	0.13	0.001	90	67	13	9	14
2018	NC326	HN	8.69	487.6	1447.5	33.80000001	2.96	0.29	2.34	0.17	0.51	0.17	0.001	97	64	18	11	20
2018	NC328	HN	8.98	398.8	1527.8	50.60000001	2.6	0.38	3.21	0.11	0.33	0.15	0.004	134	54	10	12	15
2018	NC336	HN	6.26	363	1042.4	28.05	2.87	0.38	2.78	0.2	0.31	0.17	0.002	107	50	12	12	20
2018	NC338	HN	7.39	412.6	1265.6	32.4	2.98	0.34	2.01	0.32	0.58	0.18	0.001	100	44	16	9	22
2018	NC340	HN	8.2	430.2	1298.4	37.2	3	0.28	2.8	0.24	0.61	0.18	0.001	98	59	8	12	31
2018	NC342	HN	7.35	376.4	1341.4	31.14999999	2.6	0.32	2.49	0.16	0.26	0.17	0.001	88	55	20	11	17
2018	NC344	HN	9.54	519.3	1683.5	44.64999999	2.57	0.31	2.71	0.22	0.65	0.16	0.003	120	93	13	11	28
2018	NC346	HN	6.83	359.9	1427.8	42.39999999	2.51	0.44	2.67	0.19	0.51	0.14	0.006	106	82	10	10	19
2018	NC348	HN	9.93	479.6	1832.6	41.1	2.78	0.33	2.52	0.25	0.7	0.17	0.002	114	72	14	11	27
2018	NC350	HN	8.5	332	1470.6	34.59999999	2.71	0.35	2.49	0.21	0.49	0.18	0.001	92	69	16	10	24
2018	NC352	HN	7.69	346.6	1341	32.79999999	1.91	0.26	2.42	0.17	0.19	0.1	0.001	56	34	5	7	13
2018	NC354	HN	7.99	380.8	1304.4	33.69999999	2.74	0.39	2.4	0.12	0.33	0.17	0.001	97	60	11	17	17
2018	NC356	HN	8.05	291.1	1257.9	31.40000001	2.27	0.39	2.18	0.19	0.31	0.13	0.002	83	32	17	7	18
2018	NC358	HN	6.51	406.5	1110.8	32.7	2.6	0.48	3.11	0.16	0.48	0.15	0.007	94	34	11	10	18
2018	NC360	HN	8.88	397.4	1477.8	39.75	2.52	0.34	3.2	0.18	0.46	0.14	0.002	89	61	12	9	21
2018	NC362	HN	7.99	459.4	1154.1	40.25000001	2.78	0.34	3.82	0.24	0.54	0.19	0.002	117	66	20	14	22
2018	NC364	HN	8.26	282	1064.3	34.55000001	2.28	0.33	2.91	0.41	0.56	0.17	0.001	95	109	20	11	15
2018	NC366	HN	9.91	422.4	1593.8	46.40000001	2.55	0.28	3	0.12	0.46	0.15	0.001	89	63	8	9	19
2018	NC368	HN	10.08	534.6	1426.7	40.65	2.79	0.27	1.9	0.14	0.4	0.18	0.001	104	60	14	17	13
2018	ND246	HN	6.48	575	838.9	22.15	2.83	0.37	1.94	0.13	0.38	0.18	0.001	96	66	17	13	33
2018	OH7B	HN	9.51	360.2	1652.5	36.75	2.65	0.46	2.02	0.21	0.6	0.15	0.001	108	82	16	11	21
2018	Oh40B	HN	9.46	397.8	1701.2	40.10000001	2.67	0.33	2.23	0.09	0.44	0.15	0.001	92	67	21	12	20
2018	Oh43	HN	6.42	379.1	1100.9	23.1	2.64	0.33	2.13	0.15	0.33	0.16	0.002	107	56	53	13	29
2018	Oh43E	HN	8.19	383.1	1264.8	31.74999999	2.64	0.35	2.78	0.12	0.34	0.17	0.001	118	47	30	11	22
2018	Oh603	HN	8.62	214.3	1815.5	40.8	2.05	0.29	2.71	0.18	0.38	0.14	0.001	107	45	20	7	14
2018	Os420	HN	5.54	272.1	1291.6	35.00000001	2.18	0.4	4.33	0.18	0.42	0.14	0.002	101	48	15	9	20
2018	P39Goodman-Buckler	HN	NA	NA	NA	NA	NA	NA	NA	NA	NA	NA	NA	NA	NA	NA	NA	NA
2018	Pa91	HN	10.48	439.5	1718.3	50.34999999	2.51	0.26	2.6	0.16	0.53	0.17	0.001	122	70	11	15	25
2018	Pa762	HN	6.53	386.9	1260.2	28.05	2.88	0.33	2.32	0.15	0.48	0.16	0.001	109	39	23	12	18
2018	Pa875	HN	9.33	391.1	1509.7	41.79999999	2.6	0.35	2.45	0.21	0.39	0.16	0.001	110	64	15	11	23
2018	Pa880	HN	8.01	400.6	1254.4	33.39999999	2.53	0.32	2.3	0.16	0.5	0.15	0.002	97	71	7	13	19
2018	R4	HN	NA	NA	NA	NA	NA	NA	NA	NA	NA	NA	NA	NA	NA	NA	NA	NA
2018	R109B	HN	NA	NA	NA	NA	NA	NA	NA	NA	NA	NA	NA	NA	NA	NA	NA	NA
2018	R168	HN	5.81	439.7	1006.4	23.6	2.51	0.39	2.35	0.11	0.34	0.15	0.001	88	61	17	8	24
2018	R177	HN	7.32	389.9	1137.4	30.65000001	2.37	0.26	2.59	0.32	0.64	0.17	0.001	89	80	15	13	17
2018	R229	HN	7.31	333.3	1283.5	33.20000001	1.99	0.25	2.18	0.19	0.58	0.12	0.003	106	66	18	14	18
2018	SA24	HN	NA	NA	NA	NA	NA	NA	NA	NA	NA	NA	NA	NA	NA	NA	NA	NA
2018	SC55	HN	8.05	391.6	1442.8	40.70000001	2.31	0.21	2.76	0.21	0.55	0.15	0.001	89	80	6	7	17
2018	SC213R	HN	NA	NA	NA	NA	NA	NA	NA	NA	NA	NA	NA	NA	NA	NA	NA	NA
2018	SC357	HN	NA	NA	NA	NA	NA	NA	NA	NA	NA	NA	NA	NA	NA	NA	NA	NA
2018	SD40	HN	6.44	483.5	957.4	28.9	2.17	0.24	2.76	0.18	0.38	0.14	0.001	108	62	8	9	18
2018	SD44	HN	6.59	361	1163.2	24.01	2.3	0.29	1.95	0.15	0.36	0.13	0.001	67	74	23	7	19
2018	Sg18	HN	NA	NA	NA	NA	NA	NA	NA	NA	NA	NA	NA	NA	NA	NA	NA	NA
2018	Sg1533	HN	NA	NA	NA	NA	NA	NA	NA	NA	NA	NA	NA	NA	NA	NA	NA	NA
2018	T8	HN	7.32	465.6	1101.6	35.25	2.27	0.26	2.68	0.16	0.58	0.17	0.002	136	82	13	14	19
2018	T232	HN	9.43	412.8	1564.2	37.70000001	2.29	0.31	2.46	0.18	0.33	0.14	0.001	87	36	7	7	19
2018	T234	HN	9.59	399.3	1765.8	49.10000001	2.35	0.29	2.44	0.16	0.3	0.15	0.001	99	31	11	10	20
2018	Tx303	HN	NA	NA	NA	NA	NA	NA	NA	NA	NA	NA	NA	NA	NA	NA	NA	NA
2018	Tx601	HN	9.75	398.2	1649.6	57.84999999	3.01	0.36	3.06	0.25	0.73	0.19	0.004	119	36	10	9	31
2018	Tzi8	HN	8.63	417.3	1348.9	45.99999999	2.64	0.32	2.55	0.2	0.5	0.14	0.002	94	75	14	10	18
2018	Tzi9	HN	9.08	447.2	1590.9	44.45000001	2.25	0.21	3.58	0.16	0.36	0.12	0.001	79	31	7	11	13
2018	Tzi10	HN	9.91	429.3	1667.7	49.14999999	2.99	0.4	2.91	0.28	0.67	0.2	0.002	123	112	17	14	23
2018	Tzi11	HN	7.33	391.5	1150.8	27.65	2.75	0.36	2.96	0.17	0.43	0.16	0.001	111	58	12	12	21
2018	Tzi16	HN	NA	NA	NA	NA	NA	NA	NA	NA	NA	NA	NA	NA	NA	NA	NA	NA
2018	Tzi18	HN	8.69	361.2	1606.2	40.44999999	1.55	0.16	2.63	0.13	0.23	0.09	0.001	54	39	5	4	10
2018	Tzi25	HN	8.69	340.6	1616.9	39	2.23	0.23	2.52	0.17	0.32	0.13	0.001	89	40	10	9	15
2018	U267Y	HN	NA	NA	NA	NA	NA	NA	NA	NA	NA	NA	NA	NA	NA	NA	NA	NA
2018	Va14	HN	NA	NA	NA	NA	NA	NA	NA	NA	NA	NA	NA	NA	NA	NA	NA	NA
2018	Va17	HN	NA	NA	NA	NA	NA	NA	NA	NA	NA	NA	NA	NA	NA	NA	NA	NA
2018	Va22	HN	8.53	465.5	1783.2	48.20000001	2.82	0.28	3.08	0.17	0.49	0.15	0.001	145	48	18	13	14
2018	Va26	HN	7.14	433.9	1185.4	29.5	2.57	0.26	2.66	0.24	0.47	0.16	0.001	113	52	14	10	21
2018	Va35	HN	8.36	457	1343.1	37.8	3.01	0.33	2.87	0.22	0.47	0.21	0.003	128	60	22	18	24
2018	Va59	HN	7.37	467.3	1176.3	35.4	2.87	0.29	2.55	0.26	0.43	0.16	0.003	143	85	14	12	17
2018	Va85	HN	6.65	404.5	1310.1	33.50000001	2.32	0.25	2.12	0.18	0.47	0.14	0.001	96	69	7	10	25
2018	Va99	HN	8.57	421.8	1567	40.05	2.27	0.33	1.92	0.16	0.49	0.13	0.001	123	64	11	9	17
2018	VA102	HN	6.29	332.4	1194.9	32.25	2.53	0.3	3.05	0.26	0.5	0.15	0.001	114	65	15	12	16
2018	VaW6	HN	5.72	418.7	1034.1	20.5	2.6	0.47	2.54	0.17	0.24	0.16	0.001	53	37	23	9	28
2018	W22	HN	7.69	308	1556.1	32.49999999	2.47	0.31	2.52	0.18	0.42	0.15	0.001	94	70	27	11	26
2018	W64A	HN	3.97	315	718.1	15.25	2.1	0.41	2.55	0.1	0.3	0.14	0.001	71	60	20	8	34
2018	W117Ht	HN	NA	NA	NA	NA	NA	NA	NA	NA	NA	NA	NA	NA	NA	NA	NA	NA
2018	W153R	HN	4.42	415.4	933.6	21.5	3.63	0.36	2.43	0.19	0.33	0.16	0.001	118	41	9	10	14
2018	W182B	HN	5.88	358	1198	26.5	2.51	0.3	2.52	0.23	0.5	0.22	0.001	97	108	19	11	23
2018	WD	HN	NA	NA	NA	NA	NA	NA	NA	NA	NA	NA	NA	NA	NA	NA	NA	NA
2018	Wf9	HN	9.71	400.3	1756.3	42.45	2.8	0.33	2.76	0.24	0.52	0.17	0.001	136	91	15	21	27
2018	Yu796	HN	7.57	454.2	1284.1	29.85	2.93	0.34	2.36	0.41	0.45	0.23	0.002	112	51	9	16	26
2018	33-16	LN	4.78	157.5	1119.3	21.3	1.57	0.37	2.29	0.16	0.29	0.11	0.002	58	24	13	5	10
2018	38-11Goodman-Buckler	LN	NA	NA	NA	NA	NA	NA	NA	NA	NA	NA	NA	NA	NA	NA	NA	NA
2018	4226	LN	6.85	224.6	1318.3	25.15	1.69	0.42	1.89	0.14	0.51	0.13	0.001	69	72	13	5	26
2018	4722	LN	8.08	210.4	1454.5	30.24999999	1.24	0.33	2.3	0.13	0.29	0.15	0.002	65	53	9	5	22
2018	A6	LN	NA	NA	NA	NA	NA	NA	NA	NA	NA	NA	NA	NA	NA	NA	NA	NA
2018	A188	LN	10.72	482.4	1412.6	34.10000001	2.99	0.45	2.03	0.14	0.44	0.32	0.002	129	82	16	15	27
2018	A214NGoodman-Buckler	LN	7.74	309.7	1203.8	33.15	1.79	0.33	2.89	0.16	0.31	0.16	0.001	66	39	13	7	22
2018	A239	LN	6.44	274.2	1133.2	22.5	1.6	0.24	1.68	0.17	0.42	0.12	0.001	67	73	10	5	15
2018	A441-5	LN	3.68	217.9	908.1	16.35	1.56	0.32	2.88	0.13	0.23	0.11	0.001	66	23	10	5	9
2018	A554	LN	4.14	218.4	768.1	17.6	1.76	0.34	2.35	0.17	0.52	0.13	0.003	61	58	18	7	22
2018	A556	LN	5.21	207.5	968.8	17.8	1.31	0.23	1.9	0.1	0.24	0.1	0.002	44	34	12	4	14
2018	A619	LN	6.94	313.4	1097.7	28.3	2.3	0.3	2.31	0.11	0.36	0.14	0.001	94	46	22	8	19
2018	A632	LN	5.45	322	882.4	20.1	2	0.4	2.16	0.14	0.23	0.15	0.001	58	35	18	5	17
2018	A634	LN	4.32	237.3	832	16.15	1.58	0.42	2.16	0.2	0.32	0.18	0.001	54	53	14	5	13
2018	A635	LN	4.44	204.7	757.8	15.15	1.36	0.21	1.76	0.13	0.27	0.11	0.001	43	38	10	3	13
2018	A641	LN	NA	NA	NA	NA	NA	NA	NA	NA	NA	NA	NA	NA	NA	NA	NA	NA
2018	A654	LN	5.26	199.4	953.7	20.65	1.92	0.38	2.5	0.17	0.44	0.17	0.001	82	43	17	15	33
2018	A659	LN	3.18	363.9	544	11.7	2.21	0.32	1.74	0.11	0.27	0.17	0.002	77	12	18	7	16
2018	A661	LN	3.57	287.1	775.2	14.5	1.94	0.3	2.25	0.09	0.3	0.12	0.001	49	57	25	4	16
2018	A679	LN	7.42	328.6	1311.8	29.6	1.88	0.3	1.99	0.12	0.44	0.16	0.001	83	42	18	5	13
2018	A680	LN	8.14	259	1252.3	28.6	1.6	0.27	1.77	0.13	0.42	0.13	0.001	72	55	14	4	12
2018	A682	LN	7.26	328.4	1104.5	27	2.26	0.32	2.56	0.1	0.45	0.14	0.001	81	52	13	8	13
2018	Ab28A	LN	NA	NA	NA	NA	NA	NA	NA	NA	NA	NA	NA	NA	NA	NA	NA	NA
2018	B2	LN	NA	NA	NA	NA	NA	NA	NA	NA	NA	NA	NA	NA	NA	NA	NA	NA
2018	B10	LN	NA	NA	NA	NA	NA	NA	NA	NA	NA	NA	NA	NA	NA	NA	NA	NA
2018	B14A	LN	7.72	220.7	1307.9	30.15	1.36	0.37	2.06	0.15	0.28	0.13	0.001	53	31	10	4	10
2018	B37	LN	5.97	211.2	1034.8	22.95	1.38	0.24	1.67	0.18	0.57	0.11	0.001	59	32	14	4	15
2018	B46	LN	5.36	228.4	814.8	22.4	1.86	0.31	2.58	0.09	0.3	0.12	0.002	64	51	19	6	21
2018	B52	LN	6.76	242	1114	22.95	1.4	0.24	1.82	0.12	0.41	0.12	0.002	59	48	15	4	12
2018	B57	LN	5.95	197.6	1138.7	27	1.05	0.29	2.69	0.13	0.26	0.09	0.001	54	37	5	3	13
2018	B64	LN	6.02	211.3	1239.4	25.7	1.58	0.29	2.39	0.18	0.33	0.16	0.001	53	30	10	5	13
2018	B68	LN	7.55	306.7	917.4	30.80000001	1.88	0.32	1.99	0.13	0.28	0.14	0.001	72	45	14	5	14
2018	B73	LN	6.3	269.9	1093.7	22.55	1.62	0.28	2.22	0.14	0.43	0.15	0.01	80	60	18	6	14
2018	B73Htrhm	LN	4.49	222.2	856.7	18.3	1.43	0.32	2.45	0.11	0.24	0.11	0.001	51	36	11	4	21
2018	B75	LN	4.67	312	932.7	20.35	1.9	0.34	2.88	0.14	0.39	0.14	0.002	92	54	12	7	14
2018	B76	LN	9.34	312.6	1425.8	32.00000001	1.93	0.28	2.01	0.13	0.37	0.12	0.001	75	55	12	5	15
2018	B77	LN	3.56	117.2	838.4	15.7	1.19	0.25	2.5	0.08	0.33	0.1	0.002	67	28	10	3	11
2018	B79	LN	5.34	180.8	1007.6	24.95	0.99	0.33	2.84	0.16	0.32	0.1	0.001	76	35	9	3	9
2018	B84	LN	5.53	257	939.1	22.15	1.46	0.53	2.3	0.14	0.34	0.11	0.001	46	42	7	4	15
2018	B97	LN	7	205.4	1191.4	25.05	1.32	0.27	2.16	0.11	0.26	0.09	0.001	57	40	14	6	16
2018	B103	LN	5.16	269.4	925.5	17.25	1.94	0.29	2.14	0.13	0.37	0.13	0.002	79	66	16	5	14
2018	B104	LN	6.97	251	1217.4	27.45	1.76	0.32	2.17	0.17	0.3	0.13	0.001	65	31	11	5	14
2018	B105	LN	5.87	249.9	1170.4	24.7	1.48	0.33	2.2	0.18	0.49	0.11	0.003	66	58	11	6	16
2018	B109	LN	7.73	304.7	1122.4	29.2	1.91	0.3	2.17	0.12	0.36	0.17	0.001	64	69	11	5	14
2018	B164	LN	5.6	208.6	1029.7	21.55	1.67	0.22	1.88	0.15	0.42	0.1	0.002	64	47	16	4	13
2018	C49A	LN	3.85	351.1	672.1	13.35	2.22	0.61	2.41	0.3	0.51	0.23	0.001	76	48	18	10	38
2018	C103	LN	7.33	227.2	1247.4	32.1	1.23	0.32	2.72	0.1	0.2	0.1	0.001	66	50	7	4	10
2018	C123	LN	6.39	273.6	1165.9	24.45	1.81	0.34	2.28	0.09	0.22	0.11	0.001	83	41	10	6	14
2018	CH9	LN	5.59	292.4	1094.4	23.4	1.68	0.26	2.98	0.1	0.23	0.11	0.001	66	49	15	8	18
2018	CH701-30	LN	4.61	159.7	926.7	18.05	1.34	0.39	2.54	0.07	0.16	0.1	0.001	52	30	14	4	13
2018	CI3A	LN	6.56	226.5	1048.5	25.05	1.44	0.3	1.97	0.1	0.32	0.11	0.001	59	23	11	5	11
2018	Ci7Goodman-Buckler	LN	NA	NA	NA	NA	NA	NA	NA	NA	NA	NA	NA	NA	NA	NA	NA	NA
2018	CI21E	LN	NA	NA	NA	NA	NA	NA	NA	NA	NA	NA	NA	NA	NA	NA	NA	NA
2018	CI28AGoodman-Buckler	LN	NA	NA	NA	NA	NA	NA	NA	NA	NA	NA	NA	NA	NA	NA	NA	NA
2018	CI31A	LN	NA	NA	NA	NA	NA	NA	NA	NA	NA	NA	NA	NA	NA	NA	NA	NA
2018	CI64	LN	7.15	217.3	1143.3	24.85	1.36	0.29	1.96	0.09	0.23	0.11	0.001	54	33	12	5	11
2018	CI66	LN	6.71	227.5	1236.4	29.65	1.68	0.25	2.14	0.19	0.32	0.1	0.002	62	32	12	3	12
2018	Ci90CGoodman-Buckler	LN	5.94	242.9	1260	27.8	2.01	0.5	2.27	0.29	0.49	0.15	0.001	72	24	13	7	18
2018	Ci91BGoodman-Buckler	LN	NA	NA	NA	NA	NA	NA	NA	NA	NA	NA	NA	NA	NA	NA	NA	NA
2018	CI187-2	LN	NA	NA	NA	NA	NA	NA	NA	NA	NA	NA	NA	NA	NA	NA	NA	NA
2018	CM7	LN	5.67	320.6	901.5	19.95	1.77	0.32	1.64	0.21	0.43	0.15	0.001	57	51	24	6	18
2018	CM37	LN	5.55	416.9	1017.3	19.35	1.84	0.29	1.6	0.22	0.52	0.16	0.002	71	47	25	7	19
2018	CM105	LN	2.85	248.3	670	11.8	1.66	0.26	1.83	0.15	0.21	0.13	0.003	55	18	15	5	19
2018	CM174	LN	4.27	315.8	799.2	15.75	1.87	0.32	1.83	0.25	0.39	0.17	0.002	66	21	14	7	16
2018	CML5	LN	NA	NA	NA	NA	NA	NA	NA	NA	NA	NA	NA	NA	NA	NA	NA	NA
2018	CML10	LN	5.65	204.9	1232.1	28.1	1.62	0.3	2.36	0.23	0.46	0.11	0.001	69	41	17	7	13
2018	CML11	LN	NA	NA	NA	NA	NA	NA	NA	NA	NA	NA	NA	NA	NA	NA	NA	NA
2018	CML14	LN	7.85	225.3	1397.9	35.49999999	1.45	0.26	2.87	0.12	0.28	0.12	0.001	58	41	15	5	15
2018	CML38	LN	NA	NA	NA	NA	NA	NA	NA	NA	NA	NA	NA	NA	NA	NA	NA	NA
2018	CML45	LN	NA	NA	NA	NA	NA	NA	NA	NA	NA	NA	NA	NA	NA	NA	NA	NA
2018	CML52	LN	8.35	285.9	1472.4	37.44999999	1.81	0.28	2.94	0.21	0.51	0.14	0.001	98	83	10	6	23
2018	CML61	LN	8.77	212.6	1600.7	40.55000001	1.26	0.5	2.46	0.16	0.32	0.12	0.001	64	43	8	6	13
2018	CML69	LN	7.49	176.4	1370.7	28.1	1.19	0.32	2.57	0.1	0.34	0.11	0.001	49	28	11	4	12
2018	CML77	LN	NA	NA	NA	NA	NA	NA	NA	NA	NA	NA	NA	NA	NA	NA	NA	NA
2018	CML91	LN	6.63	263.6	1312.1	30	1.66	0.33	2.77	0.16	0.49	0.14	0.001	64	60	12	6	18
2018	CML92	LN	6.42	282.5	1033	23.55	1.71	0.24	2.32	0.12	0.26	0.12	0.001	56	38	14	4	16
2018	CML103	LN	7.59	193.3	1318	25.8	1.36	0.29	1.49	0.15	0.36	0.12	0.001	58	60	12	5	17
2018	CML108	LN	8.97	196.2	1680.6	39.95000001	2.41	0.4	2.66	0.14	0.25	0.12	0.001	60	40	15	6	14
2018	CML154Q	LN	NA	NA	NA	NA	NA	NA	NA	NA	NA	NA	NA	NA	NA	NA	NA	NA
2018	CML157Q	LN	NA	NA	NA	NA	NA	NA	NA	NA	NA	NA	NA	NA	NA	NA	NA	NA
2018	CML158Q	LN	10.27	220.5	1735.3	45.75	1.56	0.47	3.25	0.1	0.25	0.13	0.001	53	60	10	6	18
2018	CML218	LN	5.67	195.7	1470.9	33.6	2.22	0.41	2.5	0.23	0.45	0.12	0.001	77	55	16	6	13
2018	CML220	LN	6.74	232.7	1145.9	26.45	1.5	0.34	2.6	0.07	0.15	0.11	0.001	44	34	7	4	16
2018	CML228	LN	8.62	247.9	1380.1	36.24999999	1.59	0.26	2.11	0.14	0.245	0.12	0.001	54	58	12	5	14
2018	CML238	LN	5.89	167.7	1110.6	23.8	1.25	0.5	2.85	0.08	0.16	0.12	0.001	79	34	10	5	11
2018	CML247	LN	NA	NA	NA	NA	NA	NA	NA	NA	NA	NA	NA	NA	NA	NA	NA	NA
2018	CML254	LN	6.99	198.2	1310.3	32.19999999	1.41	0.27	2.58	0.19	0.36	0.12	0.001	62	67	11	4	18
2018	CML258	LN	4.33	175.3	905.1	20.3	1.75	0.27	2.66	0.12	0.26	0.1	0.001	71	56	10	4	13
2018	CML261	LN	8.73	310.7	1500.2	37.85000001	1.84	0.24	1.95	0.18	0.32	0.13	0.001	64	41	12	6	12
2018	CML264	LN	NA	NA	NA	NA	NA	NA	NA	NA	NA	NA	NA	NA	NA	NA	NA	NA
2018	CML277	LN	8.32	264.6	1356.6	35.19999999	1.75	0.25	2.27	0.21	0.53	0.12	0.001	67	46	10	5	12
2018	CML281	LN	NA	NA	NA	NA	NA	NA	NA	NA	NA	NA	NA	NA	NA	NA	NA	NA
2018	CML287	LN	NA	NA	NA	NA	NA	NA	NA	NA	NA	NA	NA	NA	NA	NA	NA	NA
2018	CML311	LN	6.71	287.9	1064.2	24.3	1.74	0.34	2.15	0.14	0.32	0.14	0.001	90	48	16	4	13
2018	CML314	LN	9.52	210.4	1500.9	43.44999999	1.31	0.28	2.83	0.19	0.49	0.1	0.002	56	48	10	6	20
2018	CML321	LN	11.53	298.2	1698.3	46.35	2.52	0.29	2.45	0.17	0.54	0.13	0.001	74	49	16	6	19
2018	CML322	LN	NA	NA	NA	NA	NA	NA	NA	NA	NA	NA	NA	NA	NA	NA	NA	NA
2018	CML323	LN	6.75	224.6	1110.5	29.05	1.15	0.26	1.96	0.17	0.31	0.29	0.001	71	28	8	5	9
2018	CML328	LN	NA	NA	NA	NA	NA	NA	NA	NA	NA	NA	NA	NA	NA	NA	NA	NA
2018	CML331	LN	NA	NA	NA	NA	NA	NA	NA	NA	NA	NA	NA	NA	NA	NA	NA	NA
2018	CML332	LN	7.74	216.8	1405.9	34.65	1.65	0.26	2.53	0.13	0.24	0.11	0.001	73	23	9	5	10
2018	CML333	LN	7.18	160.2	1231.6	31.25000001	1.1	0.24	2.38	0.1	0.39	0.1	0.001	54	48	7	4	16
2018	CML341	LN	6.01	194.2	1285.7	28.9	1.48	0.35	3.06	0.17	0.34	0.1	0.001	54	29	9	4	11
2018	CMV3	LN	3.42	302.5	623.9	11.65	1.84	0.46	1.6	0.18	0.4	0.22	0.0023	77	33	17	8	15
2018	CO106	LN	2.59	271.2	515.7	9.699999999	2.12	0.43	2.4	0.17	0.48	0.16	0.002	79	45	15	8	34
2018	CO125	LN	2.67	257.9	564.5	11	1.41	0.24	2.05	0.1	0.2	0.12	0.001	50	21	10	4	13
2018	CO255	LN	4.24	339.5	780.2	13.45	1.97	0.25	1.5	0.17	0.38	0.11	0.001	65	55	16	7	20
2018	D940Y	LN	9.37	231.9	1633.4	41.15000001	1.92	0.42	2.59	0.11	0.48	0.24	0.001	104	55	14	7	16
2018	DE-2	LN	5.58	237.7	978	19.75	1.64	0.37	2.19	0.1	0.23	0.11	0.002	74	41	10	8	11
2018	DE1	LN	8.58	251.6	1552.4	35.85	1.92	0.35	2.27	0.09	0.23	0.12	0.004	70	25	11	7	11
2018	DE811	LN	5.25	250.5	1020.9	21.15	1.49	0.27	2.36	0.17	0.31	0.12	0.001	61	47	8	4	12
2018	E2558W	LN	8.89	293	1352.2	33.99999999	1.97	0.21	2.06	0.18	0.45	0.14	0.001	75	31	13	4	13
2018	EP1	LN	4.65	513	693.3	19	2.91	0.45	2.48	0.11	0.32	0.18	0.001	80	75	13	11	38
2018	F6	LN	11.42	297.8	2000	49.74999999	2.02	0.29	2.99	0.1	0.21	0.14	0.001	82	35	14	5	14
2018	F7	LN	5.33	287.3	869.8	17.4	2.17	0.35	1.79	0.4	0.52	0.17	0.001	83	53	13	9	31
2018	F44	LN	5.67	276.1	1212.4	25.45	2.21	0.39	2.31	0.14	0.3	0.15	0.001	74	64	29	8	21
2018	F2834T	LN	4.73	179.1	941.7	21.55	1.05	0.38	3.13	0.09	0.19	0.1	0.001	62	35	3	2	11
2018	GA209	LN	5.27	203.1	969.3	22.8	1.73	0.32	2.79	0.14	0.4	0.15	0.001	72	49	11	6	17
2018	GT112	LN	7.09	244.2	1297.5	31.35	1.52	0.3	2.63	0.19	0.35	0.12	0.001	62	43	10	6	24
2018	H49	LN	NA	NA	NA	NA	NA	NA	NA	NA	NA	NA	NA	NA	NA	NA	NA	NA
2018	H84	LN	4.92	260.1	745.5	16.2	1.77	0.33	1.51	0.23	0.46	0.11	0.006	53	25	16	5	13
2018	H91	LN	8.12	337.1	1342.4	33.3	2.27	0.54	2.29	0.22	0.4	0.17	0.002	75	33	16	6	17
2018	H95	LN	6.33	212.6	1145.6	23.6	0.99	0.41	2.3	0.08	0.15	0.09	0.001	55	47	8	3	10
2018	H99	LN	3.17	209.5	702.4	12.95	1.68	0.35	2.37	0.11	0.19	0.11	0.002	59	28	9	5	11
2018	H105W	LN	5.1	205.9	1039.3	19.05	1.61	0.26	1.93	0.14	0.24	0.11	0.001	64	33	11	4	13
2018	Hi27Goodman-Buckler	LN	NA	NA	NA	NA	NA	NA	NA	NA	NA	NA	NA	NA	NA	NA	NA	NA
2018	HP301	LN	5.89	186.1	1226.4	25.75	1.62	0.32	2.37	0.18	0.41	0.13	0.001	77	52	14	6	19
2018	I29	LN	NA	NA	NA	NA	NA	NA	NA	NA	NA	NA	NA	NA	NA	NA	NA	NA
2018	I137TN	LN	7.2	277	1254.2	30.69999999	1.55	0.24	2	0.11	0.22	0.11	0.001	55	21	17	3	13
2018	I205	LN	NA	NA	NA	NA	NA	NA	NA	NA	NA	NA	NA	NA	NA	NA	NA	NA
2018	i1677a	LN	NA	NA	NA	NA	NA	NA	NA	NA	NA	NA	NA	NA	NA	NA	NA	NA
2018	IA2132Goodman-Buckler	LN	NA	NA	NA	NA	NA	NA	NA	NA	NA	NA	NA	NA	NA	NA	NA	NA
2018	Ia5125	LN	NA	NA	NA	NA	NA	NA	NA	NA	NA	NA	NA	NA	NA	NA	NA	NA
2018	IDS28	LN	NA	NA	NA	NA	NA	NA	NA	NA	NA	NA	NA	NA	NA	NA	NA	NA
2018	IDS69	LN	NA	NA	NA	NA	NA	NA	NA	NA	NA	NA	NA	NA	NA	NA	NA	NA
2018	IDS91	LN	NA	NA	NA	NA	NA	NA	NA	NA	NA	NA	NA	NA	NA	NA	NA	NA
2018	Il14H	LN	7.35	195.7	1230.9	29.25	1.98	0.34	2.65	0.11	0.32	0.23	0.003	51	39	15	3	15
2018	Il101	LN	NA	NA	NA	NA	NA	NA	NA	NA	NA	NA	NA	NA	NA	NA	NA	NA
2018	ILLHy	LN	7.82	256.9	1492.8	32.15000001	1.95	0.24	2.76	0.23	0.58	0.14	0.001	83	49	14	5	21
2018	K4	LN	7.52	219.5	1526.7	34.14999999	1.44	0.17	2.25	0.16	0.21	0.11	0.001	59	34	8	5	10
2018	K55	LN	4.62	378.4	782.8	16.75	2.82	0.43	1.95	0.23	0.41	0.21	0.001	86	84	23	9	32
2018	K64	LN	7.58	244.8	1469.2	30	1.81	0.25	2.39	0.14	0.28	0.13	0.001	59	40	10	5	16
2018	K148	LN	NA	NA	NA	NA	NA	NA	NA	NA	NA	NA	NA	NA	NA	NA	NA	NA
2018	KI3	LN	NA	NA	NA	NA	NA	NA	NA	NA	NA	NA	NA	NA	NA	NA	NA	NA
2018	Ki11	LN	NA	NA	NA	NA	NA	NA	NA	NA	NA	NA	NA	NA	NA	NA	NA	NA
2018	Ki14	LN	NA	NA	NA	NA	NA	NA	NA	NA	NA	NA	NA	NA	NA	NA	NA	NA
2018	Ki21	LN	NA	NA	NA	NA	NA	NA	NA	NA	NA	NA	NA	NA	NA	NA	NA	NA
2018	Ki43	LN	NA	NA	NA	NA	NA	NA	NA	NA	NA	NA	NA	NA	NA	NA	NA	NA
2018	Ki44	LN	NA	NA	NA	NA	NA	NA	NA	NA	NA	NA	NA	NA	NA	NA	NA	NA
2018	Ki2021	LN	NA	NA	NA	NA	NA	NA	NA	NA	NA	NA	NA	NA	NA	NA	NA	NA
2018	Ky21	LN	NA	NA	NA	NA	NA	NA	NA	NA	NA	NA	NA	NA	NA	NA	NA	NA
2018	KY226	LN	NA	NA	NA	NA	NA	NA	NA	NA	NA	NA	NA	NA	NA	NA	NA	NA
2018	KY228	LN	7.85	344.3	1404.8	31.10000001	2.05	0.44	2.03	0.3	0.59	0.18	0.001	83	38	21	9	19
2018	L317	LN	7.34	314.7	1341.7	28.4	1.32	0.2	1.95	0.1	0.21	0.11	0.002	56	34	7	3	14
2018	L578	LN	NA	NA	NA	NA	NA	NA	NA	NA	NA	NA	NA	NA	NA	NA	NA	NA
2018	M14	LN	7.56	287.5	1266.6	27.7	1.6	0.26	2.25	0.09	0.33	0.13	0.002	61	72	17	7	17
2018	M37W	LN	5.93	154	1222.7	23.4	1.49	0.25	2.18	0.13	0.24	0.13	0.001	57	39	8	3	15
2018	M162W	LN	6.75	190.6	1242.1	25.1	1.26	0.23	2.31	0.07	0.2	0.1	0.001	81	29	14	4	11
2018	MEF156-55-2	LN	4.04	292.8	682.1	14.55	2.32	0.28	1.77	0.13	0.35	0.18	0.001	87	11	13	7	20
2018	MO1W	LN	4.34	213.7	986.6	17.8	1.66	0.34	2.4	0.14	0.26	0.12	0.001	67	62	13	6	18
2018	Mo17	LN	5.45	236.5	960.5	22.15	1.95	0.31	2.52	0.09	0.27	0.11	0.002	65	38	10	6	14
2018	Mo18W	LN	NA	NA	NA	NA	NA	NA	NA	NA	NA	NA	NA	NA	NA	NA	NA	NA
2018	Mo24W	LN	9.75	341.1	1655.5	43.59999999	2.53	0.34	2.75	0.19	0.38	0.17	0.001	102	80	11	9	14
2018	Mo44	LN	6.67	262.9	1200.7	26.85	1.91	0.31	2.42	0.09	0.32	0.16	0.003	63	42	14	5	15
2018	Mo45	LN	5.58	193	985.1	20.2	1.1	0.18	1.88	0.13	0.27	0.09	0.002	61	37	7	3	10
2018	Mo46	LN	6.37	337.1	990.8	24.85	2.18	0.54	1.86	0.21	0.4	0.18	0.001	100	70	13	6	15
2018	Mo47	LN	7.82	237.8	1294.2	27.55	1.42	0.29	2.05	0.28	0.51	0.15	0.003	62	70	15	8	27
2018	MoG	LN	NA	NA	NA	NA	NA	NA	NA	NA	NA	NA	NA	NA	NA	NA	NA	NA
2018	Mp339	LN	5.99	192.5	1284.1	28.25	1.39	0.34	2.77	0.11	0.26	0.12	0.001	90	41	13	6	14
2018	Ms71	LN	5.52	262.5	1080.1	21.55	1.81	0.41	2.22	0.14	0.3	0.12	0.001	76	49	21	5	17
2018	MS153	LN	5.85	256.1	1121.2	21.4	1.8	0.33	1.89	0.13	0.39	0.14	0.001	83	40	13	7	15
2018	MS1334	LN	6.52	460.8	1047.8	23.05	2.53	0.51	2.17	0.06	0.27	0.17	0.002	85	52	15	9	15
2018	Mt42	LN	5.92	444.8	964.6	20.1	2.52	0.41	2.13	0.29	0.77	0.21	0.002	89	151	24	11	53
2018	N6	LN	4.49	236.7	925.5	19.75	1.84	0.25	2.11	0.1	0.33	0.18	0.001	69	68	11	5	11
2018	N7A	LN	NA	NA	NA	NA	NA	NA	NA	NA	NA	NA	NA	NA	NA	NA	NA	NA
2018	N28Ht	LN	5.75	234.4	1152.1	22.6	1.81	0.33	1.99	0.22	0.36	0.14	0.001	68	31	16	6	12
2018	N192	LN	5.52	201.6	971.6	20.6	1.37	0.47	2.34	0.13	0.41	0.17	0.001	60	37	23	6	13
2018	NC33	LN	7.41	232.1	1525.6	32.25	2.03	0.26	2.08	0.11	0.42	0.16	0.001	81	83	9	5	24
2018	NC222	LN	8.36	263.2	1641.5	36.80000001	1.98	0.31	3.4	0.11	0.33	0.12	0.001	70	49	11	4	14
2018	NC230	LN	7.59	200.6	1437.2	33	1.5	0.25	2.46	0.16	0.28	0.09	0.001	53	31	11	4	11
2018	NC232	LN	NA	NA	NA	NA	NA	NA	NA	NA	NA	NA	NA	NA	NA	NA	NA	NA
2018	NC236	LN	5.39	172.6	1180.4	24.8	1.76	0.37	2.07	0.17	0.33	0.1	0.001	62	36	11	5	17
2018	NC238	LN	8.16	252.6	1550.2	31.8	1.63	0.31	2.47	0.1	0.22	0.12	0.001	83	43	13	6	16
2018	NC250	LN	5.13	326.5	743	20.15	2.03	0.32	2.34	0.21	0.41	0.17	0.001	75	52	16	7	19
2018	NC258	LN	7.66	215.1	1318.9	30.9	1.81	0.26	2.5	0.07	0.2	0.12	0.002	53	29	13	5	12
2018	NC260	LN	5.41	375.1	1018.7	24.4	1.43	0.4	2.91	0.09	0.23	0.18	0.001	65	52	12	5	17
2018	NC262	LN	5.23	238.5	856.7	21.9	1.76	0.27	2.36	0.14	0.27	0.13	0.002	59	30	20	7	13
2018	NC264	LN	5.39	263.6	1290.9	27.75	2.25	0.39	3	0.18	0.28	0.16	0.001	78	35	17	7	21
2018	NC290A	LN	6.87	207.3	1114	26.05	0.68	0.27	3.08	0.08	0.11	0.08	0.001	42	44	8	3	7
2018	NC294	LN	5.59	325.2	789.2	22.1	1.5	0.28	1.98	0.15	0.4	0.13	0.001	66	55	13	5	15
2018	NC296	LN	5.71	155.5	1128.1	26.4	1.27	0.38	3.36	0.12	0.2	0.08	0.001	41	43	4	4	15
2018	NC296A	LN	NA	NA	NA	NA	NA	NA	NA	NA	NA	NA	NA	NA	NA	NA	NA	NA
2018	NC298	LN	5.14	282.8	922	21.75	1.77	0.46	2.49	0.22	0.3	0.15	0.002	76	44	8	6	16
2018	NC300	LN	NA	NA	NA	NA	NA	NA	NA	NA	NA	NA	NA	NA	NA	NA	NA	NA
2018	NC302	LN	6.88	246.4	1058.7	24.95	1.81	0.46	2.39	0.18	0.41	0.13	0.001	69	21	14	7	20
2018	NC304	LN	6.82	208.6	1121	24.6	1.9	0.46	2.06	0.19	0.35	0.14	0.001	49	27	8	5	21
2018	NC306	LN	5.78	288.4	962.1	22.8	1.57	0.22	1.56	0.12	0.48	0.14	0.002	62	46	15	7	12
2018	NC310	LN	4.66	239.2	851.3	16.9	2.78	0.36	2.35	0.15	0.24	0.12	0.002	56	42	7	3	12
2018	NC314	LN	NA	NA	NA	NA	NA	NA	NA	NA	NA	NA	NA	NA	NA	NA	NA	NA
2018	NC318	LN	NA	NA	NA	NA	NA	NA	NA	NA	NA	NA	NA	NA	NA	NA	NA	NA
2018	NC320	LN	8.37	263.3	1599.7	35.79999999	1.86	0.28	2.46	0.13	0.26	0.14	0.001	63	33	9	5	13
2018	NC324	LN	4.24	294.3	649.7	16.85	1.92	0.3	1.77	0.2	0.53	0.16	0.001	64	49	17	5	14
2018	NC326	LN	5.48	237.7	1055.2	22.7	1.35	0.21	2	0.13	0.36	0.11	0.002	64	43	13	5	11
2018	NC328	LN	6.78	326.1	1115.6	25.4	1.97	0.35	1.75	0.14	0.44	0.16	0.003	73	44	22	9	14
2018	NC336	LN	3.75	211.9	824.4	20.3	1.81	0.28	2.95	0.18	0.32	0.14	0.001	132	63	15	6	16
2018	NC338	LN	6.92	308.7	1237.6	27.95	2.04	0.45	2.33	0.15	0.28	0.12	0.001	74	30	11	6	11
2018	NC340	LN	7.42	299.8	1240.9	30.15	1.72	0.29	2.92	0.18	0.54	0.14	0.001	58	50	8	6	25
2018	NC342	LN	7.68	180.8	1250.3	30.99999999	1.31	0.24	2.43	0.08	0.2	0.1	0.001	57	35	13	5	12
2018	NC344	LN	8.77	273.3	1414.7	37.29999999	1.36	0.22	2.46	0.09	0.2	0.1	0.002	51	27	8	4	11
2018	NC346	LN	6.14	118.5	1117	25.6	1.63	0.36	3.1	0.13	0.32	0.12	0.001	80	59	14	6	23
2018	NC348	LN	6.47	245.1	1078.1	21.45	1.53	0.34	2.3	0.09	0.16	0.111	0.001	51	41	7	4	15
2018	NC350	LN	5.02	287.7	949.3	18.9	1.86	0.41	2.57	0.12	0.28	0.12	0.001	83	43	12	6	12
2018	NC352	LN	7.94	243	1266.9	31.95	1.84	0.43	2.63	0.19	0.29	0.15	0.001	78	40	10	8	16
2018	NC354	LN	NA	NA	NA	NA	NA	NA	NA	NA	NA	NA	NA	NA	NA	NA	NA	NA
2018	NC356	LN	6.71	221.9	1107.2	25.9	1.72	0.36	2.77	0.14	0.26	0.12	0.001	75	33	16	5	15
2018	NC358	LN	5.02	251.3	1077.8	24.8	1.94	0.49	2.7	0.21	0.37	0.11	0.001	59	20	11	5	14
2018	NC360	LN	3.9	231.4	877.1	17.8	1.78	0.42	3.61	0.2	0.37	0.13	0.001	66	58	18	7	18
2018	NC362	LN	7.17	248.4	1131.3	30.80000001	1.88	0.24	2.6	0.28	0.41	0.13	0.001	61	35	20	8	14
2018	NC364	LN	7.33	231.4	1167.6	29.1	2.11	0.28	2.01	0.21	0.35	0.13	0.001	58	34	25	7	13
2018	NC366	LN	9.87	325.2	1618.6	40.35	1.93	0.34	2.84	0.09	0.28	0.15	0.001	66	58	13	6	19
2018	NC368	LN	5.48	224.3	1111.1	19.9	1.48	0.27	1.59	0.15	0.28	0.11	0.001	93	30	14	5	17
2018	ND246	LN	3.31	387.4	537.9	10.15	1.78	0.23	1.85	0.12	0.33	0.14	0.002	56	65	16	5	18
2018	OH7B	LN	7.82	214.5	1273.3	28.3	2.03	0.5	2.05	0.12	0.32	0.16	0.001	70	37	14	6	16
2018	Oh40B	LN	7.54	239.9	1289.7	26.45	1.54	0.3	2.11	0.05	0.32	0.11	0.001	71	34	19	7	14
2018	Oh43	LN	6.63	198.6	1207.3	25	1.7	0.35	2.21	0.1	0.29	0.12	0.001	61	38	34	6	16
2018	Oh43E	LN	6.98	202.1	1034	24.5	2.03	0.52	2.54	0.1	0.24	0.23	0.002	78	28	16	6	16
2018	Oh603	LN	8.29	177.3	1609.2	34.10000001	1.67	0.28	2.36	0.17	0.32	0.12	0.001	71	31	17	5	13
2018	Os420	LN	10.69	274.2	1740.1	44.19999999	1.89	0.53	2.88	0.14	0.34	0.15	0.001	65	42	17	5	23
2018	P39Goodman-Buckler	LN	NA	NA	NA	NA	NA	NA	NA	NA	NA	NA	NA	NA	NA	NA	NA	NA
2018	Pa91	LN	7.23	219.5	1347.9	31.25000001	1.5	0.21	2.69	0.14	0.38	0.17	0.001	60	44	9	5	16
2018	Pa762	LN	5.18	229.7	1050	18.75	1.85	0.38	2.59	0.11	0.26	0.12	0.001	69	34	21	6	17
2018	Pa875	LN	6.74	206.8	1224.8	26.45	1.83	0.34	2.23	0.26	0.33	0.13	0.001	67	44	28	5	18
2018	Pa880	LN	6.74	256.9	1134.9	22.8	2	0.31	2.02	0.11	0.25	0.14	0.003	64	39	9	6	13
2018	R4	LN	NA	NA	NA	NA	NA	NA	NA	NA	NA	NA	NA	NA	NA	NA	NA	NA
2018	R109B	LN	NA	NA	NA	NA	NA	NA	NA	NA	NA	NA	NA	NA	NA	NA	NA	NA
2018	R168	LN	5.62	348.5	1035.9	24	2.06	0.37	2.17	0.08	0.28	0.14	0.001	70	47	14	6	19
2018	R177	LN	6.38	261.7	1107.1	24.85	2	0.3	2.43	0.21	0.38	0.15	0.001	65	46	13	5	15
2018	R229	LN	6.57	238.4	1089.9	23.9	1.49	0.41	2.46	0.18	0.31	0.14	0.003	101	47	7	3	14
2018	SA24	LN	NA	NA	NA	NA	NA	NA	NA	NA	NA	NA	NA	NA	NA	NA	NA	NA
2018	SC55	LN	7.45	187.2	1331.7	32.60000001	1.38	0.18	2.6	0.14	0.33	0.1	0.001	45	44	8	4	10
2018	SC213R	LN	NA	NA	NA	NA	NA	NA	NA	NA	NA	NA	NA	NA	NA	NA	NA	NA
2018	SC357	LN	7.42	365.9	1452.6	28.3	2.79	0.28	2.54	0.14	0.29	0.18	0.003	104	43	27	12	24
2018	SD40	LN	4.81	277.5	858.7	19.15	1.01	0.38	2.19	0.1	0.11	0.09	0.001	41	45	6	3	12
2018	SD44	LN	3.71	269.4	722.1	13.2	1.77	0.26	1.79	0.16	0.35	0.13	0.001	62	65	27	6	18
2018	Sg18	LN	NA	NA	NA	NA	NA	NA	NA	NA	NA	NA	NA	NA	NA	NA	NA	NA
2018	Sg1533	LN	NA	NA	NA	NA	NA	NA	NA	NA	NA	NA	NA	NA	NA	NA	NA	NA
2018	T8	LN	8.06	225.3	1297.3	30.99999999	0.85	0.24	2.16	0.13	0.28	0.09	0.002	60	40	8	4	9
2018	T232	LN	6.21	235.5	1215	27	1.85	0.24	2.5	0.12	0.39	0.14	0.001	77	41	11	6	20
2018	T234	LN	8.18	234.9	1586.9	36.75	1.68	0.34	2.65	0.12	0.23	0.14	0.001	64	23	10	5	13
2018	Tx303	LN	NA	NA	NA	NA	NA	NA	NA	NA	NA	NA	NA	NA	NA	NA	NA	NA
2018	Tx601	LN	6.85	217.7	1333.3	31.44999999	1.97	0.41	2.9	0.16	0.4	0.12	0.001	81	42	13	6	31
2018	Tzi8	LN	10.13	267.5	1677.4	43.25000001	2.02	0.44	2.81	0.18	0.56	0.14	0.001	75	87	16	6	17
2018	Tzi9	LN	9.12	299.2	1607.1	37.55000001	1.81	0.24	2.79	0.13	0.32	0.15	0.001	74	29	13	8	12
2018	Tzi10	LN	6.25	187.1	1141	28.35	1.48	0.37	2.92	0.12	0.35	0.11	0.001	77	67	16	4	17
2018	Tzi11	LN	6.75	240.9	1249	26.75	1.8	0.3	2.86	0.1	0.23	0.12	0.001	56	33	13	10	14
2018	Tzi16	LN	NA	NA	NA	NA	NA	NA	NA	NA	NA	NA	NA	NA	NA	NA	NA	NA
2018	Tzi18	LN	7.33	240.3	1401.1	30.35000001	1.8	0.23	2.79	0.12	0.32	0.11	0.001	70	40	9	5	12
2018	Tzi25	LN	7.52	242.8	1410.8	33.80000001	1.4	0.36	3.11	0.17	0.37	0.11	0.001	56	33	16	5	16
2018	U267Y	LN	NA	NA	NA	NA	NA	NA	NA	NA	NA	NA	NA	NA	NA	NA	NA	NA
2018	Va14	LN	NA	NA	NA	NA	NA	NA	NA	NA	NA	NA	NA	NA	NA	NA	NA	NA
2018	Va17	LN	NA	NA	NA	NA	NA	NA	NA	NA	NA	NA	NA	NA	NA	NA	NA	NA
2018	Va22	LN	7.34	247.8	1410.8	32.4	1.51	0.32	2.45	0.12	0.31	0.1	0.001	85	24	21	6	12
2018	Va26	LN	7.05	270.6	1150.8	26.3	1.81	0.29	2.35	0.19	0.37	0.13	0.002	70	34	23	6	15
2018	Va35	LN	6.83	253.4	1214.5	27.95	1.5	0.26	2.65	0.16	0.33	0.14	0.002	67	28	12	7	13
2018	Va59	LN	6.59	278.2	1183.1	29.4	1.97	0.32	3.32	0.23	0.36	0.15	0.001	79	56	16	6	17
2018	Va85	LN	4.57	281.9	941.2	19.65	1.69	0.21	2.61	0.1	0.27	0.12	0.001	90	42	19	5	11
2018	Va99	LN	7.26	232.5	1260.5	24.4	1.67	0.4	1.73	0.1	0.29	0.12	0.003	73	34	16	7	16
2018	VA102	LN	8.31	285.4	1361.8	35.34999999	1.95	0.25	2.81	0.2	0.39	0.16	0.001	78	39	13	9	13
2018	VaW6	LN	4.55	223.1	1044.7	18.3	1.57	0.41	2.24	0.14	0.27	0.13	0.001	60	36	14	5	14
2018	W22	LN	4.57	201.8	1034.8	21.35	1.33	0.32	3.06	0.14	0.39	0.14	0.001	84	105	19	6	17
2018	W64A	LN	4.76	222.1	972	18.75	1.69	0.33	2.8	0.08	0.33	0.13	0.001	85	46	25	6	20
2018	W117Ht	LN	NA	NA	NA	NA	NA	NA	NA	NA	NA	NA	NA	NA	NA	NA	NA	NA
2018	W153R	LN	3.07	290.2	550.3	10.85	2.09	0.39	2.15	0.17	0.35	0.14	0.002	83	43	12	5	12
2018	W182B	LN	4.32	179.2	843.4	15.55	1.8	0.33	2.39	0.17	0.38	0.2	0.002	58	102	18	6	20
2018	WD	LN	NA	NA	NA	NA	NA	NA	NA	NA	NA	NA	NA	NA	NA	NA	NA	NA
2018	Wf9	LN	7.01	209.3	1366.2	26.85	1.92	0.33	2.18	0.15	0.25	0.11	0.001	56	35	19	6	16
2018	Yu796	LN	5.12	312.7	1030.7	20.9	2.14	0.26	2.57	0.19	0.41	0.15	0.002	67	59	16	8	18
2019	33-16	HN	8.4	569.3	1348.579	32.51	3.12	0.24	1.91	0.21	0.59	0.18	0.002	95	93	10	12	23
2019	38-11Goodman-Buckler	HN	7.74	462.9	1300.589	35.99	3.62	0.3	2.21	0.15	0.48	0.27	0.002	139	120	19	23	30
2019	4226	HN	6.31	427	1216.347	24.61	4	0.3	2.14	0.21	0.48	0.25	0.002	106	102	15	16	70
2019	4722	HN	6.43	349.4	1304.188	28.98	3.12	0.25	2.29	0.25	0.28	0.2	0.003	92	78	13	10	49
2019	A6	HN	NA	NA	NA	NA	NA	NA	NA	NA	NA	NA	NA	NA	NA	NA	NA	NA
2019	A188	HN	5.01	558.6	829.352	19.86	3.61	0.38	1.72	0.22	0.37	0.25	0.001	112	72	17	21	32
2019	A214NGoodman-Buckler	HN	3.61	340.3	784.145	18.38	3.23	0.29	2.17	0.23	0.29	0.18	0.002	81	69	18	9	45
2019	A239	HN	6.02	403.4	973.213	23.05	2.97	0.29	1.56	0.25	0.58	0.22	0.003	130	128	21	11	36
2019	A441-5	HN	NA	NA	NA	NA	NA	NA	NA	NA	NA	NA	NA	NA	NA	NA	NA	NA
2019	A554	HN	4.81	433.7	825.321	18.97	3.59	0.39	2.29	0.29	0.59	0.26	0.003	119	182	31	17	58
2019	A556	HN	5.9	448.3	981.577	20.85	3.5	0.27	2.12	0.15	0.39	0.22	0.001	146	105	28	11	41
2019	A619	HN	5.82	398.1	906.417	22.82	3.09	0.25	2.22	0.12	0.25	0.21	0.003	131	68	37	12	41
2019	A632	HN	4.96	296.4	992.258	23.87	2.91	0.36	2.74	0.2	0.23	0.17	0.001	95	67	17	8	32
2019	A634	HN	4.04	469.9	688.054	13.72	3.23	0.28	1.49	0.32	0.54	0.21	0.002	95	65	20	15	45
2019	A635	HN	3.59	398.4	727.485	13.2	3.07	0.25	2.01	0.22	0.33	0.22	0.002	101	57	17	9	34
2019	A641	HN	3.27	305.4	634.371	12.18	2.83	0.36	1.96	0.28	0.47	0.23	0.002	89	89	33	7	61
2019	A654	HN	3.65	221.7	857.757	15.84	2.86	0.28	2.32	0.3	0.42	0.21	0.002	112	86	26	20	57
2019	A659	HN	5.54	346.1	1048.161	22.61	3.15	0.26	2	0.15	0.24	0.18	0.001	85	97	16	8	25
2019	A661	HN	4.26	337.7	938.595	17.47	2.79	0.23	2.71	0.12	0.27	0.17	0.001	89	83	26	7	25
2019	A679	HN	5.39	385.8	1043.725	20.4	3.26	0.32	2.25	0.17	0.3	0.23	0.001	94	45	25	11	29
2019	A680	HN	8.35	423.9	1453.856	32.33	3.48	0.28	1.94	0.18	0.39	0.24	0.001	94	76	14	13	31
2019	A682	HN	4.9	371.7	1001.798	20.56	3.09	0.29	2.28	0.14	0.34	0.21	0.002	116	76	33	11	25
2019	Ab28A	HN	NA	NA	NA	NA	NA	NA	NA	NA	NA	NA	NA	NA	NA	NA	NA	NA
2019	B2	HN	7.64	315.4	1345.013	36.1	2.63	0.2	2.23	0.16	0.27	0.15	0.001	95	54	15	9	19
2019	B10	HN	6.05	384.9	1101.071	23.64	2.96	0.27	1.98	0.22	0.28	0.18	0.001	82	46	32	9	34
2019	B14A	HN	7.82	342.7	1334.418	31.45	3.22	0.25	2.42	0.28	0.38	0.19	0.001	102	56	19	9	34
2019	B37	HN	8.73	487.8	1374.021	34.89	3.14	0.29	1.66	0.25	0.58	0.21	0.001	103	64	15	13	35
2019	B46	HN	6.99	393.9	1357.099	31.17	3.49	0.26	2.94	0.17	0.33	0.22	0.001	98	71	25	16	49
2019	B52	HN	NA	NA	NA	NA	NA	NA	NA	NA	NA	NA	NA	NA	NA	NA	NA	NA
2019	B57	HN	6	424.4	948.711	22.78	2.8	0.27	2.01	0.24	0.42	0.2	0.002	92	57	11	12	34
2019	B64	HN	5.12	280	948.309	20.48	2.84	0.26	1.78	0.29	0.38	0.18	0.002	74	52	18	8	26
2019	B68	HN	5.63	339.1	1071.4	23.6	3.08	0.28	1.53	0.24	0.34	0.19	0.001	96	90	18	10	43
2019	B73	HN	6.26	475.5	1027.35	26.51	3.46	0.26	2.16	0.29	0.49	0.22	0.002	108	88	16	14	34
2019	B73Htrhm	HN	6.99	357	1240.232	32.2	2.79	0.26	2.24	0.21	0.4	0.18	0.001	91	99	18	7	31
2019	B75	HN	4.18	333.8	750.08	15.5	2.79	0.32	1.76	0.22	0.26	0.22	0.002	89	50	23	11	39
2019	B76	HN	NA	NA	NA	NA	NA	NA	NA	NA	NA	NA	NA	NA	NA	NA	NA	NA
2019	B77	HN	7.9	426.2	1351.512	32.49	3.34	0.24	1.74	0.16	0.24	0.22	0.001	105	45	17	15	24
2019	B79	HN	3.83	332.6	790.484	17.84	3.05	0.22	3.12	0.18	0.48	0.19	0.001	80	55	15	10	24
2019	B84	HN	4.33	344.5	772.769	20.41	2.21	0.2	2.47	0.22	0.4	0.14	0.002	75	60	19	6	22
2019	B97	HN	9.16	417.9	1483.617	35.47	2.91	0.22	1.79	0.26	0.35	0.2	0.001	87	57	20	12	29
2019	B103	HN	2.88	397.7	534.611	11.95	2.89	0.28	2.42	0.22	0.39	0.22	0.001	81	110	29	9	67
2019	B104	HN	7.82	454.5	1221.913	32.07	2.62	0.26	1.99	0.14	0.29	0.2	0.002	102	91	10	12	32
2019	B105	HN	5.76	383.1	1064.536	23.39	2.77	0.23	2.06	0.19	0.37	0.2	0.002	81	66	14	13	33
2019	B109	HN	8.99	497.4	1346.537	35.93	3.16	0.23	2.12	0.27	0.43	0.2	0.001	93	128	11	9	26
2019	B164	HN	6.39	431.5	1129.461	23.7	3.29	0.33	1.72	0.27	0.65	0.22	0.001	100	61	16	12	48
2019	C49A	HN	4.33	469.5	708.367	14.88	3.14	0.36	1.57	0.44	0.72	0.27	0.002	108	144	33	22	80
2019	C103	HN	6.49	336.2	1206.7	28.38	2.8	0.26	2.3	0.14	0.28	0.2	0.002	106	62	21	9	24
2019	C123	HN	7.22	367.5	1001.418	27.84	2.89	0.36	2.21	0.16	0.25	0.2	0.002	101	179	19	9	47
2019	CH9	HN	3.41	457.3	691.55	14.31	3.33	0.24	2.36	0.2	0.24	0.18	0.002	85	83	15	14	30
2019	CH701-30	HN	6.5	477.9	1062.802	27.8	3.58	0.35	2.73	0.13	0.29	0.24	0.001	118	97	16	19	21
2019	CI3A	HN	6.3	418.9	1139.276	28.61	3.25	0.25	2.22	0.25	0.35	0.22	0.001	94	65	16	11	41
2019	Ci7Goodman-Buckler	HN	9.43	476	1636.244	30.2	3.13	0.24	2.03	0.23	0.45	0.23	0.001	107	85	10	14	44
2019	CI21E	HN	NA	NA	NA	NA	NA	NA	NA	NA	NA	NA	NA	NA	NA	NA	NA	NA
2019	CI28AGoodman-Buckler	HN	NA	NA	NA	NA	NA	NA	NA	NA	NA	NA	NA	NA	NA	NA	NA	NA
2019	CI31A	HN	6.37	424.8	1081.139	31.76	2.95	0.2	3.32	0.23	0.43	0.21	0.001	100	90	11	9	26
2019	CI64	HN	6.87	344.8	1200.665	28.41	3.01	0.22	1.9	0.25	0.33	0.18	0.002	87	82	14	12	22
2019	CI66	HN	NA	NA	NA	NA	NA	NA	NA	NA	NA	NA	NA	NA	NA	NA	NA	NA
2019	Ci90CGoodman-Buckler	HN	5.03	455	1003.737	25.34	3.34	0.28	2.56	0.47	0.63	0.2	0.002	105	87	13	24	45
2019	Ci91BGoodman-Buckler	HN	NA	NA	NA	NA	NA	NA	NA	NA	NA	NA	NA	NA	NA	NA	NA	NA
2019	CI187-2	HN	4.27	433.5	784.874	17.81	3.37	0.28	2.24	0.12	0.28	0.22	0.002	122	53	16	15	34
2019	CM7	HN	4.72	434.7	775.97	18.76	2.84	0.28	1.67	0.28	0.54	0.22	0.001	90	173	33	13	40
2019	CM37	HN	5.42	432.8	901.147	21.76	3.02	0.31	1.41	0.3	0.56	0.22	0.001	95	204	30	16	28
2019	CM105	HN	3.47	443.1	704.087	13.17	3.51	0.25	1.45	0.26	0.39	0.21	0.002	101	39	20	11	41
2019	CM174	HN	4.05	412.6	843.12	16.26	3.29	0.28	1.63	0.42	0.43	0.24	0.001	118	64	23	11	49
2019	CML5	HN	NA	NA	NA	NA	NA	NA	NA	NA	NA	NA	NA	NA	NA	NA	NA	NA
2019	CML10	HN	4.17	330.1	806.618	17.37	3.12	0.27	1.94	0.24	0.23	0.19	0.002	72	83	18	11	31
2019	CML11	HN	NA	NA	NA	NA	NA	NA	NA	NA	NA	NA	NA	NA	NA	NA	NA	NA
2019	CML14	HN	NA	NA	NA	NA	NA	NA	NA	NA	NA	NA	NA	NA	NA	NA	NA	NA
2019	CML38	HN	NA	NA	NA	NA	NA	NA	NA	NA	NA	NA	NA	NA	NA	NA	NA	NA
2019	CML45	HN	NA	NA	NA	NA	NA	NA	NA	NA	NA	NA	NA	NA	NA	NA	NA	NA
2019	CML52	HN	9.79	377.4	1472.653	41.23	2.55	0.21	1.9	0.14	0.23	0.15	0.001	94	82	11	9	38
2019	CML61	HN	NA	NA	NA	NA	NA	NA	NA	NA	NA	NA	NA	NA	NA	NA	NA	NA
2019	CML69	HN	13.36	418.6	1993.663	51.83	3.1	0.19	2.08	0.16	0.42	0.19	0.001	110	56	17	13	25
2019	CML77	HN	NA	NA	NA	NA	NA	NA	NA	NA	NA	NA	NA	NA	NA	NA	NA	NA
2019	CML91	HN	NA	NA	NA	NA	NA	NA	NA	NA	NA	NA	NA	NA	NA	NA	NA	NA
2019	CML92	HN	NA	NA	NA	NA	NA	NA	NA	NA	NA	NA	NA	NA	NA	NA	NA	NA
2019	CML103	HN	5.89	335.4	1111.181	22.02	2.87	0.24	1.98	0.2	0.29	0.19	0.003	85	128	23	9	43
2019	CML108	HN	5.58	295.2	1206.043	26.68	2.92	0.27	2.16	0.27	0.28	0.18	0.003	131	61	12	12	28
2019	CML154Q	HN	9.49	473.5	1423.676	35.79	3	0.23	2.19	0.2	0.29	0.2	0.001	94	100	11	17	30
2019	CML157Q	HN	NA	NA	NA	NA	NA	NA	NA	NA	NA	NA	NA	NA	NA	NA	NA	NA
2019	CML158Q	HN	7.03	331.7	1454.238	32.11	2.77	0.24	2.71	0.15	0.25	0.18	0.002	67	73	14	12	37
2019	CML218	HN	NA	NA	NA	NA	NA	NA	NA	NA	NA	NA	NA	NA	NA	NA	NA	NA
2019	CML220	HN	7.88	493.1	1260.998	30.57	3.31	0.26	2.34	0.15	0.23	0.21	0.002	84	74	11	11	32
2019	CML228	HN	4.97	354.6	957.938	19.41	2.98	0.29	1.99	0.25	0.33	0.17	0.001	78	55	30	9	33
2019	CML238	HN	NA	NA	NA	NA	NA	NA	NA	NA	NA	NA	NA	NA	NA	NA	NA	NA
2019	CML247	HN	NA	NA	NA	NA	NA	NA	NA	NA	NA	NA	NA	NA	NA	NA	NA	NA
2019	CML254	HN	3.77	266.9	887.688	18.06	2.62	0.22	2.3	0.28	0.32	0.17	0.003	80	67	14	7	33
2019	CML258	HN	NA	NA	NA	NA	NA	NA	NA	NA	NA	NA	NA	NA	NA	NA	NA	NA
2019	CML261	HN	4.62	255.7	976.504	20.25	2.48	0.21	2.18	0.17	0.17	0.15	0.002	64	52	13	5	20
2019	CML264	HN	NA	NA	NA	NA	NA	NA	NA	NA	NA	NA	NA	NA	NA	NA	NA	NA
2019	CML277	HN	5.14	378.2	1030.402	20.73	2.84	0.27	1.98	0.28	0.32	0.18	0.001	98	81	29	8	39
2019	CML281	HN	NA	NA	NA	NA	NA	NA	NA	NA	NA	NA	NA	NA	NA	NA	NA	NA
2019	CML287	HN	5.86	391	1189.703	23.75	3.02	0.28	2.26	0.23	0.3	0.19	0.001	88	49	30	11	30
2019	CML311	HN	NA	NA	NA	NA	NA	NA	NA	NA	NA	NA	NA	NA	NA	NA	NA	NA
2019	CML314	HN	4.7	165.1	1067.636	20.93	1.75	0.17	2.45	0.18	0.3	0.12	0.003	68	81	16	5	31
2019	CML321	HN	5.72	362.6	1117.239	22.92	2.97	0.28	2.2	0.24	0.3	0.18	0.001	85	49	34	10	29
2019	CML322	HN	4.3	322.1	863.968	18.36	2.46	0.23	2.31	0.17	0.37	0.18	0.001	67	78	12	9	44
2019	CML323	HN	11.31	429	1639.359	45.21	2.9	0.25	1.55	0.22	0.43	0.22	0.002	121	76	25	14	24
2019	CML328	HN	NA	NA	NA	NA	NA	NA	NA	NA	NA	NA	NA	NA	NA	NA	NA	NA
2019	CML331	HN	NA	NA	NA	NA	NA	NA	NA	NA	NA	NA	NA	NA	NA	NA	NA	NA
2019	CML332	HN	NA	NA	NA	NA	NA	NA	NA	NA	NA	NA	NA	NA	NA	NA	NA	NA
2019	CML333	HN	4.49	197.2	892.566	18.63	2.05	0.2	1.76	0.11	0.16	0.14	0.001	76	61	9	7	28
2019	CML341	HN	NA	NA	NA	NA	NA	NA	NA	NA	NA	NA	NA	NA	NA	NA	NA	NA
2019	CMV3	HN	3.59	403.6	669.019	12.79	2.96	0.25	1.28	0.25	0.47	0.29	0.002	102	66	26	12	21
2019	CO106	HN	4.19	494.5	686.829	16.67	3.42	0.34	2.4	0.24	0.43	0.26	0.002	115	150	17	25	66
2019	CO125	HN	3.75	388.8	704.784	14.72	3.3	0.36	2.26	0.14	0.3	0.23	0.001	94	63	13	21	30
2019	CO255	HN	3.18	527.4	598.747	12.3	3.33	0.3	1.4	0.33	0.57	0.25	0.001	107	166	17	32	49
2019	D940Y	HN	10.95	463.3	1844.268	41.51	3.09	0.25	1.79	0.21	0.36	0.17	0.002	108	48	28	11	31
2019	DE-2	HN	5.56	361	1017.126	21.2	3.08	0.2	1.91	0.12	0.2	0.19	0.001	96	64	18	14	28
2019	DE1	HN	8.45	268.4	1068.793	20.04	3.29	0.28	2.75	0.14	0.22	0.22	0.002	119	82	17	9	31
2019	DE811	HN	6.99	497.3	1120.902	29.76	3.5	0.3	1.88	0.23	0.45	0.24	0.001	125	132	16	15	29
2019	E2558W	HN	10.76	448.3	1726.107	44.29	3.16	0.21	1.99	0.22	0.43	0.2	0.002	100	63	16	9	22
2019	EP1	HN	4.38	492.6	679.172	18.77	3.63	0.39	2.42	0.19	0.33	0.25	0.001	112	187	23	23	59
2019	F6	HN	NA	NA	NA	NA	NA	NA	NA	NA	NA	NA	NA	NA	NA	NA	NA	NA
2019	F7	HN	4.25	377.6	767.41	15.69	3.3	0.3	1.85	0.55	0.65	0.26	0.001	129	144	17	22	54
2019	F44	HN	6.62	470.8	1040.185	28.56	2.99	0.2	2.16	0.21	0.46	0.2	0.002	91	76	25	10	35
2019	F2834T	HN	8.37	408.9	1370.536	37.3	3.06	0.3	2.36	0.13	0.3	0.24	0.002	98	91	10	10	25
2019	GA209	HN	7.47	350.8	1179.472	36.11	2.71	0.18	1.73	0.26	0.47	0.16	0.001	119	142	15	14	27
2019	GT112	HN	NA	NA	NA	NA	NA	NA	NA	NA	NA	NA	NA	NA	NA	NA	NA	NA
2019	H49	HN	NA	NA	NA	NA	NA	NA	NA	NA	NA	NA	NA	NA	NA	NA	NA	NA
2019	H84	HN	4.5	496.3	745.964	16.95	3.15	0.28	1.69	0.26	0.41	0.2	0.002	86	62	21	13	50
2019	H91	HN	6.38	425	1219.255	30	3.43	0.25	2.47	0.17	0.31	0.21	0.001	111	50	15	11	27
2019	H95	HN	6.16	358.7	1091.833	25.16	2.61	0.24	2.11	0.16	0.26	0.18	0.001	77	75	18	10	25
2019	H99	HN	2.84	430.6	503.432	10.83	3.24	0.28	1.81	0.22	0.4	0.22	0.001	88	121	31	11	30
2019	H105W	HN	6.54	237.3	1121.144	26.15	2.54	0.28	2.09	0.31	0.4	0.15	0.001	110	131	18	7	35
2019	Hi27Goodman-Buckler	HN	NA	NA	NA	NA	NA	NA	NA	NA	NA	NA	NA	NA	NA	NA	NA	NA
2019	HP301	HN	7.03	325	1278.462	27.88	3	0.22	1.91	0.22	0.5	0.22	0.001	88	88	20	11	40
2019	I29	HN	2	298	464.939	7.88	2.68	0.26	1.9	0.18	0.25	0.21	0.001	74	86	28	6	35
2019	I137TN	HN	NA	NA	NA	NA	NA	NA	NA	NA	NA	NA	NA	NA	NA	NA	NA	NA
2019	I205	HN	8.74	461.1	1566.306	33.25	3.22	0.28	2.15	0.2	0.31	0.22	0.003	105	53	23	11	29
2019	i1677a	HN	NA	NA	NA	NA	NA	NA	NA	NA	NA	NA	NA	NA	NA	NA	NA	NA
2019	IA2132Goodman-Buckler	HN	7.33	462.9	1022.99	30.8	3.43	0.29	2.03	0.38	0.45	0.22	0.002	99	87	21	13	43
2019	Ia5125	HN	3	293.5	522.902	10.28	3.1	0.29	2.11	0.19	0.36	0.22	0.001	101	103	18	8	49
2019	IDS28	HN	5.36	397.2	952.333	20.78	2.98	0.26	1.69	0.12	0.32	0.18	0.001	112	85	11	16	39
2019	IDS69	HN	NA	NA	NA	NA	NA	NA	NA	NA	NA	NA	NA	NA	NA	NA	NA	NA
2019	IDS91	HN	5.75	388.2	1058.178	24.4	3.09	0.25	2.38	0.23	0.35	0.21	0.002	92	77	17	12	35
2019	Il14H	HN	6.8	376.3	1242.894	33.36	3.13	0.26	2.75	0.17	0.39	0.23	0.003	99	83	15	9	29
2019	Il101	HN	NA	NA	NA	NA	NA	NA	NA	NA	NA	NA	NA	NA	NA	NA	NA	NA
2019	ILLHy	HN	5.85	341.1	1193.368	23.04	3.45	0.3	2.23	0.26	0.52	0.24	0.001	100	59	21	12	39
2019	K4	HN	8.17	380.8	1531.359	36.99	2.56	0.22	2.25	0.25	0.33	0.18	0.002	103	76	15	12	29
2019	K55	HN	5.5	387.8	1045.714	23.36	3.11	0.28	1.96	0.4	0.47	0.2	0.002	104	83	16	9	34
2019	K64	HN	6	369.1	1049.772	25.1	2.76	0.26	2.04	0.21	0.3	0.19	0.002	87	62	13	13	35
2019	K148	HN	NA	NA	NA	NA	NA	NA	NA	NA	NA	NA	NA	NA	NA	NA	NA	NA
2019	KI3	HN	NA	NA	NA	NA	NA	NA	NA	NA	NA	NA	NA	NA	NA	NA	NA	NA
2019	Ki11	HN	10.6	485.1	1684.849	49.07	3.11	0.24	2.03	0.37	0.52	0.21	0.002	102	91	10	12	34
2019	Ki14	HN	NA	NA	NA	NA	NA	NA	NA	NA	NA	NA	NA	NA	NA	NA	NA	NA
2019	Ki21	HN	NA	NA	NA	NA	NA	NA	NA	NA	NA	NA	NA	NA	NA	NA	NA	NA
2019	Ki43	HN	NA	NA	NA	NA	NA	NA	NA	NA	NA	NA	NA	NA	NA	NA	NA	NA
2019	Ki44	HN	9.28	444.2	1432.319	37.05	3.43	0.3	2.31	0.29	0.4	0.24	0.002	114	75	13	16	41
2019	Ki2021	HN	NA	NA	NA	NA	NA	NA	NA	NA	NA	NA	NA	NA	NA	NA	NA	NA
2019	Ky21	HN	NA	NA	NA	NA	NA	NA	NA	NA	NA	NA	NA	NA	NA	NA	NA	NA
2019	KY226	HN	7.55	428.2	1103.621	28.95	2.97	0.25	1.86	0.19	0.29	0.19	0.001	121	120	12	12	35
2019	KY228	HN	NA	NA	NA	NA	NA	NA	NA	NA	NA	NA	NA	NA	NA	NA	NA	NA
2019	L317	HN	6.9	492.3	1220.715	32.11	3.16	0.19	2.25	0.23	0.41	0.19	0.002	95	69	23	11	36
2019	L578	HN	NA	NA	NA	NA	NA	NA	NA	NA	NA	NA	NA	NA	NA	NA	NA	NA
2019	M14	HN	6.69	451.5	1187.414	29.39	3.7	0.33	2.51	0.12	0.28	0.23	0.003	126	145	15	21	36
2019	M37W	HN	6.61	231.1	1381.766	27.44	3.15	0.23	1.73	0.31	0.52	0.19	0.002	104	89	13	10	35
2019	M162W	HN	7.11	391	1322.299	32.21	2.81	0.2	1.79	0.23	0.37	0.18	0.002	124	67	17	9	24
2019	MEF156-55-2	HN	5.75	318.5	817.946	20.84	3.1	0.28	1.79	0.37	0.58	0.24	0.001	118	62	35	11	56
2019	MO1W	HN	5.97	306.9	1226.104	26.01	3.18	0.28	2.21	0.24	0.31	0.2	0.001	128	102	15	17	41
2019	Mo17	HN	5.51	404.8	1073.081	28.23	3.19	0.3	2.92	0.15	0.31	0.21	0.002	129	121	9	14	32
2019	Mo18W	HN	NA	NA	NA	NA	NA	NA	NA	NA	NA	NA	NA	NA	NA	NA	NA	NA
2019	Mo24W	HN	10.05	453.3	1637.208	42.41	3	0.26	1.99	0.23	0.3	0.2	0.001	112	119	13	12	22
2019	Mo44	HN	7.14	545.2	1236.216	34.74	3.64	0.29	2.93	0.19	0.38	0.22	0.002	118	109	10	13	31
2019	Mo45	HN	7.63	515.2	1214.594	34.04	2.97	0.23	2.57	0.21	0.4	0.19	0.002	108	82	11	12	28
2019	Mo46	HN	7.52	509	1137.113	30.74	3.26	0.34	1.91	0.18	0.3	0.22	0.002	128	94	15	19	31
2019	Mo47	HN	4.82	419.9	812.406	17.6	2.89	0.24	1.68	0.24	0.35	0.21	0.001	81	98	25	13	58
2019	MoG	HN	NA	NA	NA	NA	NA	NA	NA	NA	NA	NA	NA	NA	NA	NA	NA	NA
2019	Mp339	HN	9.74	399.7	1528.725	43.86	3.05	0.24	2.03	0.3	0.47	0.19	0.002	101	118	9	12	31
2019	Ms71	HN	9.31	457.5	1575.082	35.86	2.93	0.28	2.06	0.19	0.32	0.2	0.001	87	46	24	10	27
2019	MS153	HN	3.1	390.3	584.432	11.67	3.1	0.28	1.98	0.12	0.3	0.24	0.001	122	89	31	18	29
2019	MS1334	HN	5.04	499.6	877.142	19.03	3.49	0.36	1.93	0.18	0.33	0.22	0.002	99	93	25	18	26
2019	Mt42	HN	3.4	402.3	610.27	12.57	3.13	0.27	2.44	0.24	0.48	0.24	0.001	97	132	29	10	30
2019	N6	HN	5.37	422.3	839.145	19.59	2.95	0.29	1.79	0.12	0.3	0.31	0.001	97	115	14	15	33
2019	N7A	HN	7.02	399.6	1076.76	25.49	2.86	0.25	1.41	0.32	0.49	0.16	0.002	NA	197	1	13	39
2019	N28Ht	HN	6.4	442.9	1145.78	26.73	3.11	0.28	1.94	0.29	0.47	0.2	0.002	124	96	15	13	40
2019	N192	HN	6.38	483.4	1060.985	26.02	3.81	0.34	2.09	0.18	0.44	0.29	0.001	144	82	19	15	35
2019	NC33	HN	NA	NA	NA	NA	NA	NA	NA	NA	NA	NA	NA	NA	NA	NA	NA	NA
2019	NC222	HN	7.18	389.4	1455.375	31.32	2.76	0.24	2.53	0.22	0.38	0.17	0.001	90	81	20	8	28
2019	NC230	HN	8.07	434.4	1484.226	33.12	3.1	0.28	2.55	0.25	0.43	0.22	0.001	112	71	18	10	31
2019	NC232	HN	9.05	397.2	1539.297	37.52	3.1	0.23	2.16	0.23	0.34	0.21	0.002	112	43	10	16	37
2019	NC236	HN	5.86	359.8	1216.841	28.03	3.2	0.3	1.97	0.19	0.36	0.22	0.002	102	117	15	21	50
2019	NC238	HN	NA	NA	NA	NA	NA	NA	NA	NA	NA	NA	NA	NA	NA	NA	NA	NA
2019	NC250	HN	6.45	550.7	822.038	26.16	2.99	0.24	1.95	0.18	0.39	0.25	0.002	123	91	15	11	23
2019	NC258	HN	9.48	432.1	1523.543	41.03	3.22	0.24	2.15	0.14	0.22	0.19	0.001	93	56	19	14	23
2019	NC260	HN	7.66	561.2	1203.065	33.62	4.11	0.35	2.87	0.14	0.32	0.24	0.001	129	117	13	19	36
2019	NC262	HN	4.07	333.2	623.061	15.85	2.59	0.28	2.13	0.18	0.23	0.23	0.001	86	63	27	9	30
2019	NC264	HN	6.58	353.5	1228.794	29.77	2.92	0.24	2.6	0.2	0.36	0.22	0.002	103	88	18	11	30
2019	NC290A	HN	7.84	425.7	1179.163	31.31	3	0.24	1.76	0.26	0.38	0.2	0.001	99	103	14	12	21
2019	NC294	HN	4.64	417.4	829.204	23.02	2.63	0.24	2.13	0.17	0.3	0.16	0.002	93	63	22	10	26
2019	NC296	HN	9.22	308.9	1441.464	41.26	2.76	0.25	2.07	0.26	0.5	0.17	0.002	118	169	17	12	32
2019	NC296A	HN	NA	NA	NA	NA	NA	NA	NA	NA	NA	NA	NA	NA	NA	NA	NA	NA
2019	NC298	HN	9.46	432.8	1682.02	36.85	2.6	0.26	2.05	0.25	0.37	0.2	0.001	99	49	19	10	23
2019	NC300	HN	NA	NA	NA	NA	NA	NA	NA	NA	NA	NA	NA	NA	NA	NA	NA	NA
2019	NC302	HN	5.76	429.1	974.845	22.13	2.84	0.26	1.8	0.24	0.43	0.2	0.002	102	66	11	10	33
2019	NC304	HN	NA	NA	NA	NA	NA	NA	NA	NA	NA	NA	NA	NA	NA	NA	NA	NA
2019	NC306	HN	5.83	379.3	1001.352	22.11	2.83	0.28	1.54	0.16	0.31	0.19	0.002	99	54	22	11	31
2019	NC310	HN	6.22	483.2	1337.699	27.5	3.35	0.24	2.07	0.23	0.55	0.22	0.002	183	122	8	11	23
2019	NC314	HN	NA	NA	NA	NA	NA	NA	NA	NA	NA	NA	NA	NA	NA	NA	NA	NA
2019	NC318	HN	8.69	442	1380.196	36.48	3.32	0.24	1.91	0.25	0.36	0.2	0.002	105	56	13	14	36
2019	NC320	HN	5.47	368.8	1078.249	26.09	3.26	0.21	2.36	0.25	0.49	0.2	0.001	97	91	16	12	36
2019	NC324	HN	5.03	463.7	662.929	23.42	2.8	0.26	1.84	0.18	0.44	0.18	0.002	NA	109	7	13	27
2019	NC326	HN	9.42	516	1490.936	38.12	3.39	0.26	2.06	0.2	0.5	0.23	0.001	136	87	15	15	27
2019	NC328	HN	7.04	480.3	1221.438	29.99	3.55	0.29	1.94	0.23	0.52	0.23	0.002	114	94	16	11	26
2019	NC336	HN	6.15	389.7	962.286	26.81	3.13	0.26	2.06	0.32	0.44	0.2	0.001	103	161	11	15	31
2019	NC338	HN	10.32	423	1797.707	41.17	2.79	0.23	1.71	0.31	0.46	0.18	0.002	96	75	14	11	33
2019	NC340	HN	10.59	442	1738.007	40.19	3.05	0.25	1.93	0.22	0.37	0.2	0.001	110	46	26	11	27
2019	NC342	HN	8.34	281.6	1445.035	37.05	2.3	0.21	2.05	0.18	0.26	0.16	0.003	81	56	18	14	24
2019	NC344	HN	12.8	450.9	1761.889	54.58	3.07	0.3	1.97	0.14	0.34	0.2	0.002	125	80	14	20	20
2019	NC346	HN	7.8	253.7	1233.107	32.81	2.63	0.22	2.2	0.19	0.35	0.15	0.002	101	101	12	9	30
2019	NC348	HN	7.57	496.1	1104.745	28	3.05	0.23	1.75	0.26	0.27	0.2	0.001	92	60	7	15	25
2019	NC350	HN	NA	NA	NA	NA	NA	NA	NA	NA	NA	NA	NA	NA	NA	NA	NA	NA
2019	NC352	HN	6.01	405.5	971.278	26.63	2.93	0.22	2.59	0.21	0.34	0.19	0.002	96	118	10	11	27
2019	NC354	HN	NA	NA	NA	NA	NA	NA	NA	NA	NA	NA	NA	NA	NA	NA	NA	NA
2019	NC356	HN	6.76	470.4	867.917	26.6	3.03	0.32	1.56	0.4	0.41	0.21	0.001	101	75	21	13	37
2019	NC358	HN	7.52	503.9	1214.18	31.73	3.03	0.32	2.15	0.12	0.23	0.19	0.002	98	47	11	12	23
2019	NC360	HN	12.95	459.2	2081.51	52.78	2.73	0.27	1.92	0.21	0.38	0.19	0.001	97	60	13	11	18
2019	NC362	HN	9.77	406.6	1397.352	40.9	3.12	0.26	2.4	0.27	0.36	0.21	0.001	95	116	16	15	27
2019	NC364	HN	7.43	349.5	1177.392	30.35	3.06	0.28	1.89	0.27	0.47	0.22	0.001	105	93	28	12	28
2019	NC366	HN	11.34	499.1	1700.184	47.93	2.97	0.27	2.15	0.16	0.33	0.2	0.001	94	74	11	10	28
2019	NC368	HN	5.53	231.6	1069.003	24.08	2.76	0.28	2.33	0.12	0.18	0.17	0.002	79	51	19	8	22
2019	ND246	HN	3.59	479.9	613.266	12.74	2.89	0.27	1.91	0.25	0.43	0.25	0.002	99	84	19	15	41
2019	OH7B	HN	7.26	439.4	1127.954	31.56	3.21	0.32	1.81	0.37	0.84	0.24	0.002	106	245	15	17	53
2019	Oh40B	HN	7.92	389.9	1370.562	36.56	2.3	0.2	2.2	0.11	0.45	0.16	0.002	135	97	17	12	33
2019	Oh43	HN	5.09	374.7	911.809	20.39	3.05	0.28	2.25	0.14	0.23	0.22	0.001	96	49	30	11	40
2019	Oh43E	HN	5.73	NA	1011.132	26.1	2.8	0.34	2.51	0.14	0.25	0.2	0.006	94	55	15	10	23
2019	Oh603	HN	9.5	334.1	1658.923	33.1	2.66	0.27	2.24	0.14	0.27	0.19	0.002	107	55	12	12	24
2019	Os420	HN	7.54	406.1	1386.914	34.92	3.04	0.29	2.59	0.15	0.26	0.18	0.002	97	64	11	10	29
2019	P39Goodman-Buckler	HN	1.92	436.1	355.084	9.95	3.18	0.31	2.58	0.25	0.41	0.27	0.001	102	214	9	9	44
2019	Pa91	HN	7.37	404.9	1297.024	35.1	3.63	0.28	2.37	0.22	0.48	0.29	0.002	126	82	14	25	37
2019	Pa762	HN	7.01	385.9	1192.473	26.74	3.11	0.24	1.86	0.15	0.31	0.2	0.005	91	62	20	16	36
2019	Pa875	HN	8.14	428.6	1331.239	33.06	3.13	0.29	1.73	0.26	0.37	0.21	0.002	109	124	18	11	34
2019	Pa880	HN	7.67	427.1	1269.24	29.08	3.11	0.29	1.89	0.19	0.28	0.19	0.002	116	68	10	16	30
2019	R4	HN	7.38	539.4	1229.531	32.16	3.59	0.27	2.23	0.16	0.36	0.23	0.002	155	80	14	13	29
2019	R109B	HN	NA	NA	NA	NA	NA	NA	NA	NA	NA	NA	NA	NA	NA	NA	NA	NA
2019	R168	HN	4.43	416.1	878.378	17.7	3.28	0.36	2.34	0.14	0.26	0.22	0.001	101	66	18	12	41
2019	R177	HN	8.94	467.6	1436.997	34.73	3.16	0.27	1.91	0.32	0.45	0.21	0.001	113	110	16	15	30
2019	R229	HN	7.64	455.2	1225.137	34.15	2.85	0.22	2.1	0.32	0.66	0.18	0.001	101	160	13	12	20
2019	SA24	HN	8.12	307.5	1398.968	32.68	2.55	0.23	2.46	0.26	0.43	0.18	0.001	85	117	13	9	35
2019	SC55	HN	6.84	377.2	1151.957	32.28	2.77	0.19	2.19	0.28	0.45	0.17	0.001	73	110	10	7	25
2019	SC213R	HN	NA	NA	NA	NA	NA	NA	NA	NA	NA	NA	NA	NA	NA	NA	NA	NA
2019	SC357	HN	7.36	431.5	1136.284	31.95	3.28	0.23	2.33	0.17	0.43	0.2	0.002	96	147	18	9	34
2019	SD40	HN	5.7	472.9	881.015	21.39	2.57	0.22	2.07	0.2	0.32	0.17	0.002	93	73	10	9	24
2019	SD44	HN	3.8	421.7	731.139	16.13	3.42	0.29	2.35	0.13	0.23	0.24	0.002	123	79	20	14	54
2019	Sg18	HN	7.11	399	1272.493	24.09	3.06	0.26	1.96	0.27	0.54	0.21	0.002	92	100	19	13	23
2019	Sg1533	HN	6.97	325.8	1269.94	30.18	2.61	0.2	2.37	0.2	0.55	0.16	0.002	97	120	18	10	36
2019	T8	HN	8.98	505.5	1364.175	40.83	2.94	0.22	2.35	0.16	0.35	0.16	0.001	92	114	10	15	21
2019	T232	HN	9.1	472.5	1461.771	37.53	3.29	0.25	2.09	0.24	0.49	0.22	0.001	121	57	10	12	31
2019	T234	HN	5.86	421.9	1087.691	26.67	2.9	0.23	2.28	0.17	0.29	0.18	0.001	92	75	9	11	28
2019	Tx303	HN	NA	NA	NA	NA	NA	NA	NA	NA	NA	NA	NA	NA	NA	NA	NA	NA
2019	Tx601	HN	7.84	403	1388.643	36.76	2.81	0.19	2.1	0.24	0.44	0.17	0.001	81	66	13	13	45
2019	Tzi8	HN	7.52	443.8	1378.85	28.87	3.09	0.28	2.25	0.24	0.36	0.23	0.001	104	67	31	12	33
2019	Tzi9	HN	7.73	426.8	1376.813	29.37	3.13	0.25	2	0.2	0.3	0.2	0.001	86	48	27	11	27
2019	Tzi10	HN	10.71	375.7	1227.941	37.36	2.72	0.21	2.2	0.16	0.41	0.18	0.002	98	147	21	8	39
2019	Tzi11	HN	7.49	344.5	1204.138	29.16	2.77	0.24	2.12	0.22	0.4	0.19	0.001	110	77	16	22	38
2019	Tzi16	HN	NA	NA	NA	NA	NA	NA	NA	NA	NA	NA	NA	NA	NA	NA	NA	NA
2019	Tzi18	HN	10.45	441.2	1585.355	42.44	3.07	0.26	2	0.21	0.41	0.19	0.002	124	74	11	13	32
2019	Tzi25	HN	7.1	367.4	1323.364	34.26	3.08	0.26	2.78	0.21	0.29	0.18	0.002	108	86	19	13	31
2019	U267Y	HN	NA	NA	NA	NA	NA	NA	NA	NA	NA	NA	NA	NA	NA	NA	NA	NA
2019	Va14	HN	NA	NA	NA	NA	NA	NA	NA	NA	NA	NA	NA	NA	NA	NA	NA	NA
2019	Va17	HN	NA	NA	NA	NA	NA	NA	NA	NA	NA	NA	NA	NA	NA	NA	NA	NA
2019	Va22	HN	8.74	512.7	1438.555	36.99	3	0.27	2.32	0.15	0.31	0.19	0.002	103	55	18	15	23
2019	Va26	HN	12.8	462.9	1311.143	32.19	NA	NA	NA	NA	NA	NA	NA	NA	NA	NA	NA	NA
2019	Va35	HN	7.95	462.1	1204.092	35.22	3.13	0.25	2.13	0.21	0.27	0.2	0.002	94	57	9	16	26
2019	Va59	HN	5.89	451.9	857.272	22.1	3.65	0.32	2.51	0.26	0.38	0.24	0.002	139	132	21	13	28
2019	Va85	HN	7.64	389.3	1264.713	28.98	2.77	0.23	1.83	0.13	0.27	0.17	0.001	109	61	13	8	26
2019	Va99	HN	8.99	367.2	1553.478	36.44	2.6	0.3	1.77	0.12	0.39	0.2	0.001	95	71	21	12	32
2019	VA102	HN	8.8	480.8	1470.988	41.87	3.39	0.29	2.81	0.26	0.38	0.24	0.001	109	117	12	21	28
2019	VaW6	HN	9.45	444.8	1440.73	35.87	3.29	0.3	2.2	0.2	0.34	0.22	0.002	87	96	13	15	30
2019	W22	HN	5.58	439.8	1091.709	25.07	3.25	0.32	2.05	0.28	0.39	0.23	0.002	112	93	18	17	40
2019	W64A	HN	2.93	372.8	671.354	9.09	2.9	0.27	2.29	0.14	0.31	0.2	0.009	96	73	15	11	34
2019	W117Ht	HN	5.91	496.6	835.319	19.54	2.96	0.29	1.87	0.12	0.35	0.2	0.006	90	71	13	15	46
2019	W153R	HN	2.27	397.4	473.441	9.03	2.91	0.24	2.09	0.13	0.23	0.18	0.001	101	34	13	7	25
2019	W182B	HN	3.03	320.4	685.306	12.54	3.3	0.3	2.59	0.19	0.47	0.32	0.002	113	165	22	16	57
2019	WD	HN	NA	NA	NA	NA	NA	NA	NA	NA	NA	NA	NA	NA	NA	NA	NA	NA
2019	Wf9	HN	7.49	376.5	1400.584	39.58	3.06	0.26	2.31	0.2	0.3	0.18	0.001	105	90	16	17	36
2019	Yu796	HN	4.88	410.8	1016.917	20.4	3.25	0.23	2.06	0.26	0.32	0.2	0.003	120	102	8	15	30
2019	33-16	LN	6.76	460.7	1231.976	27.13	2.87	0.26	1.74	0.23	0.51	0.21	0.002	105	70	17	13	25
2019	38-11Goodman-Buckler	LN	7.6	362.1	1152.928	25.87	2.89	0.33	1.96	0.11	0.45	0.33	0.002	141	84	18	18	25
2019	4226	LN	4.02	237	782.01	15.67	2.15	0.33	2.16	0.21	0.47	0.22	0.002	79	64	16	7	51
2019	4722	LN	3.1	174.5	761.237	14.01	1.63	0.23	2.09	0.13	0.19	0.14	0.001	65	64	14	4	31
2019	A6	LN	NA	NA	NA	NA	NA	NA	NA	NA	NA	NA	NA	NA	NA	NA	NA	NA
2019	A188	LN	2.8	385.8	608.669	12.15	2.76	0.32	1.98	0.14	0.23	0.22	0.001	114	21	11	10	20
2019	A214NGoodman-Buckler	LN	4.79	223.1	979.974	21.89	2.05	0.29	2.31	0.2	0.24	0.16	0.001	65	66	21	5	33
2019	A239	LN	3.73	258.4	694.639	12.99	1.7	0.22	1.72	0.17	0.34	0.13	0.002	76	59	11	5	15
2019	A441-5	LN	NA	NA	NA	NA	NA	NA	NA	NA	NA	NA	NA	NA	NA	NA	NA	NA
2019	A554	LN	4.88	398.1	863.156	19.61	2.81	0.37	2.09	0.18	0.46	0.22	0.002	109	119	16	11	41
2019	A556	LN	3.3	422.9	594.68	14.31	2.99	0.38	2.44	0.2	0.39	0.27	0.002	111	168	9	12	36
2019	A619	LN	5.54	365.5	857.056	22.81	2.72	0.31	2.78	0.09	0.27	0.2	0.003	134	65	22	11	33
2019	A632	LN	4.2	318.2	789.915	16.31	2.44	0.35	1.8	0.18	0.25	0.2	0.001	74	48	18	7	33
2019	A634	LN	2.8	277.2	529.352	10.18	2.13	0.26	1.66	0.21	0.33	0.16	0.003	73	52	16	7	31
2019	A635	LN	2.93	226.1	611.782	11.09	1.56	0.19	1.73	0.15	0.23	0.13	0.001	57	35	16	3	20
2019	A641	LN	2.63	352.3	485.12	9.21	2.53	0.35	1.31	0.23	0.44	0.29	0.002	96	72	26	9	64
2019	A654	LN	6.97	329.7	1240.069	26.62	2.15	0.24	1.73	0.19	0.5	0.16	0.003	89	68	17	11	46
2019	A659	LN	8.21	405.7	1251.814	29.89	2.55	0.28	1.82	0.1	0.34	0.19	0.001	96	121	14	8	28
2019	A661	LN	2.47	334.9	516.287	9.81	2.15	0.3	2.45	0.1	0.24	0.17	0.001	86	72	20	6	27
2019	A679	LN	4.61	271.1	924.657	17.98	1.73	0.22	1.74	0.12	0.27	0.14	0.001	70	48	19	3	19
2019	A680	LN	8.2	413.4	1323.311	31.29	2.88	0.27	1.86	0.18	0.51	0.23	0.001	101	101	24	10	29
2019	A682	LN	3.98	238	834.418	15.73	2.03	0.25	2.34	0.12	0.3	0.15	0.002	92	63	22	7	23
2019	Ab28A	LN	NA	NA	NA	NA	NA	NA	NA	NA	NA	NA	NA	NA	NA	NA	NA	NA
2019	B2	LN	NA	NA	NA	NA	NA	NA	NA	NA	NA	NA	NA	NA	NA	NA	NA	NA
2019	B10	LN	3.78	206.3	952.258	17.32	2.17	0.29	2.32	0.22	0.34	0.17	0.001	82	73	18	7	32
2019	B14A	LN	3	315.2	917.732	18.36	2.63	0.32	1.93	0.24	0.31	0.23	0.001	99	58	19	8	29
2019	B37	LN	5.95	266.6	1020.371	24.1	2.14	0.31	1.73	0.22	0.47	0.21	0.001	64	38	22	7	29
2019	B46	LN	4.37	253.1	928.848	19.7	2.13	0.25	2.31	0.13	0.29	0.14	0.002	73	38	14	8	26
2019	B52	LN	NA	NA	NA	NA	NA	NA	NA	NA	NA	NA	NA	NA	NA	NA	NA	NA
2019	B57	LN	4.2	311	736.534	17.04	2.12	0.28	1.98	0.14	0.35	0.15	0.001	81	55	15	6	33
2019	B64	LN	5.15	260.3	996.731	22.35	2.07	0.24	2.16	0.21	0.36	0.21	0.003	74	46	11	6	17
2019	B68	LN	5.31	272	1003.522	24.34	1.92	0.24	2.22	0.15	0.28	0.17	0.001	79	82	14	6	19
2019	B73	LN	7.09	391.4	1234.233	28.16	2.39	0.27	1.99	0.17	0.35	0.21	0.002	78	64	13	8	31
2019	B73Htrhm	LN	6.63	427.5	1169.498	26.61	3.17	0.34	1.98	0.16	0.37	0.29	0.001	93	65	9	9	41
2019	B75	LN	6.05	373.9	1144.57	26.21	2.62	0.32	2.52	0.12	0.25	0.21	0.002	103	60	7	9	35
2019	B76	LN	5.65	338.2	966.278	23.99	2.2	0.29	1.99	0.14	0.39	0.17	0.002	83	36	16	8	23
2019	B77	LN	5.9	335.2	1116.574	25.23	2.68	0.3	1.87	0.11	0.26	0.19	0.002	104	47	19	10	26
2019	B79	LN	5.48	298.2	935.977	24.11	2.03	0.23	2.84	0.17	0.49	0.17	0.001	72	44	13	7	17
2019	B84	LN	5	342.3	832.822	21.15	2.17	0.25	2.5	0.16	0.36	0.17	0.002	67	53	14	5	29
2019	B97	LN	4.11	173.5	881.632	16.64	1.23	0.19	1.95	0.14	0.21	0.1	0.001	50	37	18	4	16
2019	B103	LN	4.65	377.1	715.72	17.79	2.45	0.27	1.98	0.22	0.47	0.23	0.001	81	141	29	7	76
2019	B104	LN	5.33	275.6	921.4	21.69	1.83	0.26	1.58	0.13	0.25	0.17	0.001	76	76	10	5	27
2019	B105	LN	3.44	221.9	653.783	13.93	2.03	0.35	1.97	0.14	0.31	0.16	0.001	61	73	19	6	33
2019	B109	LN	6.49	413.7	1152.661	25.06	2.72	0.27	1.95	0.15	0.32	0.23	0.001	89	51	8	8	28
2019	B164	LN	3.52	228.9	808.619	14.83	2.08	0.29	1.86	0.23	0.42	0.15	0.001	86	67	16	7	26
2019	C49A	LN	3	335.1	549.468	9.55	2.29	0.3	1.99	0.24	0.51	0.19	0.002	80	68	22	13	45
2019	C103	LN	6.64	295.2	1266.223	28.12	1.76	0.23	2.17	0.13	0.2	0.12	0.001	65	36	16	5	13
2019	C123	LN	NA	NA	NA	NA	NA	NA	NA	NA	NA	NA	NA	NA	NA	NA	NA	NA
2019	CH9	LN	6.8	516.5	1066.564	25.41	2.81	0.29	2.67	0.13	0.31	0.21	0.001	92	101	15	13	42
2019	CH701-30	LN	3	235.1	668.172	13.11	2.48	0.43	2.91	0.11	0.17	0.18	0.002	71	42	12	9	25
2019	CI3A	LN	6.87	262.8	1320.086	27.79	1.66	0.24	2.02	0.14	0.2	0.12	0.002	70	38	18	5	14
2019	Ci7Goodman-Buckler	LN	6.18	398.3	1151.102	25.44	2.39	0.21	1.91	0.26	0.51	0.25	0.002	85	81	12	12	36
2019	CI21E	LN	NA	NA	NA	NA	NA	NA	NA	NA	NA	NA	NA	NA	NA	NA	NA	NA
2019	CI28AGoodman-Buckler	LN	NA	NA	NA	NA	NA	NA	NA	NA	NA	NA	NA	NA	NA	NA	NA	NA
2019	CI31A	LN	3.07	164.8	753.207	15.63	1.63	0.25	2.25	0.11	0.2	0.12	0.001	53	47	7	4	32
2019	CI64	LN	6.94	248.7	1342.069	28.86	1.54	0.21	1.89	0.16	0.25	0.12	0.003	58	39	14	5	10
2019	CI66	LN	NA	NA	NA	NA	NA	NA	NA	NA	NA	NA	NA	NA	NA	NA	NA	NA
2019	Ci90CGoodman-Buckler	LN	3.48	314.8	712.052	15.44	2.26	0.29	2.12	0.2	0.39	0.2	0.001	83	70	16	8	43
2019	Ci91BGoodman-Buckler	LN	NA	NA	NA	NA	NA	NA	NA	NA	NA	NA	NA	NA	NA	NA	NA	NA
2019	CI187-2	LN	4.22	240.4	852.078	18.05	1.94	0.27	2.25	0.07	0.19	0.14	0.001	69	39	10	5	23
2019	CM7	LN	6.7	414.7	1088.182	26.31	2.52	0.25	1.47	0.25	0.58	0.21	0.002	96	122	25	12	32
2019	CM37	LN	5.25	349.5	891.198	20.33	2.21	0.22	1.37	0.23	0.47	0.21	0.002	81	144	25	9	22
2019	CM105	LN	4.02	454.6	730.769	14.09	3.37	0.28	1.29	0.24	0.47	0.28	0.002	114	54	25	13	35
2019	CM174	LN	3.65	443.9	725.706	13.83	3.07	0.28	1.35	0.31	0.51	0.27	0.001	100	41	29	12	35
2019	CML5	LN	NA	NA	NA	NA	NA	NA	NA	NA	NA	NA	NA	NA	NA	NA	NA	NA
2019	CML10	LN	4.84	197.1	958.835	19.19	1.41	0.24	2.06	0.12	0.16	0.1	0.001	47	42	16	5	14
2019	CML11	LN	NA	NA	NA	NA	NA	NA	NA	NA	NA	NA	NA	NA	NA	NA	NA	NA
2019	CML14	LN	NA	NA	NA	NA	NA	NA	NA	NA	NA	NA	NA	NA	NA	NA	NA	NA
2019	CML38	LN	NA	NA	NA	NA	NA	NA	NA	NA	NA	NA	NA	NA	NA	NA	NA	NA
2019	CML45	LN	NA	NA	NA	NA	NA	NA	NA	NA	NA	NA	NA	NA	NA	NA	NA	NA
2019	CML52	LN	9.9	292.1	1752.224	40.86	1.75	0.23	2.1	0.18	0.27	0.13	0.002	74	37	16	5	12
2019	CML61	LN	NA	NA	NA	NA	NA	NA	NA	NA	NA	NA	NA	NA	NA	NA	NA	NA
2019	CML69	LN	14.9	350.3	2333.911	56.59	2.67	0.29	2.13	0.11	0.31	0.25	0.001	92	81	15	10	39
2019	CML77	LN	NA	NA	NA	NA	NA	NA	NA	NA	NA	NA	NA	NA	NA	NA	NA	NA
2019	CML91	LN	NA	NA	NA	NA	NA	NA	NA	NA	NA	NA	NA	NA	NA	NA	NA	NA
2019	CML92	LN	NA	NA	NA	NA	NA	NA	NA	NA	NA	NA	NA	NA	NA	NA	NA	NA
2019	CML103	LN	4.55	197.1	938.788	17.73	1.67	0.26	1.73	0.16	0.23	0.14	0.001	50	86	20	5	33
2019	CML108	LN	5.19	182.1	1038.746	23.09	1.55	0.27	2.4	0.14	0.2	0.13	0.001	81	50	13	6	20
2019	CML154Q	LN	6.66	285.5	1094.242	28.97	1.84	0.18	3.29	0.17	0.32	0.15	0.001	76	103	13	6	26
2019	CML157Q	LN	NA	NA	NA	NA	NA	NA	NA	NA	NA	NA	NA	NA	NA	NA	NA	NA
2019	CML158Q	LN	12.88	375.5	1938.277	58.81	2.35	0.32	2.68	0.1	0.26	0.18	0.002	68	70	9	9	24
2019	CML218	LN	4.53	155.9	1000.011	18.65	1.4	0.24	2.16	0.12	0.15	0.11	0.001	44	35	14	3	22
2019	CML220	LN	5.85	330	902.433	21.29	2.18	0.26	2.05	0.11	0.21	0.17	0.001	55	66	12	6	30
2019	CML228	LN	4.98	262.5	896.578	18.47	1.77	0.24	1.9	0.18	0.24	0.13	0.001	59	52	26	5	23
2019	CML238	LN	NA	NA	NA	NA	NA	NA	NA	NA	NA	NA	NA	NA	NA	NA	NA	NA
2019	CML247	LN	NA	NA	NA	NA	NA	NA	NA	NA	NA	NA	NA	NA	NA	NA	NA	NA
2019	CML254	LN	3.65	243.3	718.819	14.37	1.84	0.24	1.84	0.22	0.22	0.14	0.001	46	41	25	5	25
2019	CML258	LN	NA	NA	NA	NA	NA	NA	NA	NA	NA	NA	NA	NA	NA	NA	NA	NA
2019	CML261	LN	6.27	224.4	1202.481	25.42	1.52	0.25	2.1	0.13	0.17	0.12	0.001	56	50	17	5	16
2019	CML264	LN	NA	NA	NA	NA	NA	NA	NA	NA	NA	NA	NA	NA	NA	NA	NA	NA
2019	CML277	LN	4.53	242.4	862.95	20.26	1.99	0.25	2.28	0.18	0.29	0.14	0.001	63	74	13	5	29
2019	CML281	LN	NA	NA	NA	NA	NA	NA	NA	NA	NA	NA	NA	NA	NA	NA	NA	NA
2019	CML287	LN	5.7	186.4	1126.941	24.32	1.35	0.25	2.13	0.11	0.12	0.1	0.001	49	39	15	4	18
2019	CML311	LN	NA	NA	NA	NA	NA	NA	NA	NA	NA	NA	NA	NA	NA	NA	NA	NA
2019	CML314	LN	7.57	307.6	1422.275	30.22	1.78	0.24	1.98	0.19	0.22	0.13	0.001	60	38	17	5	13
2019	CML321	LN	6.82	263.3	1267.313	27.33	2	0.27	2.07	0.15	0.18	0.14	0.001	53	41	20	6	20
2019	CML322	LN	5.22	227.1	1031.166	21.42	1.58	0.22	2.18	0.12	0.29	0.12	0.001	47	61	9	5	21
2019	CML323	LN	4.43	212.5	845.016	18.15	1.25	0.21	1.59	0.11	0.17	0.12	0.001	60	54	11	4	17
2019	CML328	LN	NA	NA	NA	NA	NA	NA	NA	NA	NA	NA	NA	NA	NA	NA	NA	NA
2019	CML331	LN	NA	NA	NA	NA	NA	NA	NA	NA	NA	NA	NA	NA	NA	NA	NA	NA
2019	CML332	LN	NA	NA	NA	NA	NA	NA	NA	NA	NA	NA	NA	NA	NA	NA	NA	NA
2019	CML333	LN	3.97	220.2	823.822	17.07	1.8	0.19	2.11	0.11	0.26	0.14	0.001	63	57	8	7	34
2019	CML341	LN	NA	NA	NA	NA	NA	NA	NA	NA	NA	NA	NA	NA	NA	NA	NA	NA
2019	CMV3	LN	3.87	333.6	628.85	13.39	2.35	0.31	1.18	0.26	0.49	0.28	0.003	91	49	24	12	19
2019	CO106	LN	5.27	458.7	855.567	19.69	3.4	0.35	2.22	0.18	0.43	0.27	0.002	105	122	12	26	64
2019	CO125	LN	3.74	405.3	672.874	14.39	2.6	0.35	1.94	0.09	0.34	0.21	0.002	89	60	14	14	29
2019	CO255	LN	3	486.9	554.814	10.7	2.7	0.27	1.26	0.24	0.57	0.21	0.002	99	147	21	20	42
2019	D940Y	LN	5.79	223.8	1184.648	23.84	1.47	0.18	1.92	0.15	0.22	0.11	0.001	77	53	20	5	17
2019	DE-2	LN	6.55	341.2	1216.777	27.83	2.27	0.29	2.05	0.1	0.23	0.16	0.002	111	89	14	9	32
2019	DE1	LN	4.39	365.8	886.58	20.47	2.77	0.3	2.57	0.1	0.15	0.19	0.001	92	55	15	7	25
2019	DE811	LN	5.16	297.1	895.206	21.61	1.96	0.23	2.13	0.09	0.26	0.17	0.001	96	58	16	9	17
2019	E2558W	LN	6.77	251.4	1240.327	27.53	1.8	0.18	1.73	0.18	0.35	0.14	0.001	62	39	12	4	16
2019	EP1	LN	2.9	330.7	574.487	14.13	2.65	0.35	2.39	0.12	0.3	0.2	0.001	81	104	8	9	27
2019	F6	LN	NA	NA	NA	NA	NA	NA	NA	NA	NA	NA	NA	NA	NA	NA	NA	NA
2019	F7	LN	4.23	392.7	708.081	14.96	3.18	0.26	1.24	0.53	0.76	0.22	0.002	89	169	11	18	38
2019	F44	LN	5.22	261.1	980.818	21.95	1.76	0.22	1.66	0.16	0.32	0.14	0.001	64	67	19	7	17
2019	F2834T	LN	3.53	203.8	743.535	16.35	1.99	0.33	2.4	0.1	0.17	0.18	0.001	56	60	7	4	32
2019	GA209	LN	7.49	279.9	1165.99	27.66	1.88	0.21	1.61	0.1	0.3	0.17	0.001	105	61	17	9	20
2019	GT112	LN	NA	NA	NA	NA	NA	NA	NA	NA	NA	NA	NA	NA	NA	NA	NA	NA
2019	H49	LN	NA	NA	NA	NA	NA	NA	NA	NA	NA	NA	NA	NA	NA	NA	NA	NA
2019	H84	LN	4.87	419.2	798.513	18.02	2.82	0.31	1.73	0.18	0.44	0.19	0.002	106	68	18	7	38
2019	H91	LN	5.92	497.5	1005.232	23.71	3.7	0.37	2.11	0.23	0.45	0.3	0.001	115	106	26	15	65
2019	H95	LN	6.08	270.8	1032.601	23.01	1.86	0.23	2.04	0.1	0.21	0.14	0.001	57	57	18	5	17
2019	H99	LN	2.22	276.6	440.494	8.7	2.29	0.26	1.95	0.16	0.32	0.17	0.003	86	97	14	6	22
2019	H105W	LN	4.05	259.5	883.156	19.16	2.38	0.24	2.73	0.17	0.34	0.19	0.002	82	78	16	6	28
2019	Hi27Goodman-Buckler	LN	NA	NA	NA	NA	NA	NA	NA	NA	NA	NA	NA	NA	NA	NA	NA	NA
2019	HP301	LN	5.85	236.8	1197.734	24.94	2.16	0.22	1.97	0.12	0.36	0.14	0.001	66	54	11	6	27
2019	I29	LN	4.99	393.1	954.269	21.59	2.78	0.32	2.07	0.14	0.29	0.2	0.001	95	91	9	11	37
2019	I137TN	LN	NA	NA	NA	NA	NA	NA	NA	NA	NA	NA	NA	NA	NA	NA	NA	NA
2019	I205	LN	4.58	203.7	963.838	18.91	1.61	0.25	2.02	0.13	0.14	0.12	0.001	43	29	17	3	17
2019	i1677a	LN	NA	NA	NA	NA	NA	NA	NA	NA	NA	NA	NA	NA	NA	NA	NA	NA
2019	IA2132Goodman-Buckler	LN	7.18	460.4	1009.945	29.16	3.01	0.29	1.98	0.34	0.48	0.25	0.002	100	101	19	11	39
2019	Ia5125	LN	6.78	261.2	1262.271	26.51	1.85	0.25	2.02	0.12	0.2	0.14	0.001	77	52	15	5	15
2019	IDS28	LN	3.27	281.3	629.732	12.63	2.21	0.26	1.78	0.11	0.31	0.16	0.002	87	67	10	9	33
2019	IDS69	LN	NA	NA	NA	NA	NA	NA	NA	NA	NA	NA	NA	NA	NA	NA	NA	NA
2019	IDS91	LN	7.44	402.1	1224.424	28.36	2.64	0.26	1.89	0.17	0.37	0.21	0.002	90	96	18	11	34
2019	Il14H	LN	5.2	265.5	1030.841	25.56	2.65	0.31	2.71	0.16	0.28	0.32	0.002	90	50	19	8	36
2019	Il101	LN	NA	NA	NA	NA	NA	NA	NA	NA	NA	NA	NA	NA	NA	NA	NA	NA
2019	ILLHy	LN	5.85	298.2	1155.303	24.41	2.51	0.3	1.96	0.24	0.49	0.19	0.001	88	58	19	8	36
2019	K4	LN	7.33	269.1	1308.691	30.88	2.26	0.24	1.98	0.25	0.31	0.2	0.001	80	59	13	10	25
2019	K55	LN	4	252.6	781.297	15.55	1.99	0.23	1.83	0.15	0.32	0.13	0.001	63	79	13	4	21
2019	K64	LN	3.4	221.5	659.223	13.29	1.65	0.22	1.89	0.12	0.24	0.15	0.002	63	52	9	6	24
2019	K148	LN	NA	NA	NA	NA	NA	NA	NA	NA	NA	NA	NA	NA	NA	NA	NA	NA
2019	KI3	LN	NA	NA	NA	NA	NA	NA	NA	NA	NA	NA	NA	NA	NA	NA	NA	NA
2019	Ki11	LN	7.17	328.3	1368.021	28.51	2.25	0.28	2.01	0.21	0.27	0.15	0.001	82	46	26	8	19
2019	Ki14	LN	NA	NA	NA	NA	NA	NA	NA	NA	NA	NA	NA	NA	NA	NA	NA	NA
2019	Ki21	LN	NA	NA	NA	NA	NA	NA	NA	NA	NA	NA	NA	NA	NA	NA	NA	NA
2019	Ki43	LN	NA	NA	NA	NA	NA	NA	NA	NA	NA	NA	NA	NA	NA	NA	NA	NA
2019	Ki44	LN	7.1	312.7	1260.838	28.2	2.15	0.27	2	0.22	0.32	0.17	0.001	90	52	15	8	34
2019	Ki2021	LN	NA	NA	NA	NA	NA	NA	NA	NA	NA	NA	NA	NA	NA	NA	NA	NA
2019	Ky21	LN	NA	NA	NA	NA	NA	NA	NA	NA	NA	NA	NA	NA	NA	NA	NA	NA
2019	KY226	LN	7.24	387.1	1086.409	27.43	2.64	0.26	1.96	0.16	0.36	0.24	0.001	119	109	11	9	39
2019	KY228	LN	NA	NA	NA	NA	NA	NA	NA	NA	NA	NA	NA	NA	NA	NA	NA	NA
2019	L317	LN	4.87	319	1045.38	22.57	2.02	0.2	2.16	0.2	0.45	0.18	0.002	83	48	18	7	23
2019	L578	LN	NA	NA	NA	NA	NA	NA	NA	NA	NA	NA	NA	NA	NA	NA	NA	NA
2019	M14	LN	5.75	287.4	1028.175	23.06	1.96	0.27	2.1	0.09	0.29	0.16	0.003	NA	93	12	9	25
2019	M37W	LN	6.37	236.8	1308.151	24.52	2.71	0.33	1.83	0.18	0.46	0.22	0.001	90	122	23	8	45
2019	M162W	LN	5.68	282.4	1127.976	23.63	2.32	0.23	1.77	0.14	0.33	0.17	0.001	118	48	16	9	21
2019	MEF156-55-2	LN	2.33	335.4	424.111	9.79	3.08	0.27	1.86	0.24	0.55	0.31	0.002	119	58	17	16	45
2019	MO1W	LN	5.03	238.3	1061.786	20.8	2.24	0.29	2.26	0.17	0.28	0.17	0.001	101	87	13	9	27
2019	Mo17	LN	4.83	301.6	935.294	21.23	2.43	0.3	2.58	0.14	0.31	0.17	0.002	89	77	13	8	28
2019	Mo18W	LN	NA	NA	NA	NA	NA	NA	NA	NA	NA	NA	NA	NA	NA	NA	NA	NA
2019	Mo24W	LN	8.28	337.7	1453.558	36.28	2.43	0.25	2.11	0.21	0.3	0.18	0.001	86	84	8	10	15
2019	Mo44	LN	5.14	260.5	1074.69	21.03	2.75	0.36	2.86	0.13	0.23	0.21	0.002	85	86	17	7	42
2019	Mo45	LN	4.25	420.4	724.31	17.28	2.64	0.25	1.96	0.2	0.41	0.18	0.002	106	71	10	9	23
2019	Mo46	LN	4.64	320	957.154	21.12	2.64	0.36	2.09	0.15	0.31	0.23	0.002	85	74	10	10	25
2019	Mo47	LN	4.78	283.1	894.683	17.36	1.97	0.22	1.44	0.25	0.46	0.19	0.001	76	106	16	7	36
2019	MoG	LN	NA	NA	NA	NA	NA	NA	NA	NA	NA	NA	NA	NA	NA	NA	NA	NA
2019	Mp339	LN	5.59	271.5	1116.961	25.14	2.48	0.27	2.07	0.11	0.26	0.22	0.001	90	69	12	9	33
2019	Ms71	LN	9.52	368.6	1683.142	37.69	2.32	0.26	2.08	0.14	0.26	0.17	0.001	76	43	12	7	15
2019	MS153	LN	3.45	247.1	679.924	13.77	2.15	0.26	2.11	0.16	0.32	0.18	0.002	63	76	18	8	32
2019	MS1334	LN	3.84	326.5	772.775	16.08	2.58	0.28	1.96	0.13	0.26	0.18	0.001	82	77	10	10	33
2019	Mt42	LN	3.61	458.9	631.508	13.89	3.21	0.31	2.06	0.22	0.68	0.24	0.002	126	219	16	11	25
2019	N6	LN	3.87	327.3	741.374	14.2	2.43	0.29	1.67	0.15	0.31	0.28	0.001	76	58	19	9	33
2019	N7A	LN	4.13	326.9	692.495	14.41	2.47	0.35	1.56	0.26	0.52	0.18	0.001	73	81	14	6	36
2019	N28Ht	LN	4.77	359.5	944.766	18.78	2.47	0.29	1.69	0.19	0.36	0.18	0.001	98	52	15	10	27
2019	N192	LN	5.84	389.4	1037.932	22.17	2.64	0.29	1.71	0.15	0.4	0.23	0.002	90	55	10	9	20
2019	NC33	LN	NA	NA	NA	NA	NA	NA	NA	NA	NA	NA	NA	NA	NA	NA	NA	NA
2019	NC222	LN	5.21	274.4	1078.598	22.17	2.39	0.26	2.51	0.17	0.34	0.16	0.001	73	61	14	4	22
2019	NC230	LN	3.91	221.2	884.243	17.22	1.9	0.22	2.7	0.16	0.3	0.13	0.002	61	57	19	4	19
2019	NC232	LN	7.36	312.5	1313.332	30.42	2.58	0.28	2.07	0.14	0.28	0.19	0.001	75	31	12	10	41
2019	NC236	LN	7.34	328.3	1348.193	28.49	2.25	0.27	2.05	0.18	0.29	0.16	0.001	82	38	24	6	18
2019	NC238	LN	NA	NA	NA	NA	NA	NA	NA	NA	NA	NA	NA	NA	NA	NA	NA	NA
2019	NC250	LN	3.13	356.7	522.066	13.57	2.14	0.29	2.13	0.17	0.37	0.18	0.002	72	86	14	8	27
2019	NC258	LN	6.14	241.6	1125.399	27.88	1.92	0.23	2.44	0.08	0.19	0.14	0.002	62	52	12	6	18
2019	NC260	LN	NA	NA	NA	NA	NA	NA	NA	NA	NA	NA	NA	NA	NA	NA	NA	NA
2019	NC262	LN	5.53	339.9	863.823	19.46	2.52	0.26	1.88	0.16	0.3	0.19	0.001	75	56	13	10	19
2019	NC264	LN	7.34	253.6	989.241	21.44	2.28	0.25	2.42	0.14	0.28	0.18	0.001	91	70	21	7	28
2019	NC290A	LN	4.28	286.2	753.837	16.76	2.01	0.23	1.84	0.14	0.23	0.16	0.001	65	53	17	7	24
2019	NC294	LN	5.24	351.6	765.937	21.3	2.34	0.31	1.71	0.15	0.34	0.22	0.002	75	52	21	6	26
2019	NC296	LN	6.16	213	1139.456	25.92	1.86	0.25	2.29	0.14	0.31	0.15	0.001	59	83	13	6	31
2019	NC296A	LN	NA	NA	NA	NA	NA	NA	NA	NA	NA	NA	NA	NA	NA	NA	NA	NA
2019	NC298	LN	11.19	339.1	1852.196	44.96	2.07	0.25	2.03	0.2	0.32	0.15	0.001	71	39	17	6	16
2019	NC300	LN	NA	NA	NA	NA	NA	NA	NA	NA	NA	NA	NA	NA	NA	NA	NA	NA
2019	NC302	LN	5.02	366.8	833.52	17.22	2.25	0.28	1.55	0.14	0.35	0.18	0.001	69	37	14	8	32
2019	NC304	LN	NA	NA	NA	NA	NA	NA	NA	NA	NA	NA	NA	NA	NA	NA	NA	NA
2019	NC306	LN	5.34	281.3	927.649	20.68	2.44	0.27	1.52	0.14	0.34	0.19	0.001	90	65	13	9	25
2019	NC310	LN	6.68	379.8	1156.995	26.09	2.58	0.3	1.8	0.15	0.35	0.25	0.002	94	118	10	9	35
2019	NC314	LN	NA	NA	NA	NA	NA	NA	NA	NA	NA	NA	NA	NA	NA	NA	NA	NA
2019	NC318	LN	5.5	244.2	1101.327	22.24	1.98	0.25	1.95	0.08	0.22	0.16	0.001	91	66	13	6	20
2019	NC320	LN	3.96	198.1	818.365	17.87	1.44	0.16	2.12	0.11	0.25	0.12	0.001	54	56	14	5	16
2019	NC324	LN	4.79	390.5	708.835	22.5	2.53	0.29	2.04	0.14	0.54	0.22	0.002	94	125	14	12	22
2019	NC326	LN	6.3	340.7	1098.478	25.09	2.57	0.26	2.01	0.15	0.28	0.22	0.002	96	43	17	7	22
2019	NC328	LN	5.31	377	1005.549	21.76	2.51	0.32	1.77	0.21	0.41	0.22	0.001	94	95	14	8	29
2019	NC336	LN	2.3	212.3	566.604	12.27	2.06	0.25	3.07	0.17	0.25	0.18	0.002	81	78	24	9	29
2019	NC338	LN	7.94	269.2	1614.135	31.8	2.11	0.21	2.09	0.15	0.27	0.16	0.002	82	50	14	8	24
2019	NC340	LN	4.43	250.7	791.618	18.82	1.69	0.2	2.3	0.17	0.54	0.13	0.002	67	84	9	5	26
2019	NC342	LN	9.39	298.8	1690.563	37.37	2.05	0.24	1.83	0.15	0.25	0.15	0.001	74	58	15	7	23
2019	NC344	LN	7.33	320.6	1112.993	29.61	2.02	0.22	1.88	0.09	0.22	0.15	0.001	79	50	14	9	18
2019	NC346	LN	4.57	174.6	916.54	20.46	1.74	0.28	2.3	0.13	0.29	0.17	0.001	77	100	14	6	35
2019	NC348	LN	6.27	311	987.089	25.26	2	0.21	1.98	0.21	0.33	0.17	0.001	69	64	8	8	21
2019	NC350	LN	NA	NA	NA	NA	NA	NA	NA	NA	NA	NA	NA	NA	NA	NA	NA	NA
2019	NC352	LN	7.17	297.9	1135.415	31.76	2.58	0.25	2.38	0.2	0.32	0.2	0.003	85	74	10	9	26
2019	NC354	LN	NA	NA	NA	NA	NA	NA	NA	NA	NA	NA	NA	NA	NA	NA	NA	NA
2019	NC356	LN	4.88	179.7	994.825	20.78	2.07	0.29	1.83	0.13	0.2	0.16	0.001	61	48	18	6	24
2019	NC358	LN	3.62	226.9	894.197	17.61	1.59	0.26	2.36	0.13	0.26	0.12	0.001	71	43	12	5	18
2019	NC360	LN	4.56	267.1	927.174	21.07	2.05	0.26	2.54	0.24	0.47	0.15	0.001	82	85	17	10	25
2019	NC362	LN	6.52	326.5	1055.687	26.45	2.31	0.26	2.12	0.21	0.33	0.18	0.001	77	96	16	11	31
2019	NC364	LN	5.5	285.9	980.085	22.32	2.21	0.25	1.91	0.21	0.41	0.18	0.001	76	75	25	11	21
2019	NC366	LN	7.72	336.4	1391.955	34.2	2.6	0.32	2.5	0.13	0.36	0.21	0.001	81	47	10	8	33
2019	NC368	LN	5.13	367	914.007	20	2.75	0.28	1.73	0.12	0.21	0.21	0.002	82	37	18	10	22
2019	ND246	LN	3.36	489.6	571.569	11.03	2.77	0.3	1.84	0.16	0.42	0.25	0.001	79	123	14	11	25
2019	OH7B	LN	6.29	349.6	1210.896	23.89	2.77	0.34	1.92	0.14	0.36	0.26	0.002	96	73	11	13	37
2019	Oh40B	LN	7.57	315.7	1300.569	28.62	2.45	0.26	2.08	0.12	0.52	0.18	0.002	95	68	27	10	35
2019	Oh43	LN	6.16	244.8	1068.795	24.68	2.05	0.29	2.1	0.13	0.32	0.17	0.001	69	77	20	8	27
2019	Oh43E	LN	4.22	272.4	760.629	18.01	2.34	0.28	2.57	0.1	0.24	0.22	0.001	95	40	18	7	23
2019	Oh603	LN	5.41	312.1	1100.877	22.21	2.41	0.25	2.1	0.13	0.28	0.18	0.002	111	60	20	11	22
2019	Os420	LN	6.82	252.7	1286.425	28.76	2.62	0.29	2.7	0.13	0.27	0.2	0.001	90	63	20	8	36
2019	P39Goodman-Buckler	LN	2.91	420.3	477.796	11.12	2.9	0.33	1.73	0.27	0.61	0.26	0.002	91	221	7	7	35
2019	Pa91	LN	7.5	330.2	1317.329	31.3	2.5	0.3	2.05	0.16	0.4	0.33	0.001	97	76	13	14	42
2019	Pa762	LN	3.59	262	747.746	13.62	2.3	0.24	1.93	0.14	0.29	0.17	0.001	73	47	26	8	30
2019	Pa875	LN	5.45	233.6	1094.495	23.82	1.97	0.26	1.92	0.2	0.29	0.15	0.001	78	91	18	6	29
2019	Pa880	LN	3.25	228.8	688.158	12.79	1.91	0.23	2	0.12	0.23	0.15	0.001	85	51	12	6	24
2019	R4	LN	6.18	397.7	1225.804	24.86	2.82	0.3	2.18	0.23	0.39	0.21	0.001	118	72	15	12	31
2019	R109B	LN	NA	NA	NA	NA	NA	NA	NA	NA	NA	NA	NA	NA	NA	NA	NA	NA
2019	R168	LN	4.63	338.9	883.293	18.73	2.37	0.37	2.44	0.12	0.25	0.18	0.004	75	51	12	8	29
2019	R177	LN	8.24	417.1	1201.792	30.46	2.88	0.31	1.92	0.21	0.36	0.23	0.001	93	72	16	11	36
2019	R229	LN	7.15	452.4	1096.09	25.22	2.62	0.27	1.97	0.22	0.39	0.23	0.003	99	80	12	11	25
2019	SA24	LN	6.89	189.7	1303.757	28.92	1.82	0.23	2.4	0.2	0.44	0.15	0.002	65	65	12	6	28
2019	SC55	LN	5.57	226.2	1075.648	25.69	1.68	0.17	2.27	0.21	0.42	0.14	0.001	53	66	7	4	16
2019	SC213R	LN	NA	NA	NA	NA	NA	NA	NA	NA	NA	NA	NA	NA	NA	NA	NA	NA
2019	SC357	LN	5.24	359.9	911.273	20.41	2.6	0.24	1.99	0.12	0.3	0.18	0.002	86	78	21	8	38
2019	SD40	LN	4.95	335	849.066	18.24	2.49	0.26	1.96	0.14	0.4	0.17	0.002	92	71	16	11	20
2019	SD44	LN	5.11	311.4	1040.234	18.24	2.05	0.23	1.71	0.14	0.27	0.15	0.003	77	72	13	6	17
2019	Sg18	LN	3.9	230.8	832.032	16.54	2.04	0.22	1.99	0.17	0.36	0.14	0.002	76	76	18	7	25
2019	Sg1533	LN	5.4	309.1	1105.905	22.08	2.45	0.24	2.41	0.15	0.25	0.18	0.002	73	38	12	6	35
2019	T8	LN	6.4	317.5	1084.027	25.95	2.17	0.2	1.86	0.13	0.32	0.17	0.004	76	57	7	9	17
2019	T232	LN	5.2	299	1030.711	22.68	2.28	0.26	2.08	0.1	0.28	0.18	0.002	91	49	19	8	33
2019	T234	LN	6.33	319.3	1074.09	24.59	2.05	0.25	1.96	0.12	0.26	0.18	0.001	69	53	12	8	29
2019	Tx303	LN	NA	NA	NA	NA	NA	NA	NA	NA	NA	NA	NA	NA	NA	NA	NA	NA
2019	Tx601	LN	4.94	287.3	922.151	19.01	1.93	0.27	1.94	0.23	0.26	0.14	0.002	61	38	29	5	24
2019	Tzi8	LN	6.76	234.5	1288.271	30.04	2.05	0.26	2.4	0.2	0.5	0.15	0.001	83	88	18	6	29
2019	Tzi9	LN	7.42	215.9	1335.288	27.73	1.48	0.2	1.96	0.13	0.25	0.12	0.001	55	44	11	5	15
2019	Tzi10	LN	8.98	344.1	1583.051	35.77	2.36	0.3	2.12	0.18	0.29	0.17	0.001	79	36	21	6	22
2019	Tzi11	LN	4.84	249.1	927.303	19.75	2.32	0.28	2.46	0.16	0.31	0.18	0.001	74	62	14	14	35
2019	Tzi16	LN	NA	NA	NA	NA	NA	NA	NA	NA	NA	NA	NA	NA	NA	NA	NA	NA
2019	Tzi18	LN	6.7	230.6	1260.508	25.85	1.68	0.19	2.07	0.15	0.28	0.13	0.002	65	38	11	5	21
2019	Tzi25	LN	6.18	230	1161.54	27.22	1.51	0.21	1.94	0.13	0.26	0.11	0.001	60	58	18	5	25
2019	U267Y	LN	NA	NA	NA	NA	NA	NA	NA	NA	NA	NA	NA	NA	NA	NA	NA	NA
2019	Va14	LN	NA	NA	NA	NA	NA	NA	NA	NA	NA	NA	NA	NA	NA	NA	NA	NA
2019	Va17	LN	NA	NA	NA	NA	NA	NA	NA	NA	NA	NA	NA	NA	NA	NA	NA	NA
2019	Va22	LN	6.87	414.9	1310.088	33.19	2.64	0.33	2.28	0.14	0.3	0.19	0.002	110	54	20	14	21
2019	Va26	LN	5.55	371.3	940.494	20.22	2.37	0.24	2.2	0.19	0.3	0.18	0.002	79	35	13	8	16
2019	Va35	LN	6.21	419.9	976.829	26.33	2.67	0.27	2.23	0.19	0.33	0.24	0.001	85	55	15	13	27
2019	Va59	LN	5.9	481.7	988.946	24.62	3.5	0.35	2.56	0.2	0.38	0.27	0.002	135	146	14	15	31
2019	Va85	LN	6.34	403.8	1208.27	23.13	2.51	0.24	2.48	0.15	0.27	0.2	0.002	100	62	16	9	22
2019	Va99	LN	6.5	328.4	1281.993	28.37	2.03	0.2	2.28	0.12	0.35	0.15	0.002	78	57	9	8	18
2019	VA102	LN	8.41	374	1427.014	37.07	2.74	0.27	2.4	0.22	0.39	0.21	0.002	98	72	23	11	25
2019	VaW6	LN	5.54	289.1	1052.627	20.97	2.35	0.37	2.02	0.18	0.27	0.22	0.002	76	51	14	8	39
2019	W22	LN	4.83	283.7	924.304	21.07	2.57	0.31	2.21	0.18	0.39	0.21	0.001	89	109	24	11	47
2019	W64A	LN	3.11	260.2	682.402	12.63	2.14	0.27	1.93	0.1	0.28	0.16	0.001	81	50	19	7	35
2019	W117Ht	LN	3.21	376.5	595.854	12.78	2.64	0.28	2.34	0.19	0.57	0.18	0.003	82	132	16	7	19
2019	W153R	LN	2.7	543	443.958	9.47	3.06	0.32	1.97	0.15	0.27	0.23	0.001	138	69	10	9	27
2019	W182B	LN	3.01	206.9	611.463	10.56	2.22	0.29	2.25	0.18	0.42	0.25	0.004	73	134	15	9	42
2019	WD	LN	NA	NA	NA	NA	NA	NA	NA	NA	NA	NA	NA	NA	NA	NA	NA	NA
2019	Wf9	LN	4.58	303.5	922.394	18.83	2.18	0.26	2.44	0.19	0.29	0.16	0.002	79	88	14	12	34
2019	Yu796	LN	6.37	406.5	1122.216	23.39	2.74	0.28	2.18	0.22	0.43	0.24	0.002	97	69	9	13	34
