chr	rs	ps	n_miss	allele1	allele0	af	beta	se	logl_H1	l_remle	l_mle	p_wald	p_lrt	p_score
1	1-5830773	5910621	21	T	C	0.35	-17.76644	3.659483	-1141.113	1.92094	1e+05	2.230079e-06	2.666447e-06	7.419295e-06
1	1-14943387	15178663	13	T	C	0.048	26.65571	5.567318	-1141.422	1.728909	1e+05	3.025241e-06	3.679474e-06	9.71388e-06
1	1-14943881	15179157	11	T	C	0.043	27.53325	5.844299	-1141.869	1.576192	1e+05	4.273378e-06	5.863522e-06	1.437987e-05
1	1-14944069	15179345	10	T	C	0.047	25.5979	5.593549	-1142.429	1.603361	1e+05	7.758908e-06	1.05387e-05	2.364975e-05
1	1-14944579	15179855	31	T	C	0.039	29.81947	6.329683	-1141.647	1.963872	1e+05	4.274837e-06	4.650343e-06	1.182647e-05
1	1-14944600	15179876	29	G	A	0.051	27.14745	5.702443	-1141.642	1.576077	1e+05	3.421088e-06	4.628143e-06	1.177892e-05
1	1-14944652	15179928	33	C	T	0.052	25.60801	5.579104	-1142.283	1.734093	1e+05	7.308172e-06	9.047763e-06	2.076952e-05
1	1-14944684	15179960	23	T	G	0.052	25.84349	5.533233	-1141.966	1.684495	1e+05	5.119811e-06	6.488017e-06	1.566446e-05
1	1-14944713	15179989	22	T	C	0.042	30.70464	6.074256	-1140.256	1.690289	1e+05	8.811304e-07	1.092769e-06	3.541125e-06
1	1-14945020	15180296	8	T	C	0.042	27.64071	5.889497	-1141.822	1.772485	1e+05	4.629221e-06	5.585081e-06	1.380103e-05
1	1-14945061	15180337	10	A	G	0.045	25.62116	5.658068	-1142.594	1.662729	1e+05	9.567549e-06	1.252392e-05	2.740299e-05
1	1-14945203	15180479	30	A	G	0.051	25.30964	5.59763	-1142.664	1.592178	1e+05	9.852292e-06	1.348115e-05	2.918428e-05
1	1-14950557	15185834	41	A	T	0.052	29.30156	5.61309	-1139.672	1.424051	1e+05	4.005231e-07	5.958209e-07	2.153712e-06
1	1-14951091	15186368	42	C	G	0.042	30.41768	6.293564	-1141.238	1.715941	1e+05	2.463118e-06	3.037491e-06	8.272605e-06
1	1-14951207	15186484	29	T	C	0.049	26.30816	5.639815	-1142.091	1.540657	1e+05	5.255146e-06	7.396196e-06	1.750264e-05
1	1-14951328	15186605	31	A	T	0.049	25.7389	5.649814	-1142.597	1.492217	1e+05	8.490178e-06	1.2562e-05	2.747418e-05
1	1-14951372	15186649	30	C	T	0.044	27.99579	5.968623	-1141.872	1.717369	1e+05	4.685852e-06	5.882151e-06	1.441846e-05
1	1-14951383	15186660	29	G	C	0.044	28.22751	5.964413	-1141.758	1.616515	1e+05	3.880491e-06	5.224116e-06	1.304454e-05
1	1-14951385	15186662	30	G	A	0.047	26.94568	5.85668	-1142.492	1.415287	1e+05	6.967951e-06	1.125981e-05	2.502299e-05
1	1-14951395	15186672	29	A	T	0.044	28.29655	5.963166	-1141.69	1.635763	1e+05	3.667475e-06	4.86399e-06	1.228239e-05
1	1-15322504	15519729	28	A	T	0.158	-17.08933	3.601035	-1141.544	1.739409	1e+05	3.660086e-06	4.179208e-06	1.081018e-05
1	1-15340687	15570688	38	A	G	0.199	-15.92017	3.168862	-1140.169	2.104683	1e+05	1.019108e-06	9.981057e-07	3.286653e-06
1	1-28801213	29003700	13	A	G	0.059	24.9514	5.248817	-1141.871	1.334969	1e+05	3.529926e-06	5.874969e-06	1.440358e-05
1	1-117872757	119703886	21	A	G	0.181	15.33835	3.200559	-1140.97	3.659019	1e+05	2.964102e-06	2.295809e-06	6.54887e-06
1	1-118130319	119894398	8	T	C	0.212	13.20516	2.921245	-1142.255	2.750038	1e+05	9.899592e-06	8.784858e-06	2.025529e-05
1	1-192061516	194335889	38	G	A	0.48	-11.7072	2.574705	-1142.637	1.38639	1e+05	8.818342e-06	1.310261e-05	2.848188e-05
1	1-214746790	217855977	6	A	G	0.015	-43.82985	9.293995	-1141.262	4.217049	1e+05	4.18252e-06	3.114208e-06	8.44704e-06
1	1-215024005	218134436	16	C	T	0.099	-18.79696	4.145365	-1142.144	2.8104	1e+05	9.31336e-06	7.816734e-06	1.834313e-05
1	1-238594907	242112409	13	T	C	0.215	17.18773	3.627002	-1141.12	5.595295	1e+05	3.774463e-06	2.683783e-06	7.459542e-06
1	1-280780901	285819743	11	T	C	0.061	-29.8914	6.571569	-1142.02	3.824333	1e+05	8.757531e-06	6.869434e-06	1.644052e-05
1	1-281001808	286037632	20	T	C	0.054	-33.39016	6.910637	-1140.761	3.662779	1e+05	2.479267e-06	1.847787e-06	5.46724e-06
1	1-281672759	286703802	29	A	G	0.054	-29.26016	6.315734	-1141.57	6.263165	1e+05	6.05034e-06	4.29396e-06	1.105917e-05
1	1-287406856	292522469	11	G	A	0.054	-34.57657	7.298094	-1141.171	4.454908	1e+05	3.792678e-06	2.831e-06	7.79978e-06
2	2-2681232	2688433	6	C	G	0.123	18.66993	3.683543	-1140.393	1.47605	1e+05	8.264125e-07	1.259587e-06	3.981172e-06
2	2-4577717	4539572	32	T	C	0.064	26.43933	5.593129	-1141.851	1.605675	1e+05	3.978248e-06	5.758286e-06	1.416156e-05
2	2-4578019	4539874	43	A	G	0.047	29.14212	5.901899	-1141.147	1.296684	1e+05	1.523011e-06	2.761924e-06	7.640475e-06
2	2-4578221	4540076	21	G	C	0.049	27.64907	5.534478	-1140.747	1.43022	1e+05	1.162679e-06	1.819804e-06	5.398426e-06
2	2-4578275	4540130	21	T	C	0.054	26.03635	5.44875	-1141.561	1.648454	1e+05	3.157828e-06	4.254267e-06	1.097315e-05
2	2-4578337	4540192	20	G	A	0.07	24.29334	5.244277	-1142.045	1.943217	1e+05	6.064993e-06	7.047198e-06	1.680016e-05
2	2-4578363	4540218	20	C	T	0.065	24.62276	5.346553	-1142.249	1.790641	1e+05	6.831255e-06	8.731601e-06	2.015087e-05
2	2-4579418	4541273	24	T	G	0.095	21.73268	4.498871	-1141.424	1.560739	1e+05	2.490708e-06	3.685205e-06	9.726571e-06
2	2-4579428	4541283	24	A	G	0.09	22.47602	4.551355	-1140.842	1.710088	1e+05	1.519056e-06	2.008965e-06	5.860552e-06
2	2-4579478	4541333	24	A	G	0.062	25.16127	5.501625	-1142.256	2.04319	1e+05	7.857993e-06	8.795795e-06	2.027673e-05
2	2-4579534	4541389	27	A	C	0.089	22.04523	4.585708	-1141.386	1.75009	1e+05	2.769417e-06	3.544088e-06	9.413239e-06
2	2-4579565	4541420	30	C	T	0.086	23.4428	4.606267	-1140.211	1.603703	1e+05	7.488004e-07	1.042538e-06	3.406559e-06
2	2-4579567	4541422	29	A	G	0.09	22.14566	4.581997	-1141.293	1.728742	1e+05	2.462565e-06	3.21495e-06	8.675142e-06
2	2-4579573	4541428	28	G	A	0.09	22.13331	4.65063	-1141.677	1.641458	1e+05	3.443725e-06	4.800193e-06	1.214655e-05
2	2-4579756	4541611	33	G	A	0.102	20.56682	4.460063	-1141.931	2.552558	1e+05	6.653979e-06	6.256761e-06	1.519087e-05
2	2-4581048	4542903	25	A	G	0.086	22.05472	4.597488	-1141.453	1.731054	1e+05	2.901305e-06	3.799216e-06	9.978438e-06
2	2-4581071	4542926	27	C	T	0.085	22.3324	4.658319	-1141.615	1.531171	1e+05	2.941487e-06	4.497304e-06	1.149804e-05
2	2-4581101	4542956	26	T	C	0.091	21.222	4.487862	-1141.79	1.666161	1e+05	3.948999e-06	5.400641e-06	1.341538e-05
2	2-4585714	4547567	3	C	A	0.065	25.58879	5.223055	-1140.88	1.936673	1e+05	1.819832e-06	2.091241e-06	6.059437e-06
2	2-23235358	23925107	45	A	G	0.045	-27.40081	5.97058	-1141.86	3.520466	1e+05	7.330047e-06	5.810668e-06	1.42703e-05
2	2-23588515	24261006	37	T	G	0.315	-15.20745	3.031334	-1139.902	4.497727	1e+05	1.054041e-06	7.561955e-07	2.617096e-06
2	2-23588646	24261137	29	G	A	0.398	-12.03589	2.639433	-1142.202	2.245291	1e+05	8.331661e-06	8.305369e-06	1.931202e-05
2	2-108849860	111307008	35	A	C	0.02	-44.7177	9.364613	-1140.946	8.689491	1e+05	3.204263e-06	2.2397e-06	6.415315e-06
2	2-120772183	124132756	19	A	T	0.042	-31.02518	6.008938	-1139.195	5.393592	1e+05	5.268402e-07	3.632278e-07	1.44023e-06
2	2-120772185	124132758	17	A	T	0.039	-31.44712	6.096904	-1139.231	4.904675	1e+05	5.403401e-07	3.771378e-07	1.484759e-06
2	2-120772186	124132759	16	A	T	0.046	-27.61414	5.814465	-1141.076	6.065217	1e+05	3.602217e-06	2.563564e-06	7.179625e-06
2	2-180206215	184958151	20	T	C	0.138	16.1631	3.575742	-1142.135	1e+05	1e+05	9.907258e-06	7.748555e-06	1.820729e-05
2	2-180255336	185007353	16	T	G	0.138	17.37865	3.52003	-1140.301	1e+05	1e+05	1.527806e-06	1.144405e-06	3.678417e-06
2	2-180256449	185008466	17	G	A	0.131	16.90275	3.54806	-1141.079	1e+05	1e+05	3.370997e-06	2.571709e-06	7.198651e-06
2	2-180258098	185010115	19	T	C	0.126	16.41897	3.56254	-1141.757	1e+05	1e+05	6.72904e-06	5.216124e-06	1.302771e-05
2	2-211458611	217601090	34	A	G	0.45	-13.80051	2.516782	-1137.995	2.012802	1e+05	1.099663e-07	1.050417e-07	5.321181e-07
3	3-1690930	978660	5	T	C	0.249	12.21434	2.698434	-1144.057	0.6910717	1e+05	9.642424e-06	5.836582e-05	0.0001036993
3	3-2742661	2015300	4	T	G	0.467	-12.26086	2.630326	-1141.44	5.421299	1e+05	5.334385e-06	3.748883e-06	9.867382e-06
3	3-14383675	13689767	31	G	C	0.074	-22.15589	4.587718	-1141.115	1.937258	1e+05	2.505546e-06	2.670538e-06	7.428798e-06
3	3-14383708	13689800	29	T	G	0.068	-22.23495	4.748025	-1141.848	1.769803	1e+05	4.845144e-06	5.736244e-06	1.411577e-05
3	3-19479824	18880004	44	G	C	0.455	-13.64704	2.696277	-1141.08	0.872209	1e+05	8.543e-07	2.573921e-06	7.203817e-06
3	3-55631390	55546531	24	G	C	0.024	36.17217	7.918106	-1141.911	4.214144	1e+05	8.036543e-06	6.128462e-06	1.492707e-05
3	3-89130730	110060039	29	G	A	0.049	-29.34536	6.493105	-1142.159	3.576804	1e+05	9.939306e-06	7.943138e-06	1.859454e-05
3	3-87058311	112224250	16	A	G	0.011	63.45903	13.59562	-1141.502	1e+05	1e+05	5.18822e-06	3.997673e-06	1.041426e-05
3	3-154704519	156130257	21	G	A	0.218	14.23026	3.111514	-1142.344	1.900933	1e+05	7.858126e-06	9.63952e-06	2.191975e-05
3	3-158918226	160460132	28	G	T	0.194	-21.55451	4.507414	-1141.035	3.132202	1e+05	3.106794e-06	2.458048e-06	6.932308e-06
3	3-195059529	197970676	40	G	A	0.041	-37.24923	7.673907	-1141.106	1.66405	1e+05	2.239221e-06	2.645413e-06	7.370411e-06
3	3-197630062	200599709	43	A	G	0.416	12.91702	2.84487	-1142.508	1.635158	1e+05	9.073153e-06	1.144689e-05	2.537732e-05
3	3-197630055	200599716	46	A	G	0.42	13.23629	2.813266	-1141.761	1.720966	1e+05	4.392948e-06	5.242378e-06	1.308298e-05
3	3-205881082	209263521	28	G	C	0.223	-14.47582	3.173943	-1142.168	2.4715	1e+05	8.302479e-06	8.019572e-06	1.87463e-05
3	3-205881088	209263527	26	T	G	0.224	-14.39154	3.146908	-1142.024	2.873378	1e+05	7.864612e-06	6.893931e-06	1.649015e-05
3	3-211670062	215253097	44	G	A	0.016	-44.97913	9.807773	-1142.011	2.60799	1e+05	7.434725e-06	6.807165e-06	1.631424e-05
3	3-219264548	222847567	13	T	C	0.319	-12.81976	2.721303	-1143.86	0.4837978	1e+05	4.27794e-06	4.741913e-05	8.649327e-05
3	3-219696343	223290098	25	C	T	0.232	-14.11286	3.114548	-1142.343	1.996563	1e+05	9.442928e-06	9.631496e-06	2.190422e-05
3	3-224091166	227755073	21	C	T	0.331	12.90611	2.731566	-1141.373	2.74118	1e+05	4.019612e-06	3.496286e-06	9.306689e-06
3	3-225559028	229274563	27	G	A	0.329	12.29869	2.718537	-1142.583	1.782033	1e+05	9.74524e-06	1.237618e-05	2.71265e-05
3	3-227574609	231401848	35	C	A	0.02	39.5191	8.546067	-1142.027	1.975311	1e+05	6.285945e-06	6.920529e-06	1.654402e-05
4	4-2627127	3197003	23	G	C	0.128	18.46788	4.066198	-1142.145	2.801116	1e+05	9.020233e-06	7.828342e-06	1.836624e-05
4	4-72881969	75577213	15	T	G	0.021	45.37077	9.201633	-1140.329	1e+05	1e+05	1.573338e-06	1.179312e-06	3.770666e-06
4	4-80867024	83707607	28	A	G	0.022	-45.32906	9.795127	-1141.59	10.27257	1e+05	6.190421e-06	4.384228e-06	1.125435e-05
4	4-90768072	94283062	5	A	G	0.114	-23.22271	4.971026	-1141.471	3.95434	1e+05	5.096684e-06	3.871944e-06	1.013853e-05
4	4-145227731	148500484	9	T	C	0.02	53.80371	11.76779	-1142.052	2.671062	1e+05	7.903006e-06	7.098519e-06	1.690376e-05
4	4-150379564	153801808	10	A	G	0.029	-40.72611	8.995232	-1142.191	2.857029	1e+05	9.597906e-06	8.211752e-06	1.912701e-05
4	4-179238099	182186291	5	G	C	0.013	-50.76171	11.17595	-1142.029	105.7197	1e+05	9.010739e-06	6.929841e-06	1.656287e-05
4	4-238844721	243631968	14	A	T	0.061	22.57509	4.833625	-1141.823	2.031152	1e+05	5.123621e-06	5.592053e-06	1.381558e-05
5	5-13615245	13957381	28	A	T	0.083	21.55878	4.558767	-1141.749	1.660097	1e+05	3.943213e-06	5.177178e-06	1.294564e-05
5	5-13629634	13971770	20	A	G	0.049	25.84297	5.475171	-1141.875	1.58817	1e+05	4.106484e-06	5.904531e-06	1.446479e-05
5	5-13660901	14014084	25	A	T	0.036	30.70209	6.307802	-1140.999	1.930036	1e+05	2.106859e-06	2.365719e-06	6.714586e-06
5	5-13661303	14014486	31	T	G	0.042	28.15387	6.07532	-1142.264	1.561077	1e+05	6.01736e-06	8.86967e-06	2.04214e-05
5	5-13685051	14042160	20	T	C	0.285	-13.49625	2.821658	-1141.811	1.202141	1e+05	3.091657e-06	5.517867e-06	1.36607e-05
5	5-13685053	14042162	20	T	C	0.283	-13.69822	2.813441	-1141.45	1.184807	1e+05	2.092131e-06	3.787872e-06	9.953426e-06
5	5-58353480	60098016	31	C	T	0.456	12.92995	2.696461	-1140.887	21.24098	1e+05	2.927318e-06	2.105244e-06	6.093164e-06
5	5-58362966	60107503	10	T	C	0.299	-13.61027	2.790793	-1140.492	10.20265	1e+05	2.01679e-06	1.396865e-06	4.336309e-06
5	5-213413329	219239847	25	C	A	0.455	-13.86701	2.584917	-1139.733	0.9049323	1e+05	1.982142e-07	6.350231e-07	2.26873e-06
6	6-149915220	153812014	29	A	T	0.456	-15.27605	2.635838	-1136.786	1.300727	1e+05	2.24019e-08	3.016369e-08	1.991326e-07
6	6-149915859	153812653	41	A	C	0.407	-13.41921	2.803768	-1141.126	2.382122	1e+05	3.049416e-06	2.701323e-06	7.500224e-06
6	6-149917598	153814392	36	A	G	0.396	-12.61875	2.788092	-1142.471	1.715167	1e+05	9.663821e-06	1.101159e-05	2.455165e-05
6	6-149917608	153814402	34	A	G	0.393	-12.49535	2.765	-1142.562	1.609798	1e+05	9.954429e-06	1.210942e-05	2.66262e-05
6	6-149966950	153885658	41	T	A	0.469	12.38841	2.666659	-1141.904	1.870046	1e+05	5.718268e-06	6.081657e-06	1.483065e-05
6	6-150037674	153955686	15	C	T	0.361	-13.50957	2.782948	-1141.391	1.299215	1e+05	2.235141e-06	3.56147e-06	9.45193e-06
6	6-150038324	153956336	7	A	C	0.363	-12.91421	2.741783	-1142.414	1.043357	1e+05	4.292127e-06	1.037143e-05	2.332946e-05
6	6-150038839	153956851	13	C	T	0.348	-13.1673	2.849056	-1142.213	1.473751	1e+05	6.358676e-06	8.404328e-06	1.950729e-05
6	6-150038856	153956868	15	C	T	0.354	-13.06086	2.840647	-1142.287	1.502042	1e+05	7.06036e-06	9.083152e-06	2.083859e-05
6	6-150038886	153956898	13	C	T	0.348	-14.52118	2.799864	-1139.417	1.921687	1e+05	4.713547e-07	4.571826e-07	1.735813e-06
6	6-150039354	153957366	11	A	G	0.354	-14.06852	2.747525	-1140.345	1.075313	1e+05	6.4601e-07	1.198709e-06	3.821736e-06
6	6-150039355	153957367	11	C	T	0.357	-13.9839	2.732252	-1140.426	1.036304	1e+05	6.532643e-07	1.303852e-06	4.096328e-06
6	6-150059530	153977538	8	T	G	0.412	-12.5337	2.688879	-1142.572	0.9942478	1e+05	5.335242e-06	1.223484e-05	2.686161e-05
6	6-150059870	153977878	6	G	A	0.408	-13.3006	2.772834	-1142.001	0.9543645	1e+05	2.906177e-06	6.731718e-06	1.616102e-05
6	6-150059939	153977947	10	A	G	0.417	-13.21316	2.742454	-1141.801	1.024695	1e+05	2.638819e-06	5.464966e-06	1.355009e-05
6	6-150059976	153977984	6	C	T	0.421	-12.51321	2.676332	-1142.265	1.148001	1e+05	5.00919e-06	8.877172e-06	2.043609e-05
6	6-150059980	153977988	7	G	A	0.423	-12.12911	2.683128	-1142.814	1.256052	1e+05	9.894225e-06	1.578165e-05	3.340114e-05
6	6-150060271	153978279	11	C	T	0.428	-12.20484	2.701232	-1142.313	2.136408	1e+05	9.991816e-06	9.335543e-06	2.133011e-05
6	6-150060310	153978318	8	G	A	0.405	-12.91889	2.695651	-1141.064	2.409792	1e+05	2.962839e-06	2.531386e-06	7.10437e-06
6	6-150060448	153978456	10	T	A	0.426	-12.72094	2.744371	-1142.301	1.267695	1e+05	5.986914e-06	9.211076e-06	2.108794e-05
6	6-150061007	153979015	8	C	T	0.403	-12.58182	2.726597	-1142.179	1.544174	1e+05	6.562425e-06	8.10656e-06	1.891877e-05
6	6-150061127	153979135	12	C	T	0.414	-12.42989	2.729149	-1142.669	1.238662	1e+05	8.535341e-06	1.354547e-05	2.930337e-05
6	6-150061531	153979539	20	G	A	0.437	-13.25492	2.769803	-1142.388	0.8028916	1e+05	3.058033e-06	1.00968e-05	2.280211e-05
6	6-150061716	153979724	18	C	T	0.417	-13.57019	2.871296	-1142.794	0.7769263	1e+05	3.995341e-06	1.544585e-05	3.27908e-05
6	6-150062662	153980670	11	G	A	0.372	-14.43753	2.801673	-1140.149	1.086892	1e+05	5.526215e-07	9.774416e-07	3.230594e-06
6	6-150062725	153980733	16	A	T	0.413	-13.32941	2.695747	-1141.93	0.711085	1e+05	1.475405e-06	6.25017e-06	1.517733e-05
6	6-150063279	153981287	7	G	A	0.423	-12.80079	2.693005	-1141.876	1.213324	1e+05	3.535801e-06	5.911298e-06	1.44788e-05
6	6-150063610	153981618	5	C	T	0.421	-13.29107	2.678583	-1141.275	0.9612279	1e+05	1.361072e-06	3.154733e-06	8.538928e-06
6	6-150063925	153981933	13	T	A	0.41	-12.56919	2.717264	-1142.785	0.9367333	1e+05	6.246319e-06	1.530887e-05	3.254134e-05
6	6-150064011	153982019	10	G	A	0.404	-13.09787	2.679692	-1142.218	0.6870689	1e+05	1.917601e-06	8.444471e-06	1.958641e-05
6	6-150064360	153982368	9	C	T	0.413	-12.5073	2.735808	-1142.591	1.249868	1e+05	7.917348e-06	1.247966e-05	2.73202e-05
6	6-150064529	153982537	15	C	T	0.345	-12.96815	2.842334	-1142.645	1.282947	1e+05	8.242188e-06	1.321768e-05	2.869566e-05
6	6-150086681	154002937	12	A	T	0.345	-13.90465	2.761207	-1140.701	1.093006	1e+05	9.642939e-07	1.736275e-06	5.192026e-06
6	6-150086891	154003147	7	G	A	0.405	-13.41568	2.741312	-1141.469	1.02	1e+05	1.864859e-06	3.861154e-06	1.01148e-05
6	6-150087592	154003848	20	A	C	0.332	-13.37674	2.851446	-1141.909	1.479331	1e+05	4.670839e-06	6.118593e-06	1.490675e-05
6	6-150087940	154004196	35	A	G	0.367	-14.25263	2.797622	-1140.574	1.04132	1e+05	7.304871e-07	1.520441e-06	4.651283e-06
6	6-150087976	154004232	35	C	T	0.387	-14.48073	2.83302	-1140.2	1.201687	1e+05	6.74327e-07	1.03053e-06	3.374239e-06
6	6-150088161	154004417	16	C	T	0.408	-12.91259	2.782032	-1142.199	1.333987	1e+05	5.826661e-06	8.28497e-06	1.927173e-05
6	6-150088162	154004418	17	G	A	0.412	-12.87318	2.76304	-1142.085	1.383223	1e+05	5.388739e-06	7.349814e-06	1.740955e-05
6	6-150088569	154004825	34	A	C	0.42	-13.34607	2.788522	-1142.108	0.9129475	1e+05	3.050218e-06	7.52793e-06	1.776661e-05
6	6-150089606	154005862	9	C	T	0.429	-13.25996	2.792281	-1141.668	1.466978	1e+05	3.609055e-06	4.757108e-06	1.205467e-05
6	6-150089719	154005975	8	C	T	0.423	-12.39194	2.690639	-1142.564	1.172184	1e+05	6.824584e-06	1.214107e-05	2.668564e-05
6	6-150089739	154005995	16	G	A	0.392	-13.13117	2.766954	-1142.233	0.9568621	1e+05	3.659411e-06	8.580648e-06	1.985444e-05
6	6-150089934	154006190	20	C	T	0.376	-14.15694	2.790901	-1140.527	1.115063	1e+05	8.10711e-07	1.447911e-06	4.466927e-06
6	6-150089994	154006250	18	G	A	0.389	-14.36066	2.82895	-1141.017	0.8335592	1e+05	7.963234e-07	2.411475e-06	6.822642e-06
6	6-150090358	154006614	20	G	A	0.458	-13.86924	3.021674	-1142.779	1.058764	1e+05	7.310308e-06	1.520514e-05	3.235225e-05
6	6-150090999	154007253	31	G	T	0.387	-13.26304	2.779149	-1141.75	1.250619	1e+05	3.245608e-06	5.182358e-06	1.295656e-05
6	6-150091136	154007390	26	T	C	0.361	-12.79587	2.80058	-1142.568	1.351093	1e+05	8.011245e-06	1.218915e-05	2.677589e-05
6	6-150091675	154007929	28	G	T	0.403	-13.78418	2.846256	-1141.794	0.9580055	1e+05	2.355669e-06	5.421892e-06	1.345991e-05
6	6-150092092	154008346	12	C	T	0.421	-13.99909	2.709707	-1139.933	1.25022	1e+05	5.190742e-07	7.813314e-07	2.688151e-06
6	6-150092114	154008368	9	C	A	0.422	-13.70898	2.651606	-1140.09	1.089932	1e+05	5.097336e-07	9.193727e-07	3.07201e-06
6	6-150092198	154008452	9	G	A	0.422	-12.61629	2.684786	-1142.197	1.124907	1e+05	4.507778e-06	8.268751e-06	1.923969e-05
6	6-150092238	154008492	8	G	A	0.407	-12.2773	2.717251	-1142.87	1.202474	1e+05	9.99057e-06	1.673392e-05	3.512313e-05
6	6-150092612	154008866	6	A	G	0.364	-13.29885	2.772228	-1141.593	1.290626	1e+05	2.90069e-06	4.395501e-06	1.127869e-05
6	6-150093389	154009643	22	C	T	0.394	-15.12646	2.780798	-1139.039	0.9168354	1e+05	1.367787e-07	3.091291e-07	1.264056e-06
6	6-150093539	154009793	26	G	A	0.389	-13.97247	2.771965	-1140.912	0.9603719	1e+05	9.422342e-07	2.162368e-06	6.230404e-06
6	6-150218349	154121556	12	G	A	0.48	12.04567	2.584968	-1141.729	2.254824	1e+05	5.36897e-06	5.068531e-06	1.271621e-05
6	6-150306205	154207754	28	C	T	0.405	-13.66741	2.777672	-1140.42	3.064894	1e+05	1.649898e-06	1.296082e-06	4.07616e-06
6	6-154814481	158828732	11	C	A	0.143	16.20637	3.415712	-1141.303	2.663643	1e+05	3.676882e-06	3.248842e-06	8.75164e-06
6	6-156932220	160886085	46	A	G	0.364	-14.64351	3.077264	-1141.2	2.510489	1e+05	3.452925e-06	2.916828e-06	7.996912e-06
6	6-163821390	167825581	27	T	C	0.106	18.35319	3.896443	-1141.362	3.570755	1e+05	4.290352e-06	3.456165e-06	9.217095e-06
7	7-27431981	28494953	13	G	A	0.014	-44.9851	9.778562	-1141.975	2.510442	1e+05	6.982205e-06	6.554592e-06	1.580036e-05
7	7-27432050	28495022	11	T	C	0.013	-45.00062	9.778815	-1141.96	2.545398	1e+05	6.937339e-06	6.453472e-06	1.559387e-05
8	8-96684937	98975152	13	T	C	0.12	21.64591	4.753866	-1141.994	1e+05	1e+05	8.578697e-06	6.687253e-06	1.60706e-05
8	8-129272370	133629987	9	A	G	0.053	-29.64941	6.358061	-1141.743	2.460831	1e+05	5.288877e-06	5.142519e-06	1.287252e-05
8	8-129732274	134106369	15	G	A	0.311	-12.2732	2.711702	-1142.567	1.679895	1e+05	9.660864e-06	1.21771e-05	2.675328e-05
8	8-129748072	134122166	18	T	C	0.31	-12.87166	2.796452	-1141.81	3.259932	1e+05	6.906734e-06	5.513897e-06	1.365241e-05
8	8-129780652	134154174	6	A	G	0.32	-12.28517	2.656581	-1141.82	2.623541	1e+05	6.280831e-06	5.572159e-06	1.377407e-05
8	8-129780675	134154197	13	T	C	0.31	-12.3597	2.715682	-1142.09	2.87957	1e+05	8.657444e-06	7.391863e-06	1.749395e-05
8	8-129781541	134155063	19	C	G	0.337	-12.4191	2.705959	-1141.991	2.516601	1e+05	7.322606e-06	6.665875e-06	1.602711e-05
8	8-129800822	134175029	14	C	T	0.305	-13.17681	2.835134	-1141.672	2.786199	1e+05	5.667358e-06	4.777183e-06	1.20975e-05
8	8-129800828	134175035	12	A	G	0.311	-13.41471	2.768721	-1140.775	2.992194	1e+05	2.332363e-06	1.87465e-06	5.533148e-06
8	8-129820644	134194689	33	G	A	0.244	-13.11461	2.885418	-1142.004	3.878609	1e+05	8.890465e-06	6.75382e-06	1.620593e-05
8	8-129820652	134194697	33	C	T	0.244	-13.22303	2.888739	-1141.913	3.280588	1e+05	7.721124e-06	6.142316e-06	1.495559e-05
8	8-129820676	134194721	24	C	A	0.3	-12.85264	2.749786	-1141.451	3.662108	1e+05	5.041726e-06	3.79223e-06	9.963036e-06
8	8-129820698	134194743	19	C	T	0.302	-14.37363	2.70142	-1138.508	3.493356	1e+05	2.457498e-07	1.784333e-07	8.12271e-07
8	8-129820754	134194799	11	A	G	0.325	-12.66069	2.659201	-1141.042	4.430219	1e+05	3.414663e-06	2.474031e-06	6.969873e-06
8	8-129858242	134231923	12	C	A	0.322	-12.68283	2.693024	-1141.293	4.045303	1e+05	4.304401e-06	3.214116e-06	8.673257e-06
8	8-159011447	164333932	14	T	C	0.014	-53.76074	11.41381	-1141.226	8.530867	1e+05	4.29215e-06	2.999165e-06	8.185217e-06
8	8-167351761	173046688	22	T	C	0.066	-28.43366	6.185481	-1142.209	1.792175	1e+05	7.091673e-06	8.372931e-06	1.944537e-05
8	8-167521930	173220953	28	T	C	0.189	-16.07636	3.386036	-1141.817	1.449843	1e+05	3.624554e-06	5.553996e-06	1.373616e-05
9	9-56156264	57373663	12	T	C	0.023	-46.59318	10.16904	-1141.819	24.38357	1e+05	7.572892e-06	5.569336e-06	1.376818e-05
10	10-10613444	10643628	46	T	G	0.394	-13.49652	2.704773	-1139.983	9.761161	1e+05	1.195137e-06	8.225391e-07	2.803828e-06
10	10-10614002	10644186	15	T	C	0.253	-13.11301	2.889031	-1141.992	15.05033	1e+05	9.135113e-06	6.667722e-06	1.603087e-05
10	10-10614081	10644265	32	A	G	0.423	-12.21739	2.604776	-1141.324	8.921884	1e+05	4.688214e-06	3.320902e-06	8.913902e-06
10	10-10614086	10644270	33	T	C	0.279	-13.46818	2.970576	-1142.002	9.936141	1e+05	9.337281e-06	6.739869e-06	1.617758e-05
10	10-46924285	48221934	9	T	A	0.027	48.33417	10.09751	-1140.978	1e+05	1e+05	3.040996e-06	2.314435e-06	6.593096e-06
