chr	rs	ps	n_miss	allele1	allele0	af	beta	se	logl_H1	l_remle	l_mle	p_wald	p_lrt	p_score
1	1-3189104	3289860	5	C	T	0.239	0.02656115	0.005567857	326.4056	1.267082	1e+05	3.313338e-06	3.547946e-06	9.609726e-06
1	1-6407157	6410193	30	T	C	0.05	0.05440535	0.01126322	326.434	1.340109	1e+05	2.526348e-06	3.444471e-06	9.375112e-06
1	1-15777951	16010681	36	G	C	0.031	0.0626228	0.01324797	326.037	1.493102	1e+05	4.027527e-06	5.212412e-06	1.326383e-05
1	1-27504994	27698852	29	T	C	0.08	0.03936396	0.00818549	326.3915	1.578908	1e+05	2.783622e-06	3.600681e-06	9.7289e-06
1	1-28400045	28591698	32	A	G	0.053	0.04795001	0.010066	326.6484	2.806747	1e+05	3.417622e-06	2.754586e-06	7.781741e-06
1	1-28400067	28591720	31	A	G	0.02	0.07419528	0.01609651	325.6585	1.683326	1e+05	6.782756e-06	7.741566e-06	1.851229e-05
1	1-40096690	40461844	11	A	T	0.011	0.106468	0.02331365	325.8518	3.34351	1e+05	8.174144e-06	6.325243e-06	1.56095e-05
1	1-52779599	53170616	33	T	C	0.01	0.1237194	0.02643419	325.7758	1.449784	1e+05	4.959658e-06	6.848085e-06	1.669076e-05
1	1-125503295	127656223	16	C	T	0.012	0.1106317	0.02314348	326.7813	3.342524	1e+05	3.169984e-06	2.398393e-06	6.935799e-06
1	1-149838449	151749294	31	T	A	0.015	0.1065788	0.02326445	324.5616	0.8566933	1e+05	7.675239e-06	2.445207e-05	4.93775e-05
1	1-174992037	176956935	26	C	A	0.02	0.0890515	0.01907036	326.3693	3.847005	1e+05	5.199721e-06	3.684703e-06	9.918245e-06
1	1-189525773	191697465	31	A	T	0.025	0.07742106	0.01696884	325.1208	1.342017	1e+05	8.325999e-06	1.359536e-05	2.986237e-05
1	1-217180628	220331842	18	A	C	0.021	0.07246673	0.01568492	326.0589	2.745735	1e+05	6.469693e-06	5.094696e-06	1.301172e-05
1	1-217229505	220367687	1	T	C	0.022	0.08087482	0.01773921	325.9422	4.741311	1e+05	8.451853e-06	5.75521e-06	1.441606e-05
1	1-222634184	225965124	36	A	T	0.018	0.09961625	0.02113162	326.071	1.690013	1e+05	4.266407e-06	5.030741e-06	1.28744e-05
1	1-225973061	229562172	24	C	A	0.017	0.08537111	0.01846356	325.5614	1.501645	1e+05	6.36777e-06	8.56978e-06	2.017471e-05
1	1-226462788	229999990	32	A	G	0.066	0.04581129	0.009576597	325.7687	1.045459	1e+05	3.121446e-06	6.899521e-06	1.679649e-05
1	1-226462789	229999991	32	A	G	0.066	0.04581129	0.009576597	325.7687	1.045459	1e+05	3.121446e-06	6.899521e-06	1.679649e-05
1	1-229911588	233391761	16	A	T	0.012	0.09704792	0.02033301	326.4736	1.906604	1e+05	3.276504e-06	3.30493e-06	9.057043e-06
1	1-229928121	233408292	34	G	A	0.01	0.1006236	0.02175881	325.7416	1.74212	1e+05	6.347126e-06	7.097791e-06	1.720301e-05
1	1-229928186	233408357	20	G	T	0.012	0.09808919	0.01992696	327.2098	2.006878	1e+05	1.657137e-06	1.535441e-06	4.795605e-06
1	1-229930144	233410315	43	T	G	0.011	0.101217	0.02174046	325.8188	1.652154	1e+05	5.530716e-06	6.547127e-06	1.606985e-05
1	1-229943595	233423765	8	T	C	0.014	0.09608013	0.01946413	327.1393	1.825369	1e+05	1.554642e-06	1.652214e-06	5.094551e-06
1	1-229958467	233438636	14	T	G	0.014	0.08983703	0.01924552	326.0483	1.981701	1e+05	5.238696e-06	5.151441e-06	1.313335e-05
1	1-229961033	233441202	12	T	C	0.016	0.08437798	0.01832631	326.073	3.636917	1e+05	6.939469e-06	5.020202e-06	1.285174e-05
1	1-246522651	250096860	18	A	G	0.014	0.1182795	0.02135187	328.5181	0.7480042	1e+05	8.47086e-08	3.947809e-07	1.583129e-06
1	1-246526281	250100490	14	T	A	0.267	0.02533274	0.005522158	325.6279	1.976741	1e+05	7.467227e-06	7.993897e-06	1.902128e-05
1	1-246526464	250100673	15	T	G	0.285	0.02549991	0.005313046	326.0506	1.304079	1e+05	2.906036e-06	5.13892e-06	1.310653e-05
1	1-258052873	262586601	26	C	T	0.015	0.09048486	0.01994777	325.4058	1.886658	1e+05	9.341029e-06	1.008518e-05	2.316118e-05
1	1-269573199	274243662	32	A	G	0.069	0.04203104	0.009257358	324.816	1.080048	1e+05	9.172454e-06	1.871669e-05	3.924876e-05
1	1-269573290	274243753	46	G	A	0.079	0.04155093	0.009054669	325.1332	1.125739	1e+05	7.420836e-06	1.341932e-05	2.953231e-05
1	1-272721186	277457162	14	C	T	0.23	-0.02447999	0.005413128	324.8729	1.164705	1e+05	9.914641e-06	1.763138e-05	3.729074e-05
1	1-278504670	283483007	42	A	G	0.013	0.0952592	0.02097543	325.2107	1.470767	1e+05	9.125542e-06	1.237196e-05	2.75565e-05
1	1-278504596	283483081	26	A	G	0.012	0.09593801	0.02090811	325.3779	1.438449	1e+05	7.431914e-06	1.038472e-05	2.374397e-05
1	1-278690704	283671037	17	T	C	0.068	0.04118662	0.009014815	324.8833	1.06455	1e+05	8.102984e-06	1.743991e-05	3.694374e-05
1	1-278833464	283822605	32	C	T	0.069	0.04360328	0.00902412	325.964	1.027949	1e+05	2.509104e-06	5.625544e-06	1.414229e-05
1	1-278834696	283823837	21	A	G	0.075	0.03897383	0.008565701	325.0914	1.266224	1e+05	8.79375e-06	1.402032e-05	3.065682e-05
1	1-278836258	283825399	21	A	G	0.072	0.03938888	0.008696013	324.9693	1.266524	1e+05	9.610411e-06	1.593592e-05	3.420042e-05
1	1-278836558	283825699	9	G	C	0.014	0.1430623	0.02490537	328.9567	0.6357466	1e+05	2.991248e-08	2.50642e-07	1.098371e-06
1	1-278839176	283828317	18	T	C	0.062	0.04131876	0.009133599	324.7539	1.118154	1e+05	9.851217e-06	1.99781e-05	4.150642e-05
1	1-278840029	283829170	37	T	C	0.062	0.04490841	0.009757564	325.1138	1.136925	1e+05	6.993827e-06	1.369465e-05	3.004828e-05
1	1-278840032	283829173	40	T	C	0.063	0.04488527	0.009765944	325.0866	1.13754	1e+05	7.190299e-06	1.409053e-05	3.078776e-05
1	1-278948944	283938723	23	C	T	0.085	0.03925626	0.008164497	326.2012	1.31677	1e+05	2.794061e-06	4.391257e-06	1.148669e-05
1	1-278957620	283947398	20	T	C	0.077	0.03967415	0.008537826	325.3159	1.155099	1e+05	5.750886e-06	1.108162e-05	2.509128e-05
1	1-278957635	283947413	19	T	C	0.076	0.03975889	0.008529687	325.386	1.160926	1e+05	5.396748e-06	1.02969e-05	2.357335e-05
1	1-278957684	283947462	17	A	C	0.08	0.03768551	0.008207236	325.0019	1.10103	1e+05	7.328933e-06	1.54008e-05	3.321639e-05
1	1-278957691	283947469	18	G	C	0.078	0.03847556	0.008334011	325.2549	1.212649	1e+05	6.568936e-06	1.181256e-05	2.64922e-05
1	1-278969391	283960186	22	T	G	0.085	0.04267581	0.008108615	327.696	0.9171936	1e+05	3.312497e-07	9.262881e-07	3.166437e-06
1	1-287660042	292770798	29	C	T	0.117	0.05047041	0.010508	326.6013	1.911746	1e+05	2.859645e-06	2.893062e-06	8.105998e-06
1	1-287787364	292906441	13	G	T	0.171	0.03740529	0.008113792	325.1242	1.060985	1e+05	6.762367e-06	1.354658e-05	2.977097e-05
1	1-291941730	297386536	37	G	T	0.01	0.09868712	0.02169388	325.6466	2.501294	1e+05	8.828714e-06	7.839206e-06	1.870952e-05
2	2-9608229	9789631	39	T	C	0.055	0.05091056	0.01078358	326.2743	2.087664	1e+05	4.134339e-06	4.068695e-06	1.077566e-05
2	2-11390969	11651870	12	A	G	0.021	0.07604319	0.01625848	325.7648	1.458472	1e+05	5.029311e-06	6.927276e-06	1.685349e-05
2	2-14344718	14791937	11	G	A	0.041	0.04967722	0.01080067	325.7734	2.108035	1e+05	7.085303e-06	6.865798e-06	1.672718e-05
2	2-14378065	14825476	31	A	C	0.023	0.07325019	0.01612488	325.5721	2.278733	1e+05	9.077541e-06	8.474154e-06	1.998394e-05
2	2-17134387	17596985	15	A	G	0.019	0.0915034	0.01985079	325.9413	2.633132	1e+05	6.778058e-06	5.760795e-06	1.442784e-05
2	2-19411919	19989680	41	A	G	0.013	0.1178062	0.02431687	326.6413	1.67568	1e+05	2.367363e-06	2.775101e-06	7.829935e-06
2	2-20073454	20721558	14	T	G	0.016	0.08480826	0.01843879	325.723	2.053916	1e+05	7.085567e-06	7.237249e-06	1.748799e-05
2	2-20927399	21592628	36	C	T	0.016	0.1107636	0.02247507	326.9158	1.546981	1e+05	1.613011e-06	2.084895e-06	6.175085e-06
2	2-25342114	26028236	39	T	C	0.255	0.03126894	0.006896279	324.6915	1.070031	1e+05	9.418892e-06	2.133187e-05	4.390943e-05
2	2-58263679	59816298	37	T	C	0.068	0.05293093	0.01160008	325.0067	1.282174	1e+05	8.310218e-06	1.532229e-05	3.307167e-05
2	2-59427516	60959426	12	A	G	0.168	0.03030499	0.006297529	326.3022	1.418061	1e+05	2.743398e-06	3.952075e-06	1.051658e-05
2	2-59803250	61348488	46	G	C	0.219	-0.02674351	0.005847524	325.1448	1.382909	1e+05	7.938247e-06	1.325738e-05	2.922819e-05
2	2-59803426	61348664	36	A	G	0.202	-0.028418	0.00600934	326.5501	2.961163	1e+05	3.991656e-06	3.051784e-06	8.474781e-06
2	2-60089834	61690751	35	G	A	0.137	-0.03358662	0.007374926	325.6388	2.258233	1e+05	8.635462e-06	7.903175e-06	1.883854e-05
2	2-60089754	61690831	33	C	G	0.135	-0.03358561	0.007365885	325.5409	1.935686	1e+05	8.432867e-06	8.755176e-06	2.054374e-05
2	2-60266342	61803783	10	G	A	0.317	-0.02235345	0.004769175	326.4648	6.298094	1e+05	4.812236e-06	3.335494e-06	9.126881e-06
2	2-73413874	74749625	45	G	A	0.014	0.1339088	0.02929904	325.0645	1.212866	1e+05	8.04493e-06	1.442115e-05	3.140326e-05
2	2-96661921	98806173	18	C	T	0.019	0.08786341	0.01905907	326.1366	9.293186	1e+05	6.763265e-06	4.6978e-06	1.215533e-05
2	2-114653394	117282778	46	C	T	0.197	0.03059845	0.005829249	327.6717	0.9996475	1e+05	3.542806e-07	9.499227e-07	3.232398e-06
2	2-123532923	126948020	28	A	G	0.015	0.1399833	0.02553373	329.8745	2.042787	1e+05	1.127972e-07	9.70157e-08	5.159233e-07
2	2-125065016	128533744	25	A	C	0.015	0.08353547	0.01801758	326.2558	10.06272	1e+05	6.024657e-06	4.147949e-06	1.095111e-05
2	2-125084925	128553647	43	A	G	0.032	0.06457439	0.01318956	327.0664	1.925169	1e+05	1.87264e-06	1.782353e-06	5.423785e-06
2	2-125115381	128583861	7	A	G	0.029	0.06005031	0.01266709	326.5692	2.700998	1e+05	3.788045e-06	2.991525e-06	8.335124e-06
2	2-125200360	128669840	4	A	G	0.018	0.08033775	0.01771767	325.7095	3.070852	1e+05	9.412643e-06	7.339589e-06	1.769664e-05
2	2-125252946	128722700	20	C	A	0.033	0.05868888	0.01260375	326.1941	2.727141	1e+05	5.511975e-06	4.423873e-06	1.155815e-05
2	2-125336718	128806468	43	T	C	0.043	0.05292875	0.01146078	325.5374	1.43573	1e+05	6.524043e-06	8.78737e-06	2.060771e-05
2	2-125432664	128903458	8	T	C	0.027	0.08342506	0.01697306	326.6333	1.251564	1e+05	1.713756e-06	2.798242e-06	7.884229e-06
2	2-125436630	128907424	15	T	C	0.033	0.05838119	0.01264721	325.682	1.675411	1e+05	6.585116e-06	7.553925e-06	1.81323e-05
2	2-125594750	129065454	45	C	T	0.014	0.09532315	0.01952895	327.2585	3.261791	1e+05	2.003754e-06	1.45952e-06	4.599299e-06
2	2-125610916	129082415	33	G	T	0.018	0.084216	0.01737063	327.1749	13.5063	1e+05	2.329338e-06	1.592228e-06	4.941419e-06
2	2-125630171	129104580	12	A	G	0.037	0.05427101	0.01171703	326.1197	2.960448	1e+05	6.146132e-06	4.781146e-06	1.233601e-05
2	2-125631894	129106303	9	A	G	0.016	0.09225967	0.01851805	327.7386	3.663156	1e+05	1.256729e-06	8.861754e-07	3.05384e-06
2	2-125713747	129171777	26	A	T	0.012	0.09839984	0.01950849	327.8677	2.32935	1e+05	9.414789e-07	7.750548e-07	2.737298e-06
2	2-125739651	129217047	15	G	T	0.014	0.1015938	0.02160406	326.5513	8.534756	1e+05	4.492017e-06	3.047774e-06	8.4655e-06
2	2-125788635	129266024	19	A	C	0.024	0.06835256	0.01506121	325.7659	3.531917	1e+05	9.251061e-06	6.919195e-06	1.68369e-05
2	2-125946211	129425614	35	G	A	0.018	0.08326961	0.01747809	326.7251	3.226264	1e+05	3.407401e-06	2.543052e-06	7.281536e-06
2	2-128898199	132433107	15	T	C	0.072	0.03985777	0.008449831	326.2658	1.98362	1e+05	4.21138e-06	4.105052e-06	1.085621e-05
2	2-128898252	132433160	16	G	T	0.068	0.03964724	0.008641586	325.7945	2.280037	1e+05	7.451327e-06	6.71579e-06	1.64183e-05
2	2-129565670	133074426	4	A	G	0.016	0.09648836	0.02129807	325.4367	1.994465	1e+05	9.575143e-06	9.76446e-06	2.253455e-05
2	2-130041871	133563039	23	A	G	0.068	0.04487786	0.009071942	327.3406	2.162041	1e+05	1.480138e-06	1.34014e-06	4.287244e-06
2	2-130058237	133579405	6	G	C	0.099	0.03340272	0.007152185	325.7766	1.471418	1e+05	5.184676e-06	6.84241e-06	1.667908e-05
2	2-130058784	133579952	11	A	G	0.096	0.03527644	0.00722895	326.6143	1.375319	1e+05	2.015127e-06	2.854268e-06	8.0154e-06
2	2-130058787	133579955	12	A	G	0.101	0.03250274	0.007124401	325.3835	1.572918	1e+05	8.339461e-06	1.032418e-05	2.362637e-05
2	2-130058955	133580123	14	A	T	0.114	0.03294471	0.006850665	326.4227	1.444234	1e+05	2.78377e-06	3.485284e-06	9.467774e-06
2	2-130058994	133580162	14	A	T	0.112	0.03152276	0.006956237	325.1324	1.422885	1e+05	9.525423e-06	1.342987e-05	2.955211e-05
2	2-130059336	133580504	21	G	A	0.079	0.0358168	0.007869057	325.1268	1.312565	1e+05	8.732306e-06	1.350924e-05	2.970098e-05
2	2-130059338	133580506	21	A	G	0.079	0.0358168	0.007869057	325.1268	1.312565	1e+05	8.732306e-06	1.350924e-05	2.970098e-05
2	2-130059343	133580511	21	A	G	0.079	0.0358168	0.007869057	325.1268	1.312565	1e+05	8.732306e-06	1.350924e-05	2.970098e-05
2	2-130059353	133580521	19	A	C	0.081	0.03637463	0.007813333	325.552	1.294314	1e+05	5.536584e-06	8.654318e-06	2.034312e-05
2	2-130059358	133580526	19	C	T	0.079	0.03605903	0.007858635	325.2947	1.323383	1e+05	7.434997e-06	1.133053e-05	2.556968e-05
2	2-130059399	133580567	22	A	C	0.092	0.04537977	0.007371434	333.2977	1.926672	1e+05	3.406344e-09	2.857117e-09	3.422792e-08
2	2-130059408	133580576	23	C	T	0.087	0.04355215	0.007574704	330.8726	1.543105	1e+05	2.908448e-08	3.46347e-08	2.300343e-07
2	2-130059413	133580581	23	G	C	0.08	0.04499069	0.007848599	330.7725	1.503463	1e+05	3.180333e-08	3.840118e-08	2.492891e-07
2	2-130082515	133611055	5	T	C	0.103	0.03486411	0.007070602	327.2484	1.999316	1e+05	1.593997e-06	1.474887e-06	4.639163e-06
2	2-130082525	133611065	6	G	A	0.103	0.03264924	0.00714424	325.4421	1.613064	1e+05	8.059321e-06	9.709851e-06	2.242758e-05
2	2-130082536	133611076	7	C	T	0.101	0.03331793	0.007157038	325.7667	1.546492	1e+05	5.541221e-06	6.913377e-06	1.682495e-05
2	2-130082974	133611514	17	G	A	0.106	0.03335582	0.007092851	325.6449	1.201404	1e+05	4.487934e-06	7.853281e-06	1.873792e-05
2	2-130082990	133611530	16	G	A	0.11	0.03244501	0.007044701	325.2919	1.256103	1e+05	6.897212e-06	1.136342e-05	2.563278e-05
2	2-130084231	133612771	35	T	A	0.113	0.03366998	0.007227997	325.7595	1.526346	1e+05	5.468012e-06	6.965928e-06	1.693282e-05
2	2-130085334	133613874	15	T	C	0.096	0.03780146	0.007625993	326.7027	1.166433	1e+05	1.412912e-06	2.603113e-06	7.424185e-06
2	2-130206947	133716487	3	A	G	0.06	0.0523506	0.01084361	326.7105	1.927377	1e+05	2.556017e-06	2.581899e-06	7.373859e-06
2	2-130788959	134357998	16	T	C	0.049	0.04972676	0.01039674	326.8798	4.033085	1e+05	3.132102e-06	2.164624e-06	6.37014e-06
2	2-143552155	147399078	19	T	C	0.017	0.07784156	0.01707418	324.672	0.9886512	1e+05	8.454717e-06	2.177295e-05	4.468816e-05
2	2-143855085	147697928	2	G	A	0.185	0.02879442	0.006137972	326.1325	1.946706	1e+05	4.724723e-06	4.718043e-06	1.219926e-05
2	2-143855349	147698192	6	C	A	0.186	0.02999739	0.006199033	326.7204	1.773807	1e+05	2.428396e-06	2.555496e-06	7.311133e-06
2	2-143855412	147698255	11	A	G	0.181	0.02936257	0.00641102	325.6745	2.043381	1e+05	7.714724e-06	7.61381e-06	1.825372e-05
2	2-143855428	147698271	9	T	C	0.18	0.03040246	0.006395898	326.3928	1.951838	1e+05	3.576944e-06	3.595772e-06	9.717817e-06
2	2-143855548	147698391	20	G	A	0.184	0.03134907	0.006550467	326.5477	1.951543	1e+05	3.091921e-06	3.059389e-06	8.492377e-06
2	2-143855605	147698448	20	T	C	0.179	0.03213336	0.006535246	327.1415	1.985162	1e+05	1.69971e-06	1.648503e-06	5.085102e-06
2	2-143855654	147698497	23	A	G	0.167	0.03345191	0.006795541	327.1292	1.898596	1e+05	1.655676e-06	1.669598e-06	5.138762e-06
2	2-143855660	147698503	23	C	T	0.177	0.03206672	0.006549959	326.9458	1.744207	1e+05	1.873984e-06	2.02085e-06	6.017558e-06
2	2-143855720	147698563	15	T	A	0.166	0.03436284	0.006360831	329.5502	2.282679	1e+05	1.677425e-07	1.356428e-07	6.728513e-07
2	2-143855759	147698602	16	G	A	0.174	0.03172019	0.006550048	326.7697	1.91861	1e+05	2.387827e-06	2.427443e-06	7.005481e-06
2	2-143855776	147698619	13	A	C	0.171	0.03326625	0.006604764	327.6101	1.84243	1e+05	9.740285e-07	1.012775e-06	3.406509e-06
2	2-143855796	147698639	13	A	C	0.178	0.03153443	0.006514541	326.5729	1.58876	1e+05	2.410989e-06	2.980011e-06	8.308388e-06
2	2-143855848	147698691	12	C	T	0.164	0.03120925	0.006608423	326.6211	4.400269	1e+05	4.10623e-06	2.833952e-06	7.967881e-06
2	2-143856164	147699007	11	T	C	0.177	0.03144058	0.006433797	326.6257	1.342069	1e+05	1.952382e-06	2.820388e-06	7.936126e-06
2	2-143856205	147699048	18	A	G	0.18	0.03120995	0.006576443	326.1674	1.533155	1e+05	3.702996e-06	4.548851e-06	1.183126e-05
2	2-143856223	147699066	18	T	C	0.18	0.03392111	0.006547035	328.285	1.774972	1e+05	4.912972e-07	5.026695e-07	1.924868e-06
2	2-143856235	147699078	17	C	T	0.184	0.03051078	0.006378701	326.7548	2.587259	1e+05	3.127705e-06	2.46561e-06	7.096836e-06
2	2-143856279	147699122	13	A	G	0.167	0.03237919	0.006677764	326.9172	2.140627	1e+05	2.32272e-06	2.081786e-06	6.167457e-06
2	2-143856839	147699682	12	T	C	0.15	0.03197043	0.006701218	326.4456	1.886958	1e+05	3.307434e-06	3.403109e-06	9.281037e-06
2	2-143856856	147699699	10	A	G	0.155	0.03064545	0.006532727	325.9931	1.682043	1e+05	4.727424e-06	5.457104e-06	1.378529e-05
2	2-143856864	147699707	11	T	C	0.156	0.0304282	0.006538953	325.8421	1.702902	1e+05	5.587812e-06	6.389675e-06	1.574341e-05
2	2-143856926	147699769	7	C	T	0.173	0.02938933	0.006379913	325.77	1.945449	1e+05	6.868494e-06	6.890054e-06	1.677703e-05
2	2-143856982	147699825	9	C	T	0.17	0.02931144	0.006436383	325.4298	1.726798	1e+05	8.64072e-06	9.83476e-06	2.267214e-05
2	2-143857024	147699867	11	T	C	0.172	0.03080897	0.006442033	326.4922	1.867885	1e+05	3.138123e-06	3.241623e-06	8.91208e-06
2	2-143857035	147699878	14	T	C	0.179	0.03124932	0.006369476	326.9558	1.706129	1e+05	1.786575e-06	1.999927e-06	5.965926e-06
2	2-143857041	147699884	12	A	G	0.177	0.03153083	0.006395367	327.2544	2.124704	1e+05	1.59837e-06	1.465728e-06	4.615411e-06
2	2-143857091	147699934	7	A	G	0.162	0.03329973	0.006569912	328.0626	2.929149	1e+05	8.38738e-07	6.330607e-07	2.321273e-06
2	2-143857100	147699943	6	T	C	0.161	0.03301145	0.006566206	327.8356	2.672136	1e+05	1.017077e-06	8.013184e-07	2.812765e-06
2	2-143857103	147699946	6	G	A	0.166	0.03108816	0.006529857	326.677	2.987975	1e+05	3.458425e-06	2.673648e-06	7.591071e-06
2	2-143857128	147699971	4	A	C	0.169	0.0297628	0.006471119	325.9881	3.123627	1e+05	7.089307e-06	5.485508e-06	1.38456e-05
2	2-143857977	147700820	19	C	G	0.169	0.03326009	0.006661743	327.1756	1.428793	1e+05	1.196478e-06	1.591025e-06	4.938339e-06
2	2-143857980	147700823	20	A	T	0.163	0.03182293	0.006572668	325.712	0.9880673	1e+05	2.399121e-06	7.320747e-06	1.765825e-05
2	2-143858116	147700959	28	A	T	0.172	0.03268794	0.006569051	327.4408	1.94607	1e+05	1.292865e-06	1.207599e-06	3.935452e-06
2	2-143858122	147700965	26	T	G	0.177	0.03292236	0.006511047	327.8826	2.175293	1e+05	8.880405e-07	7.63132e-07	2.702896e-06
2	2-143858134	147700977	25	A	G	0.064	0.04944173	0.009581277	328.386	2.537312	1e+05	5.429052e-07	4.526712e-07	1.768289e-06
2	2-143858334	147701177	34	C	T	0.182	0.03170455	0.006870277	325.736	1.833033	1e+05	6.625501e-06	7.13894e-06	1.728718e-05
2	2-143902422	147703797	24	A	G	0.176	0.03014502	0.006606635	325.595	2.004635	1e+05	8.315198e-06	8.273545e-06	1.958277e-05
2	2-143902123	147704096	30	A	G	0.178	0.03032861	0.006606274	325.4015	1.460438	1e+05	7.356641e-06	1.01307e-05	2.32499e-05
2	2-143902061	147704158	20	G	A	0.175	0.03183365	0.006680161	326.2553	1.576885	1e+05	3.38945e-06	4.150413e-06	1.095656e-05
2	2-143901976	147704243	28	T	A	0.177	0.03144917	0.006568814	326.6047	1.966758	1e+05	3.065874e-06	2.882921e-06	8.082334e-06
2	2-143901972	147704247	27	T	C	0.163	0.03329346	0.006680825	327.3279	1.612859	1e+05	1.249226e-06	1.357863e-06	4.333846e-06
2	2-144073890	147938545	7	C	G	0.016	0.08855044	0.01925639	325.6217	1.763538	1e+05	7.115226e-06	8.045588e-06	1.912527e-05
2	2-169312009	173493490	18	A	G	0.047	0.05630872	0.01208985	325.9377	1.897515	1e+05	5.48624e-06	5.782467e-06	1.44735e-05
2	2-179086446	183865227	19	A	G	0.143	0.03235354	0.007036645	326.0261	4.093119	1e+05	7.134948e-06	5.272099e-06	1.339135e-05
2	2-179086496	183865277	21	A	G	0.137	0.03302153	0.007107359	326.1136	2.897328	1e+05	5.770326e-06	4.811679e-06	1.240209e-05
2	2-179086751	183865532	16	T	C	0.146	0.03078972	0.006630817	326.1639	3.221045	1e+05	5.838929e-06	4.565912e-06	1.186846e-05
2	2-179088638	183867419	20	A	G	0.156	0.02961496	0.006546541	325.7107	3.882877	1e+05	9.853938e-06	7.330547e-06	1.767822e-05
2	2-179089267	183868048	33	A	G	0.173	0.03037889	0.006583814	326.0874	3.80126	1e+05	6.641955e-06	4.945284e-06	1.269051e-05
2	2-179134226	183912001	37	T	G	0.073	0.06036738	0.01322058	325.3074	1.674527	1e+05	8.195437e-06	1.117971e-05	2.527996e-05
2	2-180808608	185579488	45	G	C	0.41	0.02211624	0.004826523	325.9353	3.000421	1e+05	7.640388e-06	5.796587e-06	1.450324e-05
2	2-183828964	188692796	36	T	G	0.044	0.05674491	0.01133001	327.8543	3.507983	1e+05	1.112137e-06	7.858862e-07	2.768473e-06
2	2-187703268	192691973	26	C	T	0.202	0.02819274	0.005854862	326.5859	1.858495	1e+05	2.7055e-06	2.939808e-06	8.214921e-06
2	2-191799075	196879554	15	G	A	0.016	0.08587322	0.01837955	326.0232	1.927201	1e+05	5.140429e-06	5.288425e-06	1.342619e-05
2	2-192374590	197477854	46	A	G	0.079	0.05312349	0.01139044	325.943	1.940473	1e+05	5.334267e-06	5.750144e-06	1.440538e-05
2	2-192374622	197477886	43	T	G	0.073	0.0555891	0.01163728	326.1841	1.493994	1e+05	3.219595e-06	4.470492e-06	1.166015e-05
2	2-197664868	203399982	30	C	A	0.04	0.05336305	0.01148875	326.1069	2.630816	1e+05	5.803388e-06	4.845461e-06	1.247512e-05
2	2-197664913	203400027	33	T	C	0.051	0.04826587	0.01052968	325.9067	3.106089	1e+05	7.58839e-06	5.972604e-06	1.487311e-05
2	2-205211129	211134634	34	A	G	0.095	0.0380854	0.008060772	326.1839	1.8883	1e+05	4.067178e-06	4.471135e-06	1.166156e-05
2	2-210191982	216385633	20	T	A	0.024	0.07395457	0.01539793	326.4102	1.55628	1e+05	2.861642e-06	3.531139e-06	9.57169e-06
2	2-211065046	217213317	19	A	C	0.017	0.100096	0.0216947	325.2459	1.200184	1e+05	6.651625e-06	1.192463e-05	2.670593e-05
2	2-219523889	225608694	13	C	T	0.037	0.06369974	0.01287448	327.2581	1.973922	1e+05	1.474205e-06	1.460124e-06	4.600868e-06
2	2-219524096	225608901	13	T	C	0.035	0.06509264	0.01327375	327.3506	3.380329	1e+05	1.805116e-06	1.326209e-06	4.250544e-06
2	2-223842254	230226783	7	C	T	0.034	0.06440888	0.01171905	329.4643	1.390626	1e+05	1.052973e-07	1.482411e-07	7.220738e-07
2	2-223842284	230226813	8	A	G	0.032	0.06738529	0.01191368	330.2897	1.423011	1e+05	4.697212e-08	6.319103e-08	3.68054e-07
2	2-223920953	230305398	21	A	T	0.05	0.05487569	0.009512614	331.5675	3.511656	1e+05	2.636292e-08	1.692622e-08	1.321776e-07
2	2-223921904	230306349	14	C	A	0.077	0.04621502	0.008896767	328.7051	3.157449	1e+05	4.606483e-07	3.252246e-07	1.354092e-06
3	3-2875618	2112838	21	T	G	0.026	0.07366879	0.01547439	326.701	3.286027	1e+05	3.462071e-06	2.607509e-06	7.434607e-06
3	3-3560191	2793514	2	A	G	0.077	0.04046075	0.007911501	327.7276	1.515367	1e+05	6.759612e-07	8.963429e-07	3.082459e-06
3	3-3560215	2793538	5	C	T	0.08	0.03986707	0.007855289	327.4913	1.470139	1e+05	8.127846e-07	1.145845e-06	3.769422e-06
3	3-5887637	5059216	8	C	G	0.023	0.07001028	0.01498415	326.0618	2.081794	1e+05	5.138723e-06	5.079468e-06	1.297905e-05
3	3-7940335	7086379	4	T	G	0.091	0.0364641	0.007389885	327.478	302.8693	1e+05	1.568644e-06	1.161746e-06	3.81231e-06
3	3-18388226	17753972	12	T	C	0.014	0.0854914	0.01811067	325.9937	1.562076	1e+05	4.145838e-06	5.453645e-06	1.377794e-05
3	3-18440260	17805991	36	T	C	0.016	0.08582274	0.01813389	326.1003	1.626261	1e+05	3.925092e-06	4.879213e-06	1.254802e-05
3	3-18631360	17981417	7	T	C	0.016	0.0825617	0.01744601	326.1066	1.641419	1e+05	3.930666e-06	4.847258e-06	1.247901e-05
3	3-18660770	18020275	31	A	G	0.01	0.1103722	0.02221372	327.0686	1.518957	1e+05	1.338091e-06	1.778384e-06	5.4138e-06
3	3-18696277	18056257	40	G	A	0.011	0.1091883	0.02225578	326.8265	1.573512	1e+05	1.786922e-06	2.288065e-06	6.669953e-06
3	3-18812048	18167190	32	A	G	0.01	0.1100671	0.02223593	327.0593	1.624001	1e+05	1.459179e-06	1.795601e-06	5.457083e-06
3	3-18880182	18206462	18	T	C	0.012	0.1036612	0.0208666	327.2635	1.818292	1e+05	1.34336e-06	1.452024e-06	4.579829e-06
3	3-18849327	18237317	16	A	G	0.012	0.09575592	0.02083493	325.4312	1.530446	1e+05	7.19561e-06	9.820564e-06	2.264437e-05
3	3-18848465	18238179	19	C	T	0.012	0.1052545	0.02080487	327.7659	1.99663	1e+05	8.766552e-07	8.614238e-07	2.983938e-06
3	3-18913573	18280135	29	C	A	0.013	0.09866928	0.02102547	325.951	1.664993	1e+05	4.69012e-06	5.702663e-06	1.430522e-05
3	3-18913633	18280195	30	T	C	0.01	0.1098892	0.02222088	326.9865	1.546278	1e+05	1.490956e-06	1.93705e-06	5.81025e-06
3	3-18919391	18285957	11	T	C	0.011	0.1058109	0.02075331	327.7353	1.612601	1e+05	7.280061e-07	8.892356e-07	3.062459e-06
3	3-18925321	18291887	30	C	T	0.01	0.1097528	0.02223208	326.9992	1.610336	1e+05	1.551632e-06	1.911618e-06	5.747061e-06
3	3-18947849	18314416	8	C	G	0.011	0.09975091	0.02099529	326.1297	1.553548	1e+05	3.614452e-06	4.731638e-06	1.222874e-05
3	3-29828616	29455761	17	A	G	0.014	0.1061665	0.02098198	328.1186	4.198561	1e+05	8.735218e-07	5.973272e-07	2.214172e-06
3	3-32124196	31718936	9	T	C	0.27	0.0230101	0.005061933	325.0805	1.239031	1e+05	8.958657e-06	1.41809e-05	3.095619e-05
3	3-39391238	38958955	17	T	C	0.014	0.1136803	0.02392192	326.5474	2.203586	1e+05	3.597748e-06	3.060433e-06	8.494791e-06
3	3-40844729	40456404	11	T	C	0.018	0.09423923	0.01867781	328.0826	6.081349	1e+05	9.345708e-07	6.20105e-07	2.282565e-06
3	3-48812571	48604507	39	G	A	0.016	0.09198161	0.01934519	326.2479	1.69259	1e+05	3.555736e-06	4.182253e-06	1.102689e-05
3	3-68557392	68806566	12	T	G	0.014	0.1037493	0.02134315	325.9827	1.002105	1e+05	2.196886e-06	5.516625e-06	1.391162e-05
3	3-101783341	87708662	8	T	C	0.014	0.0925159	0.01934181	326.3898	1.716559	1e+05	3.127981e-06	3.606836e-06	9.742792e-06
3	3-107999072	93878938	24	T	C	0.015	0.09997061	0.02142638	326.2659	3.192003	1e+05	5.289391e-06	4.10472e-06	1.085548e-05
3	3-95534470	103618921	6	A	G	0.018	0.1048064	0.02249733	326.2477	3.274547	1e+05	5.459723e-06	4.183468e-06	1.102958e-05
3	3-149084995	150352030	32	T	C	0.046	0.06816044	0.01415872	325.6722	0.9259511	1e+05	2.72079e-06	7.631844e-06	1.829025e-05
3	3-164301364	166938881	12	A	G	0.021	0.08847959	0.01812886	327.0811	2.188812	1e+05	2.008592e-06	1.755411e-06	5.355947e-06
3	3-171294809	173905718	12	A	G	0.014	0.09298202	0.01936369	326.4658	1.707304	1e+05	2.874826e-06	3.331946e-06	9.118778e-06
3	3-182784506	185605790	45	A	T	0.011	0.1241423	0.02566761	326.594	1.693735	1e+05	2.456307e-06	2.915139e-06	8.157474e-06
3	3-187519137	190384381	27	C	T	0.181	0.03103232	0.006648539	326.04	1.936505	1e+05	5.248085e-06	5.196105e-06	1.322896e-05
3	3-187704780	190567562	43	A	G	0.03	0.07459466	0.01598146	326.3782	4.350577	1e+05	5.247314e-06	3.650914e-06	9.842179e-06
3	3-188916151	191746886	17	T	G	0.045	0.05366378	0.01104252	326.8727	2.071159	1e+05	2.209657e-06	2.18066e-06	6.409236e-06
3	3-191376816	194227552	14	A	C	0.016	0.08473054	0.01860711	325.852	3.441787	1e+05	8.654206e-06	6.323649e-06	1.560618e-05
3	3-200678378	203115253	48	G	A	0.014	0.09782421	0.02072824	326.2602	2.087104	1e+05	4.166856e-06	4.129183e-06	1.090961e-05
3	3-200676150	203117481	5	A	G	0.013	0.1041718	0.01933237	328.6851	1.142753	1e+05	1.795388e-07	3.320344e-07	1.376876e-06
4	4-770137	985736	23	A	G	0.012	0.1101237	0.02303617	325.794	1.093902	1e+05	3.1669e-06	6.718961e-06	1.642484e-05
4	4-2403524	2978569	13	A	G	0.014	0.09318203	0.01932579	326.5532	1.706349	1e+05	2.628363e-06	3.041903e-06	8.451909e-06
4	4-5275759	6043938	20	T	C	0.012	0.1574787	0.03153797	326.9549	1.231694	1e+05	1.193104e-06	2.001758e-06	5.970449e-06
4	4-5277200	6045379	19	G	A	0.012	0.1573909	0.03156929	326.9296	1.239388	1e+05	1.236877e-06	2.055192e-06	6.102123e-06
4	4-10045300	10902382	8	A	G	0.02	0.08837644	0.01560491	329.5606	0.9190087	1e+05	4.526849e-08	1.341983e-07	6.671533e-07
4	4-10045301	10902383	8	A	T	0.018	0.09431551	0.01757188	328.7922	1.323384	1e+05	1.991188e-07	2.971739e-07	1.259308e-06
4	4-10381441	11245770	30	T	C	0.078	0.04857221	0.01064131	325.6623	2.285826	1e+05	8.255398e-06	7.711184e-06	1.845085e-05
4	4-14748424	15846595	30	C	G	0.415	0.02300517	0.005050905	325.8955	5.330199	1e+05	8.616731e-06	6.043104e-06	1.502081e-05
4	4-14748442	15846613	28	C	T	0.4	0.02310002	0.0049722	326.2966	8.242376	1e+05	5.77719e-06	3.97536e-06	1.05684e-05
4	4-15903230	17012507	18	A	T	0.021	0.08067763	0.01586796	327.6802	1.596486	1e+05	7.785412e-07	9.416281e-07	3.20928e-06
4	4-15954260	17063550	25	T	C	0.025	0.07389474	0.01572382	325.9839	1.636795	1e+05	4.552317e-06	5.509908e-06	1.389737e-05
4	4-190277892	43801101	21	A	G	0.036	0.08234884	0.01705525	326.4832	1.572771	1e+05	2.549379e-06	3.272251e-06	8.982266e-06
4	4-190277884	43801109	20	T	C	0.033	0.08590573	0.01755698	326.6112	1.376831	1e+05	1.897755e-06	2.86358e-06	8.037165e-06
4	4-49006503	51064185	11	T	A	0.016	0.08226289	0.01810357	325.6633	2.187701	1e+05	9.025068e-06	7.703047e-06	1.84344e-05
4	4-52656858	54867162	10	A	G	0.021	0.09404764	0.01811585	328.3287	1.699894	1e+05	4.676118e-07	4.803955e-07	1.855466e-06
4	4-74897297	77643734	32	T	A	0.015	0.1238801	0.02179652	330.6909	1.806995	1e+05	4.085303e-08	4.177415e-08	2.662041e-07
4	4-90484369	93971711	8	T	C	0.048	0.07490376	0.01430607	328.9635	11.95795	1e+05	3.778147e-07	2.48874e-07	1.092154e-06
4	4-105984382	110011428	17	A	G	0.012	0.1330349	0.02739992	326.5135	1.461859	1e+05	2.254912e-06	3.17035e-06	8.748366e-06
4	4-126668252	129652990	3	C	T	0.051	0.04868189	0.01049023	325.6209	1.476812	1e+05	5.90998e-06	8.05236e-06	1.913888e-05
4	4-126670028	129654766	24	A	C	0.061	0.04701847	0.01020891	325.9024	2.431143	1e+05	6.895969e-06	5.999721e-06	1.492995e-05
4	4-141505960	144641090	32	A	G	0.01	0.1361059	0.02537099	328.9717	1.610136	1e+05	2.018585e-07	2.467707e-07	1.084748e-06
4	4-142676803	145973341	18	T	C	0.294	-0.02543973	0.005567558	325.9681	7.825359	1e+05	8.084949e-06	5.601697e-06	1.409184e-05
4	4-146456460	149785006	32	T	C	0.02	0.07624904	0.01565588	326.3395	1.215687	1e+05	2.105394e-06	3.8014e-06	1.018016e-05
4	4-146459557	149788103	5	A	G	0.018	0.07598357	0.01563649	326.2613	1.194408	1e+05	2.213361e-06	4.124233e-06	1.089866e-05
4	4-146472702	149801241	8	A	G	0.027	0.07112195	0.01423009	327.2807	1.647495	1e+05	1.167296e-06	1.426231e-06	4.512712e-06
4	4-146477570	149806109	11	A	C	0.011	0.09987927	0.02092267	326.1119	1.412062	1e+05	3.264559e-06	4.820367e-06	1.242088e-05
4	4-146485135	149812813	11	A	G	0.025	0.06357009	0.01386663	325.178	1.291423	1e+05	7.568481e-06	1.28043e-05	2.837469e-05
4	4-146507106	149834782	4	A	C	0.013	0.103564	0.0223517	325.2485	1.178208	1e+05	6.103526e-06	1.189146e-05	2.664271e-05
4	4-146509261	149836936	13	C	T	0.025	0.06665856	0.01431412	325.004	1.000575	1e+05	5.502841e-06	1.536645e-05	3.315309e-05
4	4-146512547	149840222	10	A	G	0.021	0.0714384	0.01533103	325.3285	1.154724	1e+05	5.432939e-06	1.093585e-05	2.481043e-05
4	4-146532191	149860250	11	A	G	0.041	0.05932921	0.01266745	325.6184	1.269742	1e+05	4.887087e-06	8.073731e-06	1.918185e-05
4	4-146554732	149900619	28	A	G	0.012	0.1118989	0.02401646	325.4552	1.271782	1e+05	5.444195e-06	9.577528e-06	2.216804e-05
4	4-146581571	149927457	26	G	A	0.03	0.05862609	0.01294093	324.9232	1.261616	1e+05	9.579148e-06	1.672469e-05	3.564312e-05
4	4-146582884	149928770	43	A	G	0.03	0.06339095	0.01386591	324.9868	1.192112	1e+05	7.999557e-06	1.564509e-05	3.366616e-05
4	4-146632712	149978588	32	A	G	0.023	0.07349681	0.015163	326.537	1.487206	1e+05	2.34072e-06	3.093814e-06	8.571945e-06
4	4-146736603	150079640	5	A	G	0.054	0.0453344	0.00909057	326.8942	1.203393	1e+05	1.228844e-06	2.132267e-06	6.291117e-06
4	4-146756618	150099994	26	T	C	0.015	0.1031046	0.02238758	325.1089	1.162107	1e+05	6.90179e-06	1.376599e-05	3.018175e-05
4	4-146805811	150150397	43	A	G	0.013	0.1193688	0.02356976	327.1528	1.167537	1e+05	8.548095e-07	1.629186e-06	5.035872e-06
4	4-146861148	150205736	34	A	C	0.026	0.07088142	0.01565454	324.5545	1.019802	1e+05	9.680738e-06	2.463425e-05	4.969397e-05
4	4-146862144	150206732	38	A	G	0.013	0.1013828	0.02086707	326.4601	1.384881	1e+05	2.222135e-06	3.35184e-06	9.16419e-06
4	4-146899236	150244090	38	G	A	0.021	0.0734169	0.01593392	325.216	1.235664	1e+05	6.837043e-06	1.230341e-05	2.742642e-05
4	4-152498089	156033061	5	C	G	0.013	0.08556527	0.01810626	326.0316	1.5732	1e+05	4.049995e-06	5.242146e-06	1.332738e-05
4	4-152552597	156087248	35	G	A	0.015	0.08499408	0.01812961	325.8821	1.582361	1e+05	4.789432e-06	6.128378e-06	1.519914e-05
4	4-152745387	156288275	13	T	A	0.014	0.09603655	0.01965796	326.5285	1.36516	1e+05	1.965023e-06	3.121102e-06	8.634919e-06
4	4-152745502	156288390	12	T	C	0.012	0.1078428	0.02084014	328.0858	1.608046	1e+05	5.065217e-07	6.180401e-07	2.276383e-06
4	4-152745627	156288515	12	A	G	0.012	0.105905	0.02085102	327.4472	1.376637	1e+05	7.978228e-07	1.199559e-06	3.913916e-06
4	4-157439991	160892269	10	A	G	0.011	0.138655	0.02484707	330.5623	1e+05	1e+05	6.898281e-08	4.769646e-08	2.952486e-07
4	4-157646042	161098425	31	G	A	0.015	0.08672175	0.01814588	326.3625	1.721923	1e+05	3.185914e-06	3.711198e-06	9.977817e-06
4	4-158163849	161588354	8	G	A	0.014	0.09589567	0.01874572	328.4105	10.80716	1e+05	6.713795e-07	4.413198e-07	1.732328e-06
4	4-168482606	171389064	13	A	G	0.037	0.05460317	0.01201482	325.2459	1.553015	1e+05	9.000089e-06	1.192386e-05	2.670447e-05
4	4-170023021	172983197	30	A	G	0.025	0.07315307	0.01482859	327.0688	1.705671	1e+05	1.576491e-06	1.777918e-06	5.412627e-06
4	4-170024731	172984907	19	A	G	0.019	0.08868426	0.0182913	326.7429	1.818966	1e+05	2.326625e-06	2.496323e-06	7.170192e-06
4	4-172389935	175484425	18	T	C	0.033	0.0773209	0.01174049	335.1502	1.334053	1e+05	3.180156e-10	4.273168e-10	8.408708e-09
4	4-173649596	176645611	20	A	G	0.098	0.0452289	0.009554159	326.495	2.561373	1e+05	3.903683e-06	3.232186e-06	8.890436e-06
4	4-175603491	178597184	19	A	C	0.031	0.06637508	0.01350408	326.8209	1.514452	1e+05	1.713417e-06	2.301371e-06	6.702119e-06
4	4-177473629	180364691	36	A	G	0.028	0.06785112	0.01380694	326.9138	1.588985	1e+05	1.720643e-06	2.089181e-06	6.185601e-06
4	4-188379861	192080493	27	G	T	0.012	0.09489702	0.02077073	325.4711	1.772136	1e+05	8.102442e-06	9.419534e-06	2.18575e-05
4	4-188974431	192963163	15	T	C	0.089	0.04108631	0.008607498	326.6092	2.451416	1e+05	3.270724e-06	2.869383e-06	8.050721e-06
4	4-189033153	193009631	39	T	C	0.121	0.03500071	0.007642226	325.4208	1.643462	1e+05	7.718237e-06	9.92843e-06	2.285526e-05
4	4-200939304	205162991	41	C	T	0.056	0.04631495	0.009743938	326.7582	4.051825	1e+05	3.580556e-06	2.456913e-06	7.076039e-06
4	4-200939332	205163019	35	A	G	0.057	0.04345069	0.009443865	326.0925	3.979085	1e+05	7.03927e-06	4.918958e-06	1.263377e-05
4	4-200939371	205163058	38	T	C	0.045	0.05243363	0.01053195	327.7445	3.43397	1e+05	1.278051e-06	8.807549e-07	3.038559e-06
4	4-235805565	240491016	33	A	G	0.056	0.04481753	0.009783436	325.4554	1.614627	1e+05	7.682931e-06	9.574735e-06	2.216256e-05
4	4-241932080	246915850	45	A	C	0.011	0.1099482	0.02222407	326.992	1.545574	1e+05	1.477574e-06	1.925981e-06	5.782764e-06
5	5-1318618	1352871	27	T	C	0.047	0.05279812	0.01157436	325.1406	1.299292	1e+05	8.358693e-06	1.331516e-05	2.933676e-05
5	5-1903678	1965175	12	C	T	0.041	0.05234289	0.01104591	325.8279	1.261824	1e+05	3.821962e-06	6.485547e-06	1.594231e-05
5	5-13747258	14099383	43	C	T	0.022	0.07433826	0.01499751	327.6767	6.134482	1e+05	1.414331e-06	9.450579e-07	3.218844e-06
5	5-13747485	14099610	30	T	C	0.02	0.07392733	0.01496342	327.6038	6.218951	1e+05	1.524255e-06	1.019421e-06	3.424812e-06
5	5-13747488	14099613	27	T	C	0.02	0.07377784	0.01496672	327.5518	5.931868	1e+05	1.604287e-06	1.075996e-06	3.579847e-06
5	5-13747506	14099631	24	G	A	0.022	0.07168099	0.01460479	327.4562	6.416824	1e+05	1.770701e-06	1.188315e-06	3.883756e-06
5	5-13747509	14099634	24	A	T	0.02	0.07421914	0.01495681	327.7009	5.924095	1e+05	1.378568e-06	9.215621e-07	3.153213e-06
5	5-14543019	15051557	43	T	A	0.032	0.06256599	0.01314647	326.1628	1.504211	1e+05	3.486162e-06	4.570762e-06	1.187903e-05
5	5-24119610	24614138	41	A	G	0.077	0.03955639	0.00856206	325.8321	1.938339	1e+05	6.475169e-06	6.45704e-06	1.588321e-05
5	5-25768662	26366474	19	A	T	0.057	0.04642245	0.009605806	327.1047	4.122321	1e+05	2.498964e-06	1.712826e-06	5.248384e-06
5	5-25824062	26422497	17	T	G	0.061	0.04684666	0.009360234	327.8732	3.683253	1e+05	1.13052e-06	7.706279e-07	2.724535e-06
5	5-25824084	26422519	17	C	G	0.057	0.04853364	0.00956225	328.2181	4.334413	1e+05	8.11418e-07	5.388054e-07	2.036338e-06
5	5-25932784	26514954	12	A	C	0.032	0.06175474	0.01214785	328.2784	6.343776	1e+05	7.811759e-07	5.061142e-07	1.935552e-06
5	5-25919344	26534409	11	G	A	0.05	0.04663679	0.01022497	325.92	4.830233	1e+05	8.37974e-06	5.890436e-06	1.470064e-05
5	5-25923334	26538241	26	A	C	0.052	0.04600561	0.01002132	326.0578	9.24804	1e+05	7.360106e-06	5.100603e-06	1.302439e-05
5	5-25923492	26538399	17	T	G	0.057	0.04297289	0.009452996	325.8733	6.638945	1e+05	8.949318e-06	6.184709e-06	1.531675e-05
5	5-25924533	26539984	25	T	C	0.059	0.04414316	0.009527015	326.2451	5.508463	1e+05	6.101125e-06	4.19474e-06	1.105446e-05
5	5-27403532	28077224	33	A	G	0.079	0.04733825	0.009962867	326.4227	1.964822	1e+05	3.608605e-06	3.485096e-06	9.467348e-06
5	5-32669085	33824311	9	G	A	0.073	0.04100187	0.008160711	327.8851	1e+05	1e+05	1.032308e-06	7.611736e-07	2.697237e-06
5	5-38886419	40103470	33	G	A	0.02	0.07288575	0.01591126	325.4684	1.678176	1e+05	7.689492e-06	9.445938e-06	2.190945e-05
5	5-39155995	40356353	21	G	T	0.012	0.09877109	0.02033741	326.7863	1.800231	1e+05	2.241352e-06	2.385911e-06	6.905819e-06
5	5-40843896	42029613	44	A	G	0.035	0.0707158	0.01540595	325.505	1.367261	1e+05	7.37979e-06	9.090314e-06	2.120811e-05
5	5-129300545	132670891	39	T	C	0.018	0.08126736	0.01791474	325.8286	6.605868	1e+05	9.330853e-06	6.480707e-06	1.593228e-05
5	5-137946400	141261320	25	G	A	0.02	0.1001512	0.01992391	327.4214	1.654946	1e+05	1.020861e-06	1.232159e-06	4.001094e-06
5	5-137946401	141261321	25	A	G	0.02	0.1134979	0.01963498	331.0859	1.676548	1e+05	2.482053e-08	2.779993e-08	1.939259e-07
5	5-143812589	147139696	12	T	C	0.244	0.02608933	0.00567965	325.2737	1.301508	1e+05	7.273521e-06	1.158205e-05	2.605167e-05
5	5-143874105	147210618	35	T	C	0.139	0.03153044	0.006919731	324.2422	0.7772987	1e+05	8.544349e-06	3.421724e-05	6.598611e-05
5	5-143897255	147234001	6	T	C	0.137	0.03046046	0.006524425	325.2597	1.041486	1e+05	5.221631e-06	1.175363e-05	2.637969e-05
5	5-144349788	147705388	15	C	G	0.026	0.06722996	0.0141025	326.6099	2.430617	1e+05	3.361553e-06	2.867359e-06	8.045994e-06
5	5-168397826	172318693	30	C	G	0.013	0.08608857	0.0185257	326.2587	3.138159	1e+05	5.747995e-06	4.135438e-06	1.092345e-05
5	5-175573903	179552314	36	T	C	0.016	0.1000111	0.0219534	325.3145	1.563406	1e+05	8.581226e-06	1.109772e-05	2.512226e-05
5	5-180482453	184913000	41	T	A	0.013	0.09627207	0.02058941	326.151	2.202657	1e+05	5.05918e-06	4.62782e-06	1.200326e-05
5	5-185588015	190195317	38	G	C	0.058	0.04845918	0.009767071	327.2551	1.902509	1e+05	1.383333e-06	1.464776e-06	4.61294e-06
5	5-185588045	190195347	33	A	G	0.059	0.04691841	0.009726983	326.6974	2.009683	1e+05	2.605899e-06	2.617413e-06	7.458075e-06
5	5-185588291	190195593	34	G	C	0.056	0.04509799	0.009639498	325.7545	1.466468	1e+05	4.999933e-06	7.002482e-06	1.700779e-05
5	5-185590193	190197495	3	A	G	0.027	0.08730646	0.01880416	325.7007	1.619697	1e+05	5.851691e-06	7.407896e-06	1.783567e-05
5	5-185590630	190197932	0	A	G	0.02	0.1058495	0.02087264	327.4293	1.381793	1e+05	8.281827e-07	1.222092e-06	3.974212e-06
5	5-185608269	190218142	6	A	G	0.025	0.09101625	0.01965361	325.6575	1.637985	1e+05	6.167447e-06	7.750363e-06	1.853008e-05
5	5-185608361	190218234	1	T	A	0.024	0.08660287	0.01901159	324.8688	1.145483	1e+05	8.594075e-06	1.770882e-05	3.743094e-05
5	5-185608424	190218297	3	A	G	0.027	0.08743992	0.01879735	325.7523	1.640335	1e+05	5.628978e-06	7.018462e-06	1.704055e-05
5	5-185608469	190218342	2	T	G	0.024	0.08676491	0.01901116	324.9127	1.150424	1e+05	8.2771e-06	1.691087e-05	3.598236e-05
5	5-185608744	190218617	1	T	C	0.026	0.08719698	0.01879362	325.6919	1.627387	1e+05	5.935505e-06	7.475841e-06	1.797379e-05
5	5-185608920	190218793	3	A	C	0.027	0.08692426	0.01880896	325.6191	1.635668	1e+05	6.433505e-06	8.067775e-06	1.916987e-05
5	5-185610571	190220444	1	C	A	0.022	0.1015106	0.01958976	327.1676	0.8999472	1e+05	4.896996e-07	1.604223e-06	4.972113e-06
5	5-185610668	190220541	3	C	G	0.022	0.09539764	0.01972327	325.9264	1.055991	1e+05	2.453247e-06	5.851221e-06	1.461821e-05
5	5-192260934	197587367	36	A	T	0.334	-0.02330784	0.005108326	324.9634	1.104897	1e+05	8.319712e-06	1.603514e-05	3.43824e-05
5	5-192260935	197587368	35	A	T	0.335	-0.02450471	0.005078539	325.9749	1.019191	1e+05	2.586831e-06	5.561666e-06	1.400709e-05
5	5-200962787	206380819	16	G	A	0.031	0.06566765	0.01419864	325.986	2.559796	1e+05	6.335202e-06	5.497515e-06	1.387108e-05
5	5-202372328	207763755	31	T	C	0.061	0.05556496	0.01169517	326.6516	1e+05	1e+05	3.61454e-06	2.745404e-06	7.760155e-06
5	5-204482807	209879346	33	G	A	0.036	0.05606162	0.01203519	325.8847	1.829783	1e+05	5.471159e-06	6.111769e-06	1.516444e-05
5	5-204483884	209880422	37	A	T	0.023	0.07751899	0.01491422	328.155	1.552665	1e+05	4.539094e-07	5.752196e-07	2.147362e-06
5	5-204490948	209887485	35	G	C	0.031	0.06414584	0.01275468	327.4749	1.6734	1e+05	1.008898e-06	1.165448e-06	3.822281e-06
5	5-205003093	210578270	7	A	G	0.029	0.06203808	0.01272189	326.8118	1.769051	1e+05	2.046755e-06	2.323428e-06	6.755375e-06
5	5-213069910	218854588	24	G	T	0.278	0.02521183	0.00544942	326.1759	4.556079	1e+05	6.291004e-06	4.508684e-06	1.17436e-05
5	5-216427914	222292676	39	T	C	0.287	0.02755157	0.005677786	327.2026	10.44533	1e+05	2.283711e-06	1.546908e-06	4.825117e-06
5	5-216545977	222422042	13	T	C	0.336	0.02505001	0.005248271	326.8193	4.502052	1e+05	3.275351e-06	2.305414e-06	6.711886e-06
5	5-216546060	222422125	13	T	C	0.324	0.02403551	0.005241803	325.9667	3.683017	1e+05	7.536808e-06	5.609922e-06	1.410924e-05
5	5-216547033	222423098	20	A	G	0.325	0.02351045	0.005113612	326.0791	4.323931	1e+05	7.142595e-06	4.988601e-06	1.278378e-05
5	5-216560581	222436646	9	A	G	0.327	0.02587776	0.005188473	327.8072	11.3543	1e+05	1.225534e-06	8.252659e-07	2.881214e-06
5	5-216585586	222461645	25	T	C	0.341	0.02724235	0.005355018	328.2383	4.244596	1e+05	7.677849e-07	5.276306e-07	2.002009e-06
5	5-216586915	222462974	18	T	G	0.382	0.02266103	0.004830422	326.233	2.192364	1e+05	4.722206e-06	4.247905e-06	1.117168e-05
5	5-216587307	222463366	15	C	T	0.395	0.02210972	0.004789255	326.1461	4.791371	1e+05	6.573697e-06	4.651077e-06	1.205384e-05
5	5-216588040	222464099	7	G	A	0.39	0.02332395	0.004780736	327.1247	2.60724	1e+05	2.025758e-06	1.677506e-06	5.158849e-06
5	5-216588058	222464117	9	T	C	0.4	0.02240721	0.004802397	326.1529	2.416368	1e+05	5.28782e-06	4.618201e-06	1.198233e-05
5	5-216588183	222464242	17	C	T	0.342	0.02570474	0.005220429	327.5174	5.784197	1e+05	1.646181e-06	1.115098e-06	3.686212e-06
5	5-216589902	222465961	20	T	C	0.378	0.02510337	0.004848933	328.5279	2.890077	1e+05	5.009111e-07	3.907811e-07	1.570165e-06
5	5-216590137	222466196	24	A	G	0.388	0.02258759	0.004924087	325.9728	3.571375	1e+05	7.477287e-06	5.573928e-06	1.403306e-05
5	5-216592537	222468595	37	T	G	0.396	0.02378595	0.005224533	325.855	3.908088	1e+05	8.688998e-06	6.30426e-06	1.556585e-05
5	5-216592938	222468996	19	A	G	0.312	0.02541333	0.005384109	326.5433	3.676427	1e+05	4.153942e-06	3.073372e-06	8.524713e-06
5	5-216597442	222473499	16	C	T	0.31	0.02430046	0.005320456	325.952	6.067955	1e+05	8.15286e-06	5.69625e-06	1.429169e-05
5	5-216598541	222474598	30	C	G	0.317	0.02685602	0.005571278	327.0051	3.95497	1e+05	2.642741e-06	1.899867e-06	5.717817e-06
5	5-216605800	222481112	11	A	T	0.482	0.02121543	0.004633703	325.9206	3.273335	1e+05	7.765817e-06	5.886365e-06	1.469209e-05
5	5-216608229	222483066	28	T	C	0.321	0.02659986	0.005330729	327.7737	3.807069	1e+05	1.21213e-06	8.54447e-07	2.964174e-06
5	5-216608772	222483609	16	T	A	0.373	0.02420072	0.004862949	327.6655	1e+05	1e+05	1.289861e-06	9.561132e-07	3.24963e-06
5	5-216610211	222485048	22	A	T	0.329	0.02642923	0.005156746	328.1837	2.29463	1e+05	6.415596e-07	5.583471e-07	2.096075e-06
5	5-216610333	222485170	29	A	T	0.312	0.02527308	0.005335609	326.6958	7.029751	1e+05	3.856156e-06	2.621694e-06	7.468215e-06
5	5-216610382	222485219	25	T	A	0.299	0.02637185	0.005326089	327.6507	5.354297	1e+05	1.449209e-06	9.70866e-07	3.29062e-06
5	5-216610398	222485235	29	G	A	0.318	0.02470959	0.005276169	326.4521	9.908916	1e+05	4.894749e-06	3.380127e-06	9.228692e-06
5	5-216610481	222485318	30	G	A	0.322	0.02412095	0.005105914	326.6382	9.288014	1e+05	4.079243e-06	2.783896e-06	7.850577e-06
5	5-216610617	222485454	27	A	C	0.307	0.02532498	0.005298063	326.8747	5.713439	1e+05	3.172967e-06	2.175992e-06	6.39786e-06
5	5-216610639	222485476	21	G	C	0.31	0.02548318	0.005224881	327.3142	7.925616	1e+05	2.039364e-06	1.377383e-06	4.38506e-06
5	5-216610671	222485508	19	T	A	0.307	0.0246261	0.00533179	326.1686	5.865975	1e+05	6.510317e-06	4.543392e-06	1.181935e-05
5	5-216610682	222485519	15	T	A	0.297	0.02496948	0.005384364	326.1244	3.217334	1e+05	5.996218e-06	4.75784e-06	1.228553e-05
5	5-216610752	222485589	15	A	G	0.306	0.02520954	0.005299765	326.7743	7.856653	1e+05	3.524326e-06	2.415996e-06	6.97804e-06
5	5-216610791	222485628	13	C	T	0.317	0.02348395	0.005167333	325.8537	6.343231	1e+05	8.998389e-06	6.312921e-06	1.558387e-05
5	5-216610800	222485637	13	A	G	0.308	0.02514032	0.005310801	326.6565	4.946799	1e+05	3.906117e-06	2.731388e-06	7.727181e-06
5	5-216610944	222485781	20	A	G	0.282	0.0247687	0.005419129	325.807	2.750554	1e+05	8.038314e-06	6.628558e-06	1.623824e-05
5	5-216610991	222485828	23	T	G	0.294	0.02425331	0.005343498	325.6512	2.682491	1e+05	9.229972e-06	7.801522e-06	1.863344e-05
5	5-216613497	222488334	39	A	G	0.387	0.02949211	0.005454236	329.805	6.090622	1e+05	1.637052e-07	1.042415e-07	5.460803e-07
5	5-216616726	222491563	42	A	G	0.465	-0.02361463	0.005094562	326.2548	5.67726	1e+05	6.053176e-06	4.152422e-06	1.0961e-05
5	5-216616747	222491584	35	G	T	0.497	0.02690698	0.004936855	330.0262	5.269637	1e+05	1.323004e-07	8.295017e-08	4.55917e-07
5	5-216637480	222512312	37	A	G	0.349	0.02465951	0.005377242	325.9453	3.582224	1e+05	7.518661e-06	5.736361e-06	1.437632e-05
5	5-216637483	222512315	38	T	C	0.351	0.02513087	0.005329348	326.5365	3.810659	1e+05	4.23835e-06	3.095148e-06	8.575023e-06
5	5-216637598	222512430	16	G	A	0.324	0.02488428	0.005243929	326.7144	5.275549	1e+05	3.709123e-06	2.571419e-06	7.348972e-06
5	5-216637603	222512435	17	T	C	0.325	0.02543232	0.005279887	327.0354	5.624579	1e+05	2.686399e-06	1.840797e-06	5.570389e-06
5	5-216639661	222514493	21	C	T	0.317	0.02409579	0.005224547	326.0543	3.284995	1e+05	6.704779e-06	5.119173e-06	1.306421e-05
5	5-216640166	222514998	14	G	A	0.309	0.02340773	0.005169453	325.5427	2.30315	1e+05	9.67082e-06	8.738982e-06	2.051155e-05
5	5-216641068	222515900	20	T	C	0.486	0.022174	0.004778884	326.1555	3.139817	1e+05	5.928081e-06	4.605933e-06	1.195563e-05
5	5-216641159	222515991	16	T	C	0.474	0.02352353	0.004746501	327.388	2.175367	1e+05	1.419146e-06	1.275713e-06	4.116983e-06
5	5-216643133	222517965	8	A	G	0.31	0.02645582	0.005225495	328.1464	5.087579	1e+05	8.614965e-07	5.803696e-07	2.162965e-06
5	5-216643148	222517980	10	C	A	0.304	0.02691263	0.005216427	328.6052	5.707257	1e+05	5.456008e-07	3.606868e-07	1.47185e-06
5	5-216643887	222518719	11	C	T	0.319	0.02596885	0.005356549	327.1022	3.44553	1e+05	2.330676e-06	1.717328e-06	5.259776e-06
6	6-5402955	6373789	37	T	C	0.018	0.07966052	0.01750859	325.564	2.172318	1e+05	8.801078e-06	8.546401e-06	2.01281e-05
6	6-8549608	8977850	16	T	C	0.04	0.06087596	0.01309712	326.0183	2.060649	1e+05	5.72114e-06	5.315585e-06	1.348412e-05
6	6-18408048	16404997	22	A	C	0.017	0.09866417	0.02038783	326.6552	1.756177	1e+05	2.424835e-06	2.73501e-06	7.735705e-06
6	6-21888131	20190884	14	T	G	0.014	0.09858659	0.02167383	325.7908	3.622849	1e+05	8.845204e-06	6.741961e-06	1.647226e-05
6	6-29965709	31443304	12	A	G	0.069	0.04308841	0.009227935	326.3642	4.587073	1e+05	5.206271e-06	3.704505e-06	9.962774e-06
6	6-34441441	35986899	34	A	G	0.015	0.09313116	0.01932208	326.5515	1.713115	1e+05	2.648818e-06	3.047397e-06	8.464627e-06
6	6-34441453	35986911	34	A	G	0.015	0.09313116	0.01932208	326.5515	1.713115	1e+05	2.648818e-06	3.047397e-06	8.464627e-06
6	6-34441522	35986980	38	G	A	0.016	0.09269574	0.01933975	326.4562	1.756855	1e+05	2.992394e-06	3.365612e-06	9.195604e-06
6	6-34441524	35986982	38	A	G	0.016	0.09269574	0.01933975	326.4562	1.756855	1e+05	2.992394e-06	3.365612e-06	9.195604e-06
6	6-34441562	35987020	39	A	G	0.016	0.09283185	0.0193537	326.5095	1.822073	1e+05	2.944363e-06	3.183547e-06	8.778722e-06
6	6-34441685	35987143	20	A	T	0.014	0.09257105	0.01932791	326.377	1.650509	1e+05	3.040339e-06	3.655274e-06	9.852e-06
6	6-34442941	35988399	9	A	C	0.018	0.07902799	0.01646731	326.4584	1.705956	1e+05	2.911391e-06	3.357726e-06	9.17762e-06
6	6-38121611	39879737	36	A	G	0.013	0.1419728	0.03107976	325.5347	1.911478	1e+05	8.129765e-06	8.81245e-06	2.065752e-05
6	6-38269355	40027855	10	G	A	0.043	0.04934813	0.0108944	325.1209	1.403798	1e+05	9.604325e-06	1.359328e-05	2.985848e-05
6	6-38270176	40028676	24	C	G	0.039	0.05888258	0.01200319	326.5508	1.232479	1e+05	1.790937e-06	3.049351e-06	8.469149e-06
6	6-38270186	40028686	26	A	T	0.044	0.05911137	0.01156311	327.7496	1.478553	1e+05	6.827343e-07	8.761437e-07	3.025549e-06
6	6-38270238	40028738	16	T	C	0.04	0.05442168	0.01153265	326.1314	1.693552	1e+05	4.175183e-06	4.723312e-06	1.221069e-05
6	6-38315646	40071771	42	C	G	0.059	0.05095913	0.01068918	325.9269	1.246519	1e+05	3.359717e-06	5.847617e-06	1.461063e-05
6	6-38319434	40075559	24	A	G	0.054	0.04872405	0.01027453	325.9759	1.343959	1e+05	3.761647e-06	5.556241e-06	1.399559e-05
6	6-38344787	40099790	11	T	C	0.053	0.05213384	0.0105738	326.2977	1.011188	1e+05	1.596816e-06	3.970763e-06	1.055817e-05
6	6-38376166	40130391	9	A	G	0.039	0.05477666	0.01150551	326.2775	1.633157	1e+05	3.458688e-06	4.055252e-06	1.074586e-05
6	6-38385668	40139810	21	C	T	0.041	0.05428647	0.01154409	326.063	1.705333	1e+05	4.492025e-06	5.072879e-06	1.29649e-05
6	6-38424082	40183138	10	T	A	0.037	0.05729624	0.01189331	326.5287	1.612365	1e+05	2.678011e-06	3.120578e-06	8.633712e-06
6	6-38549068	40325328	24	T	G	0.044	0.05512609	0.01154213	326.1055	1.33012	1e+05	3.23026e-06	4.852592e-06	1.249053e-05
6	6-38762056	40542992	29	T	C	0.048	0.05436965	0.01151794	325.9437	1.408235	1e+05	4.147069e-06	5.746288e-06	1.439726e-05
6	6-38843251	40619505	40	G	A	0.061	0.04535368	0.009896518	323.6634	0.6493016	1e+05	7.621627e-06	6.300007e-05	0.0001121751
6	6-38843256	40619510	38	A	G	0.058	0.04670134	0.009979464	323.9518	0.6171532	1e+05	4.971455e-06	4.646422e-05	8.603675e-05
6	6-38843599	40619853	11	G	A	0.342	0.02580152	0.005318479	326.9838	2.541837	1e+05	2.2965e-06	1.942425e-06	5.823589e-06
6	6-38844103	40620357	25	G	T	0.103	0.0346212	0.007514366	324.7521	0.8898765	1e+05	6.844613e-06	2.001603e-05	4.157402e-05
6	6-38844110	40620364	26	G	A	0.103	0.03465776	0.007515793	324.7764	0.8934849	1e+05	6.725722e-06	1.951244e-05	4.067514e-05
6	6-38844155	40620409	26	T	C	0.118	0.03337568	0.007240989	325.3019	1.21432	1e+05	6.786681e-06	1.124476e-05	2.540498e-05
6	6-38844375	40620629	32	T	G	0.102	0.03674543	0.007989686	323.7436	0.5851057	1e+05	7.096159e-06	5.788148e-05	0.0001041777
6	6-38844398	40620652	34	T	C	0.115	0.03557274	0.007801338	324.2424	0.791416	1e+05	8.425154e-06	3.420849e-05	6.597152e-05
6	6-38844499	40620753	28	T	C	0.127	0.03321787	0.006902134	325.7275	0.8858124	1e+05	2.737284e-06	7.202945e-06	1.741797e-05
6	6-38844573	40620827	33	G	A	0.242	0.02680003	0.005513926	326.436	1.312795	1e+05	2.20274e-06	3.437115e-06	9.358394e-06
6	6-39075765	40851782	15	A	G	0.136	0.03098736	0.006699096	324.9441	0.92936	1e+05	6.316348e-06	1.63619e-05	3.498068e-05
6	6-50863306	53267869	5	A	T	0.013	0.1085527	0.02218564	327.3147	3.092702	1e+05	1.898143e-06	1.376698e-06	4.383266e-06
6	6-80318261	83141434	19	T	C	0.014	0.104463	0.02143879	326.8381	1.841852	1e+05	2.083308e-06	2.260611e-06	6.603496e-06
6	6-81989626	84874145	42	T	C	0.019	0.1192008	0.02058362	331.3427	2.047444	1e+05	2.348853e-08	2.133556e-08	1.580085e-07
6	6-89343388	91800757	5	T	C	0.016	0.1122072	0.02356663	326.4628	1.93536	1e+05	3.453006e-06	3.342631e-06	9.143174e-06
6	6-90369260	92807170	21	A	C	0.029	0.07161995	0.01562617	325.5498	1.703111	1e+05	7.603606e-06	8.674609e-06	2.03835e-05
6	6-90469475	92896177	26	T	A	0.022	0.08346574	0.01720938	326.3427	1.276663	1e+05	2.309967e-06	3.788644e-06	1.015159e-05
6	6-90472608	92899310	19	A	G	0.026	0.06989422	0.01425428	326.4087	1.152113	1e+05	1.809084e-06	3.536423e-06	9.583651e-06
6	6-90472931	92899633	22	A	G	0.019	0.08353235	0.01630011	327.5906	1.273511	1e+05	6.431647e-07	1.033439e-06	3.463357e-06
6	6-90479509	92906211	35	G	A	0.021	0.08406948	0.01633471	327.7819	1.351981	1e+05	5.791872e-07	8.472412e-07	2.943733e-06
6	6-96009345	98735857	31	A	G	0.025	0.07297762	0.01567262	325.5654	1.324774	1e+05	5.514103e-06	8.53418e-06	2.010373e-05
6	6-123859767	127563837	44	A	G	0.419	0.02439982	0.005354941	325.6211	2.020142	1e+05	8.547806e-06	8.050642e-06	1.913543e-05
6	6-155391196	159333344	11	C	T	0.018	0.07612957	0.01645792	325.5263	1.486127	1e+05	6.31342e-06	8.889951e-06	2.081133e-05
7	7-3841488	4018415	45	A	G	0.019	0.09461712	0.01929645	324.5912	0.6512922	1e+05	1.809412e-06	2.370233e-05	4.807196e-05
7	7-6547209	6971512	29	C	T	0.487	-0.02258533	0.004683387	326.7883	2.359138	1e+05	2.618921e-06	2.380996e-06	6.894008e-06
7	7-8835688	9121463	20	A	G	0.019	0.07440926	0.01554618	326.5799	2.18763	1e+05	3.084117e-06	2.958385e-06	8.258135e-06
7	7-42407013	43978811	1	T	C	0.147	0.04230598	0.009301429	325.2994	1.563284	1e+05	8.857302e-06	1.127458e-05	2.546226e-05
7	7-44341892	45853044	35	A	G	0.021	0.08962147	0.01960059	325.9603	4.921573	1e+05	7.976127e-06	5.64753e-06	1.418877e-05
7	7-78986976	81779440	37	T	G	0.076	0.04215527	0.009185538	326.0475	7.085476	1e+05	7.407398e-06	5.155547e-06	1.314215e-05
7	7-84704055	87630667	12	C	T	0.055	0.04516916	0.009749361	325.4012	1.280234	1e+05	6.112825e-06	1.013403e-05	2.325639e-05
7	7-108332936	111464160	44	A	G	0.035	0.06273915	0.01352966	325.1271	1.036724	1e+05	6.002843e-06	1.350535e-05	2.969369e-05
7	7-133201763	137272551	11	T	C	0.011	0.1050594	0.02088273	327.3402	1.51292	1e+05	1.000784e-06	1.340663e-06	4.288621e-06
7	7-146397762	151341567	16	A	G	0.014	0.09360562	0.0202542	326.0863	1e+05	1e+05	6.430305e-06	4.950968e-06	1.270275e-05
7	7-161495952	166948571	12	A	G	0.014	0.09038426	0.01937546	325.8172	1.617384	1e+05	5.310254e-06	6.558274e-06	1.609292e-05
7	7-161496846	166949465	7	T	C	0.014	0.09152026	0.01934194	326.0945	1.597178	1e+05	3.943177e-06	4.908701e-06	1.261165e-05
7	7-161603057	166986405	8	A	T	0.014	0.09078974	0.01935849	325.9093	1.592975	1e+05	4.751599e-06	5.956457e-06	1.483924e-05
7	7-161603522	166986870	16	T	C	0.016	0.08307942	0.01836324	325.1953	1.588892	1e+05	9.834026e-06	1.257407e-05	2.793944e-05
7	7-161603535	166986883	18	G	T	0.019	0.08610326	0.01747787	327.0669	1.765391	1e+05	1.626987e-06	1.781583e-06	5.421847e-06
7	7-161607253	166990599	36	A	G	0.013	0.1023004	0.02170716	325.7378	1.273768	1e+05	4.291951e-06	7.125676e-06	1.726006e-05
7	7-161613371	166996717	12	T	C	0.016	0.08344034	0.01845372	324.8955	1.246576	1e+05	9.946403e-06	1.721849e-05	3.654183e-05
7	7-161613552	166996898	12	G	T	0.014	0.09040451	0.01935388	325.8119	1.565631	1e+05	5.165214e-06	6.594636e-06	1.616813e-05
7	7-161637328	167028949	7	T	C	0.014	0.09044855	0.01936523	325.8221	1.587198	1e+05	5.175811e-06	6.524534e-06	1.602308e-05
7	7-161637352	167028973	6	T	C	0.018	0.08173835	0.01721683	326.5377	2.442471	1e+05	3.6721e-06	3.091288e-06	8.56611e-06
7	7-161639973	167031594	5	A	G	0.016	0.08871994	0.01933289	325.1296	1.228277	1e+05	7.415235e-06	1.347006e-05	2.962751e-05
7	7-161645976	167037597	11	A	T	0.014	0.0902461	0.0193742	325.7766	1.598952	1e+05	5.473304e-06	6.842469e-06	1.667921e-05
7	7-161646873	167038494	19	C	T	0.014	0.09076714	0.01937021	325.8985	1.602417	1e+05	4.837017e-06	6.024319e-06	1.498148e-05
7	7-161649734	167041354	17	A	G	0.014	0.08944076	0.01938553	325.5951	1.611412	1e+05	6.653282e-06	8.272433e-06	1.958054e-05
7	7-161652648	167044268	16	T	G	0.016	0.08790685	0.01848715	326.141	1.515657	1e+05	3.551426e-06	4.676029e-06	1.210806e-05
7	7-161657618	167049238	10	G	A	0.016	0.1028801	0.01821922	330.2007	1.370512	1e+05	4.925881e-08	6.927237e-08	3.956097e-07
7	7-163046762	168496487	18	C	T	0.045	0.05026112	0.01089333	324.8649	0.9287138	1e+05	6.648964e-06	1.778098e-05	3.756153e-05
7	7-163090564	168539084	8	T	A	0.043	0.05190717	0.01087466	325.5016	0.914855	1e+05	3.272098e-06	9.123581e-06	2.127388e-05
7	7-167679702	173198160	8	A	G	0.063	0.04089276	0.00891099	325.9426	3.347883	1e+05	7.416624e-06	5.752843e-06	1.441108e-05
7	7-167824382	173330860	41	T	C	0.059	0.05060524	0.01026911	327.4266	3.23407	1e+05	1.615804e-06	1.225519e-06	3.983369e-06
7	7-167845019	173360866	8	A	G	0.106	0.03155543	0.006856605	325.8628	2.361048	1e+05	7.000771e-06	6.25311e-06	1.545935e-05
7	7-174069217	179554562	8	T	C	0.029	0.05842465	0.01284346	325.6505	2.436158	1e+05	8.832304e-06	7.806851e-06	1.86442e-05
8	8-14213333	14601804	5	A	C	0.018	0.1072814	0.02268807	326.5028	2.875995	1e+05	3.999421e-06	3.205827e-06	8.829925e-06
8	8-61966007	63253188	20	A	G	0.014	0.1067472	0.0223073	326.537	2.044577	1e+05	3.098535e-06	3.093618e-06	8.571491e-06
8	8-65200973	66756995	11	G	T	0.14	0.03714302	0.007557791	327.0927	1.852927	1e+05	1.718595e-06	1.734389e-06	5.302901e-06
8	8-66523697	68068046	24	A	G	0.027	0.06365695	0.01387709	325.4371	1.550906	1e+05	7.476182e-06	9.760116e-06	2.252605e-05
8	8-66674554	68216642	31	A	G	0.023	0.08057585	0.01620277	327.6291	2.752265	1e+05	1.311535e-06	9.929162e-07	3.351695e-06
8	8-66691226	68233303	24	A	G	0.02	0.07902318	0.01698134	325.7349	1.592313	1e+05	5.583937e-06	7.147614e-06	1.730491e-05
8	8-67490577	69091621	16	C	T	0.023	0.07029843	0.01515222	325.5039	1.349363	1e+05	5.941602e-06	9.101039e-06	2.122932e-05
8	8-67674186	69240262	20	C	T	0.019	0.0782819	0.01699746	325.5228	1.584903	1e+05	6.89982e-06	8.922745e-06	2.087636e-05
8	8-67743374	69310078	41	A	C	0.013	0.1311496	0.02687086	327.3484	4.69499	1e+05	2.00728e-06	1.329319e-06	4.258743e-06
8	8-75882718	77760765	44	A	G	0.024	0.07389497	0.01624629	325.7748	3.372855	1e+05	8.853871e-06	6.85512e-06	1.670522e-05
8	8-93721087	96014018	1	T	C	0.307	0.02904789	0.006222204	326.3175	3.277051	1e+05	5.227548e-06	3.889331e-06	1.037672e-05
8	8-102884684	105567649	23	T	C	0.027	0.08048903	0.017278	325.9757	1.856166	1e+05	5.463288e-06	5.557128e-06	1.399747e-05
8	8-122769449	126610914	20	A	G	0.014	0.1179223	0.02288916	328.48	1e+05	1e+05	5.64988e-07	4.106815e-07	1.634437e-06
8	8-136730617	141226965	39	A	T	0.055	0.05648113	0.01079447	327.5613	0.9791604	1e+05	3.840381e-07	1.065376e-06	3.550848e-06
8	8-136730618	141226966	39	A	C	0.055	0.05648113	0.01079447	327.5613	0.9791604	1e+05	3.840381e-07	1.065376e-06	3.550848e-06
8	8-136898207	141357328	8	T	C	0.05	0.04934974	0.01055119	325.4593	1.202635	1e+05	5.028571e-06	9.536506e-06	2.208748e-05
8	8-136932834	141376947	9	T	C	0.055	0.05217862	0.01045332	326.8104	1.203362	1e+05	1.202717e-06	2.326758e-06	6.76341e-06
8	8-137062840	141581362	20	T	C	0.06	0.04639923	0.01009497	324.5028	0.8550453	1e+05	7.184961e-06	2.60106e-05	5.207577e-05
8	8-137221346	141740845	36	G	A	0.08	0.04042359	0.008798985	324.9778	1.047113	1e+05	7.253005e-06	1.579455e-05	3.394089e-05
8	8-137301283	141820310	16	G	A	0.049	0.0477368	0.01042632	325.3894	1.494158	1e+05	7.766364e-06	1.026072e-05	2.350299e-05
8	8-141406231	146075800	10	T	G	0.03	0.0579049	0.01270669	325.8097	1e+05	1e+05	8.527996e-06	6.609916e-06	1.619971e-05
8	8-143443273	148153880	39	C	G	0.011	0.0986402	0.02168613	325.685	2.692955	1e+05	8.849322e-06	7.530526e-06	1.808483e-05
8	8-152490871	157630210	16	A	C	0.218	-0.02592244	0.005546848	325.803	1.437254	1e+05	5.114281e-06	6.656333e-06	1.629561e-05
8	8-165729735	171420987	17	C	A	0.014	0.09748663	0.01766625	328.6779	0.8410154	1e+05	9.425519e-08	3.345262e-07	1.385192e-06
8	8-165731104	171422356	29	A	T	0.025	0.07373844	0.01411858	327.6221	1.01831	1e+05	4.022533e-07	1.000192e-06	3.3718e-06
8	8-165732364	171423616	14	C	G	0.03	0.06051047	0.0130454	324.713	0.8757248	1e+05	5.968565e-06	2.085417e-05	4.306375e-05
8	8-165954445	171643200	23	A	C	0.022	0.07102344	0.01500977	326.1962	1.763458	1e+05	3.941171e-06	4.414366e-06	1.153732e-05
8	8-172622590	178363209	7	T	C	0.063	0.04131977	0.009037985	324.834	1.051883	1e+05	7.996886e-06	1.836659e-05	3.861875e-05
8	8-172622630	178363249	8	A	G	0.066	0.04225983	0.008888328	325.8097	1.139116	1e+05	3.559299e-06	6.610077e-06	1.620005e-05
9	9-3333733	2962204	40	T	G	0.016	0.1109458	0.02246843	325.949	0.8641799	1e+05	1.543309e-06	5.714455e-06	1.433011e-05
9	9-12445937	11899178	9	A	G	0.014	0.09215941	0.01936799	326.2642	1.690321	1e+05	3.498914e-06	4.111796e-06	1.087114e-05
9	9-14728587	14414263	8	A	T	0.018	0.09776607	0.01972393	326.7125	1.154762	1e+05	1.414214e-06	2.576636e-06	7.361363e-06
9	9-14960070	14664407	22	A	G	0.022	0.08316507	0.01726613	326.7384	2.156061	1e+05	2.688478e-06	2.508088e-06	7.198255e-06
9	9-15029760	14734078	5	T	C	0.018	0.09761881	0.02126343	325.3221	1.299831	1e+05	7.355168e-06	1.100934e-05	2.495207e-05
9	9-15035576	14760235	5	A	G	0.031	0.06821136	0.01387016	327.4137	3.056174	1e+05	1.692552e-06	1.242056e-06	4.027486e-06
9	9-36223976	36690128	1	G	A	0.445	-0.0412788	0.008382391	327.4279	1e+05	1e+05	1.641689e-06	1.223878e-06	3.978984e-06
9	9-36356608	36817051	20	T	C	0.108	0.04014454	0.008602481	325.9045	1.959024	1e+05	5.269466e-06	5.986542e-06	1.490233e-05
9	9-39265871	39834793	24	T	G	0.017	0.115241	0.01839252	333.3594	1.319113	1e+05	1.880156e-09	2.681647e-09	3.2641e-08
9	9-39266015	39834937	25	T	A	0.015	0.1004308	0.01971096	327.2022	1.112286	1e+05	7.395832e-07	1.547561e-06	4.826798e-06
9	9-39266141	39835063	35	T	G	0.015	0.09563459	0.01985141	326.4953	1.665314	1e+05	2.678006e-06	3.231088e-06	8.887916e-06
9	9-39266522	39835444	18	T	C	0.012	0.1014751	0.02075183	326.7099	1.494253	1e+05	1.924346e-06	2.583554e-06	7.377786e-06
9	9-39274092	39843007	6	G	A	0.011	0.09591091	0.02089353	325.0658	1.196901	1e+05	7.370155e-06	1.440136e-05	3.136647e-05
9	9-39275113	39844028	3	T	G	0.011	0.1046287	0.02089197	327.483	1.883595	1e+05	1.113639e-06	1.155785e-06	3.796241e-06
9	9-39282885	39852082	12	C	G	0.012	0.09590679	0.0211927	325.2864	1.76472	1e+05	9.781382e-06	1.142926e-05	2.575904e-05
9	9-39283561	39852758	6	A	G	0.013	0.09469762	0.02021196	325.9645	1.751439	1e+05	4.851776e-06	5.622436e-06	1.413572e-05
9	9-39284201	39853398	31	G	A	0.01	0.1106553	0.02220149	327.1844	1.573861	1e+05	1.245142e-06	1.57651e-06	4.901144e-06
9	9-39286880	39856077	17	A	T	0.012	0.1045633	0.02068238	327.4177	1.455857	1e+05	8.910171e-07	1.236864e-06	4.013645e-06
9	9-39288429	39857625	15	A	T	0.014	0.1108594	0.01944721	330.5189	1.449497	1e+05	3.743946e-08	4.988363e-08	3.057858e-07
9	9-39290952	39860148	17	T	C	0.012	0.0974253	0.02122736	325.5183	1.685059	1e+05	7.397635e-06	8.965464e-06	2.096101e-05
9	9-39306876	39876203	9	A	G	0.014	0.09242307	0.01987318	325.7302	1.620369	1e+05	5.655686e-06	7.182598e-06	1.737641e-05
9	9-39333715	39903041	29	C	G	0.01	0.1111024	0.02220621	327.2648	1.565848	1e+05	1.139255e-06	1.450021e-06	4.574624e-06
9	9-39334546	39903872	14	A	G	0.012	0.09521067	0.02089524	324.7099	1.039294	1e+05	8.545348e-06	2.092353e-05	4.318668e-05
9	9-39334981	39904307	8	T	C	0.011	0.09971815	0.02077089	326.5017	1.799144	1e+05	2.888063e-06	3.209519e-06	8.838406e-06
9	9-39336285	39905611	18	A	C	0.012	0.09896624	0.02065754	326.0998	1.346782	1e+05	3.022461e-06	4.88183e-06	1.255367e-05
9	9-39338883	39908209	35	T	G	0.013	0.1024147	0.02118873	326.4696	1.517964	1e+05	2.490976e-06	3.318979e-06	9.089158e-06
9	9-39340688	39910014	35	T	C	0.01	0.1104678	0.02221815	327.0929	1.531381	1e+05	1.317659e-06	1.733949e-06	5.301789e-06
9	9-39343379	39912704	10	T	C	0.014	0.09451888	0.01977752	326.242	1.550621	1e+05	3.186436e-06	4.2084e-06	1.10846e-05
9	9-39350163	39919659	14	T	C	0.012	0.1035594	0.02083926	327.3319	1.946889	1e+05	1.333216e-06	1.352232e-06	4.31905e-06
9	9-39378816	39946008	34	T	A	0.013	0.1005697	0.02078078	326.2943	1.323889	1e+05	2.422771e-06	3.984799e-06	1.058939e-05
9	9-39439141	40006369	18	T	G	0.012	0.1071685	0.02075658	327.9489	1.490382	1e+05	5.355319e-07	7.123731e-07	2.555401e-06
9	9-39439388	40006616	24	T	C	0.012	0.09488174	0.020907	324.6618	1.058514	1e+05	9.252757e-06	2.200766e-05	4.510176e-05
9	9-39439682	40006910	35	T	C	0.015	0.08426054	0.01834738	325.5719	1.753934	1e+05	7.304295e-06	8.475899e-06	1.998743e-05
9	9-39440203	40007431	15	A	G	0.014	0.09869503	0.0197071	327.3808	1.746665	1e+05	1.113566e-06	1.285238e-06	4.142242e-06
9	9-39440958	40008186	9	T	C	0.011	0.1057622	0.02076539	327.7272	1.634935	1e+05	7.465277e-07	8.967957e-07	3.083732e-06
9	9-39446643	40013871	32	T	C	0.015	0.09442272	0.01998089	326.0029	1.544368	1e+05	4.051423e-06	5.401273e-06	1.366661e-05
9	9-39518914	40086315	5	T	G	0.016	0.09577454	0.020838	325.7442	2.116021	1e+05	7.188784e-06	7.07824e-06	1.716299e-05
9	9-39520261	40087662	18	G	C	0.012	0.09803469	0.02108046	325.7537	1.647894	1e+05	5.659306e-06	7.008586e-06	1.702031e-05
9	9-39570576	40093300	30	A	T	0.01	0.1116137	0.02220071	327.3997	1.598	1e+05	1.017056e-06	1.260242e-06	4.075893e-06
9	9-39570607	40093331	23	G	T	0.012	0.09979849	0.02078438	326.5073	1.829769	1e+05	2.878271e-06	3.190905e-06	8.795639e-06
9	9-39573247	40095971	28	A	G	0.012	0.09630457	0.02121258	325.3175	1.703476	1e+05	9.184785e-06	1.106215e-05	2.505379e-05
9	9-39575780	40098504	33	T	G	0.01	0.1103278	0.02221617	327.0925	1.559802	1e+05	1.354011e-06	1.734737e-06	5.30378e-06
9	9-39578408	40101132	20	T	A	0.012	0.1032866	0.02108922	327.0321	2.000582	1e+05	1.857819e-06	1.847233e-06	5.586486e-06
9	9-39578982	40101706	26	T	C	0.012	0.1070061	0.02082895	327.8283	1.501119	1e+05	6.054153e-07	8.074098e-07	2.830208e-06
9	9-39580978	40103702	13	C	A	0.014	0.09860856	0.0195887	325.8975	0.7410271	1e+05	9.866824e-07	6.030143e-06	1.499367e-05
9	9-39585263	40107987	4	A	G	0.011	0.1003219	0.02076002	326.6657	1.846322	1e+05	2.502296e-06	2.705332e-06	7.665815e-06
9	9-39585581	40108305	11	T	G	0.011	0.1033281	0.02074761	327.272	1.719528	1e+05	1.267927e-06	1.4392e-06	4.546484e-06
9	9-39585973	40108697	22	T	A	0.017	0.09562591	0.01715759	329.7679	1.335127	1e+05	7.144357e-08	1.083106e-07	5.628838e-07
9	9-39586059	40108783	25	A	G	0.015	0.09088389	0.01984023	325.5289	1.761471	1e+05	7.688724e-06	8.866361e-06	2.076453e-05
9	9-39586098	40108822	29	G	A	0.013	0.0986705	0.02065281	326.0934	1.41357	1e+05	3.208406e-06	4.914199e-06	1.26235e-05
9	9-39586300	40109024	31	T	A	0.01	0.110247	0.0222208	327.0988	1.602177	1e+05	1.383684e-06	1.723317e-06	5.274922e-06
9	9-39586502	40109226	28	T	C	0.012	0.09783286	0.02108228	325.6909	1.612773	1e+05	5.914193e-06	7.483736e-06	1.798983e-05
9	9-39586547	40109271	25	T	G	0.012	0.1081243	0.02086313	328.1457	1.632789	1e+05	4.879877e-07	5.808164e-07	2.164318e-06
9	9-39586553	40109277	26	T	A	0.012	0.1023757	0.02109584	326.6138	1.594707	1e+05	2.279928e-06	2.855679e-06	8.0187e-06
9	9-39588379	40111103	34	A	G	0.01	0.1109527	0.022218	327.2291	1.575702	1e+05	1.190246e-06	1.504843e-06	4.71668e-06
9	9-39589395	40112119	18	A	G	0.019	0.09162137	0.01774596	327.456	1.092131	1e+05	5.359548e-07	1.188576e-06	3.884458e-06
9	9-39589479	40112203	13	T	A	0.012	0.101956	0.02096379	326.6757	1.629331	1e+05	2.172703e-06	2.677391e-06	7.599906e-06
9	9-39589612	40112336	7	A	C	0.011	0.101406	0.02087465	326.8912	2.075517	1e+05	2.228786e-06	2.138963e-06	6.307486e-06
9	9-39589623	40112347	7	A	G	0.014	0.09702784	0.01965199	326.9926	1.584382	1e+05	1.547218e-06	1.924816e-06	5.77987e-06
9	9-39589656	40112380	3	A	G	0.013	0.09956686	0.01955979	327.499	1.368692	1e+05	7.56515e-07	1.1367e-06	3.744712e-06
9	9-39589925	40112649	4	T	C	0.011	0.1077976	0.02084666	328.0158	1.53659	1e+05	5.157735e-07	6.64608e-07	2.414966e-06
9	9-39590471	40113195	7	T	C	0.011	0.09661652	0.02103671	325.4169	1.504702	1e+05	7.296349e-06	9.969296e-06	2.293508e-05
9	9-39590473	40113197	7	G	A	0.011	0.1047543	0.02081421	327.6277	1.955807	1e+05	9.919105e-07	9.944307e-07	3.355882e-06
9	9-39590503	40113227	8	T	C	0.011	0.09808013	0.02082315	325.4674	1.108635	1e+05	4.342023e-06	9.455216e-06	2.19277e-05
9	9-39590605	40113329	2	A	G	0.011	0.09845273	0.02081153	325.5557	1.108644	1e+05	3.961198e-06	8.620948e-06	2.027667e-05
9	9-39590653	40113377	4	A	G	0.011	0.0987403	0.02080743	325.6256	1.112573	1e+05	3.707733e-06	8.012662e-06	1.905904e-05
9	9-39590926	40113650	9	A	G	0.011	0.09528482	0.02090563	325.4217	1.783832	1e+05	8.497766e-06	9.919504e-06	2.283782e-05
9	9-39593694	40116417	10	T	G	0.011	0.0960145	0.0210344	325.1378	1.335526	1e+05	8.250214e-06	1.335525e-05	2.941205e-05
9	9-39593734	40116457	9	T	G	0.011	0.1082887	0.02085726	328.286	1.81636	1e+05	4.666307e-07	5.021447e-07	1.923239e-06
9	9-39594437	40117161	11	A	G	0.011	0.09738046	0.02113373	325.6369	1.765156	1e+05	6.829987e-06	7.919036e-06	1.887051e-05
9	9-39595007	40117731	3	G	C	0.011	0.1013246	0.02097629	326.4233	1.453597	1e+05	2.525425e-06	3.482924e-06	9.46242e-06
9	9-39595268	40117992	9	T	C	0.014	0.09412635	0.0198203	326.2837	1.823922	1e+05	3.64905e-06	4.029177e-06	1.0688e-05
9	9-39606095	40130208	11	A	T	0.014	0.1007299	0.01985311	327.8751	2.088013	1e+05	8.182795e-07	7.690728e-07	2.720049e-06
9	9-39641745	40165642	10	G	A	0.011	0.09995048	0.02102051	326.1863	1.615614	1e+05	3.553343e-06	4.460217e-06	1.163768e-05
9	9-39641878	40165775	9	T	A	0.011	0.1020332	0.02094827	326.6824	1.594839	1e+05	2.101458e-06	2.658691e-06	7.55574e-06
9	9-39567839	40168004	20	T	C	0.012	0.09899373	0.02088158	325.6813	1.150954	1e+05	3.786993e-06	7.559628e-06	1.814387e-05
9	9-39567231	40168612	16	A	G	0.012	0.1014382	0.02087559	326.9019	2.086468	1e+05	2.215347e-06	2.115322e-06	6.249659e-06
9	9-39567008	40168835	9	T	C	0.011	0.09645868	0.02112729	325.4152	1.690782	1e+05	8.21592e-06	9.986302e-06	2.296828e-05
9	9-39566870	40168973	7	A	G	0.011	0.1039898	0.02034037	327.8896	1.694084	1e+05	6.813791e-07	7.576049e-07	2.686918e-06
9	9-39566733	40169110	8	A	G	0.011	0.1184138	0.02047135	331.1667	1.761946	1e+05	2.43156e-08	2.55792e-08	1.818086e-07
9	9-39566601	40169242	3	T	C	0.011	0.09912626	0.02063381	326.1922	1.385542	1e+05	2.846421e-06	4.432765e-06	1.157762e-05
9	9-39566575	40169268	4	A	G	0.011	0.1011835	0.02105136	326.3997	1.606124	1e+05	2.815169e-06	3.569795e-06	9.659135e-06
9	9-39558738	40177105	7	A	G	0.011	0.1080864	0.02087462	328.0493	1.5454	1e+05	4.990192e-07	6.418674e-07	2.347507e-06
9	9-39558541	40177302	1	T	G	0.011	0.1019047	0.02101659	326.6289	1.67388	1e+05	2.323065e-06	2.810956e-06	7.914031e-06
9	9-39557962	40177881	16	T	C	0.012	0.1010073	0.02092716	326.3364	1.395035	1e+05	2.569669e-06	3.813585e-06	1.020744e-05
9	9-39557560	40178283	12	A	T	0.012	0.1093766	0.02077515	328.5258	1.657642	1e+05	3.284426e-07	3.916331e-07	1.572928e-06
9	9-39557050	40178793	10	G	A	0.011	0.1008619	0.02083666	326.4677	1.507808	1e+05	2.411244e-06	3.325333e-06	9.103674e-06
9	9-39556810	40179033	7	G	C	0.014	0.09636668	0.02003836	326.4145	1.609572	1e+05	2.782129e-06	3.515129e-06	9.535432e-06
9	9-39654668	40225236	11	A	C	0.011	0.09757688	0.02119357	325.5931	1.715577	1e+05	6.94314e-06	8.290553e-06	1.961683e-05
9	9-39656064	40226632	16	G	C	0.019	0.0824069	0.01662471	326.3355	0.9758769	1e+05	1.413108e-06	3.817066e-06	1.021523e-05
9	9-39657104	40227672	25	C	G	0.012	0.09564265	0.02100082	325.1714	1.385025	1e+05	8.632759e-06	1.289247e-05	2.854108e-05
9	9-39659194	40229762	16	G	C	0.012	0.1090797	0.0208599	328.2842	1.531964	1e+05	3.90114e-07	5.030924e-07	1.92618e-06
9	9-39688014	40257850	39	T	C	0.011	0.110602	0.02221879	327.1542	1.577457	1e+05	1.282035e-06	1.626865e-06	5.029949e-06
9	9-39689350	40259186	36	T	C	0.01	0.1108063	0.02221711	327.1848	1.56023	1e+05	1.226209e-06	1.575844e-06	4.899436e-06
9	9-39689627	40259463	41	C	G	0.011	0.1109916	0.02221258	327.2292	1.565644	1e+05	1.173876e-06	1.504757e-06	4.716458e-06
9	9-39690207	40260043	39	T	A	0.013	0.1008297	0.02094216	326.3128	1.432041	1e+05	2.712782e-06	3.908401e-06	1.041927e-05
9	9-39690399	40260235	38	C	T	0.021	0.0827563	0.01657116	327.2857	1.669933	1e+05	1.189277e-06	1.418835e-06	4.49343e-06
9	9-39690400	40260236	38	T	C	0.01	0.1096179	0.02223723	326.9376	1.583327	1e+05	1.604172e-06	2.038154e-06	6.060194e-06
9	9-39690562	40260398	34	C	G	0.01	0.1094271	0.02223916	326.9002	1.586408	1e+05	1.672234e-06	2.118983e-06	6.258622e-06
9	9-39690803	40260639	40	G	T	0.019	0.08953258	0.0191658	326.1494	2.373074	1e+05	5.157289e-06	4.635239e-06	1.20194e-05
9	9-39690805	40260641	37	A	C	0.01	0.1096791	0.02223252	326.9436	1.568279	1e+05	1.576285e-06	2.025535e-06	6.029107e-06
9	9-39690845	40260681	35	T	C	0.01	0.1102165	0.02222703	327.0747	1.589188	1e+05	1.401495e-06	1.767002e-06	5.385151e-06
9	9-39690861	40260697	38	A	G	0.01	0.1098531	0.02223723	326.9979	1.598586	1e+05	1.52767e-06	1.914074e-06	5.753168e-06
9	9-39690880	40260716	37	A	G	0.013	0.0991848	0.02065115	326.2253	1.42567	1e+05	2.861914e-06	4.282237e-06	1.124726e-05
9	9-39690884	40260720	39	T	C	0.011	0.1097933	0.02223135	326.9892	1.594134	1e+05	1.537477e-06	1.931596e-06	5.796711e-06
9	9-39690886	40260722	38	G	C	0.01	0.1097648	0.02223062	326.9807	1.588825	1e+05	1.545435e-06	1.948792e-06	5.839381e-06
9	9-39690909	40260745	37	T	C	0.01	0.1095882	0.02223401	326.9308	1.577316	1e+05	1.608795e-06	2.052695e-06	6.09598e-06
9	9-39699819	40269651	30	T	C	0.013	0.1039884	0.02087474	327.3495	1.872528	1e+05	1.260274e-06	1.327739e-06	4.254578e-06
9	9-39701000	40270832	28	T	A	0.012	0.09741209	0.02118425	325.6284	1.834199	1e+05	7.120504e-06	7.989647e-06	1.901272e-05
9	9-39701725	40271557	43	A	T	0.011	0.1103078	0.02223971	327.1099	1.63122	1e+05	1.393235e-06	1.703601e-06	5.225027e-06
9	9-39701726	40271558	43	C	G	0.011	0.1103078	0.02223971	327.1099	1.63122	1e+05	1.393235e-06	1.703601e-06	5.225027e-06
9	9-39701802	40271634	35	A	C	0.013	0.09901361	0.02074034	326.135	1.443029	1e+05	3.261206e-06	4.705308e-06	1.217162e-05
9	9-39703224	40273056	34	T	G	0.01	0.1110889	0.02219265	327.2495	1.537894	1e+05	1.126281e-06	1.473269e-06	4.634968e-06
9	9-39703242	40273074	37	T	C	0.01	0.1102064	0.02220988	327.0459	1.532104	1e+05	1.379752e-06	1.82079e-06	5.520285e-06
9	9-39703243	40273075	37	G	T	0.01	0.1102064	0.02220988	327.0459	1.532104	1e+05	1.379752e-06	1.82079e-06	5.520285e-06
9	9-39705956	40275788	19	A	G	0.012	0.1034227	0.02106475	326.8436	1.571824	1e+05	1.756872e-06	2.247709e-06	6.57222e-06
9	9-39706024	40275856	20	G	T	0.017	0.08587637	0.01750197	326.8078	1.553622	1e+05	1.781956e-06	2.333185e-06	6.778909e-06
9	9-39707354	40277186	12	A	C	0.014	0.1210182	0.02149911	329.9339	1.210722	1e+05	5.392442e-08	9.124796e-08	4.915375e-07
9	9-39709025	40278857	40	A	G	0.016	0.09343624	0.02014241	325.549	1.42936	1e+05	5.959897e-06	8.681799e-06	2.039781e-05
9	9-39709216	40279048	20	T	A	0.012	0.09716157	0.02114271	325.5677	1.735271	1e+05	7.208903e-06	8.513191e-06	2.006186e-05
9	9-39710111	40279943	15	G	A	0.019	0.0719845	0.01573025	325.2452	1.396835	1e+05	7.844958e-06	1.193249e-05	2.672092e-05
9	9-39710397	40280229	10	T	C	0.016	0.08091115	0.01741993	325.3624	1.267287	1e+05	5.805016e-06	1.055411e-05	2.407255e-05
9	9-39710409	40280241	12	T	A	0.021	0.08287077	0.01567104	327.8977	0.8998028	1e+05	2.932512e-07	7.512594e-07	2.66855e-06
9	9-39733355	40303576	8	T	G	0.011	0.1108625	0.02070755	328.8585	1.503567	1e+05	2.129491e-07	2.774699e-07	1.191763e-06
9	9-39738508	40310038	22	G	T	0.012	0.09893301	0.02065049	326.1253	1.377274	1e+05	3.022102e-06	4.753203e-06	1.227549e-05
9	9-39738908	40310438	11	T	G	0.011	0.09705196	0.02115552	325.369	1.483753	1e+05	7.464719e-06	1.048147e-05	2.393174e-05
9	9-39798244	40369891	21	A	C	0.012	0.1137865	0.02068461	329.5515	1.478861	1e+05	1.027332e-07	1.354594e-07	6.721287e-07
9	9-39824770	40396417	11	C	G	0.014	0.1012589	0.01975951	327.6334	1.359938	1e+05	6.434171e-07	9.885334e-07	3.339574e-06
9	9-39824775	40396422	11	T	A	0.011	0.09933153	0.02103916	326.0385	1.614292	1e+05	4.131619e-06	5.204357e-06	1.324661e-05
9	9-39829671	40401318	9	G	C	0.014	0.09546286	0.01994367	326.4017	1.745336	1e+05	3.08011e-06	3.562495e-06	9.642632e-06
9	9-39838915	40439055	6	C	T	0.011	0.1183496	0.0204765	331.1553	1.782937	1e+05	2.489985e-08	2.587936e-08	1.834589e-07
9	9-39836953	40441016	8	T	C	0.014	0.09301971	0.01992156	326.0029	1.96287	1e+05	5.207334e-06	5.401503e-06	1.36671e-05
9	9-39835945	40442024	7	T	C	0.011	0.1034591	0.02086645	326.9564	1.436387	1e+05	1.404867e-06	1.998685e-06	5.962857e-06
9	9-39832675	40445294	11	G	A	0.014	0.09599517	0.01994218	326.4184	1.585406	1e+05	2.725152e-06	3.500889e-06	9.503161e-06
9	9-39893829	40466594	30	G	T	0.01	0.1100815	0.02223841	327.0473	1.599705	1e+05	1.458525e-06	1.818199e-06	5.51379e-06
9	9-39905130	40477893	16	T	C	0.012	0.1120041	0.02075855	329.3173	1.914744	1e+05	1.733677e-07	1.725907e-07	8.150481e-07
9	9-39911563	40484326	16	A	G	0.012	0.1129268	0.0201671	330.6302	2.843211	1e+05	6.259858e-08	4.447226e-08	2.795338e-07
9	9-39922151	40494914	36	A	G	0.013	0.09587049	0.02086159	325.3006	1.381136	1e+05	7.207694e-06	1.125969e-05	2.543368e-05
9	9-39929737	40502499	38	T	G	0.01	0.110988	0.02221884	327.2723	1.62503	1e+05	1.182506e-06	1.438819e-06	4.54549e-06
9	9-39941143	40513903	8	G	A	0.011	0.1019885	0.0211727	326.3811	1.50308	1e+05	2.684572e-06	3.639927e-06	9.817422e-06
9	9-39947509	40520258	30	T	C	0.013	0.1157679	0.02034667	330.9247	2.159057	1e+05	3.955922e-08	3.282518e-08	2.206316e-07
9	9-39948056	40520805	31	T	G	0.01	0.1202208	0.02586348	325.7354	1.638046	1e+05	5.715035e-06	7.143806e-06	1.729713e-05
9	9-40007413	40586620	10	T	A	0.014	0.09277644	0.01953965	325.548	1.076029	1e+05	3.663434e-06	8.690603e-06	2.041533e-05
9	9-40007475	40586682	10	T	C	0.014	0.09195957	0.01990779	325.5508	1.548817	1e+05	6.494716e-06	8.664863e-06	2.036411e-05
9	9-40009343	40588550	3	A	G	0.011	0.1082142	0.02086205	328.0591	1.504136	1e+05	4.774014e-07	6.35403e-07	2.328256e-06
9	9-40010549	40589756	17	T	C	0.012	0.09666676	0.02104621	325.4665	1.590813	1e+05	7.286362e-06	9.464391e-06	2.194574e-05
9	9-40017932	40597139	22	T	C	0.014	0.09905796	0.01976464	327.0664	1.303275	1e+05	1.094063e-06	1.782484e-06	5.424114e-06
9	9-40050983	40630178	17	T	C	0.012	0.1044918	0.02069779	327.3867	1.462095	1e+05	9.217849e-07	1.277337e-06	4.121293e-06
9	9-40051695	40630890	11	T	C	0.011	0.09562041	0.02108119	325.1581	1.494708	1e+05	9.352045e-06	1.307298e-05	2.888129e-05
9	9-40057122	40636309	48	T	C	0.014	0.1012613	0.02059349	325.4047	0.7675992	1e+05	1.697987e-06	1.009713e-05	2.318447e-05
9	9-40216310	40796970	29	T	A	0.01	0.1100044	0.02222582	327.0209	1.572294	1e+05	1.463029e-06	1.868894e-06	5.640606e-06
9	9-40216954	40797614	35	G	A	0.01	0.1094072	0.02224946	326.8905	1.594146	1e+05	1.696853e-06	2.14056e-06	6.311389e-06
9	9-40224123	40804783	32	T	C	0.01	0.1095327	0.02224401	326.9163	1.587756	1e+05	1.644133e-06	2.083814e-06	6.172434e-06
9	9-40226631	40807291	37	T	C	0.01	0.1111659	0.02220767	327.2778	1.573699	1e+05	1.12586e-06	1.430575e-06	4.524028e-06
9	9-40228111	40808770	38	A	G	0.013	0.1077688	0.0208924	328.1367	1.843734	1e+05	5.480236e-07	5.862662e-07	2.1808e-06
9	9-40236186	40816844	39	T	C	0.011	0.1087956	0.02226778	326.7326	1.575856	1e+05	1.96134e-06	2.523104e-06	7.234044e-06
9	9-40237826	40818484	34	G	T	0.013	0.09584191	0.02116159	325.1531	1.524664	1e+05	9.630537e-06	1.314188e-05	2.901099e-05
9	9-40242903	40823607	39	A	C	0.011	0.1290608	0.02446161	329.0689	2.936469	1e+05	3.109756e-07	2.231513e-07	1.000751e-06
9	9-40251997	40832700	32	A	G	0.01	0.1108734	0.02220438	327.216	1.56271	1e+05	1.193066e-06	1.525554e-06	4.77013e-06
9	9-40254559	40835262	38	T	C	0.013	0.09780882	0.02086012	325.4418	1.157172	1e+05	4.775414e-06	9.712212e-06	2.243221e-05
9	9-40316254	40896946	20	T	A	0.012	0.1078881	0.02087146	328.177	1.817954	1e+05	5.202574e-07	5.622635e-07	2.108003e-06
9	9-40316774	40897466	14	A	G	0.014	0.09670948	0.02001831	326.5966	1.747286	1e+05	2.518335e-06	2.907323e-06	8.139256e-06
9	9-40341285	40921976	45	C	A	0.011	0.1084106	0.02227743	326.6374	1.555867	1e+05	2.14353e-06	2.786307e-06	7.856236e-06
9	9-40344800	40925490	5	T	C	0.011	0.1017501	0.02091136	326.8166	1.887629	1e+05	2.149491e-06	2.311852e-06	6.727435e-06
9	9-40346342	40927032	9	A	G	0.011	0.1111374	0.02020845	330.1137	2.718553	1e+05	1.034901e-07	7.578114e-08	4.245753e-07
9	9-40352741	40933431	28	G	A	0.012	0.09777455	0.02111431	325.6938	1.696357	1e+05	6.17546e-06	7.461406e-06	1.794446e-05
9	9-40363653	40944342	39	A	C	0.011	0.1113027	0.02220619	327.3174	1.580068	1e+05	1.092234e-06	1.372902e-06	4.373314e-06
9	9-40548242	41120214	35	A	G	0.01	0.1098098	0.02223673	326.9379	1.540474	1e+05	1.540694e-06	2.037507e-06	6.058601e-06
9	9-40548922	41120894	35	A	G	0.01	0.110383	0.02221276	327.0687	1.511188	1e+05	1.333747e-06	1.77821e-06	5.413363e-06
9	9-40612872	41215650	23	T	C	0.012	0.1085452	0.02070458	328.7989	2.592365	1e+05	3.656769e-07	2.951139e-07	1.252285e-06
9	9-41266635	41850126	45	A	G	0.011	0.1102069	0.02226065	327.0414	1.59043	1e+05	1.453906e-06	1.829323e-06	5.541664e-06
9	9-41776426	42373031	42	A	C	0.011	0.1088455	0.02225913	326.76	1.582317	1e+05	1.924447e-06	2.452187e-06	7.064734e-06
9	9-44653776	45444361	3	T	A	0.02	0.1016051	0.02158841	323.5096	0.5046491	1e+05	4.413964e-06	7.411662e-05	0.0001293052
9	9-46625740	47523437	34	G	A	0.392	-0.02368634	0.005158512	325.8267	2.371328	1e+05	7.33026e-06	6.493229e-06	1.595823e-05
9	9-53605232	53914171	28	G	C	0.022	0.07825282	0.01704132	325.61	1.907761	1e+05	7.322393e-06	8.14474e-06	1.932448e-05
9	9-53167168	54363144	33	T	C	0.01	0.1103686	0.02225195	327.0693	1.571267	1e+05	1.393219e-06	1.777048e-06	5.41044e-06
9	9-52931480	54609918	42	C	T	0.016	0.09044971	0.01976606	324.9449	1.175564	1e+05	7.850854e-06	1.634896e-05	3.495701e-05
9	9-71983011	58944843	26	T	C	0.015	0.09554736	0.01971294	326.5712	1.623663	1e+05	2.342627e-06	2.985396e-06	8.320895e-06
9	9-71577725	59353056	33	T	C	0.013	0.1087531	0.02387211	325.7242	2.704231	1e+05	8.579552e-06	7.227744e-06	1.74686e-05
9	9-70848054	60073395	19	T	C	0.017	0.08087335	0.01768367	325.7166	2.323705	1e+05	7.943111e-06	7.285273e-06	1.758595e-05
9	9-70639195	60291646	19	C	T	0.012	0.1034575	0.02076181	327.2782	1.708092	1e+05	1.251382e-06	1.429956e-06	4.522416e-06
9	9-70523821	60404723	5	A	G	0.036	0.06170336	0.01348961	325.9818	7.29841	1e+05	7.91534e-06	5.522196e-06	1.392343e-05
9	9-70523813	60404731	6	A	G	0.038	0.06135082	0.01316796	326.3273	14.22053	1e+05	5.4481e-06	3.849971e-06	1.028882e-05
9	9-70308085	60592953	13	A	C	0.016	0.08502544	0.01853799	325.5333	1.704669	1e+05	7.497361e-06	8.825078e-06	2.06826e-05
9	9-70228965	60702794	24	C	T	0.012	0.1036979	0.02088162	327.2607	1.830635	1e+05	1.354715e-06	1.456142e-06	4.590527e-06
9	9-70177300	60754479	16	T	C	0.016	0.08357546	0.01835059	325.2029	1.417548	1e+05	8.627511e-06	1.247323e-05	2.774848e-05
9	9-70079792	60852404	8	A	G	0.023	0.07035352	0.01524585	325.8476	2.2342	1e+05	6.629561e-06	6.353056e-06	1.566733e-05
9	9-69986928	60951224	15	T	A	0.014	0.09155056	0.01992274	325.5605	1.713854	1e+05	7.216251e-06	8.578056e-06	2.019121e-05
9	9-69445993	61531918	14	A	G	0.014	0.1075603	0.02261653	325.8613	1.197407	1e+05	3.538632e-06	6.263088e-06	1.548014e-05
9	9-68463803	62627648	36	A	G	0.021	0.08401716	0.01795757	325.4754	1.155475	1e+05	4.995706e-06	9.376765e-06	2.177332e-05
9	9-66797178	64145614	46	T	C	0.014	0.08289429	0.01823795	325.9001	6.071396	1e+05	8.98048e-06	6.013832e-06	1.495951e-05
9	9-60711991	70464924	25	T	C	0.015	0.1223888	0.02484515	324.508	0.5468553	1e+05	1.62962e-06	2.586996e-05	5.18331e-05
9	9-84408757	86725961	40	A	G	0.016	0.09174377	0.01896947	327.0156	2.881284	1e+05	2.457909e-06	1.87919e-06	5.666294e-06
9	9-94359096	96780635	8	T	C	0.011	0.09707651	0.02116177	325.4058	1.531102	1e+05	7.471082e-06	1.008569e-05	2.316218e-05
9	9-94463831	96885354	26	A	C	0.012	0.09802564	0.02106422	325.8438	1.797123	1e+05	5.580876e-06	6.378192e-06	1.571956e-05
9	9-94502791	96926748	7	A	G	0.011	0.09601195	0.02107127	325.3247	1.604911	1e+05	8.54681e-06	1.097969e-05	2.489495e-05
9	9-94501091	96928448	46	A	G	0.011	0.1093511	0.02227261	326.8674	1.609327	1e+05	1.757542e-06	2.192771e-06	6.438732e-06
9	9-94586161	97009316	37	A	G	0.01	0.1097281	0.02222958	326.9357	1.53802	1e+05	1.555632e-06	2.042101e-06	6.069914e-06
9	9-94843623	97261786	41	T	A	0.011	0.1091756	0.02227761	326.7908	1.555893	1e+05	1.831633e-06	2.374811e-06	6.879137e-06
9	9-94854156	97272319	29	T	C	0.013	0.107433	0.02086807	327.919	1.54793	1e+05	5.749977e-07	7.348151e-07	2.620825e-06
9	9-94872704	97290650	43	A	T	0.013	0.0998644	0.02103084	326.0532	1.466283	1e+05	3.657454e-06	5.125029e-06	1.307677e-05
9	9-94965338	97384958	38	T	C	0.013	0.1044894	0.0208304	327.3778	1.643843	1e+05	1.072193e-06	1.289264e-06	4.152909e-06
9	9-95005499	97424600	42	T	C	0.011	0.1088678	0.02228349	326.7256	1.560386	1e+05	1.96321e-06	2.541542e-06	7.277942e-06
9	9-95384384	97807455	34	A	G	0.01	0.1090806	0.02226692	326.8109	1.596422	1e+05	1.847808e-06	2.325501e-06	6.760377e-06
9	9-95397817	97820888	26	T	A	0.086	0.03754844	0.008082038	326.0374	2.29957	1e+05	5.775196e-06	5.210532e-06	1.325981e-05
9	9-95397824	97820895	26	C	T	0.069	0.04211833	0.008905921	326.0091	1.476031	1e+05	3.986687e-06	5.366924e-06	1.359351e-05
9	9-95397881	97820952	21	T	G	0.079	0.0390211	0.008493014	325.5215	1.585044	1e+05	7.24114e-06	8.935112e-06	2.090087e-05
9	9-95428397	97852958	41	T	A	0.011	0.1113965	0.02221548	327.3436	1.60312	1e+05	1.081436e-06	1.335956e-06	4.27623e-06
9	9-95437206	97861764	31	A	G	0.068	0.04335706	0.009154629	326.1941	1.690335	1e+05	3.866558e-06	4.423901e-06	1.155821e-05
9	9-95437534	97862092	34	C	G	0.036	0.05760015	0.01266879	324.5501	0.956732	1e+05	8.923463e-06	2.474814e-05	4.989167e-05
9	9-95478475	97902183	30	C	T	0.078	0.03948737	0.008708141	325.2862	1.650816	1e+05	9.404224e-06	1.143105e-05	2.576247e-05
9	9-95481501	97905259	8	A	C	0.014	0.09585472	0.01997795	326.3847	1.6167	1e+05	2.925358e-06	3.625975e-06	9.78597e-06
9	9-95481520	97905278	9	T	G	0.014	0.08754011	0.01810675	326.6036	1.713895	1e+05	2.477253e-06	2.88606e-06	8.089659e-06
9	9-95481538	97905296	7	C	G	0.014	0.08745244	0.01810424	326.5748	1.697753	1e+05	2.524729e-06	2.974224e-06	8.294946e-06
9	9-95481597	97905355	10	G	A	0.014	0.0872309	0.0181178	326.5266	1.735275	1e+05	2.713086e-06	3.127453e-06	8.649564e-06
9	9-95481676	97905434	17	A	G	0.019	0.08494774	0.0167316	327.7559	1.80656	1e+05	8.055455e-07	8.704422e-07	3.009445e-06
9	9-95498008	97919869	15	A	C	0.019	0.07676086	0.01685185	325.5766	2.133084	1e+05	8.602594e-06	8.43472e-06	1.990519e-05
9	9-95498116	97919977	7	T	C	0.011	0.1082463	0.02082003	328.1661	1.559404	1e+05	4.506857e-07	5.686543e-07	2.127437e-06
9	9-95500153	97922014	17	T	C	0.014	0.08745754	0.01811739	326.5666	1.710585	1e+05	2.562005e-06	2.999693e-06	8.354078e-06
9	9-95502787	97924603	11	C	T	0.014	0.08684607	0.01812762	326.415	1.71969	1e+05	3.022342e-06	3.513228e-06	9.531125e-06
9	9-95503199	97925015	14	A	G	0.014	0.08698037	0.01813082	326.4473	1.728866	1e+05	2.933974e-06	3.396859e-06	9.266806e-06
9	9-95504540	97926356	16	A	C	0.023	0.06792815	0.01502025	325.3767	1.968961	1e+05	9.910352e-06	1.039718e-05	2.376818e-05
9	9-95504868	97926684	22	G	A	0.014	0.08773972	0.01810476	326.6461	1.699857	1e+05	2.350235e-06	2.761197e-06	7.797276e-06
9	9-95505663	97927479	2	T	C	0.013	0.08756871	0.01810801	326.6099	1.714552	1e+05	2.463277e-06	2.867423e-06	8.046144e-06
9	9-95505694	97927510	5	C	T	0.016	0.0829348	0.01728648	326.4516	1.715768	1e+05	2.930101e-06	3.381896e-06	9.232724e-06
9	9-95505700	97927516	4	A	C	0.013	0.0874222	0.01811194	326.5746	1.723827	1e+05	2.567819e-06	2.974894e-06	8.296504e-06
9	9-95505711	97927527	4	A	G	0.013	0.08727322	0.01811194	326.5334	1.715827	1e+05	2.665579e-06	3.105308e-06	8.598481e-06
9	9-95505786	97927602	5	T	C	0.013	0.08747927	0.01810992	326.5839	1.712202	1e+05	2.525092e-06	2.946155e-06	8.229691e-06
9	9-95505984	97927800	26	C	T	0.017	0.09097506	0.01726572	328.4593	1.506898	1e+05	3.216163e-07	4.195603e-07	1.662934e-06
9	9-95507354	97929170	17	C	T	0.019	0.08708689	0.01644615	328.9165	1.970857	1e+05	2.832627e-07	2.613017e-07	1.135687e-06
9	9-95515788	97937602	8	G	A	0.016	0.08420024	0.01735009	326.619	1.607397	1e+05	2.27856e-06	2.840111e-06	7.982292e-06
9	9-95515859	97937673	14	A	G	0.014	0.08703578	0.01812038	326.4566	1.700784	1e+05	2.857647e-06	3.364191e-06	9.192365e-06
9	9-95516164	97937978	19	C	G	0.014	0.08793818	0.01811141	326.6967	1.713736	1e+05	2.253859e-06	2.619244e-06	7.46241e-06
9	9-95516717	97938531	25	C	T	0.015	0.08777839	0.01811287	326.6607	1.726596	1e+05	2.350618e-06	2.719357e-06	7.698856e-06
9	9-95517926	97939740	15	A	C	0.014	0.08738049	0.01812032	326.5398	1.699623	1e+05	2.621254e-06	3.084694e-06	8.550876e-06
9	9-95589703	98010356	16	T	C	0.012	0.09359203	0.02025857	324.5887	0.9170894	1e+05	6.477635e-06	2.376585e-05	4.818276e-05
9	9-98038682	100454812	29	A	G	0.013	0.1177031	0.02028386	331.4485	2.021246	1e+05	2.210187e-08	1.913384e-08	1.452698e-07
9	9-108170373	110741790	12	G	C	0.014	0.09190026	0.01939098	326.1939	1.712912	1e+05	3.810631e-06	4.425012e-06	1.156064e-05
9	9-133406033	135552486	10	A	C	0.345	0.0243428	0.005149501	325.2309	0.8251919	1e+05	4.023155e-06	1.211374e-05	2.706602e-05
9	9-142042021	144462949	35	T	C	0.026	0.0763148	0.0164711	325.7853	1.830834	1e+05	6.106995e-06	6.78054e-06	1.655174e-05
9	9-145942934	148525772	36	G	C	0.01	0.1523775	0.03248243	326.026	1.751065	1e+05	4.727224e-06	5.272985e-06	1.339324e-05
9	9-146683440	149342905	7	G	C	0.02	0.08212607	0.01522326	328.8506	1.25889	1e+05	1.740447e-07	2.797399e-07	1.199588e-06
9	9-148712303	151547971	16	C	T	0.045	0.05934529	0.01310478	325.7493	3.891535	1e+05	9.652646e-06	7.040666e-06	1.708605e-05
9	9-150081525	152951534	4	A	T	0.129	0.03583838	0.007342468	325.6675	0.7118167	1e+05	2.005107e-06	7.669357e-06	1.836622e-05
9	9-151072487	153991480	11	G	C	0.021	0.07681846	0.01571617	326.6568	1.452949	1e+05	1.942751e-06	2.730427e-06	7.72492e-06
9	9-153706755	156596996	22	T	A	0.179	0.02924482	0.00612244	326.7714	3.887734	1e+05	3.221763e-06	2.423326e-06	6.995613e-06
9	9-153707004	156597245	29	A	G	0.16	0.02900456	0.00637774	325.852	6.030508	1e+05	8.878555e-06	6.323666e-06	1.560622e-05
9	9-153707010	156597251	30	A	G	0.166	0.02931026	0.006334629	326.1934	6.319508	1e+05	6.277913e-06	4.427099e-06	1.156521e-05
9	9-154836273	157740417	36	C	G	0.35	0.02674887	0.005382552	327.1166	1.459882	1e+05	1.332505e-06	1.691734e-06	5.194951e-06
9	9-154845952	157750095	23	T	C	0.238	0.02859359	0.006172634	325.7684	1.672514	1e+05	6.132311e-06	6.901102e-06	1.679973e-05
9	9-154846826	157750969	4	T	C	0.038	0.05284266	0.01131887	326.3328	3.92934	1e+05	5.224754e-06	3.827781e-06	1.02392e-05
10	10-7741397	7640350	28	T	C	0.109	0.03697345	0.007899361	325.9984	1.812419	1e+05	4.953427e-06	5.42706e-06	1.372145e-05
10	10-25129725	25752498	26	A	G	0.012	0.09989114	0.02066384	326.8243	2.265232	1e+05	2.483613e-06	2.293438e-06	6.682945e-06
10	10-32872247	33756325	8	T	C	0.016	0.1037181	0.02183835	326.2187	1.631823	1e+05	3.643039e-06	4.31203e-06	1.131278e-05
10	10-36004313	37050270	27	A	T	0.022	0.09707602	0.01734198	330.2432	1.539769	1e+05	6.317356e-08	6.629876e-08	3.821986e-07
10	10-42598594	43727170	20	T	C	0.014	0.1084154	0.02375138	325.4746	1.88516	1e+05	8.251912e-06	9.384507e-06	2.178856e-05
10	10-43427183	44657994	7	A	G	0.027	0.08223866	0.01763483	326.0926	2.369386	1e+05	5.34476e-06	4.918334e-06	1.263242e-05
10	10-62304536	61529664	14	A	G	0.028	0.07525876	0.01664164	325.7135	3.932577	1e+05	9.915587e-06	7.308992e-06	1.76343e-05
10	10-66212865	65411993	19	T	C	0.019	0.07725918	0.01696288	325.3519	1.65087	1e+05	8.618931e-06	1.067159e-05	2.430001e-05
10	10-72557254	71685389	23	A	G	0.012	0.1108618	0.020775	328.6169	1.336162	1e+05	2.318994e-07	3.563471e-07	1.457554e-06
10	10-79797837	79215520	11	A	G	0.014	0.09293373	0.01933205	326.4948	1.714021	1e+05	2.805855e-06	3.23288e-06	8.892027e-06
10	10-96267189	96504983	10	A	G	0.014	0.09966073	0.02182037	325.9176	3.795831	1e+05	8.15421e-06	5.905266e-06	1.47318e-05
10	10-96648142	96895225	4	T	G	0.02	0.07719712	0.0170185	325.0494	1.344064	1e+05	9.34173e-06	1.465125e-05	3.183053e-05
10	10-103939326	104509924	6	G	A	0.016	0.08564577	0.01843491	325.8913	1.908984	1e+05	5.776867e-06	6.069376e-06	1.507579e-05
10	10-104053169	104679560	31	T	C	0.023	0.08289691	0.01715784	326.9607	2.918117	1e+05	2.514009e-06	1.989655e-06	5.940548e-06
10	10-104220517	104765182	1	T	C	0.044	0.06502581	0.0133114	325.699	0.8856108	1e+05	1.968696e-06	7.420739e-06	1.786179e-05
10	10-104585741	105151339	8	T	C	0.016	0.1017732	0.0213238	325.1428	0.8552088	1e+05	3.279082e-06	1.328502e-05	2.928013e-05
10	10-108944984	109744643	17	A	G	0.017	0.08088279	0.01784551	325.371	1.805368	1e+05	9.492174e-06	1.045951e-05	2.388913e-05
10	10-121291566	122390344	11	A	G	0.014	0.09199921	0.01936354	326.2527	1.722091	1e+05	3.613669e-06	4.16147e-06	1.098099e-05
10	10-129085900	130201014	17	C	A	0.054	0.05325762	0.01152089	326.024	2.817741	1e+05	6.397597e-06	5.283706e-06	1.341612e-05
10	10-131905741	133102901	42	T	A	0.024	0.07084596	0.01510677	326.2304	2.404637	1e+05	4.756624e-06	4.259597e-06	1.119743e-05
10	10-131905723	133102919	40	G	A	0.021	0.0739718	0.01561638	326.521	2.816716	1e+05	3.853977e-06	3.145724e-06	8.691672e-06
10	10-132525172	133727984	11	A	G	0.06	0.05167418	0.01107045	325.4083	1.143968	1e+05	5.243039e-06	1.005905e-05	2.311022e-05
10	10-132525291	133728103	8	T	C	0.05	0.05750006	0.01204198	325.8058	1.115407	1e+05	3.246447e-06	6.637126e-06	1.625594e-05
10	10-132525292	133728104	9	A	C	0.052	0.05491491	0.01191475	325.237	1.231259	1e+05	6.79512e-06	1.203618e-05	2.691844e-05
10	10-132525958	133728770	15	T	C	0.063	0.05320785	0.01088424	326.812	1.502719	1e+05	1.936881e-06	2.322889e-06	6.754075e-06
10	10-141122429	142482498	7	T	C	0.104	-0.04521424	0.01000167	325.6551	1e+05	1e+05	9.986538e-06	7.769249e-06	1.856825e-05
10	10-145535219	146875338	15	T	C	0.04	0.0523983	0.01130985	325.7009	1.617853	1e+05	6.114434e-06	7.406498e-06	1.783283e-05
10	10-147339052	148729041	43	G	T	0.019	0.09191799	0.01767233	327.9692	1.303061	1e+05	4.461783e-07	6.974909e-07	2.511823e-06
10	10-147339331	148729320	41	T	C	0.016	0.09298826	0.01936492	326.4774	1.725491	1e+05	2.874594e-06	3.291995e-06	9.027459e-06
10	10-147339434	148729423	31	A	G	0.02	0.08670589	0.01627709	328.7552	1.509447	1e+05	2.428496e-07	3.087993e-07	1.298778e-06
10	10-147339867	148729856	25	G	A	0.017	0.08810622	0.01847767	326.2971	1.671492	1e+05	3.346205e-06	3.973037e-06	1.056323e-05
10	10-148642857	149956277	30	A	C	0.015	0.10864	0.02375601	325.4927	1.83838	1e+05	7.949231e-06	9.208433e-06	2.144147e-05
10	10-148707117	150020518	9	A	T	0.025	0.0727763	0.01595681	325.6408	2.225915	1e+05	8.388379e-06	7.886725e-06	1.880537e-05
