chr	rs	ps	n_miss	allele1	allele0	af	beta	se	logl_H1	l_remle	l_mle	p_wald	p_lrt	p_score
1	1-3269100	3375091	18	G	A	0.319	-0.4652111	0.08914425	-326.3431	1e+05	1e+05	4.161197e-07	2.985057e-07	1.293614e-06
1	1-3269102	3375093	19	T	A	0.323	-0.4581568	0.08911113	-326.7077	1e+05	1e+05	6.017549e-07	4.355382e-07	1.752364e-06
1	1-8099473	8120612	18	C	T	0.063	0.8123968	0.1695855	-328.3101	1e+05	1e+05	3.057846e-06	2.301693e-06	6.821336e-06
1	1-84856305	86561823	38	A	G	0.35	-0.4736091	0.09802258	-328.127	1e+05	1e+05	2.538243e-06	1.902033e-06	5.827308e-06
1	1-120288844	122117424	7	T	G	0.243	-0.4911031	0.1081398	-329.3918	1e+05	1e+05	9.206451e-06	7.115819e-06	1.749392e-05
1	1-190725315	192888997	28	A	G	0.472	-0.4514057	0.09534497	-328.5576	1e+05	1e+05	3.933239e-06	2.978602e-06	8.446127e-06
1	1-243711579	247316482	15	A	C	0.198	-0.5322576	0.1168168	-329.3281	1e+05	1e+05	8.626969e-06	6.657538e-06	1.654095e-05
1	1-243711792	247316695	39	A	G	0.261	-0.56589	0.1145465	-327.6373	1e+05	1e+05	1.54365e-06	1.142958e-06	3.835371e-06
1	1-246013806	249599187	9	T	C	0.287	-0.4556208	0.09231974	-327.6601	1e+05	1e+05	1.579805e-06	1.17038e-06	3.910497e-06
1	1-246014150	249599531	15	G	C	0.288	-0.4603685	0.0952881	-328.1283	1e+05	1e+05	2.541697e-06	1.904684e-06	5.834004e-06
1	1-286932921	292053475	16	C	G	0.359	0.4428865	0.09309655	-328.457	1e+05	1e+05	3.550688e-06	2.68229e-06	7.742831e-06
2	2-72176789	73455253	27	T	C	0.043	-0.957349	0.202324	-328.5694	1e+05	1e+05	3.98075e-06	3.015452e-06	8.532816e-06
2	2-88763930	90514390	20	G	A	0.254	-0.4347671	0.09494035	-329.2299	1e+05	1e+05	7.803849e-06	6.007854e-06	1.517358e-05
2	2-105815664	108160745	28	T	G	0.099	-0.6872374	0.1468403	-328.795	1e+05	1e+05	5.008831e-06	3.815244e-06	1.037787e-05
2	2-110687330	113167268	26	C	T	0.038	-0.9864128	0.2054413	-328.2615	1e+05	1e+05	2.910342e-06	2.18806e-06	6.54171e-06
2	2-121090256	124442211	7	T	C	0.039	-1.007177	0.2217385	-329.3884	1e+05	1e+05	9.174019e-06	7.090152e-06	1.744078e-05
2	2-142317209	140105187	32	G	T	0.236	0.6881327	0.1407116	-327.8632	1e+05	1e+05	1.941666e-06	1.445629e-06	4.649662e-06
2	2-166534158	170670304	4	A	G	0.09	-0.6425105	0.1405944	-329.2701	1e+05	1e+05	8.130813e-06	6.265737e-06	1.571877e-05
2	2-166543920	170680065	8	T	C	0.124	-0.6344963	0.1337733	-328.5197	1e+05	1e+05	3.784295e-06	2.863149e-06	8.173447e-06
2	2-166594965	170731106	11	G	A	0.089	-0.66142	0.1413111	-328.7931	1e+05	1e+05	4.999418e-06	3.807902e-06	1.036122e-05
2	2-166630813	170767485	13	A	G	0.099	-0.6950599	0.1351753	-326.7053	1e+05	1e+05	6.00311e-07	4.344679e-07	1.748894e-06
2	2-166647676	170790091	11	T	C	0.084	-0.6737275	0.147252	-329.2471	1e+05	1e+05	7.942364e-06	6.117072e-06	1.540488e-05
2	2-166840432	170984314	17	C	T	0.087	-0.6627049	0.1449187	-329.2574	1e+05	1e+05	8.025771e-06	6.182861e-06	1.554392e-05
2	2-167080762	171225044	15	A	G	0.088	-0.6648276	0.1414804	-328.7125	1e+05	1e+05	4.605336e-06	3.500827e-06	9.660313e-06
2	2-167139457	171284658	38	A	C	0.107	-0.6362694	0.1370701	-328.9609	1e+05	1e+05	5.93151e-06	4.536442e-06	1.199161e-05
2	2-167809286	171989724	36	T	C	0.132	-0.594433	0.1306063	-329.3495	1e+05	1e+05	8.816904e-06	6.807668e-06	1.685414e-05
2	2-167826351	172019064	16	G	A	0.084	-0.8660857	0.1810183	-328.3366	1e+05	1e+05	3.141238e-06	2.365996e-06	6.978603e-06
2	2-167827810	172020523	16	A	G	0.134	-0.6114588	0.1312984	-328.8956	1e+05	1e+05	5.549409e-06	4.237426e-06	1.132757e-05
2	2-167835325	172028038	15	T	C	0.079	-0.7577036	0.1661102	-329.3064	1e+05	1e+05	8.437504e-06	6.507857e-06	1.62277e-05
2	2-167874877	172067499	15	A	G	0.152	-0.584655	0.1117767	-326.2863	1e+05	1e+05	3.929303e-07	2.814801e-07	1.234193e-06
2	2-167876347	172068969	28	A	G	0.162	-0.5325644	0.1138863	-328.8119	1e+05	1e+05	5.095918e-06	3.883186e-06	1.053173e-05
2	2-197013362	202649705	1	A	G	0.033	1.06899	0.229482	-328.8901	1e+05	1e+05	5.518685e-06	4.213404e-06	1.127392e-05
3	3-13865270	13162355	40	T	C	0.027	-1.588455	0.325938	-327.9393	1e+05	1e+05	2.09766e-06	1.564682e-06	4.962005e-06
3	3-127963973	128478785	26	T	C	0.226	0.4610257	0.1008228	-329.2587	1e+05	1e+05	8.036549e-06	6.191364e-06	1.556188e-05
3	3-127964372	128479184	27	C	A	0.253	0.519085	0.09878891	-326.1723	1e+05	1e+05	3.501526e-07	2.501374e-07	1.123024e-06
3	3-127964386	128479198	22	T	C	0.271	0.4746348	0.09654102	-327.7456	1e+05	1e+05	1.723017e-06	1.27915e-06	4.205687e-06
3	3-127964389	128479201	21	G	C	0.27	0.4795604	0.09636563	-327.4721	1e+05	1e+05	1.305546e-06	9.627622e-07	3.333783e-06
3	3-127964495	128479307	17	G	A	0.262	0.4670733	0.09738323	-328.2846	1e+05	1e+05	2.979452e-06	2.241284e-06	6.67296e-06
3	3-127964568	128479380	14	C	T	0.256	0.5220225	0.09599589	-325.2845	1e+05	1e+05	1.428684e-07	9.986929e-08	5.421359e-07
3	3-128110575	128624892	33	A	C	0.427	0.4704723	0.09285702	-327.0567	1e+05	1e+05	8.568471e-07	6.25485e-07	2.347711e-06
3	3-159182586	160705636	13	T	C	0.052	1.057568	0.2151931	-327.7542	1e+05	1e+05	1.738136e-06	1.290646e-06	4.236637e-06
3	3-159710389	161278858	39	T	C	0.218	0.6932364	0.1406551	-327.6902	1e+05	1e+05	1.628766e-06	1.207541e-06	4.011839e-06
3	3-168813343	171361542	32	T	C	0.026	-1.246778	0.2721276	-329.2204	1e+05	1e+05	7.728515e-06	5.948472e-06	1.504757e-05
3	3-172377635	174746879	14	C	T	0.064	-0.8174565	0.1740462	-328.7226	1e+05	1e+05	4.652708e-06	3.537707e-06	9.744971e-06
3	3-172377752	174746996	17	A	G	0.07	-0.7760167	0.1671053	-328.9525	1e+05	1e+05	5.880731e-06	4.496677e-06	1.190369e-05
3	3-172377758	174747002	18	C	T	0.068	-0.786962	0.1684556	-328.8321	1e+05	1e+05	5.202008e-06	3.965992e-06	1.07187e-05
3	3-172377855	174747099	19	G	T	0.058	-0.7809477	0.1714144	-329.33	1e+05	1e+05	8.643471e-06	6.670578e-06	1.65682e-05
3	3-172377858	174747102	20	C	T	0.059	-0.7853172	0.1713853	-329.2179	1e+05	1e+05	7.708989e-06	5.933083e-06	1.501488e-05
3	3-172377918	174747162	23	C	G	0.064	-0.7965895	0.1746118	-329.3038	1e+05	1e+05	8.415188e-06	6.490232e-06	1.619074e-05
3	3-172378113	174747357	17	T	A	0.07	-0.7769312	0.1641833	-328.5679	1e+05	1e+05	3.974798e-06	3.010835e-06	8.521964e-06
3	3-207218426	210664126	6	C	A	0.068	-0.7935183	0.1592616	-327.4446	1e+05	1e+05	1.269593e-06	9.356185e-07	3.256918e-06
3	3-207218444	210664144	5	T	C	0.07	-0.8002447	0.1567164	-326.8719	1e+05	1e+05	7.106176e-07	5.16401e-07	2.010482e-06
3	3-207218523	210664223	3	A	C	0.059	-0.8134437	0.1682221	-328.1095	1e+05	1e+05	2.493663e-06	1.86783e-06	5.740776e-06
3	3-207218524	210664224	3	T	G	0.061	-0.7970615	0.1669975	-328.3881	1e+05	1e+05	3.310075e-06	2.496307e-06	7.295279e-06
3	3-207218532	210664232	2	A	T	0.067	-0.7394205	0.1614417	-329.2267	1e+05	1e+05	7.778784e-06	5.988095e-06	1.513167e-05
3	3-207218541	210664241	2	C	T	0.072	-0.7641683	0.1537263	-327.4973	1e+05	1e+05	1.33929e-06	9.882545e-07	3.40564e-06
3	3-207218611	210664311	7	A	G	0.067	-0.7833895	0.1627667	-328.2103	1e+05	1e+05	2.762522e-06	2.074321e-06	6.259517e-06
3	3-207218615	210664315	7	G	C	0.067	-0.7445539	0.1626998	-329.2433	1e+05	1e+05	7.911026e-06	6.092358e-06	1.53526e-05
3	3-213732476	217326350	16	T	C	0.122	0.5779077	0.1244256	-328.9493	1e+05	1e+05	5.861863e-06	4.481904e-06	1.187099e-05
3	3-213734968	217328842	18	T	A	0.135	0.550606	0.117411	-328.7541	1e+05	1e+05	4.804345e-06	3.655822e-06	1.00152e-05
3	3-213734992	217328866	24	A	C	0.104	0.5892233	0.1272632	-329.0126	1e+05	1e+05	6.252517e-06	4.788006e-06	1.254524e-05
3	3-213734997	217328871	25	C	T	0.105	0.5862084	0.1272444	-329.1117	1e+05	1e+05	6.91727e-06	5.309922e-06	1.36805e-05
3	3-213735004	217328878	30	C	A	0.097	0.6215151	0.134498	-329.0512	1e+05	1e+05	6.503669e-06	4.985043e-06	1.297587e-05
4	4-17291258	18406661	11	G	A	0.04	0.9828314	0.2133714	-329.1149	1e+05	1e+05	6.939971e-06	5.327766e-06	1.371902e-05
4	4-155459293	158914045	5	T	C	0.268	0.5487381	0.1141367	-328.2335	1e+05	1e+05	2.828675e-06	2.125204e-06	6.386057e-06
4	4-161429623	164425708	15	T	G	0.098	0.7461266	0.1641418	-329.3737	1e+05	1e+05	9.038214e-06	6.982696e-06	1.721803e-05
4	4-201803801	205978830	8	G	A	0.419	0.4696956	0.0942714	-327.4451	1e+05	1e+05	1.270226e-06	9.360962e-07	3.258274e-06
5	5-4313558	4423401	38	G	A	0.243	-0.478271	0.1021848	-328.7938	1e+05	1e+05	5.002565e-06	3.810357e-06	1.036678e-05
5	5-54945020	56630670	7	A	C	0.096	0.6978395	0.1488404	-328.7586	1e+05	1e+05	4.826817e-06	3.673334e-06	1.005516e-05
5	5-55016258	56695596	20	C	T	0.098	0.6567928	0.1448809	-329.4259	1e+05	1e+05	9.532927e-06	7.374319e-06	1.802756e-05
5	5-61302764	63176739	34	T	C	0.042	1.008136	0.2059196	-327.8389	1e+05	1e+05	1.894226e-06	1.409469e-06	4.553973e-06
5	5-164700430	168564855	13	T	C	0.071	-0.783127	0.1630464	-328.2542	1e+05	1e+05	2.888604e-06	2.171325e-06	6.500338e-06
5	5-164748259	168614043	27	A	G	0.081	-0.7583765	0.1579014	-328.2552	1e+05	1e+05	2.891789e-06	2.173777e-06	6.506402e-06
5	5-164969924	168833823	29	G	A	0.171	0.4989941	0.1083053	-329.1102	1e+05	1e+05	6.906893e-06	5.301765e-06	1.366289e-05
5	5-176984916	180969356	19	A	T	0.187	0.5112286	0.1081546	-328.591	1e+05	1e+05	4.06945e-06	3.084277e-06	8.69429e-06
5	5-177033367	181018069	22	T	C	0.101	-0.7262847	0.147858	-327.7653	1e+05	1e+05	1.757923e-06	1.305695e-06	4.277086e-06
5	5-183660313	188275291	10	G	A	0.04	-0.9540082	0.1995124	-328.3491	1e+05	1e+05	3.181423e-06	2.396997e-06	7.054182e-06
5	5-195897811	201034303	23	A	C	0.428	0.476882	0.1048936	-329.3707	1e+05	1e+05	9.010129e-06	6.960479e-06	1.717191e-05
6	6-93200812	95693294	21	A	G	0.201	0.5300553	0.1134624	-328.8321	1e+05	1e+05	5.201817e-06	3.965843e-06	1.071836e-05
6	6-107524266	112009641	24	A	G	0.294	-0.4428412	0.09503851	-328.8844	1e+05	1e+05	5.486453e-06	4.188206e-06	1.12176e-05
6	6-107524613	112009988	24	A	G	0.391	0.4499956	0.09109788	-327.6399	1e+05	1e+05	1.547733e-06	1.146054e-06	3.843868e-06
6	6-112281769	115948165	19	T	A	0.133	0.6314906	0.121905	-326.5251	1e+05	1e+05	5.002568e-07	3.604631e-07	1.504923e-06
6	6-112282070	115948466	31	A	T	0.162	0.5719731	0.1167836	-327.8301	1e+05	1e+05	1.877441e-06	1.396679e-06	4.520034e-06
6	6-112282114	115948510	26	A	C	0.161	0.5808477	0.1185125	-327.8146	1e+05	1e+05	1.848071e-06	1.374308e-06	4.460545e-06
6	6-112282396	115948792	23	T	C	0.168	0.6117079	0.1116854	-325.0923	1e+05	1e+05	1.176957e-07	8.188727e-08	4.637812e-07
6	6-112282423	115948819	26	C	A	0.166	0.6136552	0.1138049	-325.5083	1e+05	1e+05	1.790607e-07	1.258554e-07	6.506563e-07
6	6-112282796	115949192	8	T	C	0.159	0.6091993	0.1093704	-324.6309	1e+05	1e+05	7.393385e-08	5.086312e-08	3.195456e-07
6	6-112282797	115949193	7	G	A	0.158	0.6088922	0.1093224	-324.6328	1e+05	1e+05	7.406959e-08	5.095877e-08	3.200139e-07
6	6-112283398	115949794	14	A	G	0.159	0.5237262	0.1151411	-329.3613	1e+05	1e+05	8.923646e-06	6.892075e-06	1.702979e-05
6	6-112283514	115949910	17	T	C	0.171	0.5231255	0.1104979	-328.5584	1e+05	1e+05	3.936532e-06	2.981156e-06	8.45214e-06
6	6-112283749	115950145	7	C	T	0.149	0.5890964	0.1164308	-327.0892	1e+05	1e+05	8.855167e-07	6.469271e-07	2.412737e-06
6	6-112283751	115950147	7	A	G	0.144	0.5889584	0.1190568	-327.6072	1e+05	1e+05	1.497301e-06	1.107825e-06	3.738682e-06
6	6-112283864	115950260	9	T	G	0.16	0.5536805	0.1126475	-327.7512	1e+05	1e+05	1.732923e-06	1.286682e-06	4.22597e-06
6	6-112284553	115950949	13	T	G	0.158	0.591062	0.1116122	-325.9751	1e+05	1e+05	2.868704e-07	2.039448e-07	9.542666e-07
6	6-112297030	115962028	36	A	G	0.156	0.5900034	0.1227975	-328.2471	1e+05	1e+05	2.867855e-06	2.155354e-06	6.460808e-06
6	6-112297062	115962060	28	A	G	0.157	0.5984248	0.1211272	-327.6363	1e+05	1e+05	1.542214e-06	1.141868e-06	3.832381e-06
6	6-112297094	115962092	24	G	C	0.137	0.6356423	0.1361198	-328.8404	1e+05	1e+05	5.246054e-06	4.000383e-06	1.079618e-05
6	6-112297246	115962244	23	A	G	0.139	0.6414356	0.135147	-328.5059	1e+05	1e+05	3.731492e-06	2.822245e-06	8.076434e-06
6	6-112297452	115962450	30	T	C	0.195	0.503162	0.1102809	-329.3017	1e+05	1e+05	8.397385e-06	6.476173e-06	1.616125e-05
6	6-112297514	115962512	27	C	T	0.177	0.5500464	0.1124605	-327.8603	1e+05	1e+05	1.935953e-06	1.441273e-06	4.638156e-06
6	6-112297567	115962565	34	T	C	0.183	0.5634497	0.1138455	-327.5964	1e+05	1e+05	1.48092e-06	1.095414e-06	3.704405e-06
6	6-112297648	115962646	37	A	G	0.162	0.6238515	0.1216889	-326.7771	1e+05	1e+05	6.455475e-07	4.68028e-07	1.857017e-06
6	6-112297686	115962684	33	G	A	0.203	0.5883408	0.1106757	-325.8778	1e+05	1e+05	2.600205e-07	1.844172e-07	8.808232e-07
6	6-112298084	115963082	24	A	G	0.149	0.6285525	0.1262978	-327.4708	1e+05	1e+05	1.303836e-06	9.614703e-07	3.330133e-06
6	6-112298100	115963098	26	G	A	0.143	0.6062249	0.1300091	-328.8699	1e+05	1e+05	5.405888e-06	4.125239e-06	1.107664e-05
6	6-112298691	115963689	31	C	T	0.139	0.637343	0.1317328	-328.0978	1e+05	1e+05	2.464196e-06	1.845231e-06	5.683462e-06
6	6-112298965	115963963	29	A	G	0.168	0.5787739	0.11685	-327.5787	1e+05	1e+05	1.45454e-06	1.075436e-06	3.649089e-06
6	6-112299060	115964058	26	T	C	0.171	0.5683495	0.1150929	-327.6468	1e+05	1e+05	1.558589e-06	1.154287e-06	3.866444e-06
6	6-112299194	115964192	32	T	C	0.161	0.5656645	0.1228505	-329.1222	1e+05	1e+05	6.992015e-06	5.368684e-06	1.380727e-05
6	6-112299269	115964267	34	A	C	0.16	0.5820097	0.1248463	-328.8748	1e+05	1e+05	5.433017e-06	4.146439e-06	1.112414e-05
6	6-112299315	115964313	37	G	T	0.176	0.5471835	0.1170796	-328.8236	1e+05	1e+05	5.156756e-06	3.930667e-06	1.063901e-05
6	6-112299505	115964503	26	A	G	0.113	0.7018831	0.1503879	-328.8516	1e+05	1e+05	5.306143e-06	4.047311e-06	1.090175e-05
6	6-112299893	115964891	23	A	G	0.146	0.6339633	0.133541	-328.5009	1e+05	1e+05	3.712781e-06	2.807754e-06	8.042013e-06
6	6-112300136	115965134	15	T	C	0.148	0.609631	0.1287017	-328.5473	1e+05	1e+05	3.892449e-06	2.946973e-06	8.371589e-06
6	6-112300503	115965501	14	G	A	0.152	0.5836943	0.1133215	-326.6637	1e+05	1e+05	5.755328e-07	4.161109e-07	1.689125e-06
6	6-112300536	115965534	11	A	G	0.126	0.6208062	0.1260347	-327.7035	1e+05	1e+05	1.651056e-06	1.224468e-06	4.057827e-06
6	6-112300796	115965794	10	A	G	0.144	0.5970057	0.1148382	-326.4377	1e+05	1e+05	4.579329e-07	3.29262e-07	1.399416e-06
6	6-112300832	115965830	10	T	C	0.156	0.6407717	0.1110453	-323.6175	1e+05	1e+05	2.666458e-08	1.789541e-08	1.424921e-07
6	6-112300906	115965904	6	T	C	0.155	0.5898934	0.11205	-326.1242	1e+05	1e+05	3.3353e-07	2.379827e-07	1.079229e-06
6	6-112300940	115965938	5	T	C	0.15	0.5740362	0.1140862	-327.2188	1e+05	1e+05	1.009824e-06	7.400842e-07	2.691101e-06
6	6-115380653	119180892	35	C	T	0.347	-0.4259212	0.09264135	-329.1521	1e+05	1e+05	7.208621e-06	5.539055e-06	1.417367e-05
6	6-145531819	149418807	34	A	G	0.031	1.143816	0.2474705	-329.0468	1e+05	1e+05	6.47425e-06	4.961954e-06	1.292554e-05
6	6-155437122	159379268	39	A	G	0.255	0.4488271	0.09775365	-329.1783	1e+05	1e+05	7.404093e-06	5.692909e-06	1.450313e-05
6	6-167904614	171892627	31	G	C	0.134	0.5994496	0.1306479	-329.1917	1e+05	1e+05	7.505989e-06	5.773149e-06	1.467445e-05
7	7-99331514	102410855	48	G	A	0.302	-0.4791522	0.1001052	-328.3279	1e+05	1e+05	3.11348e-06	2.344587e-06	6.926319e-06
7	7-138533932	143224996	7	T	C	0.163	-0.5336358	0.116921	-329.2952	1e+05	1e+05	8.341875e-06	6.432339e-06	1.606926e-05
7	7-138655348	143343551	17	T	G	0.168	-0.5193629	0.1143137	-329.3836	1e+05	1e+05	9.129171e-06	7.054662e-06	1.736726e-05
7	7-138684931	143401704	44	A	G	0.188	-0.5631587	0.120651	-328.8493	1e+05	1e+05	5.29404e-06	4.037858e-06	1.08805e-05
7	7-138760534	143452581	18	C	T	0.123	-0.7156506	0.1518155	-328.6475	1e+05	1e+05	4.310249e-06	3.2713e-06	9.13033e-06
7	7-138951469	143645715	10	A	G	0.142	-0.5717545	0.1235368	-329.0201	1e+05	1e+05	6.300754e-06	4.825835e-06	1.262812e-05
7	7-138951821	143646067	13	A	G	0.146	-0.5687982	0.1231009	-329.053	1e+05	1e+05	6.515535e-06	4.994357e-06	1.299616e-05
7	7-138952223	143646469	11	A	G	0.14	-0.6235497	0.1238288	-327.2004	1e+05	1e+05	9.911905e-07	7.261018e-07	2.649725e-06
7	7-138965002	143658509	19	T	C	0.143	-0.6343452	0.1225093	-326.5358	1e+05	1e+05	5.056613e-07	3.64452e-07	1.518289e-06
7	7-138978399	143671906	4	A	G	0.097	-0.7772369	0.1628927	-328.3944	1e+05	1e+05	3.331426e-06	2.512797e-06	7.335167e-06
7	7-138979112	143672619	2	T	C	0.112	-0.8251402	0.1595154	-326.56	1e+05	1e+05	5.182245e-07	3.737284e-07	1.549272e-06
7	7-138989007	143682513	8	G	C	0.111	-0.6909096	0.1480048	-328.8472	1e+05	1e+05	5.282667e-06	4.028976e-06	1.086052e-05
7	7-138992417	143685923	5	C	G	0.084	-0.905151	0.1969299	-329.1573	1e+05	1e+05	7.247088e-06	5.569324e-06	1.423859e-05
7	7-139072219	143710557	9	C	G	0.106	-0.762492	0.1532036	-327.4698	1e+05	1e+05	1.302418e-06	9.603994e-07	3.327107e-06
7	7-138997354	143717942	8	T	G	0.147	-0.5672103	0.1237482	-329.2119	1e+05	1e+05	7.6616e-06	5.895738e-06	1.493551e-05
7	7-139015765	143740422	17	A	G	0.123	-0.6571381	0.1378202	-328.4093	1e+05	1e+05	3.382498e-06	2.552254e-06	7.43044e-06
7	7-139016491	143741148	20	T	C	0.137	-0.5894153	0.1286182	-329.2158	1e+05	1e+05	7.69216e-06	5.91982e-06	1.49867e-05
7	7-139044328	143769009	35	G	A	0.134	-0.6713852	0.1307507	-326.7385	1e+05	1e+05	6.20797e-07	4.496588e-07	1.798013e-06
7	7-139047477	143772158	19	G	C	0.158	-0.5650115	0.1210709	-328.8532	1e+05	1e+05	5.314856e-06	4.054117e-06	1.091704e-05
7	7-139047529	143772210	16	T	C	0.141	-0.5914633	0.1256907	-328.6836	1e+05	1e+05	4.471545e-06	3.396715e-06	9.420595e-06
7	7-139047558	143772239	15	T	C	0.143	-0.5971202	0.1270516	-328.7093	1e+05	1e+05	4.590084e-06	3.488954e-06	9.633032e-06
7	7-139089338	143793169	8	A	G	0.138	-0.6259182	0.1312919	-328.4125	1e+05	1e+05	3.393253e-06	2.560565e-06	7.450479e-06
7	7-139098482	143802313	16	A	G	0.108	-0.7911292	0.1624183	-327.9508	1e+05	1e+05	2.122241e-06	1.583461e-06	5.010915e-06
7	7-139098905	143802736	16	G	C	0.148	-0.6004876	0.1242535	-328.1219	1e+05	1e+05	2.525236e-06	1.892053e-06	5.802084e-06
7	7-139114884	143818714	18	T	C	0.162	-0.5736948	0.1218605	-328.6744	1e+05	1e+05	4.430033e-06	3.364427e-06	9.346025e-06
7	7-139116356	143820186	13	A	G	0.139	-0.6711754	0.1272099	-326.0688	1e+05	1e+05	3.153808e-07	2.247283e-07	1.030995e-06
7	7-139116989	143820819	9	A	G	0.15	-0.656634	0.1341454	-327.8426	1e+05	1e+05	1.901461e-06	1.414982e-06	4.568588e-06
7	7-139118248	143822078	7	T	C	0.122	-0.6564443	0.1376703	-328.4087	1e+05	1e+05	3.380208e-06	2.550484e-06	7.426172e-06
7	7-139119784	143823614	15	A	C	0.164	-0.5938064	0.1203139	-327.659	1e+05	1e+05	1.578127e-06	1.169108e-06	3.907018e-06
7	7-139124290	143828120	8	A	G	0.154	-0.5747812	0.119334	-328.1941	1e+05	1e+05	2.717611e-06	2.039793e-06	6.173373e-06
7	7-144160964	149055489	9	T	C	0.201	-0.5546082	0.1077007	-326.6696	1e+05	1e+05	5.789707e-07	4.186568e-07	1.697442e-06
7	7-152433647	157740684	12	C	G	0.298	-0.4391404	0.09204077	-328.3958	1e+05	1e+05	3.336165e-06	2.516459e-06	7.344017e-06
7	7-152482265	157789349	13	T	C	0.104	-0.6563945	0.1407473	-328.8668	1e+05	1e+05	5.389254e-06	4.112241e-06	1.104751e-05
7	7-152482548	157789632	25	A	G	0.102	-0.6941923	0.1417431	-327.8309	1e+05	1e+05	1.878954e-06	1.397832e-06	4.523096e-06
7	7-152482723	157789807	18	T	A	0.104	-0.7355824	0.1395981	-326.1016	1e+05	1e+05	3.259917e-07	2.324753e-07	1.059249e-06
7	7-152484300	157791384	40	G	T	0.084	-0.7765624	0.1553836	-327.3748	1e+05	1e+05	1.182809e-06	8.701759e-07	3.070018e-06
7	7-152484692	157791776	14	C	A	0.111	-0.7013501	0.133498	-326.1764	1e+05	1e+05	3.515877e-07	2.511875e-07	1.126788e-06
7	7-152485027	157792111	13	A	G	0.116	-0.6467058	0.1293496	-327.3658	1e+05	1e+05	1.172053e-06	8.620727e-07	3.046713e-06
7	7-152502902	157811543	29	T	A	0.092	-0.7597769	0.1625645	-328.8231	1e+05	1e+05	5.15463e-06	3.929007e-06	1.063526e-05
7	7-162042851	167478883	7	G	C	0.376	-0.3922736	0.08671029	-329.4656	1e+05	1e+05	9.927455e-06	7.686982e-06	1.86695e-05
8	8-8272643	8609469	2	T	G	0.206	0.531677	0.1152668	-329.0875	1e+05	1e+05	6.74866e-06	5.177422e-06	1.339391e-05
8	8-8272667	8609493	2	T	G	0.157	0.5704132	0.1258872	-329.4352	1e+05	1e+05	9.623423e-06	7.446009e-06	1.817509e-05
8	8-8272668	8609494	2	A	G	0.213	0.5206255	0.1129397	-329.0996	1e+05	1e+05	6.832343e-06	5.243173e-06	1.353626e-05
8	8-34183645	35130456	49	T	C	0.048	-1.280949	0.267265	-328.2999	1e+05	1e+05	3.026012e-06	2.277158e-06	6.761148e-06
8	8-34281558	35221647	42	A	G	0.066	-0.8769828	0.1866476	-328.7146	1e+05	1e+05	4.615132e-06	3.508452e-06	9.677829e-06
8	8-35096369	36056271	42	G	A	0.388	-0.4811901	0.09979868	-328.1717	1e+05	1e+05	2.656353e-06	1.99272e-06	6.055552e-06
8	8-35112812	36072714	32	C	T	0.368	-0.4544397	0.09132111	-327.473	1e+05	1e+05	1.306662e-06	9.636047e-07	3.336163e-06
8	8-35113248	36073150	29	G	A	0.362	-0.4232568	0.09061856	-328.8359	1e+05	1e+05	5.222286e-06	3.981824e-06	1.075438e-05
8	8-35113457	36073359	19	G	A	0.408	-0.4166415	0.09059808	-329.1467	1e+05	1e+05	7.168912e-06	5.507812e-06	1.41066e-05
8	8-35795771	36781922	45	G	A	0.067	-0.8134415	0.1795622	-329.4395	1e+05	1e+05	9.665527e-06	7.47937e-06	1.824367e-05
8	8-36077409	37075273	36	T	C	0.079	-0.9741178	0.1940575	-327.2735	1e+05	1e+05	1.06739e-06	7.83321e-07	2.818212e-06
8	8-36097568	37095430	3	T	C	0.077	-0.7904518	0.1713386	-329.084	1e+05	1e+05	6.724585e-06	5.15851e-06	1.335292e-05
8	8-36915081	37942206	15	A	G	0.071	-0.7808925	0.1671777	-328.8347	1e+05	1e+05	5.215781e-06	3.976745e-06	1.074294e-05
8	8-37424632	38456822	32	T	G	0.225	-0.572762	0.1039054	-324.9179	1e+05	1e+05	9.872758e-08	6.839811e-08	4.02738e-07
8	8-37424642	38456832	28	A	C	0.193	-0.579456	0.1128174	-326.732	1e+05	1e+05	6.167387e-07	4.466485e-07	1.788303e-06
8	8-37450756	38483214	24	A	G	0.179	-0.5236158	0.1143947	-329.2389	1e+05	1e+05	7.875621e-06	6.06444e-06	1.52935e-05
8	8-37450871	38483329	20	T	G	0.193	-0.5361968	0.1138472	-328.6657	1e+05	1e+05	4.390853e-06	3.33396e-06	9.27556e-06
8	8-37450927	38483385	35	T	C	0.197	-0.571913	0.1153273	-327.5517	1e+05	1e+05	1.415332e-06	1.045757e-06	3.566598e-06
8	8-37451975	38484433	20	A	G	0.185	-0.523386	0.1140748	-329.1925	1e+05	1e+05	7.512144e-06	5.777997e-06	1.468479e-05
8	8-37452360	38484818	20	T	C	0.22	-0.4863741	0.1044409	-328.8959	1e+05	1e+05	5.551481e-06	4.239046e-06	1.133118e-05
8	8-37453401	38485859	20	T	C	0.176	-0.5549956	0.1175631	-328.6173	1e+05	1e+05	4.179951e-06	3.170068e-06	8.894799e-06
8	8-37453480	38485938	23	T	G	0.168	-0.5724784	0.1222451	-328.7825	1e+05	1e+05	4.945526e-06	3.765873e-06	1.02658e-05
8	8-37454064	38486522	16	A	G	0.194	-0.5520178	0.1134669	-327.9774	1e+05	1e+05	2.180432e-06	1.62794e-06	5.126384e-06
8	8-37455305	38487763	27	T	C	0.199	-0.5347454	0.1133872	-328.6381	1e+05	1e+05	4.269147e-06	3.239358e-06	9.056135e-06
8	8-37455306	38487764	28	A	C	0.203	-0.5197478	0.1135844	-329.2448	1e+05	1e+05	7.923795e-06	6.102428e-06	1.537391e-05
8	8-37456048	38488506	18	A	G	0.196	-0.5327352	0.1125146	-328.556	1e+05	1e+05	3.926857e-06	2.973653e-06	8.434472e-06
8	8-37456131	38488589	13	T	C	0.208	-0.5506599	0.1094069	-327.2117	1e+05	1e+05	1.002589e-06	7.346546e-07	2.67505e-06
8	8-37456177	38488635	15	T	G	0.183	-0.5919101	0.1126434	-326.1712	1e+05	1e+05	3.497486e-07	2.498419e-07	1.121964e-06
8	8-37456193	38488651	17	T	C	0.192	-0.5376817	0.1126083	-328.3797	1e+05	1e+05	3.281866e-06	2.474523e-06	7.242526e-06
8	8-37456195	38488653	16	T	G	0.184	-0.5728204	0.1144115	-327.3336	1e+05	1e+05	1.134487e-06	8.337866e-07	2.965067e-06
8	8-37456204	38488662	18	A	G	0.181	-0.5414931	0.1170072	-329.0216	1e+05	1e+05	6.310467e-06	4.833453e-06	1.26448e-05
8	8-37456861	38489319	44	T	G	0.202	-0.5846611	0.1171129	-327.3997	1e+05	1e+05	1.213047e-06	8.929651e-07	3.135364e-06
8	8-37456998	38489456	12	T	C	0.207	-0.5211527	0.1055416	-327.6481	1e+05	1e+05	1.56068e-06	1.155873e-06	3.87079e-06
8	8-37457009	38489467	12	T	G	0.183	-0.5542505	0.1139014	-327.9727	1e+05	1e+05	2.170102e-06	1.620042e-06	5.105918e-06
8	8-37457043	38489501	14	A	C	0.187	-0.5303029	0.1144086	-328.9901	1e+05	1e+05	6.110803e-06	4.67691e-06	1.230129e-05
8	8-37457250	38489708	11	T	C	0.199	-0.512617	0.109372	-328.7656	1e+05	1e+05	4.861213e-06	3.700142e-06	1.011626e-05
8	8-37457251	38489709	11	T	C	0.21	-0.5056197	0.1074415	-328.6823	1e+05	1e+05	4.465641e-06	3.392123e-06	9.409995e-06
8	8-37457818	38490276	12	T	C	0.183	-0.5338817	0.115413	-329.0304	1e+05	1e+05	6.366883e-06	4.877707e-06	1.27416e-05
8	8-37458344	38490802	13	T	C	0.179	-0.5867501	0.1177028	-327.433	1e+05	1e+05	1.254745e-06	9.244139e-07	3.22508e-06
8	8-37458350	38490808	12	G	A	0.185	-0.5782339	0.1190492	-328.0129	1e+05	1e+05	2.260551e-06	1.689225e-06	5.284654e-06
8	8-37458438	38490896	13	A	G	0.177	-0.6962786	0.1195925	-323.3514	1e+05	1e+05	2.040793e-08	1.360767e-08	1.155443e-07
8	8-37458602	38491060	11	G	A	0.18	-0.5564186	0.1135477	-327.8184	1e+05	1e+05	1.85524e-06	1.379767e-06	4.475077e-06
8	8-37458639	38491097	8	T	G	0.171	-0.5337186	0.1173909	-329.37	1e+05	1e+05	9.003555e-06	6.955278e-06	1.716111e-05
8	8-37458738	38491196	20	A	C	0.146	-0.5814679	0.1275268	-329.3144	1e+05	1e+05	8.506745e-06	6.562549e-06	1.634228e-05
8	8-37481347	38513805	15	T	C	0.219	-0.5055483	0.1065854	-328.5194	1e+05	1e+05	3.783352e-06	2.862418e-06	8.171716e-06
8	8-37647132	38669604	41	A	G	0.201	-0.5301275	0.1154868	-329.1828	1e+05	1e+05	7.437691e-06	5.719364e-06	1.455965e-05
8	8-37647189	38669661	18	A	G	0.184	-0.5380602	0.1145415	-328.7194	1e+05	1e+05	4.637547e-06	3.525903e-06	9.71789e-06
8	8-37649854	38672326	17	T	A	0.19	-0.555891	0.1113456	-327.3988	1e+05	1e+05	1.211931e-06	8.921241e-07	3.132958e-06
8	8-37650192	38672664	10	T	C	0.195	-0.5105755	0.110935	-329.1309	1e+05	1e+05	7.054135e-06	5.417531e-06	1.391249e-05
8	8-37650926	38673398	7	A	G	0.179	-0.5094518	0.111052	-329.1951	1e+05	1e+05	7.53148e-06	5.793227e-06	1.471726e-05
8	8-37652809	38675281	17	G	A	0.19	-0.512879	0.1103162	-328.9295	1e+05	1e+05	5.744927e-06	4.390371e-06	1.166806e-05
8	8-37653799	38676271	8	T	C	0.198	-0.5064757	0.1066462	-328.493	1e+05	1e+05	3.68308e-06	2.784755e-06	7.987327e-06
8	8-37654197	38676669	9	G	A	0.183	-0.5106625	0.1115622	-329.2384	1e+05	1e+05	7.871995e-06	6.061581e-06	1.528744e-05
8	8-37654389	38676861	7	A	T	0.177	-0.5208582	0.112176	-328.9553	1e+05	1e+05	5.897771e-06	4.51002e-06	1.19332e-05
8	8-37654401	38676873	8	T	C	0.177	-0.545051	0.1118558	-327.9424	1e+05	1e+05	2.104251e-06	1.569717e-06	4.975127e-06
8	8-37654545	38677017	20	A	T	0.18	-0.5584752	0.1167873	-328.3478	1e+05	1e+05	3.177325e-06	2.393834e-06	7.04648e-06
8	8-37658591	38681063	15	T	A	0.162	-0.5653643	0.1246102	-329.4101	1e+05	1e+05	9.379937e-06	7.253156e-06	1.777777e-05
8	8-37658630	38681102	17	C	T	0.161	-0.5876146	0.1239277	-328.5262	1e+05	1e+05	3.809476e-06	2.88266e-06	8.219646e-06
8	8-37658634	38681106	16	G	T	0.167	-0.598837	0.1210603	-327.6084	1e+05	1e+05	1.499153e-06	1.109228e-06	3.742553e-06
8	8-37665295	38687766	14	T	C	0.175	-0.5098076	0.1126566	-329.4598	1e+05	1e+05	9.868885e-06	7.640547e-06	1.85744e-05
8	8-78874554	80766672	8	T	C	0.44	0.39707	0.08608494	-329.0876	1e+05	1e+05	6.74978e-06	5.178303e-06	1.339582e-05
8	8-78935575	80835936	15	G	C	0.41	0.3942484	0.08624258	-329.264	1e+05	1e+05	8.080245e-06	6.225837e-06	1.563463e-05
8	8-78964363	80865024	24	G	A	0.455	0.4121358	0.08760996	-328.6901	1e+05	1e+05	4.501357e-06	3.419907e-06	9.47409e-06
8	8-79128135	81032453	5	C	T	0.445	-0.4915401	0.1050488	-328.7994	1e+05	1e+05	5.031283e-06	3.832758e-06	1.041757e-05
8	8-94922954	97178308	14	G	A	0.483	-0.4014637	0.08783807	-329.2678	1e+05	1e+05	8.111677e-06	6.250637e-06	1.568694e-05
8	8-94967717	97234791	6	C	A	0.436	-0.3917464	0.08329525	-328.6949	1e+05	1e+05	4.523552e-06	3.437176e-06	9.513887e-06
8	8-167550252	173249269	18	G	C	0.094	-0.6438793	0.1418357	-329.3993	1e+05	1e+05	9.276881e-06	7.171566e-06	1.760923e-05
8	8-168954050	174595973	27	G	A	0.068	0.7853217	0.162185	-328.08	1e+05	1e+05	2.41996e-06	1.811315e-06	5.597238e-06
8	8-168961355	174603275	46	T	C	0.042	0.9982569	0.2181314	-329.2426	1e+05	1e+05	7.905612e-06	6.088089e-06	1.534356e-05
9	9-20608016	20391336	33	C	T	0.253	0.5381033	0.1084489	-327.5391	1e+05	1e+05	1.39731e-06	1.032122e-06	3.528568e-06
9	9-102332990	104795390	11	A	C	0.021	1.319999	0.2811294	-328.7288	1e+05	1e+05	4.682477e-06	3.560888e-06	9.798113e-06
9	9-151996209	154881242	20	A	G	0.102	-0.6942939	0.1474309	-328.6679	1e+05	1e+05	4.400843e-06	3.341728e-06	9.293535e-06
9	9-153574065	156460348	11	T	G	0.049	0.857623	0.1840643	-328.8854	1e+05	1e+05	5.492076e-06	4.192601e-06	1.122743e-05
10	10-9412874	9376916	9	A	C	0.106	0.6460948	0.139616	-329.0225	1e+05	1e+05	6.316155e-06	4.837914e-06	1.265456e-05
10	10-9424109	9387918	21	T	G	0.108	0.6384734	0.1378881	-329.0108	1e+05	1e+05	6.241089e-06	4.779045e-06	1.25256e-05
10	10-9476954	9446179	25	G	A	0.12	0.604759	0.1333643	-329.4204	1e+05	1e+05	9.478925e-06	7.331545e-06	1.793945e-05
10	10-32202362	33046279	21	C	T	0.081	0.8054521	0.1576105	-326.8529	1e+05	1e+05	6.970606e-07	5.063136e-07	1.978697e-06
10	10-32419627	33265866	10	A	G	0.058	0.8295784	0.1732049	-328.3142	1e+05	1e+05	3.070387e-06	2.311361e-06	6.845024e-06
10	10-32419631	33265870	12	T	G	0.087	0.6711689	0.1460842	-329.1655	1e+05	1e+05	7.307997e-06	5.61726e-06	1.43413e-05
10	10-32459610	33317946	4	C	T	0.183	0.5575329	0.1184443	-328.6773	1e+05	1e+05	4.443226e-06	3.374688e-06	9.369734e-06
10	10-83933916	83781586	9	T	C	0.262	0.4720894	0.1010485	-328.8309	1e+05	1e+05	5.19556e-06	3.960959e-06	1.070735e-05
10	10-127941329	129045125	8	G	A	0.454	-0.4006924	0.08485086	-328.6108	1e+05	1e+05	4.152368e-06	3.148648e-06	8.844815e-06
10	10-140979075	142340965	21	T	G	0.076	-0.7452258	0.1620325	-329.1448	1e+05	1e+05	7.154862e-06	5.496759e-06	1.408286e-05
10	10-146082196	147434362	6	A	T	0.288	0.4501693	0.09280164	-328.0409	1e+05	1e+05	2.325574e-06	1.739002e-06	5.41252e-06
10	10-146694231	148061794	27	C	T	0.409	-0.4251544	0.09166424	-328.9771	1e+05	1e+05	6.030489e-06	4.613975e-06	1.216271e-05
