chr	rs	ps	n_miss	allele1	allele0	af	beta	se	logl_H1	l_remle	l_mle	p_wald	p_lrt	p_score
1	1-3269100	3375091	17	G	A	0.322	-2.180523	0.4682521	-690.0486	1e+05	1e+05	5.596141e-06	4.25806e-06	1.151418e-05
1	1-3269102	3375093	18	T	A	0.326	-2.157979	0.4677167	-690.2336	1e+05	1e+05	6.757096e-06	5.165074e-06	1.352725e-05
1	1-38855275	39217767	13	T	A	0.22	2.388738	0.5269682	-690.5787	1e+05	1e+05	9.60909e-06	7.408305e-06	1.830164e-05
1	1-44176578	44357100	8	C	G	0.051	4.416972	0.9248056	-689.5261	1e+05	1e+05	3.288074e-06	2.469651e-06	7.32807e-06
1	1-84856305	86561823	38	A	G	0.351	-2.414261	0.5131141	-689.8381	1e+05	1e+05	4.516538e-06	3.418699e-06	9.592536e-06
1	1-171423393	173311001	14	T	C	0.038	-5.14472	1.120011	-690.3211	1e+05	1e+05	7.388168e-06	5.659746e-06	1.460251e-05
1	1-171445334	173332942	25	A	G	0.041	-5.354012	1.153406	-690.1127	1e+05	1e+05	5.973679e-06	4.552557e-06	1.217426e-05
1	1-179619029	181580280	37	T	C	0.249	-2.57752	0.5424661	-689.6348	1e+05	1e+05	3.672244e-06	2.765642e-06	8.046907e-06
1	1-220988231	224200961	16	T	C	0.15	2.865905	0.6318568	-690.5672	1e+05	1e+05	9.497327e-06	7.320057e-06	1.811824e-05
1	1-243644433	247249241	13	C	T	0.208	-2.523953	0.5547949	-690.5093	1e+05	1e+05	8.951811e-06	6.889684e-06	1.72192e-05
1	1-243650669	247255476	8	T	C	0.203	-2.590706	0.5538785	-689.9589	1e+05	1e+05	5.107738e-06	3.877802e-06	1.065153e-05
1	1-243678804	247283607	13	C	T	0.184	-2.525041	0.5553518	-690.5204	1e+05	1e+05	9.053378e-06	6.969765e-06	1.738709e-05
1	1-243711312	247316215	23	C	A	0.221	-2.788385	0.598997	-690.0557	1e+05	1e+05	5.636755e-06	4.289718e-06	1.158546e-05
1	1-243711335	247316238	24	A	G	0.23	-2.993055	0.6078981	-688.8659	1e+05	1e+05	1.681365e-06	1.242351e-06	4.167546e-06
1	1-243711421	247316324	33	G	C	0.22	-2.905992	0.6077459	-689.5019	1e+05	1e+05	3.208006e-06	2.408063e-06	7.176835e-06
1	1-243711442	247316345	33	T	C	0.214	-2.830476	0.6072692	-690.0301	1e+05	1e+05	5.49183e-06	4.176776e-06	1.133079e-05
1	1-243711792	247316695	38	A	G	0.264	-3.027431	0.5999986	-688.3071	1e+05	1e+05	9.541902e-07	6.953458e-07	2.599639e-06
1	1-246013806	249599187	9	T	C	0.286	-2.214579	0.4890001	-690.5965	1e+05	1e+05	9.784868e-06	7.54715e-06	1.858955e-05
1	1-246014150	249599531	13	G	C	0.289	-2.391984	0.4957833	-689.3106	1e+05	1e+05	2.641142e-06	1.973168e-06	6.090161e-06
1	1-275537510	280369381	6	T	C	0.028	-5.847354	1.272256	-690.31	1e+05	1e+05	7.30472e-06	5.594274e-06	1.446102e-05
1	1-299693645	305169350	5	C	A	0.426	-4.149508	0.8359901	-688.6842	1e+05	1e+05	1.398343e-06	1.028583e-06	3.572608e-06
2	2-90655220	92552379	10	T	C	0.099	-3.656143	0.7799405	-689.914	1e+05	1e+05	4.879193e-06	3.700161e-06	1.024418e-05
2	2-101746994	104013901	8	C	T	0.201	-2.525887	0.5465581	-690.201	1e+05	1e+05	6.536097e-06	4.992101e-06	1.314772e-05
2	2-101817933	104084829	4	C	T	0.202	-2.600035	0.5501511	-689.7466	1e+05	1e+05	4.114639e-06	3.107424e-06	8.862144e-06
2	2-102853755	105145248	13	C	T	0.282	-2.30334	0.4901995	-689.8658	1e+05	1e+05	4.645466e-06	3.518702e-06	9.824972e-06
2	2-102856204	105147697	29	T	C	0.246	-2.328928	0.5091959	-690.4054	1e+05	1e+05	8.051503e-06	6.180813e-06	1.572028e-05
2	2-102856212	105147705	31	A	G	0.233	-2.371284	0.5189488	-690.4239	1e+05	1e+05	8.204983e-06	6.301528e-06	1.597723e-05
2	2-102856213	105147706	30	T	C	0.255	-2.334075	0.5010116	-690.0399	1e+05	1e+05	5.547054e-06	4.219804e-06	1.142794e-05
2	2-102944867	105235439	20	G	A	0.161	-2.927866	0.6415102	-690.4468	1e+05	1e+05	8.399112e-06	6.454292e-06	1.630137e-05
2	2-105794209	108125527	16	A	G	0.095	-3.370906	0.743605	-690.5778	1e+05	1e+05	9.600286e-06	7.401353e-06	1.82872e-05
2	2-105811268	108156349	38	T	C	0.106	-3.412595	0.7536986	-690.6007	1e+05	1e+05	9.826931e-06	7.580385e-06	1.865836e-05
2	2-105811316	108156397	35	C	T	0.104	-3.495937	0.7487984	-689.9966	1e+05	1e+05	5.307231e-06	4.03302e-06	1.100514e-05
2	2-105815412	108160493	12	A	C	0.119	-3.116403	0.6786387	-690.3268	1e+05	1e+05	7.430671e-06	5.6931e-06	1.46745e-05
2	2-105815664	108160745	27	T	G	0.1	-3.532144	0.7621464	-690.1448	1e+05	1e+05	6.172641e-06	4.707941e-06	1.251993e-05
2	2-106017714	108357538	40	A	G	0.124	-3.327679	0.6939711	-689.4419	1e+05	1e+05	3.018242e-06	2.26225e-06	6.81629e-06
2	2-110687330	113167268	26	C	T	0.033	-5.499676	1.159062	-689.6636	1e+05	1e+05	3.781509e-06	2.849968e-06	8.249439e-06
2	2-110715361	113248116	15	G	T	0.034	-5.593302	1.228765	-690.4981	1e+05	1e+05	8.850302e-06	6.80967e-06	1.705117e-05
2	2-110716042	113248797	14	A	G	0.031	-5.862473	1.278325	-690.3528	1e+05	1e+05	7.630557e-06	5.850022e-06	1.501236e-05
2	2-166534158	170670304	4	A	G	0.094	-3.348098	0.7251223	-690.2188	1e+05	1e+05	6.656363e-06	5.086214e-06	1.335446e-05
2	2-166557827	170693968	14	A	G	0.089	-3.539001	0.7642025	-690.1599	1e+05	1e+05	6.268236e-06	4.782642e-06	1.26855e-05
2	2-166585645	170721787	14	T	C	0.087	-3.483255	0.7540007	-690.2085	1e+05	1e+05	6.586337e-06	5.031411e-06	1.323415e-05
2	2-166594965	170731106	10	G	A	0.09	-3.446609	0.7340497	-689.8808	1e+05	1e+05	4.717129e-06	3.574316e-06	9.953796e-06
2	2-166600406	170736547	41	A	G	0.116	-3.277289	0.7089412	-690.1951	1e+05	1e+05	6.497479e-06	4.96189e-06	1.308124e-05
2	2-166610340	170746480	7	A	G	0.091	-3.378195	0.7413784	-690.4783	1e+05	1e+05	8.672801e-06	6.669808e-06	1.675678e-05
2	2-166623415	170760087	15	A	G	0.099	-3.316192	0.7264157	-690.4421	1e+05	1e+05	8.358247e-06	6.422128e-06	1.623322e-05
2	2-166630813	170767485	13	A	G	0.1	-3.628626	0.7019691	-687.7312	1e+05	1e+05	5.326455e-07	3.826522e-07	1.60665e-06
2	2-166640973	170777638	4	C	G	0.06	-5.062214	1.075439	-689.8294	1e+05	1e+05	4.476519e-06	3.387673e-06	9.520209e-06
2	2-166645083	170787499	20	A	G	0.097	-3.360323	0.7334275	-690.3715	1e+05	1e+05	7.777936e-06	5.965789e-06	1.526076e-05
2	2-166647676	170790091	11	T	C	0.085	-3.476603	0.7655683	-690.5438	1e+05	1e+05	9.27315e-06	7.143123e-06	1.774958e-05
2	2-166762591	170884295	6	T	A	0.088	-3.423024	0.7436752	-690.2809	1e+05	1e+05	7.090879e-06	5.42658e-06	1.409749e-05
2	2-166781030	170902736	25	G	C	0.094	-3.376327	0.742769	-690.5252	1e+05	1e+05	9.098488e-06	7.005341e-06	1.746158e-05
2	2-167071586	171215868	18	G	A	0.091	-3.322378	0.7324302	-690.5655	1e+05	1e+05	9.480318e-06	7.306629e-06	1.809031e-05
2	2-167080762	171225044	15	A	G	0.089	-3.637738	0.7312558	-688.6337	1e+05	1e+05	1.328563e-06	9.760324e-07	3.423278e-06
2	2-167139457	171284658	38	A	C	0.109	-3.502767	0.708386	-688.7701	1e+05	1e+05	1.525678e-06	1.12464e-06	3.842291e-06
2	2-167142067	171287267	40	T	C	0.11	-3.228533	0.7116433	-690.5628	1e+05	1e+05	9.454614e-06	7.286337e-06	1.804809e-05
2	2-167826351	172019064	16	G	A	0.085	-4.301309	0.9455784	-690.5113	1e+05	1e+05	8.97038e-06	6.904323e-06	1.724991e-05
2	2-167835325	172028038	15	T	C	0.08	-3.990917	0.8622708	-690.1711	1e+05	1e+05	6.340054e-06	4.838781e-06	1.280968e-05
2	2-167874877	172067499	15	A	G	0.152	-2.983203	0.584855	-688.0518	1e+05	1e+05	7.367932e-07	5.33535e-07	2.09887e-06
2	2-197013362	202649705	0	A	G	0.034	5.563316	1.19344	-690.0276	1e+05	1e+05	5.477576e-06	4.165671e-06	1.13057e-05
3	3-13865270	13162355	40	T	C	0.025	-8.149311	1.77157	-690.2929	1e+05	1e+05	7.178184e-06	5.49503e-06	1.424607e-05
3	3-127964372	128479184	26	C	A	0.25	2.53473	0.5226786	-689.1996	1e+05	1e+05	2.359533e-06	1.757935e-06	5.538405e-06
3	3-127964389	128479201	21	G	C	0.269	2.338362	0.5112577	-690.4054	1e+05	1e+05	8.05127e-06	6.18063e-06	1.571989e-05
3	3-127964568	128479380	14	C	T	0.255	2.479635	0.5079549	-689.0556	1e+05	1e+05	2.03835e-06	1.513226e-06	4.89746e-06
3	3-157008674	158561238	39	T	C	0.445	-2.194369	0.4698252	-689.9884	1e+05	1e+05	5.263367e-06	3.998879e-06	1.092754e-05
3	3-158867936	160433709	11	T	G	0.284	-2.817012	0.5810865	-689.2071	1e+05	1e+05	2.377455e-06	1.771615e-06	5.573787e-06
3	3-158867938	160433711	10	T	G	0.278	-2.769535	0.5933533	-690.0015	1e+05	1e+05	5.333857e-06	4.053747e-06	1.10522e-05
3	3-158867953	160433726	13	A	G	0.275	-2.775131	0.5928175	-689.9421	1e+05	1e+05	5.021024e-06	3.810378e-06	1.049726e-05
3	3-158875916	160441408	18	T	C	0.373	-2.193837	0.4801666	-690.426	1e+05	1e+05	8.222517e-06	6.315323e-06	1.600655e-05
3	3-158977895	160519798	10	T	C	0.354	-2.355372	0.5199622	-690.5918	1e+05	1e+05	9.738435e-06	7.510467e-06	1.851356e-05
3	3-158977900	160519803	11	A	G	0.355	-2.400541	0.522701	-690.3249	1e+05	1e+05	7.416715e-06	5.682148e-06	1.465087e-05
3	3-159087285	160629161	26	A	G	0.349	-2.626399	0.5527146	-689.6333	1e+05	1e+05	3.666764e-06	2.761414e-06	8.036727e-06
3	3-159114614	160656714	11	A	G	0.199	-3.582943	0.7564472	-689.7005	1e+05	1e+05	3.926161e-06	2.961696e-06	8.516349e-06
3	3-159178580	160709642	20	G	A	0.309	-2.568283	0.5382678	-689.547	1e+05	1e+05	3.358644e-06	2.523962e-06	7.460944e-06
3	3-159643160	161213215	38	G	A	0.514	-2.423818	0.4871579	-688.6301	1e+05	1e+05	1.323759e-06	9.724168e-07	3.412954e-06
3	3-159643196	161213251	46	A	G	0.406	-2.337348	0.5068822	-690.2449	1e+05	1e+05	6.835592e-06	5.226545e-06	1.366167e-05
3	3-159644138	161214193	47	C	T	0.523	-2.196147	0.4810821	-690.4426	1e+05	1e+05	8.36293e-06	6.425813e-06	1.624103e-05
3	3-159644182	161214237	45	C	T	0.514	-2.2337	0.478996	-690.0201	1e+05	1e+05	5.4362e-06	4.133441e-06	1.123281e-05
3	3-159644185	161214240	45	A	G	0.5	-2.21642	0.4802059	-690.2263	1e+05	1e+05	6.706882e-06	5.12576e-06	1.344116e-05
3	3-159644646	161214701	43	C	T	0.522	-2.233445	0.4753731	-689.8679	1e+05	1e+05	4.655431e-06	3.526434e-06	9.8429e-06
3	3-159644902	161214957	25	T	C	0.439	2.43141	0.500075	-689.1432	1e+05	1e+05	2.228128e-06	1.657713e-06	5.27779e-06
3	3-159645023	161215078	44	G	A	0.455	-2.248116	0.4788947	-689.885	1e+05	1e+05	4.73705e-06	3.589779e-06	9.989559e-06
3	3-159669380	161238488	32	G	A	0.334	2.429013	0.4943733	-688.9125	1e+05	1e+05	1.762794e-06	1.304024e-06	4.335878e-06
3	3-159669381	161238489	33	G	A	0.317	2.50265	0.5061251	-688.77	1e+05	1e+05	1.5256e-06	1.124581e-06	3.842127e-06
3	3-159669638	161238746	20	G	A	0.327	2.282567	0.4814184	-689.6794	1e+05	1e+05	3.842879e-06	2.897357e-06	8.362844e-06
3	3-159669647	161238755	19	A	G	0.335	2.321135	0.4693623	-688.7675	1e+05	1e+05	1.521606e-06	1.121566e-06	3.833721e-06
3	3-159669698	161238806	22	G	A	0.325	2.253966	0.4914137	-690.35	1e+05	1e+05	7.609297e-06	5.833327e-06	1.497648e-05
3	3-159669711	161238819	25	A	G	0.338	2.307131	0.4859477	-689.6515	1e+05	1e+05	3.73511e-06	2.814151e-06	8.163532e-06
3	3-159669993	161239101	18	T	C	0.309	2.378366	0.5050429	-689.8201	1e+05	1e+05	4.434497e-06	3.355101e-06	9.44417e-06
3	3-159679021	161247492	10	G	C	0.321	2.293189	0.4805854	-689.5458	1e+05	1e+05	3.35452e-06	2.520787e-06	7.453188e-06
3	3-159679058	161247529	15	A	G	0.338	2.406354	0.4768639	-688.3049	1e+05	1e+05	9.520603e-07	6.937558e-07	2.594826e-06
3	3-159679062	161247533	15	T	A	0.333	2.373736	0.4784597	-688.695	1e+05	1e+05	1.413827e-06	1.040252e-06	3.60559e-06
3	3-159679149	161247620	6	A	G	0.315	2.167861	0.4737655	-690.3966	1e+05	1e+05	7.97912e-06	6.123902e-06	1.559889e-05
3	3-159679297	161247768	15	A	G	0.321	2.27666	0.4871777	-689.9773	1e+05	1e+05	5.204207e-06	3.952843e-06	1.082275e-05
3	3-159679378	161247849	18	G	A	0.326	2.477464	0.4922831	-688.3677	1e+05	1e+05	1.014606e-06	7.404843e-07	2.735492e-06
3	3-159710389	161278858	38	T	C	0.223	3.707836	0.7324954	-688.2322	1e+05	1e+05	8.844638e-07	6.433384e-07	2.441183e-06
3	3-159710411	161278880	40	G	A	0.231	3.344221	0.7302774	-690.3813	1e+05	1e+05	7.855844e-06	6.027006e-06	1.539183e-05
3	3-197054303	200027551	8	C	T	0.229	-2.793197	0.6105491	-690.4005	1e+05	1e+05	8.011053e-06	6.149009e-06	1.565246e-05
3	3-201402594	204518571	7	G	C	0.077	-3.986126	0.8710237	-690.3942	1e+05	1e+05	7.959748e-06	6.108673e-06	1.556638e-05
3	3-201915605	205052850	32	A	G	0.442	2.378336	0.5167198	-690.2812	1e+05	1e+05	7.093676e-06	5.428772e-06	1.410225e-05
3	3-207218426	210664126	6	C	A	0.069	-4.115915	0.8274327	-688.6352	1e+05	1e+05	1.330563e-06	9.775375e-07	3.427573e-06
3	3-207218444	210664144	5	T	C	0.071	-4.224797	0.8125529	-687.5886	1e+05	1e+05	4.611483e-07	3.301206e-07	1.427429e-06
3	3-207218523	210664223	3	A	C	0.059	-4.063231	0.8772797	-690.1571	1e+05	1e+05	6.25029e-06	4.768616e-06	1.265444e-05
3	3-207218524	210664224	3	T	G	0.062	-3.967848	0.871189	-690.4873	1e+05	1e+05	8.753021e-06	6.733009e-06	1.688992e-05
3	3-207218532	210664232	2	A	T	0.068	-4.027513	0.8346111	-689.3063	1e+05	1e+05	2.629684e-06	1.964399e-06	6.067879e-06
3	3-207218541	210664241	2	C	T	0.073	-3.999789	0.797685	-688.4522	1e+05	1e+05	1.105309e-06	8.083731e-07	2.937149e-06
3	3-207218611	210664311	7	A	G	0.067	-4.132678	0.8440691	-688.9901	1e+05	1e+05	1.907263e-06	1.413613e-06	4.631779e-06
3	3-213732455	217326329	14	G	A	0.132	3.010619	0.624143	-689.3153	1e+05	1e+05	2.653762e-06	1.982827e-06	6.114686e-06
3	3-213732476	217326350	15	T	C	0.118	3.129237	0.6466069	-689.2445	1e+05	1e+05	2.469516e-06	1.841924e-06	5.754947e-06
3	3-213732507	217326381	14	T	G	0.115	3.06123	0.6457817	-689.6838	1e+05	1e+05	3.859889e-06	2.910495e-06	8.394233e-06
3	3-213734968	217328842	17	T	A	0.137	2.880333	0.6112688	-689.8078	1e+05	1e+05	4.37917e-06	3.312228e-06	9.343909e-06
3	3-213734992	217328866	22	A	C	0.105	3.136402	0.6608381	-689.6585	1e+05	1e+05	3.761886e-06	2.834819e-06	8.213125e-06
3	3-213734997	217328871	23	C	T	0.106	3.143684	0.6602414	-689.591	1e+05	1e+05	3.51235e-06	2.642351e-06	7.749037e-06
3	3-213735004	217328878	28	C	A	0.098	3.224001	0.6990384	-690.2413	1e+05	1e+05	6.810864e-06	5.207179e-06	1.361935e-05
4	4-2667455	3237025	41	A	C	0.119	-3.402203	0.7280678	-689.9784	1e+05	1e+05	5.209778e-06	3.957177e-06	1.083262e-05
4	4-4197103	5013689	11	A	G	0.344	-2.600811	0.5732565	-690.5621	1e+05	1e+05	9.447386e-06	7.280632e-06	1.803621e-05
4	4-11289430	12144232	33	T	G	0.032	5.816289	1.225919	-689.6658	1e+05	1e+05	3.790058e-06	2.856568e-06	8.265251e-06
4	4-77487868	80286312	24	T	C	0.402	-2.278219	0.5015434	-690.5387	1e+05	1e+05	9.224647e-06	7.104854e-06	1.766967e-05
4	4-199579042	203740920	19	A	G	0.414	-2.214118	0.4852859	-690.4533	1e+05	1e+05	8.454769e-06	6.498105e-06	1.639413e-05
4	4-199579804	203741682	37	A	G	0.414	-2.389473	0.4915111	-689.1459	1e+05	1e+05	2.234302e-06	1.662418e-06	5.290082e-06
5	5-7611655	7928627	6	A	G	0.174	-2.530255	0.5579773	-690.5715	1e+05	1e+05	9.538296e-06	7.352403e-06	1.81855e-05
5	5-15730182	16267981	13	A	G	0.258	-2.360515	0.4983238	-689.6989	1e+05	1e+05	3.919672e-06	2.956681e-06	8.504404e-06
5	5-16453556	17028524	29	G	A	0.313	-2.411019	0.5117327	-689.8103	1e+05	1e+05	4.39042e-06	3.320944e-06	9.364309e-06
5	5-16453558	17028526	29	G	A	0.313	-2.411019	0.5117327	-689.8103	1e+05	1e+05	4.39042e-06	3.320944e-06	9.364309e-06
5	5-30485951	31417033	14	T	C	0.053	-4.630377	0.9474468	-689.0303	1e+05	1e+05	1.986728e-06	1.473979e-06	4.793138e-06
5	5-30548661	31489909	6	A	G	0.049	-4.839571	1.05491	-690.3459	1e+05	1e+05	7.577358e-06	5.808249e-06	1.492255e-05
5	5-69769354	71712285	14	G	T	0.053	4.345275	0.9496044	-690.3963	1e+05	1e+05	7.976717e-06	6.122013e-06	1.559486e-05
5	5-93616991	96007337	16	A	C	0.15	-2.958062	0.6382505	-690.1441	1e+05	1e+05	6.167977e-06	4.704297e-06	1.251185e-05
5	5-135348997	138595766	10	A	G	0.196	2.399752	0.5293158	-690.5757	1e+05	1e+05	9.579874e-06	7.385234e-06	1.825372e-05
5	5-164697298	168561723	29	T	A	0.073	-4.022872	0.8560653	-689.8637	1e+05	1e+05	4.635644e-06	3.511081e-06	9.807295e-06
5	5-164700421	168564846	11	T	C	0.076	-3.811348	0.8211429	-690.1144	1e+05	1e+05	5.984198e-06	4.560769e-06	1.219257e-05
5	5-164700430	168564855	12	T	C	0.071	-4.205991	0.8443238	-688.6024	1e+05	1e+05	1.287072e-06	9.448174e-07	3.33393e-06
5	5-164748259	168614043	28	A	G	0.082	-3.984003	0.8190839	-689.1348	1e+05	1e+05	2.209091e-06	1.643205e-06	5.239855e-06
5	5-167887010	171829486	27	G	A	0.21	-2.93927	0.6393937	-690.3061	1e+05	1e+05	7.275704e-06	5.571512e-06	1.441177e-05
5	5-176984916	180969356	17	A	T	0.188	2.804846	0.5682098	-688.8084	1e+05	1e+05	1.586112e-06	1.1703e-06	3.969104e-06
5	5-204861609	210212140	5	A	G	0.44	1.955353	0.4312103	-690.572	1e+05	1e+05	9.543428e-06	7.356456e-06	1.819393e-05
5	5-204861147	210212602	11	A	C	0.476	2.206995	0.428368	-687.8116	1e+05	1e+05	5.778112e-07	4.159278e-07	1.717829e-06
5	5-204861042	210212707	10	A	C	0.472	2.090196	0.4360707	-689.4502	1e+05	1e+05	3.043869e-06	2.281929e-06	6.86516e-06
5	5-204662585	210405816	27	C	T	0.418	-2.124345	0.461159	-690.265	1e+05	1e+05	6.977436e-06	5.337668e-06	1.390408e-05
5	5-207613547	213338134	28	C	T	0.067	-4.342089	0.9182263	-689.7346	1e+05	1e+05	4.06464e-06	3.068749e-06	8.770624e-06
5	5-207706314	213447474	2	A	C	0.045	-4.658236	1.002687	-690.0961	1e+05	1e+05	5.873593e-06	4.47444e-06	1.199981e-05
5	5-211497634	217272503	13	C	T	0.268	-2.581144	0.5399371	-689.5069	1e+05	1e+05	3.224439e-06	2.4207e-06	7.207916e-06
6	6-90779030	93167327	11	A	G	0.476	-2.627148	0.5614582	-689.9513	1e+05	1e+05	5.068064e-06	3.84695e-06	1.058099e-05
6	6-105028398	108213294	36	G	T	0.261	2.597897	0.54827	-689.6925	1e+05	1e+05	3.894475e-06	2.937213e-06	8.457998e-06
6	6-112281769	115948165	18	T	A	0.135	3.251306	0.6344046	-687.9388	1e+05	1e+05	6.57133e-07	4.745191e-07	1.909787e-06
6	6-112282070	115948466	29	A	T	0.163	3.126801	0.6032869	-687.6664	1e+05	1e+05	4.988975e-07	3.578333e-07	1.522579e-06
6	6-112282114	115948510	24	A	C	0.162	2.996606	0.6161555	-689.1374	1e+05	1e+05	2.214958e-06	1.647676e-06	5.251551e-06
6	6-112282396	115948792	23	T	C	0.171	3.154994	0.5810224	-686.479	1e+05	1e+05	1.503971e-07	1.047446e-07	5.744998e-07
6	6-112282423	115948819	25	C	A	0.168	3.193992	0.5912161	-686.614	1e+05	1e+05	1.723378e-07	1.204274e-07	6.411379e-07
6	6-112282796	115949192	8	T	C	0.161	3.180286	0.5680987	-685.6475	1e+05	1e+05	6.507413e-08	4.439735e-08	2.940054e-07
6	6-112282797	115949193	7	G	A	0.16	3.167841	0.568087	-685.7564	1e+05	1e+05	7.261437e-08	4.967552e-08	3.207808e-07
6	6-112283279	115949675	14	A	C	0.159	2.977385	0.6036602	-688.8268	1e+05	1e+05	1.616094e-06	1.192968e-06	4.03175e-06
6	6-112283398	115949794	14	A	G	0.161	2.750365	0.5981682	-690.3017	1e+05	1e+05	7.243456e-06	5.546218e-06	1.435701e-05
6	6-112283514	115949910	15	T	C	0.171	2.990567	0.5676739	-687.262	1e+05	1e+05	3.315045e-07	2.354001e-07	1.08986e-06
6	6-112283749	115950145	7	C	T	0.151	3.069094	0.6051077	-688.1856	1e+05	1e+05	8.436829e-07	6.129667e-07	2.347612e-06
6	6-112283751	115950147	7	A	G	0.147	3.045393	0.619295	-688.8935	1e+05	1e+05	1.729143e-06	1.278528e-06	4.266454e-06
6	6-112283864	115950260	9	T	G	0.162	2.832898	0.5866458	-689.2914	1e+05	1e+05	2.589966e-06	1.93401e-06	5.990536e-06
6	6-112284045	115950441	9	A	G	0.162	2.688544	0.5866481	-690.3663	1e+05	1e+05	7.736709e-06	5.933399e-06	1.519134e-05
6	6-112284553	115950949	12	T	G	0.16	3.142766	0.5781375	-686.4499	1e+05	1e+05	1.460483e-07	1.016426e-07	5.610922e-07
6	6-112297030	115962028	36	A	G	0.159	3.13427	0.6369728	-688.8796	1e+05	1e+05	1.705037e-06	1.260272e-06	4.216601e-06
6	6-112297062	115962060	28	A	G	0.16	3.078294	0.6304012	-689.049	1e+05	1e+05	2.024733e-06	1.502871e-06	4.869979e-06
6	6-112297094	115962092	24	G	C	0.139	3.232359	0.7095069	-690.4819	1e+05	1e+05	8.705166e-06	6.695305e-06	1.681051e-05
6	6-112297246	115962244	23	A	G	0.141	3.248093	0.7043994	-690.2452	1e+05	1e+05	6.837753e-06	5.228237e-06	1.366537e-05
6	6-112297514	115962512	27	C	T	0.179	2.745084	0.5873433	-689.9749	1e+05	1e+05	5.191151e-06	3.942684e-06	1.07996e-05
6	6-112297567	115962565	34	T	C	0.186	2.928106	0.592065	-688.7662	1e+05	1e+05	1.519586e-06	1.12004e-06	3.829468e-06
6	6-112297648	115962646	37	A	G	0.165	3.20368	0.6338527	-688.2675	1e+05	1e+05	9.166627e-07	6.673429e-07	2.514589e-06
6	6-112297686	115962684	32	G	A	0.205	3.104881	0.5747137	-686.6136	1e+05	1e+05	1.722757e-07	1.203829e-07	6.409516e-07
6	6-112298084	115963082	23	A	G	0.151	3.282668	0.656428	-688.5139	1e+05	1e+05	1.176671e-06	8.618814e-07	3.094026e-06
6	6-112298100	115963098	25	G	A	0.145	3.257806	0.6734566	-689.2536	1e+05	1e+05	2.492405e-06	1.859415e-06	5.799839e-06
6	6-112298691	115963689	31	C	T	0.141	3.333526	0.6845903	-689.1105	1e+05	1e+05	2.155388e-06	1.602295e-06	5.132585e-06
6	6-112298965	115963963	29	A	G	0.171	2.857344	0.6110315	-689.9638	1e+05	1e+05	5.133295e-06	3.897679e-06	1.069693e-05
6	6-112299060	115964058	26	T	C	0.173	2.800599	0.6018287	-690.0627	1e+05	1e+05	5.676881e-06	4.321001e-06	1.165582e-05
6	6-112299269	115964267	34	A	C	0.162	2.996299	0.6497921	-690.2452	1e+05	1e+05	6.837359e-06	5.227929e-06	1.36647e-05
6	6-112299315	115964313	37	G	T	0.178	2.783838	0.6102602	-690.4566	1e+05	1e+05	8.483432e-06	6.520671e-06	1.644187e-05
6	6-112299505	115964503	26	A	G	0.115	3.745326	0.7792372	-689.3919	1e+05	1e+05	2.868513e-06	2.147357e-06	6.529588e-06
6	6-112299893	115964891	23	A	G	0.148	3.171578	0.6968234	-690.5002	1e+05	1e+05	8.86923e-06	6.824588e-06	1.708252e-05
6	6-112300136	115965134	15	T	C	0.15	3.044833	0.6716936	-690.5783	1e+05	1e+05	9.605547e-06	7.405507e-06	1.829583e-05
6	6-112300503	115965501	14	G	A	0.154	3.228915	0.5841682	-685.9999	1e+05	1e+05	9.279503e-08	6.386507e-08	3.900475e-07
6	6-112300536	115965534	11	A	G	0.128	3.363481	0.6519433	-687.7784	1e+05	1e+05	5.587348e-07	4.018653e-07	1.671049e-06
6	6-112300796	115965794	9	A	G	0.146	3.11063	0.5964373	-687.5131	1e+05	1e+05	4.272682e-07	3.052954e-07	1.340937e-06
6	6-112300832	115965830	9	T	C	0.157	3.133022	0.5818991	-686.7029	1e+05	1e+05	1.885143e-07	1.320218e-07	6.89301e-07
6	6-112300906	115965904	6	T	C	0.157	3.103409	0.5813907	-686.9268	1e+05	1e+05	2.363025e-07	1.664097e-07	8.276197e-07
6	6-112300940	115965938	5	T	C	0.152	2.998583	0.5925689	-688.2397	1e+05	1e+05	8.911797e-07	6.483434e-07	2.456527e-06
6	6-167904614	171892627	29	G	C	0.135	3.252253	0.6778674	-689.4302	1e+05	1e+05	2.982448e-06	2.234772e-06	6.747936e-06
7	7-130262739	134244365	12	T	C	0.248	-2.413864	0.5283488	-690.4269	1e+05	1e+05	8.230153e-06	6.32133e-06	1.601931e-05
7	7-130262756	134244382	11	T	G	0.246	-2.427912	0.528427	-690.3162	1e+05	1e+05	7.351168e-06	5.630714e-06	1.45398e-05
7	7-138979112	143672619	1	T	C	0.106	-3.89582	0.86062	-690.6051	1e+05	1e+05	9.871084e-06	7.615273e-06	1.873054e-05
7	7-139044328	143769009	35	G	A	0.131	-3.161123	0.693557	-690.4732	1e+05	1e+05	8.627694e-06	6.634277e-06	1.668185e-05
7	7-139098905	143802736	15	G	C	0.147	-3.058582	0.6507511	-689.8601	1e+05	1e+05	4.618754e-06	3.497977e-06	9.776885e-06
7	7-139116356	143820186	12	A	G	0.131	-3.125009	0.6890349	-690.5687	1e+05	1e+05	9.511563e-06	7.331296e-06	1.814162e-05
7	7-152433647	157740684	11	C	G	0.301	-2.41613	0.47532	-688.1337	1e+05	1e+05	8.004655e-07	5.808195e-07	2.247675e-06
7	7-152482548	157789632	24	A	G	0.098	-3.507551	0.7510323	-689.9897	1e+05	1e+05	5.270346e-06	4.00431e-06	1.093989e-05
7	7-152482723	157789807	18	T	A	0.096	-3.657774	0.7719182	-689.6917	1e+05	1e+05	3.891034e-06	2.934554e-06	8.451657e-06
8	8-8246242	8583074	26	T	G	0.191	2.681505	0.5604132	-689.4874	1e+05	1e+05	3.160972e-06	2.371903e-06	7.087754e-06
8	8-8272643	8609469	2	T	G	0.202	2.91397	0.5958315	-689.0151	1e+05	1e+05	1.95627e-06	1.450834e-06	4.731403e-06
8	8-8272668	8609494	2	A	G	0.209	2.862335	0.5834113	-688.9446	1e+05	1e+05	1.821272e-06	1.348358e-06	4.456064e-06
8	8-34672960	35614001	18	G	C	0.145	-3.145285	0.6514287	-689.2944	1e+05	1e+05	2.598042e-06	1.940188e-06	6.006276e-06
8	8-35096369	36056271	43	G	A	0.397	-2.550071	0.5206033	-688.9803	1e+05	1e+05	1.888472e-06	1.399347e-06	4.593482e-06
8	8-35106554	36066456	5	T	C	0.313	3.239197	0.7035323	-690.2751	1e+05	1e+05	7.049361e-06	5.394035e-06	1.402675e-05
8	8-35405324	36380206	8	A	T	0.124	-3.177242	0.6916022	-690.3187	1e+05	1e+05	7.369517e-06	5.645111e-06	1.45709e-05
8	8-36077409	37075273	37	T	C	0.081	-5.046386	1.003259	-688.3797	1e+05	1e+05	1.027029e-06	7.497739e-07	2.763269e-06
8	8-36097568	37095430	3	T	C	0.078	-4.042543	0.8879799	-690.4958	1e+05	1e+05	8.829463e-06	6.793245e-06	1.701665e-05
8	8-36915081	37942206	14	A	G	0.072	-3.928555	0.8677929	-690.6038	1e+05	1e+05	9.858093e-06	7.605008e-06	1.87093e-05
8	8-37419065	38450733	17	A	G	0.19	-2.778872	0.5794567	-689.4396	1e+05	1e+05	3.011105e-06	2.256771e-06	6.802669e-06
8	8-37419185	38450853	7	T	G	0.086	-5.265688	1.148709	-690.3616	1e+05	1e+05	7.699205e-06	5.903939e-06	1.512814e-05
8	8-37421293	38452961	28	C	A	0.206	-2.787257	0.5755064	-689.2281	1e+05	1e+05	2.428759e-06	1.810789e-06	5.674865e-06
8	8-37421313	38452981	29	A	T	0.207	-2.690283	0.5857373	-690.3231	1e+05	1e+05	7.403247e-06	5.671579e-06	1.462806e-05
8	8-37421355	38453023	21	C	T	0.189	-2.712379	0.5993268	-690.6095	1e+05	1e+05	9.915945e-06	7.650726e-06	1.880384e-05
8	8-37424632	38456822	30	T	G	0.232	-2.968319	0.5300991	-685.6403	1e+05	1e+05	6.460622e-08	4.40703e-08	2.923251e-07
8	8-37424642	38456832	26	A	C	0.199	-3.03494	0.5725492	-687.1057	1e+05	1e+05	2.830768e-07	2.002346e-07	9.583507e-07
8	8-37450755	38483213	24	A	G	0.197	-2.909272	0.575255	-688.2533	1e+05	1e+05	9.035953e-07	6.575985e-07	2.484847e-06
8	8-37450756	38483214	24	A	G	0.187	-2.833036	0.5794737	-689.0223	1e+05	1e+05	1.970753e-06	1.461839e-06	4.760777e-06
8	8-37450871	38483329	19	T	G	0.2	-2.819978	0.578296	-689.0792	1e+05	1e+05	2.087788e-06	1.550835e-06	4.997009e-06
8	8-37450927	38483385	33	T	C	0.204	-2.92876	0.5866181	-688.5515	1e+05	1e+05	1.222295e-06	8.961336e-07	3.193565e-06
8	8-37451975	38484433	20	A	G	0.193	-2.690508	0.5806646	-690.149	1e+05	1e+05	6.199075e-06	4.728594e-06	1.256575e-05
8	8-37452053	38484511	18	T	A	0.213	-2.763148	0.5683292	-689.1442	1e+05	1e+05	2.230281e-06	1.659354e-06	5.282078e-06
8	8-37452360	38484818	19	T	C	0.227	-2.696296	0.5297563	-688.1033	1e+05	1e+05	7.762406e-07	5.628184e-07	2.191288e-06
8	8-37452795	38485253	35	G	C	0.193	-2.859342	0.615611	-690.1005	1e+05	1e+05	5.900307e-06	4.495287e-06	1.204641e-05
8	8-37453274	38485732	27	A	G	0.197	-2.936154	0.6122793	-689.4405	1e+05	1e+05	3.013842e-06	2.258872e-06	6.807894e-06
8	8-37453566	38486024	22	T	C	0.205	-2.719899	0.5662606	-689.4058	1e+05	1e+05	2.909429e-06	2.178739e-06	6.608137e-06
8	8-37453582	38486040	17	T	G	0.2	-2.643012	0.5688669	-690.0946	1e+05	1e+05	5.86462e-06	4.467438e-06	1.198415e-05
8	8-37453869	38486327	15	A	G	0.188	-2.713011	0.587162	-690.2048	1e+05	1e+05	6.561812e-06	5.012221e-06	1.319197e-05
8	8-37454064	38486522	15	A	G	0.2	-2.905152	0.575993	-688.3164	1e+05	1e+05	9.631691e-07	7.020499e-07	2.619912e-06
8	8-37454998	38487456	11	T	C	0.178	-2.981074	0.5957885	-688.5012	1e+05	1e+05	1.161592e-06	8.505686e-07	3.061002e-06
8	8-37455160	38487618	30	T	C	0.177	-2.998074	0.6510027	-690.2703	1e+05	1e+05	7.014705e-06	5.366874e-06	1.396766e-05
8	8-37455305	38487763	27	T	C	0.208	-2.921102	0.5744573	-688.1252	1e+05	1e+05	7.936646e-07	5.757645e-07	2.231872e-06
8	8-37455306	38487764	28	A	C	0.211	-2.847864	0.5757257	-688.7617	1e+05	1e+05	1.512719e-06	1.114855e-06	3.815003e-06
8	8-37455344	38487802	35	T	C	0.211	-2.833933	0.5720091	-688.7263	1e+05	1e+05	1.459327e-06	1.074562e-06	3.702202e-06
8	8-37455603	38488061	24	T	C	0.164	-2.97266	0.6286418	-689.7349	1e+05	1e+05	4.066016e-06	3.069813e-06	8.773144e-06
8	8-37456048	38488506	16	A	G	0.201	-2.769088	0.5730635	-689.2775	1e+05	1e+05	2.553776e-06	1.906332e-06	5.919919e-06
8	8-37456131	38488589	11	T	C	0.209	-2.730707	0.5662378	-689.32	1e+05	1e+05	2.666523e-06	1.992594e-06	6.139468e-06
8	8-37456177	38488635	13	T	G	0.189	-3.09125	0.5712574	-686.5706	1e+05	1e+05	1.6496e-07	1.15148e-07	6.189086e-07
8	8-37456193	38488651	15	T	C	0.198	-2.832939	0.5713071	-688.7065	1e+05	1e+05	1.430301e-06	1.052672e-06	3.640623e-06
8	8-37456195	38488653	14	T	G	0.19	-3.010645	0.5797363	-687.6183	1e+05	1e+05	4.75211e-07	3.404381e-07	1.463019e-06
8	8-37456204	38488662	16	A	G	0.187	-2.938594	0.5907816	-688.6363	1e+05	1e+05	1.332051e-06	9.786575e-07	3.430769e-06
8	8-37456227	38488685	24	A	G	0.199	-2.787111	0.5828578	-689.501	1e+05	1e+05	3.204929e-06	2.405697e-06	7.171013e-06
8	8-37456236	38488694	28	A	G	0.214	-2.597592	0.5654549	-690.3196	1e+05	1e+05	7.376643e-06	5.650702e-06	1.458298e-05
8	8-37456239	38488697	29	A	G	0.205	-2.748006	0.5837702	-689.8284	1e+05	1e+05	4.472008e-06	3.384177e-06	9.512052e-06
8	8-37456861	38489319	42	T	G	0.208	-3.048086	0.5939603	-687.9068	1e+05	1e+05	6.362251e-07	4.590577e-07	1.85957e-06
8	8-37456998	38489456	12	T	C	0.214	-2.783933	0.5368659	-687.6542	1e+05	1e+05	4.927791e-07	3.53338e-07	1.507239e-06
8	8-37457009	38489467	12	T	G	0.19	-2.968852	0.5761608	-687.8082	1e+05	1e+05	5.758429e-07	4.144763e-07	1.713014e-06
8	8-37457028	38489486	13	G	C	0.194	-2.803011	0.5767899	-689.1541	1e+05	1e+05	2.252795e-06	1.676516e-06	5.326876e-06
8	8-37457043	38489501	14	A	C	0.195	-2.80906	0.5798648	-689.2227	1e+05	1e+05	2.415563e-06	1.800711e-06	5.648895e-06
8	8-37457250	38489708	11	T	C	0.206	-2.849805	0.5534948	-687.8274	1e+05	1e+05	5.870854e-07	4.227685e-07	1.740481e-06
8	8-37457251	38489709	11	T	C	0.218	-2.794281	0.5444194	-687.9031	1e+05	1e+05	6.338571e-07	4.573074e-07	1.853866e-06
8	8-37457409	38489867	29	G	A	0.202	-2.952219	0.573648	-687.8384	1e+05	1e+05	5.936798e-07	4.276343e-07	1.756553e-06
8	8-37457614	38490072	8	G	C	0.159	-3.04514	0.6429287	-689.7013	1e+05	1e+05	3.929372e-06	2.964177e-06	8.522257e-06
8	8-37457818	38490276	12	T	C	0.19	-2.969558	0.5829312	-688.0824	1e+05	1e+05	7.599897e-07	5.507502e-07	2.153307e-06
8	8-37458344	38490802	13	T	C	0.187	-3.109235	0.5979112	-687.5851	1e+05	1e+05	4.594983e-07	3.289104e-07	1.423242e-06
8	8-37458350	38490808	12	G	A	0.19	-3.230827	0.6101421	-687.1323	1e+05	1e+05	2.907876e-07	2.058245e-07	9.79531e-07
8	8-37458438	38490896	13	A	G	0.179	-3.630416	0.6213318	-684.4025	1e+05	1e+05	1.860813e-08	1.231017e-08	1.098419e-07
8	8-37458602	38491060	11	G	A	0.185	-2.861864	0.582458	-688.912	1e+05	1e+05	1.761933e-06	1.303371e-06	4.334104e-06
8	8-37458639	38491097	8	T	G	0.175	-2.786044	0.5995948	-690.0927	1e+05	1e+05	5.85315e-06	4.458488e-06	1.196414e-05
8	8-37458738	38491196	20	A	C	0.153	-3.169226	0.6411573	-688.778	1e+05	1e+05	1.537946e-06	1.133906e-06	3.868094e-06
8	8-37459240	38491698	10	A	T	0.165	-3.00219	0.6445716	-690.0446	1e+05	1e+05	5.573391e-06	4.240328e-06	1.147422e-05
8	8-37459258	38491716	11	G	T	0.171	-2.718561	0.5981897	-690.5292	1e+05	1e+05	9.135941e-06	7.03488e-06	1.75234e-05
8	8-37459585	38492043	9	A	G	0.19	-2.715242	0.5860726	-690.1514	1e+05	1e+05	6.214147e-06	4.740372e-06	1.259186e-05
8	8-37459598	38492056	11	A	G	0.187	-2.769205	0.5866293	-689.7707	1e+05	1e+05	4.216834e-06	3.186508e-06	9.048739e-06
8	8-37459614	38492072	10	A	G	0.172	-2.785203	0.6026274	-690.1996	1e+05	1e+05	6.52682e-06	4.984844e-06	1.313176e-05
8	8-37459640	38492098	6	A	C	0.148	-2.943589	0.6456932	-690.4691	1e+05	1e+05	8.591688e-06	6.605918e-06	1.6622e-05
8	8-37459658	38492116	6	A	G	0.137	-3.19333	0.6971103	-690.3752	1e+05	1e+05	7.807176e-06	5.988762e-06	1.530997e-05
8	8-37462915	38495373	34	A	C	0.141	-3.870694	0.8234048	-689.8568	1e+05	1e+05	4.603171e-06	3.485889e-06	9.748817e-06
8	8-37481226	38513684	14	A	G	0.161	-3.027252	0.6380023	-689.6638	1e+05	1e+05	3.782251e-06	2.850541e-06	8.250812e-06
8	8-37481343	38513801	26	T	C	0.171	-3.104463	0.6372687	-689.1009	1e+05	1e+05	2.134455e-06	1.586356e-06	5.090669e-06
8	8-37481347	38513805	15	T	C	0.227	-2.761538	0.5410469	-688.0364	1e+05	1e+05	7.253916e-07	5.250782e-07	2.072014e-06
8	8-37481348	38513806	14	A	G	0.159	-2.93686	0.6464996	-690.5375	1e+05	1e+05	9.21291e-06	7.095595e-06	1.765033e-05
8	8-37482954	38515412	9	A	C	0.218	-2.561415	0.5495989	-690.0322	1e+05	1e+05	5.503337e-06	4.185741e-06	1.135105e-05
8	8-37647132	38669604	39	A	G	0.202	-2.763351	0.5988939	-690.2326	1e+05	1e+05	6.750254e-06	5.159717e-06	1.351553e-05
8	8-37647189	38669661	17	A	G	0.185	-2.831528	0.5923729	-689.509	1e+05	1e+05	3.231391e-06	2.426047e-06	7.221058e-06
8	8-37647333	38669805	36	T	A	0.21	-2.775383	0.5847714	-689.6585	1e+05	1e+05	3.76187e-06	2.834807e-06	8.213096e-06
8	8-37649804	38672276	18	A	G	0.184	-2.838034	0.5966157	-689.611	1e+05	1e+05	3.584415e-06	2.697903e-06	7.883513e-06
8	8-37649854	38672326	17	T	A	0.198	-2.949804	0.5653144	-687.5006	1e+05	1e+05	4.218985e-07	3.013651e-07	1.327127e-06
8	8-37649938	38672410	13	A	C	0.184	-2.692374	0.583904	-690.2459	1e+05	1e+05	6.842665e-06	5.232085e-06	1.367378e-05
8	8-37650192	38672664	10	T	C	0.203	-2.846714	0.5607686	-688.1648	1e+05	1e+05	8.261431e-07	5.999148e-07	2.307151e-06
8	8-37650468	38672940	8	A	G	0.187	-2.698387	0.5899802	-690.4056	1e+05	1e+05	8.053093e-06	6.182064e-06	1.572295e-05
8	8-37650516	38672988	10	A	C	0.184	-2.802271	0.5889601	-689.6061	1e+05	1e+05	3.566615e-06	2.684178e-06	7.850331e-06
8	8-37650797	38673269	9	A	G	0.178	-2.731892	0.5895284	-690.1467	1e+05	1e+05	6.184568e-06	4.71726e-06	1.254061e-05
8	8-37650850	38673322	6	T	C	0.185	-2.740612	0.578694	-689.7035	1e+05	1e+05	3.938155e-06	2.970964e-06	8.53842e-06
8	8-37650926	38673398	6	A	G	0.181	-2.730411	0.5732758	-689.5848	1e+05	1e+05	3.490266e-06	2.625334e-06	7.707754e-06
8	8-37652725	38675197	22	A	G	0.175	-2.820494	0.5869781	-689.3976	1e+05	1e+05	2.88528e-06	2.160216e-06	6.561796e-06
8	8-37652809	38675281	17	G	A	0.198	-2.736947	0.5607691	-689.0596	1e+05	1e+05	2.046766e-06	1.519626e-06	4.91443e-06
8	8-37653184	38675656	22	A	C	0.188	-2.781936	0.6053118	-690.3108	1e+05	1e+05	7.310454e-06	5.598772e-06	1.447075e-05
8	8-37653799	38676271	8	T	C	0.206	-2.753373	0.5410392	-688.1063	1e+05	1e+05	7.786034e-07	5.645735e-07	2.1968e-06
8	8-37654197	38676669	8	G	A	0.185	-2.71012	0.576956	-689.8724	1e+05	1e+05	4.676678e-06	3.542921e-06	9.881112e-06
8	8-37654277	38676749	7	T	C	0.195	-2.562333	0.5581728	-690.3335	1e+05	1e+05	7.481651e-06	5.733113e-06	1.476078e-05
8	8-37654368	38676840	6	T	C	0.181	-2.706829	0.5785504	-689.9535	1e+05	1e+05	5.079569e-06	3.855896e-06	1.060145e-05
8	8-37654389	38676861	7	A	T	0.179	-2.806478	0.5791826	-689.2172	1e+05	1e+05	2.40191e-06	1.790285e-06	5.622005e-06
8	8-37654401	38676873	8	T	C	0.18	-2.91613	0.5778178	-688.3022	1e+05	1e+05	9.494274e-07	6.917903e-07	2.588874e-06
8	8-37654545	38677017	20	A	T	0.183	-3.029326	0.6024698	-688.3881	1e+05	1e+05	1.035766e-06	7.563089e-07	2.782774e-06
8	8-37654564	38677036	18	T	C	0.184	-2.840394	0.5884897	-689.302	1e+05	1e+05	2.61821e-06	1.955618e-06	6.045552e-06
8	8-37656185	38678657	29	T	G	0.197	-2.719195	0.5972756	-690.4952	1e+05	1e+05	8.823808e-06	6.788789e-06	1.700728e-05
8	8-37658630	38681102	16	C	T	0.163	-3.031259	0.6426184	-689.786	1e+05	1e+05	4.282984e-06	3.237723e-06	9.169199e-06
8	8-37658634	38681106	15	G	T	0.169	-3.035266	0.6285855	-689.2925	1e+05	1e+05	2.592915e-06	1.936266e-06	5.996284e-06
8	8-37660621	38683093	11	T	C	0.19	-2.658673	0.5836966	-690.4857	1e+05	1e+05	8.739e-06	6.721961e-06	1.686666e-05
8	8-37660627	38683099	12	T	C	0.193	-2.685873	0.5797858	-690.1532	1e+05	1e+05	6.225564e-06	4.749293e-06	1.261164e-05
8	8-37661462	38683934	20	C	T	0.196	-2.684443	0.5849263	-690.3386	1e+05	1e+05	7.521082e-06	5.764066e-06	1.482746e-05
8	8-62492900	63799488	8	A	G	0.173	-2.727127	0.5754105	-689.6877	1e+05	1e+05	3.875507e-06	2.922559e-06	8.423036e-06
8	8-62492913	63799501	9	A	G	0.174	-2.752712	0.5802231	-689.6667	1e+05	1e+05	3.793456e-06	2.859191e-06	8.271535e-06
8	8-63447553	65394072	41	A	G	0.11	-3.280304	0.716918	-690.3976	1e+05	1e+05	7.987687e-06	6.130638e-06	1.561327e-05
8	8-78774269	80706419	16	T	C	0.121	-3.233015	0.7004873	-690.227	1e+05	1e+05	6.712224e-06	5.129942e-06	1.345032e-05
8	8-78874554	80766672	8	T	C	0.442	2.130653	0.4449274	-689.4701	1e+05	1e+05	3.106018e-06	2.32967e-06	6.983441e-06
8	8-78964238	80864899	13	A	G	0.414	2.038684	0.4501477	-690.5959	1e+05	1e+05	9.77929e-06	7.542743e-06	1.858043e-05
8	8-78964363	80865024	24	G	A	0.457	2.07733	0.4566595	-690.5109	1e+05	1e+05	8.96633e-06	6.90113e-06	1.724322e-05
8	8-79019570	80923066	20	T	C	0.426	2.104279	0.4485431	-689.8981	1e+05	1e+05	4.800995e-06	3.639426e-06	1.010423e-05
8	8-79112574	80997708	3	T	C	0.301	3.042977	0.631702	-689.3442	1e+05	1e+05	2.732949e-06	2.043459e-06	6.268205e-06
8	8-79128931	81031657	10	A	G	0.358	2.290802	0.4795951	-689.5243	1e+05	1e+05	3.281808e-06	2.464829e-06	7.316253e-06
8	8-79139965	81047453	16	T	C	0.449	2.017844	0.4396679	-690.3382	1e+05	1e+05	7.517625e-06	5.761352e-06	1.482162e-05
8	8-79746315	81772702	15	T	G	0.435	-2.177316	0.4545137	-689.4627	1e+05	1e+05	3.082811e-06	2.311841e-06	6.939313e-06
8	8-79746740	81773127	5	T	G	0.422	-2.101362	0.4553774	-690.2306	1e+05	1e+05	6.736689e-06	5.149096e-06	1.349228e-05
8	8-79746750	81773137	4	C	T	0.433	-2.201154	0.4473996	-688.8828	1e+05	1e+05	1.710436e-06	1.264361e-06	4.227777e-06
8	8-84778144	86915495	9	G	A	0.394	-2.267338	0.4994511	-690.5504	1e+05	1e+05	9.335431e-06	7.192269e-06	1.785211e-05
8	8-85325709	87459000	20	T	C	0.399	-2.285906	0.4826382	-689.7017	1e+05	1e+05	3.930846e-06	2.965316e-06	8.524971e-06
8	8-86549645	88814392	5	G	T	0.475	2.146989	0.460511	-690.0249	1e+05	1e+05	5.462877e-06	4.15422e-06	1.127981e-05
8	8-135302603	139732896	21	G	A	0.149	2.833469	0.6247899	-690.5698	1e+05	1e+05	9.522556e-06	7.339976e-06	1.815967e-05
8	8-135302837	139733130	19	G	A	0.158	2.698229	0.5914214	-690.4543	1e+05	1e+05	8.463033e-06	6.504611e-06	1.64079e-05
8	8-135303327	139733619	12	T	C	0.157	2.734737	0.5997647	-690.4653	1e+05	1e+05	8.558961e-06	6.580145e-06	1.656757e-05
8	8-152563504	157702800	27	T	C	0.321	-2.247757	0.477416	-689.8248	1e+05	1e+05	4.455497e-06	3.371378e-06	9.482183e-06
8	8-152564267	157703563	22	C	A	0.357	-2.372041	0.4545253	-687.4972	1e+05	1e+05	4.204202e-07	3.002833e-07	1.32332e-06
8	8-161315483	166767521	9	C	T	0.223	-2.571747	0.5379353	-689.5055	1e+05	1e+05	3.219823e-06	2.41715e-06	7.199188e-06
9	9-20608016	20391336	33	C	T	0.257	2.777717	0.5607841	-688.7312	1e+05	1e+05	1.466595e-06	1.080045e-06	3.717593e-06
9	9-145604648	148185953	7	C	T	0.112	-3.172137	0.6749331	-689.8608	1e+05	1e+05	4.621854e-06	3.500382e-06	9.782467e-06
9	9-151996209	154881242	20	A	G	0.099	-3.673816	0.7765984	-689.7264	1e+05	1e+05	4.030805e-06	3.042585e-06	8.708606e-06
10	10-9470294	9430949	11	A	G	0.09	3.657399	0.8024431	-690.4732	1e+05	1e+05	8.628147e-06	6.634634e-06	1.66826e-05
10	10-9476954	9446179	25	G	A	0.117	3.783195	0.7016787	-686.6665	1e+05	1e+05	1.817042e-07	1.271376e-07	6.691178e-07
10	10-9477131	9446356	25	A	G	0.117	3.369812	0.7374044	-690.4221	1e+05	1e+05	8.189629e-06	6.28945e-06	1.595155e-05
10	10-32198451	33042369	8	A	G	0.077	3.595464	0.7854172	-690.3882	1e+05	1e+05	7.911095e-06	6.070429e-06	1.548468e-05
10	10-32368145	33213487	10	G	A	0.12	3.256961	0.690121	-689.7756	1e+05	1e+05	4.238152e-06	3.203011e-06	9.087588e-06
10	10-32419613	33265852	12	T	C	0.074	3.992292	0.8599637	-690.1106	1e+05	1e+05	5.96107e-06	4.542714e-06	1.21523e-05
10	10-32419627	33265866	10	A	G	0.059	4.226637	0.9012136	-689.9043	1e+05	1e+05	4.831427e-06	3.66306e-06	1.015873e-05
10	10-32421895	33268134	13	G	A	0.077	3.749438	0.7941365	-689.7669	1e+05	1e+05	4.200601e-06	3.173942e-06	9.019141e-06
10	10-32459610	33317946	4	C	T	0.183	2.92011	0.6173019	-689.7273	1e+05	1e+05	4.034598e-06	3.045517e-06	8.715561e-06
10	10-32468427	33326762	10	G	A	0.064	4.215165	0.8781933	-689.4211	1e+05	1e+05	2.955081e-06	2.213767e-06	6.695597e-06
10	10-32483584	33341919	15	T	G	0.075	4.081992	0.8248251	-688.751	1e+05	1e+05	1.496372e-06	1.102515e-06	3.780531e-06
10	10-32578194	33437479	10	T	C	0.068	3.853943	0.8351774	-690.2307	1e+05	1e+05	6.737572e-06	5.149787e-06	1.349379e-05
10	10-32626435	33490991	13	G	T	0.074	3.930359	0.8398505	-689.9483	1e+05	1e+05	5.052808e-06	3.835088e-06	1.055385e-05
10	10-32707560	33588461	10	C	T	0.083	3.671894	0.7717187	-689.6058	1e+05	1e+05	3.565423e-06	2.68326e-06	7.84811e-06
10	10-32754417	33637337	14	A	T	0.077	3.605968	0.7951271	-690.5698	1e+05	1e+05	9.522193e-06	7.339689e-06	1.815907e-05
10	10-32755745	33638665	12	G	A	0.067	4.000465	0.8764674	-690.4456	1e+05	1e+05	8.388739e-06	6.446127e-06	1.628408e-05
10	10-32778591	33684592	18	T	C	0.061	4.18994	0.9038285	-690.1392	1e+05	1e+05	6.137467e-06	4.680462e-06	1.245893e-05
10	10-32845048	33729128	13	T	A	0.038	7.301266	1.536598	-689.6344	1e+05	1e+05	3.670699e-06	2.764449e-06	8.044037e-06
10	10-32850574	33734654	13	G	A	0.072	3.949564	0.8218518	-689.395	1e+05	1e+05	2.87775e-06	2.154441e-06	6.547335e-06
10	10-32987600	33875956	8	A	G	0.065	3.874767	0.841376	-690.2704	1e+05	1e+05	7.016011e-06	5.367897e-06	1.396989e-05
10	10-33032748	33929966	22	C	T	0.072	3.856459	0.8429699	-690.4007	1e+05	1e+05	8.012639e-06	6.150255e-06	1.565512e-05
10	10-33058748	33955752	15	G	T	0.07	4.083056	0.8786854	-690.0917	1e+05	1e+05	5.847128e-06	4.453789e-06	1.195362e-05
10	10-33070090	33969513	16	G	T	0.075	4.00025	0.8427961	-689.6572	1e+05	1e+05	3.756763e-06	2.830864e-06	8.20364e-06
10	10-71525900	70629262	39	T	C	0.26	-2.327618	0.5115752	-690.5069	1e+05	1e+05	8.930028e-06	6.872512e-06	1.718317e-05
10	10-83965723	83820251	8	T	C	0.182	-3.114589	0.6542954	-689.5963	1e+05	1e+05	3.531273e-06	2.656936e-06	7.784385e-06
10	10-91280195	91499012	1	G	A	0.224	3.863435	0.8383943	-690.2582	1e+05	1e+05	6.928661e-06	5.29945e-06	1.382079e-05
10	10-91586432	91665909	7	T	A	0.135	3.451766	0.7031257	-688.9312	1e+05	1e+05	1.796644e-06	1.329683e-06	4.405518e-06
10	10-122269952	123319053	17	C	G	0.098	-3.265752	0.7178622	-690.5096	1e+05	1e+05	8.954506e-06	6.891808e-06	1.722366e-05
10	10-122281655	123330756	12	T	C	0.15	-2.773564	0.6110172	-690.5521	1e+05	1e+05	9.351731e-06	7.205132e-06	1.787893e-05
10	10-122281812	123330913	17	T	A	0.163	-2.737838	0.6019304	-690.5132	1e+05	1e+05	8.987371e-06	6.917719e-06	1.727801e-05
10	10-122281966	123331067	16	G	T	0.172	-2.624257	0.5784694	-690.5636	1e+05	1e+05	9.46184e-06	7.292042e-06	1.805996e-05
10	10-122281985	123331086	14	C	G	0.173	-2.639237	0.5773698	-690.4165	1e+05	1e+05	8.143141e-06	6.252882e-06	1.587377e-05
10	10-122282003	123331104	16	T	C	0.155	-3.06816	0.601326	-688.0445	1e+05	1e+05	7.313683e-07	5.295108e-07	2.0861e-06
10	10-122282020	123331121	17	C	T	0.156	-3.005849	0.6027315	-688.577	1e+05	1e+05	1.254338e-06	9.202082e-07	3.263135e-06
