chr	rs	ps	n_miss	allele1	allele0	af	beta	se	logl_H1	l_remle	l_mle	p_wald	p_lrt	p_score
1	1-82173747	83802214	22	G	A	0.014	7.565778	1.668774	-725.9408	1.337267	1e+05	9.360953e-06	1.308703e-05	2.854184e-05
1	1-82175886	83804353	20	T	C	0.014	7.610002	1.667498	-725.8482	1.297615	1e+05	8.214919e-06	1.187777e-05	2.627388e-05
1	1-82175892	83804359	21	C	T	0.014	7.591969	1.667982	-725.8956	1.30201	1e+05	8.661412e-06	1.248151e-05	2.740978e-05
1	1-82195161	83819631	40	T	C	0.016	8.435321	1.831577	-725.7209	1.224005	1e+05	6.841273e-06	1.039449e-05	2.344976e-05
1	1-82496985	84136288	22	T	C	0.019	6.668539	1.450932	-725.6594	1.350208	1e+05	7.131425e-06	9.746294e-06	2.219912e-05
1	1-82497536	84136839	41	C	T	0.021	7.091792	1.550046	-725.6337	1.498375	1e+05	7.812677e-06	9.487864e-06	2.169743e-05
1	1-101377606	103736272	34	G	A	0.058	4.143022	0.8897611	-725.2007	1.700792	1e+05	5.466328e-06	6.032584e-06	1.478206e-05
1	1-101407080	103765738	36	G	A	0.048	4.566265	0.9815923	-725.4717	1.300957	1e+05	5.574809e-06	8.008245e-06	1.87876e-05
1	1-148940589	150788422	34	T	C	0.063	4.217872	0.9114934	-725.0456	2.672559	1e+05	6.211436e-06	5.129854e-06	1.289293e-05
1	1-149020016	150921396	22	G	T	0.055	4.55164	0.9533037	-724.4369	2.482369	1e+05	3.220381e-06	2.718727e-06	7.571163e-06
1	1-149045421	150946707	43	T	C	0.063	4.166668	0.9071793	-725.225	2.459564	1e+05	7.22739e-06	6.187319e-06	1.510172e-05
1	1-149088125	150989400	25	A	G	0.072	3.710993	0.820489	-725.4302	3.08085	1e+05	9.811429e-06	7.66783e-06	1.810818e-05
1	1-180543296	182484366	19	C	A	0.023	8.685107	1.878829	-725.2042	1.864468	1e+05	6.344684e-06	6.054243e-06	1.482687e-05
1	1-181651251	183602864	11	A	G	0.092	3.296013	0.7288958	-725.9393	1.339412	1e+05	9.853112e-06	1.306766e-05	2.850574e-05
1	1-185811466	187952745	38	C	A	0.074	5.681573	1.13278	-724.661	0.7001	1e+05	1.062766e-06	3.434061e-06	9.203555e-06
1	1-246739472	250317209	34	T	G	0.025	6.056034	1.317665	-725.196	2.404427	1e+05	7.1316e-06	6.002535e-06	1.471985e-05
1	1-247682408	251636384	5	G	C	0.342	2.160218	0.4343603	-723.5467	2.44041	1e+05	1.294627e-06	1.076703e-06	3.514492e-06
1	1-298487384	303903040	32	A	G	0.02	6.257779	1.361068	-725.1411	2.677274	1e+05	7.079742e-06	5.668127e-06	1.402453e-05
2	2-113273630	115926343	15	T	C	0.087	4.020491	0.8638175	-724.7472	9.846444	1e+05	5.515042e-06	3.757042e-06	9.923545e-06
2	2-113528844	116176572	15	A	G	0.08	4.159412	0.9016314	-724.9563	15.97309	1e+05	6.613159e-06	4.673293e-06	1.191983e-05
2	2-138031796	142144532	27	T	G	0.053	4.626731	0.9947842	-725.2925	1.590637	1e+05	5.597226e-06	6.639943e-06	1.603048e-05
2	2-154640231	158624500	42	T	C	0.304	2.253574	0.4814348	-724.7495	1e+05	1e+05	4.900156e-06	3.766401e-06	9.944269e-06
2	2-154640261	158624530	43	T	C	0.308	2.320197	0.4771326	-723.9434	1e+05	1e+05	2.156501e-06	1.626263e-06	4.939384e-06
2	2-162292763	166265300	7	A	G	0.029	6.88978	1.455261	-724.466	3.342917	1e+05	3.859215e-06	2.80227e-06	7.764842e-06
3	3-64486018	64577783	14	A	G	0.091	4.194626	0.8988781	-724.8125	1e+05	1e+05	5.224964e-06	4.022039e-06	1.050751e-05
3	3-136969067	137623545	32	A	G	0.022	8.250656	1.742518	-724.4556	25.21999	1e+05	3.850402e-06	2.772115e-06	7.695034e-06
3	3-175616188	178130695	34	A	G	0.013	8.824625	1.889424	-724.8945	2.278094	1e+05	5.132404e-06	4.381192e-06	1.129014e-05
4	4-30381267	31859119	9	A	T	0.022	8.517012	1.866367	-725.8913	1.233769	1e+05	8.225932e-06	1.242576e-05	2.730521e-05
4	4-92317560	95809837	17	A	G	0.032	5.788639	1.257053	-725.0911	2.744517	1e+05	6.858333e-06	5.379973e-06	1.342074e-05
4	4-94597661	103574168	4	G	C	0.011	11.08235	2.336153	-724.3811	4.290835	1e+05	3.698867e-06	2.565036e-06	7.212487e-06
4	4-139153232	142297970	22	T	C	0.033	7.720383	1.502884	-722.5771	6.028887	1e+05	5.987267e-07	3.936726e-07	1.545542e-06
4	4-153799981	157353948	37	A	G	0.383	-2.118462	0.4605846	-725.1024	1e+05	1e+05	7.023725e-06	5.443872e-06	1.355502e-05
4	4-163281503	166307121	47	T	A	0.207	2.779207	0.568658	-723.6929	5.588276	1e+05	1.927161e-06	1.2534e-06	3.983098e-06
4	4-172557923	175615502	18	G	T	0.188	2.7673	0.5927637	-724.789	113.7459	1e+05	5.179712e-06	3.924688e-06	1.029365e-05
4	4-189732427	193731919	15	G	A	0.44	-2.477236	0.544016	-725.5474	1.817176	1e+05	8.5855e-06	8.668049e-06	2.009345e-05
4	4-199549217	203703746	21	T	A	0.488	-2.152852	0.4734655	-725.8179	1.319323	1e+05	8.835869e-06	1.15064e-05	2.557142e-05
4	4-205141894	209505310	37	G	A	0.291	2.384411	0.511431	-725.0541	1.908171	1e+05	5.325114e-06	5.175955e-06	1.299048e-05
5	5-86591153	88872030	23	A	C	0.064	4.247017	0.9396848	-725.4631	3.000276	1e+05	9.952117e-06	7.93635e-06	1.864444e-05
5	5-101080604	103592938	16	T	C	0.016	10.62724	2.148907	-723.7224	2.146506	1e+05	1.473841e-06	1.29244e-06	4.085154e-06
5	5-114269593	117117264	32	A	C	0.02	11.63201	2.062202	-720.1993	3.313025	1e+05	4.994866e-08	3.371887e-08	2.188015e-07
5	5-119253901	122061400	26	G	A	0.041	7.063455	1.529414	-725.4751	1.478236	1e+05	6.463472e-06	8.036699e-06	1.88442e-05
5	5-140072489	143403229	18	A	G	0.072	3.936817	0.8618531	-727.2752	0.4722311	1e+05	8.068204e-06	5.324381e-05	9.592589e-05
5	5-142364299	145684874	21	A	G	0.066	4.667528	0.922758	-725.232	0.4850867	1e+05	8.698502e-07	6.232969e-06	1.519581e-05
5	5-164447461	168300882	21	A	G	0.031	8.140681	1.657256	-723.7883	2.420347	1e+05	1.718953e-06	1.384064e-06	4.322769e-06
5	5-199259495	204541136	11	G	A	0.221	2.352429	0.5150182	-725.2671	2.986563	1e+05	8.074862e-06	6.465609e-06	1.567383e-05
6	6-44688068	46285778	3	T	C	0.317	-2.559924	0.5554368	-725.472	1.616525	1e+05	6.741176e-06	8.011134e-06	1.879335e-05
6	6-45924288	47473857	17	A	G	0.118	3.454491	0.7582257	-725.7694	1.268844	1e+05	8.495732e-06	1.093567e-05	2.448596e-05
6	6-82234515	85115127	14	A	G	0.057	4.210693	0.901364	-724.6466	4.995267	1e+05	5.111241e-06	3.38282e-06	9.088432e-06
6	6-82236404	85117015	14	T	C	0.03	5.327316	1.169186	-726.2492	1.000145	1e+05	8.480512e-06	1.808529e-05	3.765646e-05
6	6-82237762	85118373	14	A	C	0.023	6.67138	1.302864	-723.4759	1.211855	1e+05	6.476448e-07	1.00033e-06	3.308175e-06
6	6-82249708	85130315	8	A	G	0.016	7.342506	1.593162	-725.0863	2.798665	1e+05	6.743717e-06	5.352767e-06	1.33635e-05
6	6-82260015	85139724	13	A	G	0.025	6.649863	1.25879	-722.6474	1.252471	1e+05	2.9686e-07	4.234093e-07	1.639538e-06
6	6-82316243	85196292	14	G	T	0.041	4.786774	1.008713	-724.4861	2.857402	1e+05	3.672666e-06	2.86165e-06	7.901976e-06
6	6-82370438	85251495	4	A	G	0.015	7.944725	1.703396	-725.0944	1.763241	1e+05	5.282375e-06	5.398255e-06	1.345918e-05
6	6-82380867	85261922	20	A	T	0.016	7.546215	1.619858	-725.2589	1.445379	1e+05	5.412446e-06	6.410392e-06	1.55606e-05
6	6-82543589	85438027	5	C	T	0.022	6.304469	1.393902	-725.624	1.919116	1e+05	9.811901e-06	9.391571e-06	2.151003e-05
7	7-6304144	6675683	33	T	G	0.068	3.814622	0.8273878	-725.2104	2.134337	1e+05	6.694156e-06	6.094092e-06	1.490926e-05
7	7-9550512	9826848	16	A	C	0.069	3.614458	0.7944361	-725.1929	4.377292	1e+05	8.732365e-06	5.983132e-06	1.467966e-05
7	7-9805208	10084666	17	G	A	0.086	3.380159	0.721498	-725.6349	1.071628	1e+05	4.814453e-06	9.499162e-06	2.17194e-05
7	7-9805283	10084741	23	A	G	0.076	3.669728	0.7609034	-724.659	1.4473	1e+05	2.587628e-06	3.427009e-06	9.187726e-06
7	7-12570609	12987354	19	A	G	0.084	3.522764	0.7627285	-724.8758	5.993166	1e+05	6.456984e-06	4.296702e-06	1.110689e-05
7	7-13562000	14047403	12	G	T	0.05	4.428707	0.9660724	-725.7697	1.222054	1e+05	7.510068e-06	1.093956e-05	2.449338e-05
7	7-18961675	19630908	16	T	G	0.046	4.851825	1.063831	-725.1961	18.84926	1e+05	8.323642e-06	6.00316e-06	1.472115e-05
7	7-19138817	19827587	42	T	C	0.215	2.393305	0.5272884	-725.4243	2.614765	1e+05	9.153504e-06	7.620825e-06	1.801404e-05
7	7-22562929	23624364	22	A	G	0.483	-2.103158	0.4495959	-725.0843	1.936806	1e+05	4.967492e-06	5.341891e-06	1.334061e-05
7	7-23728458	24770769	20	T	C	0.127	2.993721	0.6041922	-723.4644	3.804839	1e+05	1.41033e-06	9.884681e-07	3.275906e-06
7	7-27782658	28863289	45	C	A	0.189	2.623397	0.5605669	-726.0927	0.760791	1e+05	4.923188e-06	1.534749e-05	3.271074e-05
7	7-40626005	42138721	41	G	T	0.086	3.7837	0.7597452	-723.3444	3.705837	1e+05	1.253741e-06	8.726157e-07	2.957251e-06
7	7-40861078	42356583	19	C	T	0.028	5.957255	1.268696	-724.5887	4.514717	1e+05	4.591222e-06	3.184684e-06	8.640815e-06
7	7-40861026	42356635	22	C	T	0.028	5.999848	1.267096	-724.4207	4.299811	1e+05	3.846741e-06	2.673071e-06	7.464939e-06
7	7-43046622	44602234	14	A	G	0.068	4.298552	0.8572797	-723.8341	1.321061	1e+05	1.069871e-06	1.45153e-06	4.496129e-06
7	7-69123121	71254964	7	G	A	0.033	7.670006	1.509117	-722.9767	2.710576	1e+05	7.758993e-07	5.957357e-07	2.164355e-06
7	7-77215245	79801829	22	A	G	0.012	9.640222	2.123183	-725.3239	3.253069	1e+05	9.091329e-06	6.861573e-06	1.648201e-05
7	7-85704870	88505104	10	T	C	0.24	-2.309056	0.4881114	-724.7487	1.950186	1e+05	3.925616e-06	3.763215e-06	9.937214e-06
7	7-85704883	88505117	10	T	C	0.235	-2.307786	0.4959376	-725.0441	2.058117	1e+05	5.538283e-06	5.122173e-06	1.287666e-05
7	7-85706692	88506925	9	A	G	0.324	-2.457917	0.4754926	-722.7555	1.836373	1e+05	5.134759e-07	4.736418e-07	1.795776e-06
7	7-85716808	88517041	2	A	G	0.13	-3.884462	0.8536814	-725.2069	4.052573	1e+05	8.712138e-06	6.071308e-06	1.486216e-05
7	7-85716837	88517070	4	T	C	0.142	-4.069882	0.82466	-723.5213	3.6091	1e+05	1.545098e-06	1.048669e-06	3.439048e-06
7	7-85716843	88517076	3	A	G	0.126	-4.09285	0.8772666	-725.0928	1.82988	1e+05	5.249473e-06	5.389374e-06	1.344051e-05
7	7-85719489	88519722	10	T	C	0.139	-3.960672	0.8268886	-724.5188	1.920703	1e+05	3.005776e-06	2.960929e-06	8.130309e-06
7	7-85738189	88538421	12	T	G	0.38	-2.333179	0.4613422	-722.9409	5.078507	1e+05	8.734007e-07	5.740683e-07	2.099966e-06
7	7-85739083	88539315	16	G	A	0.392	-2.077916	0.4528326	-725.0732	3.929426	1e+05	7.364497e-06	5.279876e-06	1.320994e-05
7	7-85747514	88547746	19	C	A	0.388	-2.057571	0.4538239	-725.5308	2.316476	1e+05	9.356113e-06	8.518753e-06	1.979919e-05
7	7-85747818	88548050	14	C	T	0.295	-2.458839	0.5378215	-725.4457	2.046384	1e+05	7.928434e-06	7.793646e-06	1.835976e-05
7	7-85753166	88553398	13	G	A	0.405	-2.043257	0.4443169	-725.1684	2.549217	1e+05	7.050179e-06	5.832266e-06	1.436652e-05
7	7-85753778	88554010	7	T	C	0.392	-2.052734	0.4497524	-725.3302	2.580904	1e+05	8.199924e-06	6.906861e-06	1.657403e-05
7	7-85785535	88585763	31	C	A	0.455	-2.217172	0.4755491	-724.7792	3.752542	1e+05	5.322562e-06	3.884724e-06	1.020564e-05
7	7-85785551	88585779	27	T	C	0.408	-2.209705	0.4788633	-725.0929	2.561759	1e+05	6.576211e-06	5.389961e-06	1.344174e-05
7	7-85785583	88585811	30	G	A	0.502	-2.209017	0.4823383	-725.0969	4.365462	1e+05	7.65719e-06	5.412508e-06	1.348914e-05
7	7-85786027	88586255	37	C	T	0.434	-2.142804	0.4720543	-725.4805	2.4501	1e+05	9.136612e-06	8.082707e-06	1.893568e-05
7	7-85787031	88587259	44	G	A	0.503	-2.166786	0.4600951	-724.502	6.130542	1e+05	4.315755e-06	2.909658e-06	8.012536e-06
7	7-85787045	88587273	39	T	G	0.472	-2.168208	0.4742107	-725.228	3.091142	1e+05	7.914743e-06	6.206758e-06	1.51418e-05
7	7-85787150	88587378	24	A	G	0.404	-2.20479	0.4627236	-724.3158	3.727024	1e+05	3.365777e-06	2.396566e-06	6.815561e-06
7	7-85787299	88587527	33	T	C	0.435	-2.127999	0.4701027	-725.389	3.416394	1e+05	9.652541e-06	7.344875e-06	1.745977e-05
7	7-85787528	88587756	31	A	G	0.448	-2.335311	0.4967693	-724.5789	3.996646	1e+05	4.48142e-06	3.15245e-06	8.56761e-06
7	7-85787693	88587921	28	T	C	0.471	-2.151225	0.4726615	-725.4619	2.288206	1e+05	8.672264e-06	7.926879e-06	1.862557e-05
7	7-85788689	88588917	33	T	C	0.407	-2.156479	0.4686227	-725.1632	2.632477	1e+05	6.955201e-06	5.800739e-06	1.430094e-05
7	7-85817513	88617939	43	T	C	0.424	-2.396571	0.467843	-722.6883	4.01367	1e+05	6.413701e-07	4.417827e-07	1.697038e-06
7	7-85823638	88624127	48	A	T	0.465	-2.226111	0.4786096	-724.9799	2.410373	1e+05	5.5919e-06	4.789819e-06	1.216943e-05
7	7-85823862	88624351	42	T	A	0.445	-2.291929	0.4730694	-724.0693	2.640977	1e+05	2.341316e-06	1.853931e-06	5.505917e-06
7	7-85824258	88624747	33	G	A	0.438	-2.375062	0.4709397	-723.1552	2.848788	1e+05	9.334746e-07	7.169857e-07	2.517823e-06
7	7-85824262	88624751	36	C	G	0.431	-2.413662	0.4768087	-723.0425	3.055144	1e+05	8.540775e-07	6.378751e-07	2.288463e-06
7	7-85824265	88624754	35	A	T	0.442	-2.38691	0.4756103	-723.2549	2.966763	1e+05	1.047807e-06	7.951875e-07	2.740417e-06
7	7-85824294	88624783	35	C	T	0.437	-2.313808	0.473123	-723.8682	2.740609	1e+05	1.899099e-06	1.503939e-06	4.629919e-06
7	7-85824315	88624804	38	C	T	0.436	-2.210419	0.4786988	-725.0716	2.719347	1e+05	6.487688e-06	5.27128e-06	1.319181e-05
7	7-85828964	88629453	14	T	C	0.379	-2.338692	0.4655329	-723.099	9.395622	1e+05	1.023234e-06	6.763376e-07	2.400537e-06
7	7-85829643	88630132	19	G	T	0.484	-2.362618	0.4692465	-723.0427	6.096321	1e+05	9.707106e-07	6.380106e-07	2.288859e-06
7	7-85829672	88630161	21	T	A	0.491	-2.35311	0.4621438	-722.7821	5.340872	1e+05	7.425657e-07	4.868928e-07	1.836503e-06
7	7-85829797	88630286	37	T	A	0.452	-2.254897	0.4727683	-724.2448	7.335771	1e+05	3.294419e-06	2.225695e-06	6.408615e-06
7	7-85829800	88630289	37	T	G	0.444	-2.170936	0.4756852	-725.1896	3.970479	1e+05	8.211882e-06	5.962964e-06	1.463786e-05
7	7-85842088	88644121	17	G	C	0.475	2.207193	0.4608441	-724.1656	10.10411	1e+05	3.011123e-06	2.049365e-06	5.983618e-06
7	7-85842108	88644141	17	A	G	0.47	2.117227	0.4615298	-725.0452	9.43969	1e+05	7.406439e-06	5.127806e-06	1.288859e-05
7	7-85850038	88652070	29	T	A	0.5	2.139167	0.4640843	-724.9517	9.620102	1e+05	6.723763e-06	4.650922e-06	1.187181e-05
7	7-85857657	88660377	14	T	C	0.511	-2.283202	0.5028142	-725.3301	3.140014	1e+05	9.07604e-06	6.905764e-06	1.65718e-05
7	7-85907341	88709853	24	G	A	0.39	-2.165212	0.4609874	-724.6927	2.922367	1e+05	4.564088e-06	3.549553e-06	9.462106e-06
7	7-86402223	89207326	43	C	T	0.434	2.560635	0.5553119	-725.0522	1e+05	1e+05	6.672835e-06	5.165771e-06	1.296894e-05
7	7-86879018	89701830	26	A	G	0.227	-2.917239	0.5522696	-722.9627	1.196208	1e+05	2.975398e-07	5.871814e-07	2.138983e-06
7	7-86972459	89795260	24	A	G	0.086	3.563339	0.7824464	-725.3222	2.327708	1e+05	8.567143e-06	6.849523e-06	1.645752e-05
7	7-86984435	89807236	8	T	C	0.038	6.813819	1.461462	-725.064	1.940746	1e+05	5.32286e-06	5.229519e-06	1.310368e-05
7	7-86984879	89807680	21	C	G	0.042	6.57208	1.414067	-725.2421	1.66433	1e+05	5.680763e-06	6.299149e-06	1.533204e-05
7	7-86986182	89808181	32	A	G	0.045	5.861453	1.269159	-725.3579	1.687093	1e+05	6.464399e-06	7.109796e-06	1.698534e-05
7	7-87019308	89844287	24	T	C	0.077	3.733781	0.8236344	-725.6679	1.720121	1e+05	9.378673e-06	9.833108e-06	2.236725e-05
7	7-87020253	89845232	25	A	G	0.075	3.870365	0.8525187	-725.9527	1.277534	1e+05	9.112718e-06	1.325176e-05	2.884863e-05
7	7-87020865	89845844	42	T	G	0.068	4.516589	0.9249678	-724.1611	1.758601	1e+05	1.965962e-06	2.03994e-06	5.960748e-06
7	7-87027759	89852738	25	G	C	0.082	3.727409	0.7909867	-724.9213	1.761428	1e+05	4.259733e-06	4.505647e-06	1.155915e-05
7	7-87029490	89854469	41	A	C	0.081	3.72444	0.8205377	-725.5535	1.990522	1e+05	9.1482e-06	8.723434e-06	2.020244e-05
7	7-87051592	89876569	29	A	G	0.064	4.601353	0.9166047	-723.2447	2.871647	1e+05	1.041094e-06	7.867754e-07	2.716653e-06
7	7-87051821	89876798	41	T	C	0.086	3.657466	0.8001201	-725.5626	1.677062	1e+05	7.952871e-06	8.806798e-06	2.03663e-05
7	7-87076981	89901430	36	T	C	0.069	4.09629	0.879393	-725.1317	1.766163	1e+05	5.423921e-06	5.612532e-06	1.390838e-05
7	7-87086845	89911280	5	T	A	0.044	5.921546	1.20299	-723.9678	1.744519	1e+05	1.639818e-06	1.668077e-06	5.044319e-06
7	7-87087220	89911655	0	A	G	0.041	6.169038	1.357102	-725.9635	1.283108	1e+05	8.884643e-06	1.340232e-05	2.912859e-05
7	7-87091055	89915490	34	A	G	0.163	-3.041763	0.6579094	-725.1718	2.207581	1e+05	6.323464e-06	5.853172e-06	1.440998e-05
7	7-87102063	89925798	35	A	T	0.088	3.70254	0.7989541	-725.2434	1.811738	1e+05	6.027699e-06	6.307594e-06	1.534941e-05
7	7-87111082	89935643	13	T	C	0.082	3.668333	0.7614806	-724.627	1.457738	1e+05	2.653028e-06	3.314398e-06	8.934307e-06
7	7-87005795	89956286	9	A	G	0.047	5.178102	1.106808	-725.1997	1.481288	1e+05	4.955948e-06	6.025778e-06	1.476797e-05
7	7-87251395	90035884	29	A	G	0.071	3.782511	0.819827	-725.1436	2.340082	1e+05	6.596172e-06	5.682902e-06	1.405537e-05
7	7-87235227	90052054	19	G	C	0.075	3.648299	0.8068998	-725.811	1.628796	1e+05	9.876537e-06	1.142284e-05	2.541294e-05
7	7-87218566	90085988	7	A	G	0.153	2.832877	0.552545	-723.1751	1.446052	1e+05	6.281838e-07	7.319587e-07	2.560743e-06
7	7-87218427	90086127	10	C	G	0.126	3.029937	0.5973199	-724.2233	0.7905834	1e+05	8.130418e-07	2.176261e-06	6.290008e-06
7	7-87218399	90086155	9	T	C	0.121	3.208731	0.5952873	-722.5406	0.895789	1e+05	1.753339e-07	3.790529e-07	1.49888e-06
7	7-87218247	90086307	8	C	G	0.071	3.750446	0.8116099	-725.3824	1.617497	1e+05	6.390145e-06	7.293996e-06	1.735727e-05
7	7-87537310	90397557	2	T	A	0.041	6.298719	1.372796	-725.4824	1.696488	1e+05	7.379487e-06	8.098509e-06	1.896708e-05
7	7-87551177	90410608	32	A	G	0.075	4.057758	0.7967744	-723.006	2.295642	1e+05	7.390401e-07	6.141553e-07	2.218781e-06
7	7-87552181	90411612	16	G	A	0.3	2.049527	0.4487339	-725.5759	1.545799	1e+05	8.0857e-06	8.93099e-06	2.061004e-05
7	7-87599899	90481604	30	T	C	0.054	5.22555	0.9889357	-722.27	1.831477	1e+05	2.950305e-07	2.8641e-07	1.195106e-06
7	7-87599378	90482125	48	T	C	0.065	4.23959	0.8844116	-724.3853	2.116051	1e+05	2.954023e-06	2.576467e-06	7.239272e-06
7	7-87586646	90494855	24	G	A	0.057	4.221871	0.867509	-724.2012	1.771318	1e+05	2.118651e-06	2.126779e-06	6.17087e-06
7	7-87650031	90512572	6	A	G	0.075	3.638478	0.7867368	-725.4107	1.539953	1e+05	6.284701e-06	7.513066e-06	1.779793e-05
7	7-87650151	90512692	3	C	G	0.07	3.831116	0.7853355	-724.1846	1.715072	1e+05	2.008393e-06	2.090394e-06	6.082994e-06
7	7-87683305	90545843	37	A	G	0.069	4.185608	0.8484728	-723.9715	1.646171	1e+05	1.560305e-06	1.674559e-06	5.060548e-06
7	7-88136541	91010787	22	G	A	0.064	4.273152	0.8279845	-722.6325	2.499329	1e+05	5.34262e-07	4.169514e-07	1.619225e-06
7	7-88141034	91024437	12	A	G	0.077	3.551944	0.7842797	-725.8811	1.46163	1e+05	9.558435e-06	1.229348e-05	2.705681e-05
7	7-88142732	91026134	3	T	C	0.074	3.552277	0.7803378	-725.7882	1.41392	1e+05	8.637238e-06	1.115368e-05	2.490144e-05
7	7-88143235	91026632	16	G	A	0.067	3.987896	0.839199	-724.781	1.687301	1e+05	3.565258e-06	3.891982e-06	1.022163e-05
7	7-88143844	91027241	21	A	G	0.333	2.480357	0.5288411	-724.7018	3.165591	1e+05	4.703061e-06	3.583488e-06	9.537841e-06
7	7-88144288	91027685	5	T	C	0.311	2.982935	0.5739155	-722.4578	2.546725	1e+05	4.482562e-07	3.479125e-07	1.398414e-06
7	7-88144307	91027704	5	T	C	0.331	2.784231	0.5760333	-724.2275	2.25988	1e+05	2.46571e-06	2.185927e-06	6.313232e-06
7	7-88144323	91027720	5	G	A	0.32	3.322804	0.5908454	-720.4572	2.334511	1e+05	5.439871e-08	4.39938e-08	2.694296e-07
7	7-88144344	91027741	6	T	C	0.304	2.914684	0.5929972	-724.0337	1.794713	1e+05	1.695104e-06	1.786546e-06	5.339429e-06
7	7-88146651	91030046	26	A	G	0.37	2.333403	0.5096686	-725.1127	16.82889	1e+05	7.708787e-06	5.502573e-06	1.367818e-05
7	7-88148911	91032306	10	A	G	0.067	3.904758	0.8315997	-725.0518	1.651956	1e+05	4.593156e-06	5.163411e-06	1.296395e-05
7	7-88209657	91093213	30	C	T	0.224	2.330027	0.5057278	-725.4655	1.439806	1e+05	6.787966e-06	7.956309e-06	1.86842e-05
7	7-88247023	91130527	12	T	C	0.077	3.630309	0.7930186	-725.783	1.305455	1e+05	7.723583e-06	1.109284e-05	2.47856e-05
7	7-88535579	91458355	9	A	G	0.067	3.974067	0.8259472	-724.5658	1.610813	1e+05	2.724397e-06	3.109692e-06	8.470331e-06
7	7-88535637	91458413	18	A	C	0.07	4.019042	0.8252822	-724.313	1.595584	1e+05	2.087421e-06	2.389378e-06	6.798533e-06
7	7-88699426	91561648	24	A	G	0.069	3.84358	0.8278479	-725.0931	2.054358	1e+05	5.802301e-06	5.391195e-06	1.344434e-05
7	7-88756765	91684606	8	A	C	0.078	3.56408	0.7725837	-725.3955	1.643728	1e+05	6.613468e-06	7.394499e-06	1.755965e-05
7	7-88761109	91688950	33	C	G	0.083	3.809832	0.8079122	-724.9648	1.616944	1e+05	4.197347e-06	4.714873e-06	1.2009e-05
7	7-88763239	91691080	20	T	C	0.07	3.871862	0.8321876	-725.1297	1.839533	1e+05	5.556678e-06	5.600857e-06	1.388397e-05
7	7-88764052	91691893	6	A	G	0.07	3.787756	0.8138104	-725.1176	1.82216	1e+05	5.514601e-06	5.530848e-06	1.373743e-05
7	7-88789370	91717211	12	T	G	0.075	3.727447	0.814325	-725.4641	1.822201	1e+05	7.740148e-06	7.945182e-06	1.866203e-05
7	7-88789894	91717735	17	A	G	0.127	2.857376	0.6293985	-725.6009	1.854835	1e+05	9.115351e-06	9.167704e-06	2.107335e-05
7	7-88793001	91720842	18	G	C	0.07	3.791921	0.8216037	-725.3211	1.76713	1e+05	6.553456e-06	6.840972e-06	1.644013e-05
7	7-88869536	91799323	10	T	G	0.083	3.66517	0.753577	-724.2801	1.700201	1e+05	2.147584e-06	2.309083e-06	6.607786e-06
7	7-88881455	91813720	14	A	C	0.078	3.817533	0.7964068	-724.182	3.153158	1e+05	2.957221e-06	2.084717e-06	6.069262e-06
7	7-88883389	91815654	16	A	T	0.069	3.779623	0.8157037	-725.2317	1.767776	1e+05	6.045298e-06	6.23118e-06	1.519212e-05
7	7-88883429	91815694	15	A	G	0.069	3.732197	0.8204559	-725.5548	1.883542	1e+05	8.762264e-06	8.736086e-06	2.022732e-05
7	7-88884993	91817258	9	A	G	0.069	3.871882	0.8272024	-724.9666	1.967217	1e+05	4.905812e-06	4.723936e-06	1.202842e-05
7	7-88885006	91817271	9	A	G	0.069	3.721754	0.8151291	-725.6149	1.62487	1e+05	8.139156e-06	9.302884e-06	2.133721e-05
7	7-88885034	91817299	7	C	T	0.075	3.660992	0.7830227	-725.1659	1.590477	1e+05	5.021344e-06	5.816993e-06	1.433475e-05
7	7-88885067	91817332	10	T	C	0.072	3.905175	0.8098296	-724.5384	1.547879	1e+05	2.595151e-06	3.022197e-06	8.270648e-06
7	7-88885068	91817333	10	A	G	0.07	3.853282	0.8199391	-724.9791	1.739322	1e+05	4.512024e-06	4.786026e-06	1.216132e-05
7	7-88885365	91817630	12	A	C	0.066	3.902334	0.8588221	-725.5962	1.869085	1e+05	8.95933e-06	9.122164e-06	2.098434e-05
7	7-88885617	91817882	11	T	C	0.077	3.528246	0.7775694	-725.7593	1.58134	1e+05	9.207729e-06	1.082081e-05	2.426662e-05
7	7-88887918	91820183	13	C	G	0.073	3.73343	0.8055249	-725.2931	1.684502	1e+05	6.0132e-06	6.644153e-06	1.603908e-05
7	7-88887932	91820197	12	C	T	0.077	3.886549	0.7846237	-723.9652	1.553286	1e+05	1.420335e-06	1.663695e-06	5.033342e-06
7	7-88888489	91820754	25	A	C	0.079	3.624461	0.7911681	-725.5167	1.653701	1e+05	7.612315e-06	8.393836e-06	1.955244e-05
7	7-88888589	91820854	17	T	C	0.074	3.710643	0.8044295	-725.3523	1.748597	1e+05	6.626074e-06	7.068287e-06	1.690134e-05
7	7-88888598	91820863	20	C	T	0.075	3.702679	0.8053472	-725.428	1.712804	1e+05	7.082159e-06	7.650755e-06	1.807399e-05
7	7-88888600	91820865	22	T	C	0.078	3.799699	0.7960964	-724.7024	1.650496	1e+05	3.244936e-06	3.585714e-06	9.542803e-06
7	7-88888610	91820875	19	G	A	0.075	3.706447	0.8051504	-725.393	1.736129	1e+05	6.903935e-06	7.375593e-06	1.752161e-05
7	7-88888695	91820960	11	T	C	0.068	3.847196	0.842723	-725.7238	1.45221	1e+05	8.162311e-06	1.042618e-05	2.351064e-05
7	7-88889477	91821742	28	G	A	0.056	4.304001	0.9320797	-725.3032	1.803614	1e+05	6.485569e-06	6.71434e-06	1.618228e-05
7	7-88889478	91821743	28	C	A	0.059	4.186567	0.9214218	-725.5487	1.995155	1e+05	8.968155e-06	8.679731e-06	2.011644e-05
7	7-88889489	91821754	30	T	A	0.059	4.215031	0.9216662	-725.4097	2.01975	1e+05	7.87927e-06	7.505585e-06	1.778291e-05
7	7-88889995	91822260	9	T	C	0.067	3.728791	0.798044	-725.0092	1.914652	1e+05	5.089808e-06	4.938809e-06	1.248731e-05
7	7-88890186	91822451	43	T	C	0.084	4.038734	0.8084621	-723.8692	1.508828	1e+05	1.167092e-06	1.505592e-06	4.634129e-06
7	7-88890311	91822576	30	T	G	0.079	3.737408	0.8128308	-725.401	1.760159	1e+05	7.069859e-06	7.437785e-06	1.76467e-05
7	7-88923094	91857669	17	T	C	0.067	3.864055	0.8142017	-724.6594	2.010408	1e+05	3.666179e-06	3.428385e-06	9.190813e-06
7	7-88923384	91857959	4	G	T	0.083	3.477512	0.7599946	-725.4256	1.922629	1e+05	7.795862e-06	7.63159e-06	1.803561e-05
7	7-88926282	91860855	17	G	C	0.062	3.986243	0.8758227	-725.4914	2.050192	1e+05	8.667504e-06	8.174634e-06	1.911824e-05
7	7-88927277	91861850	16	A	G	0.071	3.849934	0.8004125	-724.3868	1.999655	1e+05	2.744134e-06	2.580351e-06	7.24837e-06
7	7-88931708	91866281	11	A	G	0.029	5.756456	1.211277	-724.5106	2.47443	1e+05	3.559492e-06	2.935717e-06	8.072434e-06
7	7-88932233	91866806	10	A	G	0.043	6.376485	1.383361	-725.3686	1.648365	1e+05	6.72442e-06	7.189457e-06	1.714635e-05
7	7-88932922	91867495	5	C	T	0.081	3.577568	0.7570704	-724.8247	1.777904	1e+05	4.015511e-06	4.073801e-06	1.062091e-05
7	7-88932963	91867536	4	A	G	0.037	7.017346	1.500069	-724.9846	1.836271	1e+05	4.96464e-06	4.813286e-06	1.221959e-05
7	7-88933062	91867635	8	A	G	0.038	6.938451	1.42152	-724.0756	1.959079	1e+05	1.983751e-06	1.866138e-06	5.535975e-06
7	7-88933131	91867704	9	C	T	0.042	6.146553	1.334035	-725.3586	1.792869	1e+05	6.781553e-06	7.114686e-06	1.699523e-05
7	7-88935516	91870089	5	A	G	0.075	3.693618	0.7823069	-724.92	1.676416	1e+05	4.08992e-06	4.499803e-06	1.154654e-05
7	7-88935557	91870130	6	C	G	0.073	3.867496	0.7778089	-723.7071	1.826198	1e+05	1.300881e-06	1.272005e-06	4.031796e-06
7	7-88935589	91870162	9	A	G	0.078	3.6979	0.753	-723.9507	1.92562	1e+05	1.728935e-06	1.638726e-06	4.970705e-06
7	7-88935637	91870210	10	A	G	0.081	3.771049	0.765699	-724.0066	1.634819	1e+05	1.620093e-06	1.736793e-06	5.215876e-06
7	7-88935693	91870266	7	G	A	0.077	3.667665	0.7909066	-725.3675	1.52226	1e+05	5.946821e-06	7.181512e-06	1.71303e-05
7	7-88935811	91870384	7	C	T	0.077	3.555163	0.7665023	-725.1748	1.853161	1e+05	5.923963e-06	5.87122e-06	1.444748e-05
7	7-88935934	91870507	4	C	T	0.074	3.591259	0.7923945	-726.0831	1.274234	1e+05	9.425155e-06	1.519373e-05	3.24298e-05
7	7-88936152	91870725	4	G	T	0.074	3.575739	0.7819563	-725.6536	1.491412	1e+05	7.895157e-06	9.687321e-06	2.20848e-05
7	7-88936608	91871181	10	G	C	0.078	3.595784	0.7738725	-725.2434	1.665731	1e+05	5.710024e-06	6.307327e-06	1.534886e-05
7	7-88936702	91871275	15	G	A	0.076	3.657866	0.7849421	-725.2074	1.632862	1e+05	5.377063e-06	6.074457e-06	1.486867e-05
7	7-88937055	91871628	12	A	T	0.09	3.498873	0.7500128	-725.0284	1.989397	1e+05	5.258199e-06	5.038753e-06	1.269978e-05
7	7-88937102	91871675	12	T	C	0.088	3.519814	0.7508908	-724.9488	1.881315	1e+05	4.759046e-06	4.63704e-06	1.184199e-05
7	7-88937122	91871695	13	A	G	0.061	4.164498	0.8827336	-724.8321	1.844824	1e+05	4.158497e-06	4.105015e-06	1.068919e-05
7	7-88937123	91871696	13	A	G	0.064	4.083715	0.8712044	-725.0074	1.793163	1e+05	4.76075e-06	4.929296e-06	1.246706e-05
7	7-88937182	91871755	5	A	T	0.064	4.570173	0.8948827	-722.6914	4.769123	1e+05	6.906721e-07	4.431827e-07	1.701402e-06
7	7-88937447	91872020	16	A	T	0.076	3.690617	0.8066066	-725.5155	1.749385	1e+05	7.803376e-06	8.383908e-06	1.953281e-05
7	7-88938134	91872707	13	C	G	0.077	3.63312	0.780351	-725.3734	1.394394	1e+05	5.480397e-06	7.226161e-06	1.722045e-05
7	7-88938284	91872857	14	C	T	0.073	3.684622	0.8053517	-725.558	1.606895	1e+05	7.814133e-06	8.765139e-06	2.028444e-05
7	7-88938304	91872877	11	C	T	0.07	3.810693	0.8250061	-725.3771	1.596388	1e+05	6.446937e-06	7.25372e-06	1.727606e-05
7	7-88938318	91872891	12	C	T	0.072	3.687392	0.8050151	-725.5229	1.631538	1e+05	7.633209e-06	8.449187e-06	1.966184e-05
7	7-88939107	91873680	21	T	C	0.073	3.727212	0.8079019	-725.5839	1.303461	1e+05	6.606173e-06	9.006059e-06	2.075715e-05
7	7-88939972	91874545	12	T	C	0.07	3.727422	0.8018725	-725.1668	1.738153	1e+05	5.661825e-06	5.822214e-06	1.434562e-05
7	7-88940010	91874583	12	A	G	0.066	3.847087	0.8174549	-724.8902	1.813834	1e+05	4.378971e-06	4.361927e-06	1.124841e-05
7	7-88940299	91874872	18	G	A	0.074	3.768078	0.7985954	-725.0041	1.547942	1e+05	4.146373e-06	4.912566e-06	1.243142e-05
7	7-88940346	91874919	22	G	T	0.076	3.950642	0.785728	-723.5375	1.657347	1e+05	1.002741e-06	1.066392e-06	3.486781e-06
7	7-88940448	91875021	24	T	C	0.069	3.731558	0.8086949	-725.3465	1.682329	1e+05	6.581535e-06	7.025133e-06	1.681394e-05
7	7-88940811	91875384	24	C	T	0.079	3.680446	0.7891647	-725.1362	1.721696	1e+05	5.290035e-06	5.63949e-06	1.396472e-05
7	7-88940903	91875476	28	G	A	0.078	3.589976	0.7929453	-725.6913	1.729595	1e+05	9.622166e-06	1.007755e-05	2.283959e-05
7	7-88976227	91919799	19	A	G	0.079	3.779321	0.7764591	-724.3238	1.592227	1e+05	2.111674e-06	2.416617e-06	6.863019e-06
7	7-89007360	91951249	2	T	G	0.069	3.800715	0.8113329	-725.0352	1.745318	1e+05	4.822714e-06	5.074622e-06	1.277589e-05
7	7-89074267	91991305	19	A	G	0.068	3.829266	0.8215722	-725.114	1.715122	1e+05	5.356695e-06	5.510063e-06	1.369388e-05
7	7-106409709	109648093	42	T	C	0.047	5.740743	1.193523	-724.5102	1.851884	1e+05	2.744406e-06	2.934457e-06	8.069538e-06
7	7-108379041	111512204	21	T	G	0.019	6.90863	1.515851	-725.2579	3.180262	1e+05	8.437745e-06	6.404135e-06	1.554776e-05
7	7-112503481	115745257	18	A	C	0.028	5.725085	1.251376	-725.2157	2.977074	1e+05	7.818947e-06	6.127666e-06	1.497862e-05
7	7-116432765	119826954	13	A	G	0.273	2.143777	0.4742846	-725.4	3.148216	1e+05	9.93474e-06	7.429341e-06	1.762973e-05
7	7-116462302	119854047	14	A	C	0.256	2.340284	0.5057191	-725.2239	1.833373	1e+05	6.20581e-06	6.180119e-06	1.508687e-05
7	7-116477129	119868872	30	C	T	0.261	2.260293	0.4877722	-725.0076	2.480628	1e+05	6.03628e-06	4.930609e-06	1.246985e-05
7	7-116477218	119868961	45	A	T	0.242	2.395142	0.516749	-724.9194	3.195597	1e+05	6.006802e-06	4.496947e-06	1.154038e-05
7	7-116477251	119868994	44	A	G	0.243	2.437306	0.5137954	-724.4187	3.499035	1e+05	3.700809e-06	2.667539e-06	7.452049e-06
7	7-116553968	119945688	15	A	G	0.296	2.247482	0.4911958	-725.4434	1.908286	1e+05	7.801854e-06	7.774396e-06	1.83213e-05
7	7-116574463	119967871	16	G	A	0.27	2.240411	0.4913402	-725.3177	2.552944	1e+05	8.356938e-06	6.817123e-06	1.639162e-05
7	7-116797000	120192493	7	T	C	0.237	2.395084	0.5195479	-725.0238	2.844404	1e+05	6.708969e-06	5.014619e-06	1.264853e-05
7	7-116848801	120244272	9	C	G	0.201	2.507935	0.5501834	-725.408	2.060538	1e+05	8.409412e-06	7.491794e-06	1.775522e-05
7	7-116848831	120244302	10	A	G	0.22	2.480686	0.5333842	-725.1207	1.739496	1e+05	5.600868e-06	5.548701e-06	1.377483e-05
7	7-118373440	122045950	23	G	A	0.024	6.655847	1.461611	-725.2002	4.578797	1e+05	8.579278e-06	6.029278e-06	1.477522e-05
7	7-118469031	122141603	17	A	G	0.016	7.102053	1.50545	-724.4881	4.455151	1e+05	4.161658e-06	2.867571e-06	7.915626e-06
7	7-118535766	122213798	32	A	G	0.025	6.281481	1.353923	-724.8446	4.26672	1e+05	5.889906e-06	4.15891e-06	1.080691e-05
7	7-123253286	127148058	2	G	C	0.032	7.093925	1.565764	-725.6519	1.803346	1e+05	9.487263e-06	9.670119e-06	2.205143e-05
7	7-127467901	131392133	33	A	G	0.02	6.733208	1.463393	-725.0003	4.253473	1e+05	6.974905e-06	4.89304e-06	1.238981e-05
7	7-156113252	161468898	24	C	A	0.266	-2.27986	0.4884819	-725.5995	1.170127	1e+05	5.208221e-06	9.154333e-06	2.104722e-05
7	7-169856198	175438234	26	T	C	0.056	5.073543	1.119333	-725.495	1.971396	1e+05	9.405148e-06	8.205437e-06	1.917935e-05
8	8-1747931	1892122	15	G	A	0.096	3.288878	0.6757536	-723.9644	2.710342	1e+05	2.115552e-06	1.662286e-06	5.02981e-06
8	8-16185332	16605297	42	T	C	0.22	2.794668	0.6049957	-725.9535	1.012895	1e+05	6.437536e-06	1.32625e-05	2.886862e-05
8	8-21338499	22022923	43	C	T	0.255	3.074879	0.6488124	-725.3615	1.012427	1e+05	3.776164e-06	7.136727e-06	1.70398e-05
8	8-21370905	22055328	2	T	C	0.139	3.68053	0.8084338	-725.5094	1.963764	1e+05	8.62081e-06	8.33051e-06	1.942716e-05
8	8-23429738	24169466	25	T	C	0.204	2.949271	0.5621364	-723.0204	1.109848	1e+05	3.538622e-07	6.234243e-07	2.246063e-06
8	8-23429941	24169669	16	T	C	0.21	2.75781	0.539515	-723.3898	1.382041	1e+05	6.756274e-07	9.147353e-07	3.073861e-06
8	8-23430439	24170167	32	C	T	0.239	2.430416	0.523515	-725.9587	1.050622	1e+05	5.811591e-06	1.333614e-05	2.900559e-05
8	8-25019742	25819919	18	A	G	0.04	4.99366	1.089166	-725.815	1.228211	1e+05	7.490121e-06	1.147106e-05	2.55044e-05
8	8-26353347	27192343	33	A	G	0.177	2.7805	0.5905031	-725.2597	1.281674	1e+05	4.329942e-06	6.415825e-06	1.557174e-05
8	8-36785512	37815016	43	G	C	0.037	6.589299	1.423516	-725.0309	2.583472	1e+05	6.171539e-06	5.051835e-06	1.272755e-05
8	8-93209068	95507232	28	A	G	0.271	2.464584	0.5353455	-726.0485	0.9386216	1e+05	6.894689e-06	1.465133e-05	3.143586e-05
8	8-155469792	160705427	46	A	G	0.051	5.549042	1.193086	-725.4076	1.369111	1e+05	5.596973e-06	7.48926e-06	1.775013e-05
8	8-169081378	174726350	28	T	G	0.027	-6.149431	1.341722	-725.2629	2.441464	1e+05	7.543058e-06	6.437485e-06	1.561618e-05
8	8-169081382	174726354	28	T	C	0.027	-6.149431	1.341722	-725.2629	2.441464	1e+05	7.543058e-06	6.437485e-06	1.561618e-05
9	9-75182182	77257234	8	T	C	0.171	-2.646087	0.5827681	-725.2467	9.079556	1e+05	9.08778e-06	6.329675e-06	1.539482e-05
9	9-75296425	77342122	23	T	C	0.171	-2.63212	0.575469	-725.2111	3.104651	1e+05	7.858748e-06	6.098171e-06	1.491769e-05
9	9-75543640	77574405	16	C	G	0.147	-2.795964	0.6110747	-725.1857	3.343143	1e+05	7.803399e-06	5.93826e-06	1.458664e-05
9	9-75555822	77586587	36	A	T	0.152	-3.0357	0.6258617	-724.1233	2.38011	1e+05	2.281905e-06	1.961086e-06	5.768751e-06
9	9-147226011	149966935	28	G	C	0.059	4.387343	0.9578032	-725.127	3.643374	1e+05	7.629683e-06	5.585569e-06	1.385199e-05
10	10-11183411	11219239	11	C	G	0.032	6.134692	1.180665	-724.4679	0.468028	1e+05	4.516169e-07	2.80791e-06	7.777884e-06
10	10-11183752	11219580	26	G	A	0.029	6.112271	1.282881	-724.9904	1.095291	1e+05	3.37066e-06	4.842716e-06	1.228245e-05
10	10-11183774	11219602	30	G	A	0.034	5.493459	1.174059	-725.5314	0.919293	1e+05	4.942204e-06	8.524417e-06	1.981036e-05
10	10-14579105	14747442	9	A	C	0.25	2.235392	0.4929872	-725.9116	1.370831	1e+05	9.334663e-06	1.269261e-05	2.780526e-05
10	10-19527857	19956470	14	A	G	0.326	2.002576	0.4407332	-725.5993	1.907674	1e+05	8.962582e-06	9.151911e-06	2.104249e-05
10	10-19527863	19956476	15	T	A	0.326	2.029134	0.4467605	-725.5219	2.184026	1e+05	9.035209e-06	8.439815e-06	1.964332e-05
10	10-19569878	19998492	45	T	A	0.351	2.251668	0.4613648	-723.9602	2.346756	1e+05	1.988827e-06	1.654979e-06	5.011493e-06
10	10-19570189	19998803	41	A	G	0.357	2.229295	0.4551428	-724.3041	1.45882	1e+05	1.834591e-06	2.367458e-06	6.746559e-06
10	10-30487293	31280693	12	G	A	0.477	2.247783	0.4755322	-724.5701	2.766911	1e+05	3.99155e-06	3.123536e-06	8.50185e-06
10	10-34181141	35128083	13	C	G	0.193	-2.69104	0.5798489	-724.8679	4.091033	1e+05	5.851891e-06	4.261547e-06	1.103049e-05
10	10-41055840	42179859	4	G	T	0.393	1.974095	0.433307	-725.212	4.527814	1e+05	8.500884e-06	6.103818e-06	1.492936e-05
10	10-41306113	42464583	20	G	A	0.366	2.039688	0.44611	-725.2402	2.935404	1e+05	7.917527e-06	6.286326e-06	1.530566e-05
10	10-41755182	42969688	11	A	T	0.387	1.981045	0.4366245	-725.3562	3.162814	1e+05	9.221686e-06	7.097293e-06	1.696004e-05
10	10-41853688	43038245	5	G	T	0.408	2.06366	0.4377386	-724.4937	6.041086	1e+05	4.22157e-06	2.884624e-06	7.954917e-06
10	10-41960539	43138678	9	A	T	0.4	2.289001	0.4388109	-722.2671	3.768344	1e+05	4.093667e-07	2.855527e-07	1.19222e-06
10	10-41960575	43138714	8	C	A	0.389	2.007474	0.441213	-725.2564	3.879963	1e+05	8.725377e-06	6.393811e-06	1.552657e-05
10	10-42234971	43416312	13	C	T	0.405	2.117449	0.4448793	-724.3137	4.950906	1e+05	3.445694e-06	2.391317e-06	6.803126e-06
10	10-42280783	43481287	10	C	T	0.415	2.14056	0.4469811	-724.1683	5.684686	1e+05	3.018337e-06	2.05517e-06	5.997698e-06
10	10-43708997	44941364	2	G	A	0.199	3.095719	0.6752408	-725.1496	2.904571	1e+05	7.497727e-06	5.718945e-06	1.413056e-05
10	10-43744912	44977278	10	T	C	0.383	2.003928	0.4372635	-725.0684	5.419702	1e+05	7.554739e-06	5.253565e-06	1.315443e-05
10	10-47163473	48485353	9	T	C	0.484	-2.08489	0.4565825	-725.1516	11.48899	1e+05	8.123228e-06	5.730492e-06	1.415463e-05
10	10-63268669	62539091	28	T	C	0.232	-2.975839	0.6170207	-724.1223	1e+05	1e+05	2.586944e-06	1.959136e-06	5.763989e-06
10	10-65823763	65024191	44	C	T	0.455	2.464724	0.5223482	-724.6231	2.542043	1e+05	4.143347e-06	3.300932e-06	8.903919e-06
10	10-66517305	65730345	31	A	G	0.228	2.29619	0.5043028	-725.797	1.363542	1e+05	8.600892e-06	1.125645e-05	2.509694e-05
10	10-66739702	65977442	19	T	C	0.091	3.217384	0.7106106	-726.5247	0.7643136	1e+05	9.612187e-06	2.415639e-05	4.831052e-05
10	10-66912555	66150170	4	A	G	0.347	-2.456909	0.4951198	-723.7324	1.781765	1e+05	1.363082e-06	1.305925e-06	4.120288e-06
10	10-67023316	66261163	12	C	T	0.419	1.995983	0.4347546	-725.7486	1.285635	1e+05	7.288993e-06	1.070107e-05	2.403763e-05
10	10-67023341	66261188	10	C	T	0.433	1.999671	0.4281808	-725.4466	1.259983	1e+05	5.141095e-06	7.800521e-06	1.837349e-05
10	10-67023361	66261208	15	G	T	0.436	2.008171	0.4336701	-725.6768	1.194195	1e+05	6.124014e-06	9.925661e-06	2.254628e-05
10	10-67023372	66261219	14	T	A	0.432	1.973458	0.434178	-725.9566	1.277715	1e+05	8.902874e-06	1.330616e-05	2.894983e-05
10	10-67024010	66261857	18	G	A	0.353	2.034389	0.4434912	-725.4397	1.737565	1e+05	7.412836e-06	7.744705e-06	1.826196e-05
10	10-67024064	66261911	23	C	T	0.438	2.017146	0.4348506	-725.3505	1.544553	1e+05	5.90967e-06	7.054846e-06	1.687413e-05
10	10-67026979	66264826	29	T	G	0.336	2.067298	0.4542715	-726.0757	1.162106	1e+05	8.691305e-06	1.507615e-05	3.221474e-05
10	10-67029215	66267062	34	G	T	0.437	2.204859	0.4367555	-723.8931	1.092238	1e+05	9.116575e-07	1.543436e-06	4.730262e-06
10	10-67029316	66267163	42	A	G	0.361	2.287596	0.4726708	-725.0067	1.021113	1e+05	2.39625e-06	4.925753e-06	1.245951e-05
10	10-67032099	66269942	28	C	T	0.368	2.101518	0.4592615	-725.8395	1.265488	1e+05	7.790531e-06	1.176911e-05	2.606864e-05
10	10-67032319	66270162	28	C	T	0.368	2.078555	0.4541412	-726.0495	1.106744	1e+05	7.755586e-06	1.466802e-05	3.14665e-05
10	10-67033652	66271495	27	A	G	0.371	2.157538	0.4553372	-725.1422	1.273261	1e+05	3.791643e-06	5.674685e-06	1.403822e-05
10	10-67033858	66271701	31	G	A	0.384	2.094999	0.4595422	-726.0591	1.143622	1e+05	8.390332e-06	1.481602e-05	3.173814e-05
10	10-67033940	66271782	25	A	G	0.337	2.173678	0.4587329	-725.5066	0.9822838	1e+05	3.789808e-06	8.305917e-06	1.937848e-05
10	10-67033951	66271793	24	T	C	0.333	2.224344	0.4592887	-724.8679	1.105856	1e+05	2.360475e-06	4.261457e-06	1.10303e-05
10	10-67034250	66272092	23	G	A	0.431	2.161222	0.4696726	-726.1537	1.011714	1e+05	6.960894e-06	1.636079e-05	3.455332e-05
10	10-67035392	66273234	20	G	A	0.484	2.161261	0.4711114	-725.308	1.994821	1e+05	7.400988e-06	6.748546e-06	1.6252e-05
10	10-67036318	66274160	13	C	T	0.366	2.298108	0.4696986	-724.5675	1.186096	1e+05	1.879736e-06	3.115117e-06	8.482685e-06
10	10-67036417	66274259	25	C	T	0.413	2.155168	0.4510519	-724.6461	1.582412	1e+05	3.169909e-06	3.381052e-06	9.084455e-06
10	10-67036969	66274593	29	G	A	0.35	2.176444	0.4588783	-725.3357	1.105114	1e+05	3.71352e-06	6.946501e-06	1.66545e-05
10	10-67038543	66276164	44	G	A	0.352	2.254532	0.4762474	-725.7881	0.849622	1e+05	3.866935e-06	1.115255e-05	2.48993e-05
10	10-67038692	66276312	25	C	T	0.442	2.149699	0.4737349	-725.8644	1.443579	1e+05	9.19828e-06	1.208119e-05	2.665742e-05
10	10-67094155	66278921	1	A	G	0.17	3.776648	0.8341301	-726.2536	1.083943	1e+05	9.611555e-06	1.81694e-05	3.780682e-05
10	10-67092806	66280270	1	G	A	0.207	3.456888	0.7500677	-727.0277	0.6278473	1e+05	6.743562e-06	4.101239e-05	7.64113e-05
10	10-67092414	66280662	20	C	T	0.432	2.265198	0.4493197	-723.5813	1.57682	1e+05	9.416055e-07	1.116044e-06	3.619835e-06
10	10-67091413	66281663	20	G	A	0.397	2.072636	0.4516575	-725.6813	1.362333	1e+05	7.356488e-06	9.97253e-06	2.263685e-05
10	10-67091125	66281951	26	A	T	0.406	2.088837	0.4531673	-725.7222	1.262924	1e+05	6.724338e-06	1.040923e-05	2.347807e-05
10	10-67086370	66286705	25	T	C	0.349	2.189136	0.4835465	-725.8214	1.508999	1e+05	9.628177e-06	1.154881e-05	2.565177e-05
10	10-67086272	66286803	27	C	T	0.405	2.199611	0.4550141	-724.55	1.534053	1e+05	2.457813e-06	3.058708e-06	8.354078e-06
10	10-67084344	66288731	31	A	G	0.371	2.102803	0.4634961	-725.9493	1.339252	1e+05	9.235883e-06	1.320447e-05	2.876062e-05
10	10-67083711	66289364	28	C	T	0.193	3.7538	0.8289895	-726.3043	1.033505	1e+05	9.590101e-06	1.916327e-05	3.95771e-05
10	10-67083705	66289370	29	A	G	0.191	3.84627	0.8290789	-725.4396	1.368812	1e+05	5.896646e-06	7.743811e-06	1.826018e-05
10	10-67083546	66289529	24	C	T	0.4	2.094855	0.4411136	-724.9136	1.486805	1e+05	3.613894e-06	4.469424e-06	1.148097e-05
10	10-67083538	66289537	24	G	A	0.203	3.76211	0.7884848	-724.6173	1.825267	1e+05	3.268422e-06	3.281265e-06	8.859505e-06
10	10-67083537	66289538	23	T	C	0.2	3.804628	0.7893451	-724.4043	1.818147	1e+05	2.621704e-06	2.627988e-06	7.359782e-06
10	10-67083524	66289551	22	T	G	0.197	3.862749	0.8075578	-724.5552	1.88215	1e+05	3.096893e-06	3.075432e-06	8.392245e-06
10	10-67083517	66289558	25	C	T	0.2	3.823982	0.8108275	-724.8247	1.949076	1e+05	4.18804e-06	4.073545e-06	1.062035e-05
10	10-67082983	66290092	32	G	A	0.418	2.419896	0.4762003	-723.5312	1.352268	1e+05	7.787283e-07	1.05944e-06	3.468073e-06
10	10-67082008	66291067	26	C	G	0.452	2.536749	0.4652591	-721.8355	1.314458	1e+05	1.288861e-07	1.826789e-07	8.326103e-07
10	10-67081894	66291181	20	A	G	0.425	2.432776	0.4900613	-724.2074	1.224749	1e+05	1.350622e-06	2.140585e-06	6.204153e-06
10	10-67081600	66291475	20	G	A	0.462	2.605109	0.4528335	-720.4217	1.227506	1e+05	2.806778e-08	4.241199e-08	2.618061e-07
10	10-67081597	66291478	21	C	G	0.462	2.613195	0.4547193	-720.499	1.18037	1e+05	2.89625e-08	4.593281e-08	2.787e-07
10	10-67079915	66293160	23	G	A	0.331	2.236216	0.4724652	-724.9447	1.509904	1e+05	3.882055e-06	4.617143e-06	1.179923e-05
10	10-67079910	66293165	22	A	G	0.434	2.165623	0.4564453	-725.3064	1.099334	1e+05	3.687354e-06	6.737102e-06	1.622868e-05
10	10-67079432	66293643	22	A	G	0.31	2.298312	0.4933963	-725.7588	1.036102	1e+05	5.422531e-06	1.08156e-05	2.425666e-05
10	10-67078247	66294828	20	A	G	0.359	2.085081	0.4525492	-725.5408	1.460821	1e+05	6.783867e-06	8.608373e-06	1.997591e-05
10	10-67077499	66295576	29	T	C	0.365	2.212439	0.4556859	-724.566	1.339933	1e+05	2.23288e-06	3.110317e-06	8.471756e-06
10	10-67076556	66296519	35	T	C	0.366	2.225469	0.4687231	-725.2396	1.125616	1e+05	3.631427e-06	6.282328e-06	1.529744e-05
10	10-67076356	66296719	30	G	A	0.337	2.222799	0.4681284	-725.0701	1.242332	1e+05	3.626066e-06	5.262853e-06	1.317403e-05
10	10-67075289	66297786	41	T	C	0.357	2.173997	0.4700144	-725.7331	1.195726	1e+05	6.267715e-06	1.052792e-05	2.37059e-05
10	10-67074459	66298616	26	A	C	0.488	2.164602	0.4666301	-725.2047	1.749962	1e+05	5.907399e-06	6.057724e-06	1.483407e-05
10	10-67069130	66303944	31	C	T	0.322	2.185009	0.4684516	-725.2327	1.50993	1e+05	5.276016e-06	6.237533e-06	1.520521e-05
10	10-67066292	66306782	8	T	C	0.336	2.111732	0.4507437	-724.9666	1.882118	1e+05	4.812798e-06	4.723764e-06	1.202805e-05
10	10-67066054	66307020	5	C	G	0.336	2.018478	0.4410741	-725.8214	1.262526	1e+05	7.776389e-06	1.154836e-05	2.565092e-05
10	10-67065150	66307924	31	T	C	0.354	2.08507	0.4600005	-726.2178	1.090701	1e+05	9.400788e-06	1.750016e-05	3.660793e-05
10	10-67060338	66312736	37	C	G	0.37	2.20392	0.4607587	-725.239	1.017718	1e+05	3.09699e-06	6.278447e-06	1.528945e-05
10	10-67060335	66312739	38	C	T	0.372	2.186246	0.4629224	-725.4032	1.076505	1e+05	4.066879e-06	7.454716e-06	1.768074e-05
10	10-67059915	66313010	26	T	C	0.377	2.165639	0.4474892	-724.9077	1.081092	1e+05	2.398315e-06	4.442334e-06	1.142244e-05
10	10-67059886	66313039	23	T	C	0.376	2.073021	0.4464752	-725.6725	1.170327	1e+05	5.79656e-06	9.880449e-06	2.245885e-05
10	10-67059874	66313051	26	G	A	0.382	2.064283	0.4513763	-725.9392	1.204484	1e+05	7.878084e-06	1.306551e-05	2.850173e-05
10	10-67059823	66313102	24	T	C	0.378	2.085571	0.4515227	-725.588	1.346562	1e+05	6.447409e-06	9.044803e-06	2.083301e-05
10	10-67059782	66313143	24	T	C	0.378	2.074772	0.453153	-725.7029	1.42147	1e+05	7.700348e-06	1.020056e-05	2.307671e-05
10	10-67162254	66348786	27	T	C	0.333	2.14836	0.4731281	-726.2915	1.013277	1e+05	9.079469e-06	1.890817e-05	3.912384e-05
10	10-67161197	66349843	30	A	G	0.392	2.066923	0.4513555	-725.8884	1.219906	1e+05	7.671944e-06	1.238823e-05	2.723476e-05
10	10-67157367	66353672	30	T	C	0.389	2.095409	0.4510735	-725.664	1.151945	1e+05	5.737848e-06	9.793113e-06	2.228982e-05
10	10-67157179	66353860	33	A	G	0.38	2.116806	0.4516294	-725.5061	1.165535	1e+05	4.769152e-06	8.302078e-06	1.937087e-05
10	10-67133976	66377054	30	A	G	0.337	2.183869	0.4794499	-725.727	1.426645	1e+05	8.535569e-06	1.046095e-05	2.357738e-05
10	10-67133937	66377093	29	C	T	0.363	2.342767	0.4692907	-723.7268	1.588016	1e+05	1.185945e-06	1.29827e-06	4.100351e-06
10	10-67132678	66378352	27	C	T	0.364	2.100633	0.457572	-725.8188	1.213689	1e+05	7.296409e-06	1.15173e-05	2.559207e-05
10	10-67132321	66378709	34	A	G	0.387	2.1557	0.4567335	-725.1786	1.310698	1e+05	4.119767e-06	5.894491e-06	1.449581e-05
10	10-67131729	66379300	26	G	A	0.384	2.111693	0.4621762	-725.6114	1.616167	1e+05	8.02704e-06	9.26861e-06	2.127036e-05
10	10-67131135	66379894	29	G	A	0.365	2.234925	0.4570387	-724.2809	1.517453	1e+05	1.903357e-06	2.310823e-06	6.611929e-06
10	10-67131134	66379895	29	C	T	0.353	2.385313	0.4533896	-722.4988	1.539018	1e+05	3.298142e-07	3.629828e-07	1.447223e-06
10	10-67129685	66381344	35	A	G	0.356	2.170053	0.4724324	-725.7787	1.305526	1e+05	7.215649e-06	1.104278e-05	2.469023e-05
10	10-67129650	66381379	33	C	T	0.41	2.116269	0.46357	-725.6379	1.611151	1e+05	8.163741e-06	9.529026e-06	2.177746e-05
10	10-67128677	66382352	36	C	T	0.368	2.089909	0.4607477	-725.9438	1.334473	1e+05	9.272993e-06	1.312913e-05	2.862029e-05
10	10-67128671	66382358	37	T	C	0.367	2.084714	0.4579055	-725.9969	1.189265	1e+05	8.618919e-06	1.388064e-05	3.001533e-05
10	10-67125590	66385437	11	T	C	0.34	1.988299	0.434517	-725.9575	1.152453	1e+05	7.789841e-06	1.331894e-05	2.897359e-05
10	10-67125589	66385438	12	A	G	0.428	1.965623	0.4324891	-725.927	1.337435	1e+05	8.917017e-06	1.28998e-05	2.819255e-05
10	10-67124735	66386292	11	C	G	0.342	2.074201	0.4411322	-725.036	1.586129	1e+05	4.461545e-06	5.078849e-06	1.278485e-05
10	10-67121270	66389757	30	C	T	0.384	2.09571	0.457829	-725.6705	1.479728	1e+05	7.735093e-06	9.860636e-06	2.242052e-05
10	10-67121195	66389832	29	G	C	0.39	2.066038	0.45409	-725.8126	1.444257	1e+05	8.727559e-06	1.144212e-05	2.544951e-05
10	10-67120152	66390875	34	G	A	0.374	2.117416	0.4517132	-725.2904	1.309241	1e+05	4.758907e-06	6.62505e-06	1.600006e-05
10	10-67117130	66392366	31	T	C	0.379	2.08704	0.4565301	-725.8656	1.26643	1e+05	7.939637e-06	1.209631e-05	2.66859e-05
10	10-67116879	66392617	24	G	A	0.464	2.108195	0.4664203	-726.134	1.183224	1e+05	9.937925e-06	1.602712e-05	3.394823e-05
10	10-67118444	66393755	28	A	G	0.376	2.06159	0.4552213	-725.9794	1.352845	1e+05	9.565106e-06	1.362816e-05	2.954776e-05
10	10-67118186	66394013	31	A	G	0.381	2.134143	0.4559704	-725.4516	1.225694	1e+05	4.911319e-06	7.841278e-06	1.845486e-05
10	10-67118154	66394045	32	C	T	0.371	2.152248	0.4596354	-725.432	1.25164	1e+05	4.866297e-06	7.682337e-06	1.813721e-05
10	10-67179124	66396427	26	C	T	0.459	2.245016	0.4607826	-724.6912	1.136964	1e+05	2.065732e-06	3.544187e-06	9.450121e-06
10	10-67178684	66396867	31	A	T	0.391	2.143444	0.4584994	-725.1406	1.688246	1e+05	5.03364e-06	5.665121e-06	1.401825e-05
10	10-67178353	66397198	24	A	T	0.402	2.046324	0.4466969	-725.7213	1.405383	1e+05	7.616992e-06	1.039914e-05	2.345869e-05
10	10-67176682	66398869	24	G	A	0.445	2.168779	0.4462887	-724.3584	1.595815	1e+05	2.188369e-06	2.505291e-06	7.07219e-06
10	10-67176444	66399107	36	T	C	0.365	2.110215	0.4664273	-726.1164	1.219519	1e+05	9.756003e-06	1.57332e-05	3.34139e-05
10	10-67170860	66404691	30	A	G	0.382	2.132775	0.4555362	-725.2651	1.414425	1e+05	4.879554e-06	6.452662e-06	1.564729e-05
10	10-67169229	66406322	34	C	T	0.382	2.127007	0.4661859	-725.6991	1.54028	1e+05	8.256295e-06	1.015995e-05	2.299846e-05
10	10-67190129	66420169	37	A	G	0.268	2.582974	0.5556044	-725.8866	1.006111	1e+05	5.648124e-06	1.236477e-05	2.719072e-05
10	10-67191583	66421617	41	C	T	0.378	2.219649	0.4643499	-724.8947	1.362795	1e+05	3.140994e-06	4.382267e-06	1.129247e-05
10	10-67194077	66423577	6	A	G	0.211	2.839811	0.6281077	-726.5135	0.8817323	1e+05	9.883446e-06	2.387265e-05	4.782065e-05
10	10-67195626	66425359	25	A	C	0.3	2.237051	0.4876278	-725.4719	1.769788	1e+05	7.39966e-06	8.009653e-06	1.87904e-05
10	10-67197089	66426822	43	A	C	0.371	2.194283	0.4684874	-725.1042	1.569978	1e+05	4.839312e-06	5.454037e-06	1.357636e-05
10	10-67198101	66428722	40	G	C	0.378	2.242538	0.4600752	-724.1083	1.849252	1e+05	2.045878e-06	1.93075e-06	5.694574e-06
10	10-67198107	66428728	40	G	T	0.376	2.106557	0.4660798	-725.7365	1.650748	1e+05	9.947137e-06	1.056556e-05	2.377806e-05
10	10-67198156	66428777	36	C	T	0.373	2.225319	0.4646435	-724.5002	1.807614	1e+05	3.013198e-06	2.904101e-06	7.999753e-06
10	10-67201233	66431853	26	A	G	0.338	2.307226	0.4719123	-724.7217	1.0462	1e+05	1.91137e-06	3.658376e-06	9.704599e-06
10	10-67201411	66432031	9	A	G	0.221	3.052371	0.59237	-723.48	1.025748	1e+05	5.553402e-07	1.004592e-06	3.319757e-06
10	10-67201419	66432039	9	A	G	0.219	3.113972	0.5979472	-723.2634	0.9948062	1e+05	4.266802e-07	8.021951e-07	2.76018e-06
10	10-67201518	66432138	12	T	C	0.256	2.572854	0.5470882	-725.4237	1.113841	1e+05	4.445223e-06	7.615771e-06	1.800391e-05
10	10-67210776	66440455	34	G	A	0.367	2.161263	0.4731097	-725.5232	1.76083	1e+05	8.055666e-06	8.451907e-06	1.966721e-05
10	10-67210805	66440484	31	G	T	0.376	2.206275	0.470326	-725.1166	1.565555	1e+05	4.686846e-06	5.525149e-06	1.37255e-05
10	10-67213413	66443091	38	G	A	0.379	2.183282	0.4683599	-725.3123	1.392574	1e+05	5.341338e-06	6.778766e-06	1.631355e-05
10	10-67213501	66443179	31	C	T	0.356	2.249216	0.4552635	-724.4253	1.129265	1e+05	1.508015e-06	2.685931e-06	7.494886e-06
10	10-67219058	66448735	16	T	C	0.205	3.819163	0.7794138	-724.0708	1.763498	1e+05	1.817514e-06	1.856876e-06	5.513171e-06
10	10-67219094	66448771	19	T	C	0.215	3.358494	0.7404035	-725.857	1.500092	1e+05	9.267934e-06	1.19874e-05	2.64807e-05
10	10-67221590	66451266	39	A	C	0.366	2.104348	0.4640399	-726.3065	1.033592	1e+05	9.315965e-06	1.920807e-05	3.965663e-05
10	10-67370419	66476630	29	C	T	0.385	2.086411	0.4489493	-725.3442	1.511639	1e+05	5.688884e-06	7.00866e-06	1.678056e-05
10	10-67370397	66476652	28	C	T	0.398	2.040301	0.4513605	-726.0344	1.306878	1e+05	9.921296e-06	1.443757e-05	3.104283e-05
10	10-67368611	66478438	24	A	G	0.392	2.05498	0.4504227	-725.735	1.455677	1e+05	8.264809e-06	1.054888e-05	2.374608e-05
10	10-67368432	66478617	31	G	A	0.391	2.12995	0.4513936	-725.8003	0.8756135	1e+05	4.14214e-06	1.129605e-05	2.517219e-05
10	10-67368387	66478662	25	A	G	0.351	2.169829	0.4580299	-725.1501	1.242573	1e+05	3.80911e-06	5.721971e-06	1.413687e-05
10	10-67368332	66478717	25	T	C	0.349	2.143042	0.4674413	-725.7688	1.301592	1e+05	7.49749e-06	1.092876e-05	2.447276e-05
10	10-67368249	66478800	25	A	G	0.373	2.091555	0.4528063	-725.4148	1.530464	1e+05	6.44397e-06	7.545572e-06	1.786317e-05
10	10-67368009	66479040	19	T	C	0.36	2.063448	0.4513535	-725.8367	1.28334	1e+05	7.934034e-06	1.173555e-05	2.600521e-05
10	10-67367640	66479409	25	G	A	0.358	2.139926	0.4610986	-725.723	1.134474	1e+05	5.85197e-06	1.041744e-05	2.349385e-05
10	10-67363546	66483130	32	A	G	0.386	2.075627	0.4539005	-725.9569	1.177126	1e+05	7.893234e-06	1.331079e-05	2.895844e-05
10	10-67363372	66483304	28	G	C	0.359	2.122936	0.4653822	-725.984	1.23777	1e+05	8.287668e-06	1.369388e-05	2.966958e-05
10	10-67362515	66484160	29	C	T	0.385	2.115192	0.4575232	-725.542	1.35481	1e+05	6.330185e-06	8.619817e-06	1.999846e-05
10	10-67354559	66492116	30	C	T	0.401	2.040452	0.4438191	-725.661	1.367637	1e+05	7.086316e-06	9.762218e-06	2.222998e-05
10	10-67354552	66492123	30	T	C	0.389	2.034353	0.4479211	-725.7499	1.55	1e+05	9.039749e-06	1.071554e-05	2.406532e-05
10	10-67351709	66494964	36	C	A	0.378	2.128332	0.4699389	-725.7429	1.670707	1e+05	9.557233e-06	1.063687e-05	2.391471e-05
10	10-67348179	66498494	28	C	A	0.407	2.037096	0.4490641	-726.4312	1.046603	1e+05	9.256551e-06	2.189629e-05	4.438815e-05
10	10-67347741	66498932	32	T	C	0.376	2.124308	0.4619582	-725.5703	1.509969	1e+05	7.055278e-06	8.878647e-06	2.050737e-05
10	10-67345511	66501162	31	T	C	0.356	2.147742	0.4751184	-726.0235	1.295728	1e+05	9.916999e-06	1.427232e-05	3.07385e-05
10	10-67344864	66501809	20	A	G	0.317	2.259054	0.491102	-725.5542	1.406592	1e+05	7.009442e-06	8.730118e-06	2.021558e-05
10	10-67344715	66501958	29	A	G	0.35	2.338004	0.4757335	-724.8194	0.9603199	1e+05	1.700182e-06	4.051158e-06	1.057133e-05
10	10-67342649	66505052	38	C	A	0.403	2.26956	0.4620475	-724.3674	1.265017	1e+05	1.720398e-06	2.528861e-06	7.127597e-06
10	10-67330259	66517808	21	G	A	0.321	2.096994	0.4575855	-725.6687	1.436956	1e+05	7.559678e-06	9.842104e-06	2.238466e-05
10	10-67325980	66522087	6	A	G	0.335	2.107687	0.451532	-725.3236	1.424721	1e+05	5.193882e-06	6.859004e-06	1.647679e-05
10	10-67324784	66523283	31	C	T	0.374	2.247877	0.4626172	-724.6649	1.199838	1e+05	2.19381e-06	3.448122e-06	9.2351e-06
10	10-67324230	66523837	30	G	T	0.374	2.124193	0.4575089	-725.2107	1.788165	1e+05	5.799821e-06	6.096046e-06	1.49133e-05
10	10-67321567	66526500	34	T	C	0.369	2.127215	0.4643714	-725.6862	1.421126	1e+05	7.622396e-06	1.002398e-05	2.273621e-05
10	10-67319756	66528311	33	A	G	0.36	2.1605	0.4707927	-725.6552	1.477908	1e+05	7.352865e-06	9.703898e-06	2.211694e-05
10	10-67251963	66559888	27	T	C	0.337	2.187731	0.4713714	-725.7548	1.170911	1e+05	5.844887e-06	1.077023e-05	2.416993e-05
10	10-67241681	66570169	34	G	A	0.392	2.11943	0.4548273	-725.5187	1.231551	1e+05	5.381559e-06	8.412143e-06	1.958863e-05
10	10-67236775	66575075	4	G	A	0.343	2.010537	0.4376084	-725.6196	1.430587	1e+05	7.183672e-06	9.348474e-06	2.142607e-05
10	10-67296044	66596419	10	T	C	0.307	2.215552	0.4523697	-724.3504	1.340744	1e+05	1.837599e-06	2.484361e-06	7.02292e-06
10	10-67383680	66602141	33	A	G	0.307	2.343353	0.4942021	-724.9409	1.423887	1e+05	3.734896e-06	4.599037e-06	1.17603e-05
10	10-67398763	66617224	31	A	G	0.371	2.091871	0.4626475	-726.0069	1.320848	1e+05	9.870407e-06	1.402608e-05	3.028417e-05
10	10-67398773	66617234	31	T	C	0.374	2.093463	0.4606495	-725.9089	1.319326	1e+05	8.929429e-06	1.265697e-05	2.773855e-05
10	10-67398774	66617235	30	A	G	0.374	2.148092	0.4594657	-725.3882	1.282658	1e+05	5.027254e-06	7.338551e-06	1.744704e-05
10	10-67398782	66617243	30	A	G	0.379	2.169849	0.4575416	-725.0679	1.319976	1e+05	3.722836e-06	5.250922e-06	1.314886e-05
10	10-67399426	66617887	29	A	G	0.377	2.074585	0.4568491	-726.0157	1.263123	1e+05	9.067031e-06	1.415621e-05	3.052439e-05
10	10-67401341	66619802	26	C	T	0.36	2.167602	0.4733477	-725.4966	1.617623	1e+05	7.674173e-06	8.219523e-06	1.920729e-05
10	10-67402898	66621359	24	A	G	0.376	2.213378	0.4434779	-723.9846	1.319536	1e+05	1.192554e-06	1.697644e-06	5.118269e-06
10	10-67402927	66621388	27	T	C	0.379	2.293644	0.445531	-723.3411	1.252768	1e+05	5.679439e-07	8.696677e-07	2.949056e-06
10	10-67402958	66621419	28	C	T	0.383	2.138466	0.453489	-725.1797	1.379603	1e+05	4.198591e-06	5.901433e-06	1.451022e-05
10	10-67404066	66622527	19	G	T	0.278	2.380284	0.5233589	-725.9544	1.269451	1e+05	8.794363e-06	1.327528e-05	2.889239e-05
10	10-67406057	66624518	22	T	A	0.301	2.362097	0.5011393	-724.8587	1.952431	1e+05	4.238814e-06	4.220787e-06	1.09418e-05
10	10-67407170	66625631	21	G	C	0.323	2.240696	0.4753356	-725.225	1.308116	1e+05	4.229894e-06	6.187825e-06	1.510276e-05
10	10-67408437	66626897	31	C	T	0.401	2.239659	0.4556786	-724.1373	1.53024	1e+05	1.69648e-06	1.990013e-06	5.839319e-06
10	10-67410253	66628713	19	T	C	0.332	2.183112	0.4779113	-725.9504	1.154148	1e+05	8.062014e-06	1.321992e-05	2.878938e-05
10	10-67412407	66630867	26	A	G	0.35	2.08624	0.4615093	-726.2642	1.110905	1e+05	9.915401e-06	1.837243e-05	3.816943e-05
10	10-67418171	66659873	29	G	A	0.385	2.126361	0.4609626	-725.4416	1.58989	1e+05	6.622927e-06	7.760341e-06	1.829322e-05
10	10-67418136	66659908	33	G	A	0.372	2.283481	0.4561229	-723.8311	1.423416	1e+05	1.110117e-06	1.447004e-06	4.48454e-06
10	10-67417949	66660095	31	A	G	0.379	2.098783	0.4543158	-725.4996	1.476936	1e+05	6.428013e-06	8.245221e-06	1.925823e-05
10	10-67415677	66662365	19	T	C	0.318	2.275951	0.485989	-725.1948	1.507132	1e+05	4.852878e-06	5.995497e-06	1.470527e-05
10	10-67483331	66665681	41	T	C	0.352	2.206618	0.4751947	-725.8831	1.011553	1e+05	5.783104e-06	1.231925e-05	2.710523e-05
10	10-67486441	66668384	40	A	G	0.358	2.241401	0.4733109	-724.9039	1.568575	1e+05	3.838777e-06	4.424543e-06	1.138397e-05
10	10-67486557	66668500	35	A	G	0.414	2.122892	0.4667168	-725.9284	1.362401	1e+05	8.776171e-06	1.291843e-05	2.822734e-05
10	10-67490599	66672531	29	G	A	0.333	2.474621	0.4748292	-722.8847	1.379378	1e+05	4.188779e-07	5.415414e-07	2.002522e-06
10	10-67490610	66672542	30	C	A	0.397	2.123123	0.4640277	-725.56	1.63496	1e+05	7.805537e-06	8.783407e-06	2.032035e-05
10	10-67490649	66672581	36	T	C	0.378	2.224582	0.4615792	-724.5822	1.5405	1e+05	2.62742e-06	3.163354e-06	8.592387e-06
10	10-67460649	66678175	36	C	T	0.49	2.368188	0.4865509	-725.1777	0.8401974	1e+05	2.112457e-06	5.889358e-06	1.448515e-05
10	10-67469205	66686718	21	A	G	0.304	2.370351	0.5231577	-725.815	1.618218	1e+05	9.47874e-06	1.147067e-05	2.550366e-05
10	10-67473536	66691137	40	G	A	0.376	2.156137	0.4752362	-725.4951	2.13266	1e+05	9.229896e-06	8.206906e-06	1.918226e-05
10	10-67459542	66718219	31	G	A	0.406	2.239966	0.4541836	-723.9167	1.755167	1e+05	1.569394e-06	1.581817e-06	4.82738e-06
10	10-67459622	66718299	30	A	G	0.446	2.107183	0.4623887	-725.7038	1.568385	1e+05	8.453299e-06	1.021058e-05	2.3096e-05
10	10-67459710	66718387	36	G	A	0.398	2.16386	0.4698647	-725.4473	1.654313	1e+05	6.847685e-06	7.806179e-06	1.838479e-05
10	10-67497919	66723663	43	C	T	0.374	2.356607	0.4728691	-724.2031	1.082752	1e+05	1.233966e-06	2.13118e-06	6.181482e-06
10	10-67497956	66723700	43	C	T	0.387	2.211326	0.475396	-725.2051	1.616258	1e+05	5.583454e-06	6.05996e-06	1.48387e-05
10	10-67498033	66723777	37	T	G	0.324	2.184925	0.4819348	-726.21	1.079984	1e+05	9.364288e-06	1.735788e-05	3.635231e-05
10	10-67510886	66735449	9	A	G	0.241	2.519945	0.5523977	-726.1671	1.018111	1e+05	8.283109e-06	1.659242e-05	3.497245e-05
10	10-67511175	66735738	22	G	C	0.306	2.324696	0.4867467	-725.2952	1.003026	1e+05	3.200199e-06	6.658298e-06	1.606795e-05
10	10-67514948	66739511	13	A	G	0.325	2.124336	0.4483566	-724.8986	1.524366	1e+05	3.796438e-06	4.400225e-06	1.133135e-05
10	10-67522804	66747363	43	C	T	0.308	2.379774	0.5086189	-725.2153	1.532319	1e+05	4.945252e-06	6.125004e-06	1.497312e-05
10	10-67557393	66752089	35	G	C	0.338	2.1289	0.4700687	-725.7454	1.53576	1e+05	9.558997e-06	1.066482e-05	2.396823e-05
10	10-67557300	66752182	30	A	G	0.335	2.236501	0.4568879	-724.1735	1.592178	1e+05	1.85955e-06	2.066358e-06	6.024813e-06
10	10-67557276	66752206	36	T	C	0.325	2.143031	0.4683605	-725.6014	1.519547	1e+05	7.79943e-06	9.17261e-06	2.108293e-05
10	10-67557264	66752218	43	G	A	0.332	2.217659	0.4762818	-725.3386	1.403187	1e+05	5.469698e-06	6.967684e-06	1.669748e-05
10	10-67557253	66752229	43	T	C	0.321	2.16124	0.4766578	-725.7058	1.668722	1e+05	9.343901e-06	1.023185e-05	2.313697e-05
10	10-67557217	66752265	38	T	C	0.333	2.163136	0.4685326	-725.5288	1.373692	1e+05	6.508438e-06	8.501553e-06	1.976524e-05
10	10-67556938	66752544	19	G	C	0.332	2.366801	0.457774	-723.2756	1.18516	1e+05	5.109272e-07	8.124861e-07	2.789153e-06
10	10-67556925	66752557	14	T	A	0.336	2.127455	0.4496989	-725.403	1.065089	1e+05	3.921226e-06	7.452867e-06	1.767702e-05
10	10-67556913	66752569	17	A	G	0.34	2.157569	0.4508255	-725.1792	1.053619	1e+05	3.061118e-06	5.898333e-06	1.450379e-05
10	10-67556894	66752588	14	A	G	0.333	2.14943	0.4534402	-725.5464	0.9589537	1e+05	3.758741e-06	8.659152e-06	2.007593e-05
10	10-67556889	66752593	13	T	C	0.33	2.097533	0.4534902	-725.9788	0.9883118	1e+05	6.269796e-06	1.361999e-05	2.953261e-05
10	10-67556866	66752616	13	C	T	0.332	2.080177	0.452584	-725.9908	1.04814	1e+05	7.125675e-06	1.379124e-05	2.98499e-05
10	10-67556330	66753152	13	C	T	0.339	2.140397	0.4556604	-725.5166	1.072083	1e+05	4.554935e-06	8.393049e-06	1.955088e-05
10	10-67556303	66753179	15	T	G	0.291	2.36062	0.4671954	-723.9244	1.079659	1e+05	8.926393e-07	1.594494e-06	4.859376e-06
10	10-67556297	66753185	16	T	C	0.293	2.41956	0.4651031	-723.386	0.9688273	1e+05	4.382707e-07	9.111244e-07	3.063899e-06
10	10-67556289	66753193	22	T	G	0.299	2.250723	0.4606968	-724.769	1.02833	1e+05	1.943455e-06	3.843693e-06	1.011513e-05
10	10-67556285	66753197	25	C	T	0.296	2.255368	0.4635594	-724.8874	1.009287	1e+05	2.131629e-06	4.34901e-06	1.12204e-05
10	10-67556270	66753212	22	C	T	0.308	2.387853	0.4596422	-723.1501	1.197258	1e+05	4.53654e-07	7.132112e-07	2.50698e-06
10	10-67556268	66753214	23	T	G	0.302	2.259066	0.4623504	-724.6166	1.150882	1e+05	1.93836e-06	3.278912e-06	8.854188e-06
10	10-67556265	66753217	22	G	T	0.306	2.220208	0.4668964	-725.0409	1.28184	1e+05	3.513965e-06	5.105061e-06	1.284041e-05
10	10-67556199	66753283	17	T	C	0.312	2.093308	0.4629193	-725.9926	1.332438	1e+05	9.85116e-06	1.381768e-05	2.989884e-05
10	10-67556190	66753292	22	A	G	0.291	2.170402	0.4794495	-726.1005	1.206269	1e+05	9.644337e-06	1.547311e-05	3.293998e-05
10	10-67552490	66756992	11	T	C	0.34	2.031057	0.448702	-725.9136	1.399683	1e+05	9.658884e-06	1.272017e-05	2.785682e-05
10	10-67552351	66757131	12	T	C	0.328	2.103106	0.4459009	-725.3335	1.170208	1e+05	4.18085e-06	6.930793e-06	1.662262e-05
10	10-67552319	66757163	13	C	T	0.336	2.111724	0.444116	-725.1154	1.19697	1e+05	3.519557e-06	5.518091e-06	1.371071e-05
10	10-67552313	66757169	14	T	C	0.336	2.147502	0.4444207	-724.8059	1.193527	1e+05	2.480561e-06	3.994478e-06	1.044704e-05
10	10-67552310	66757172	15	A	G	0.337	2.152544	0.4454483	-724.7823	1.215594	1e+05	2.478607e-06	3.897294e-06	1.023333e-05
10	10-67552301	66757181	17	G	A	0.336	2.175621	0.447009	-724.4662	1.349478	1e+05	2.11473e-06	2.803035e-06	7.76661e-06
10	10-67552274	66757208	20	A	G	0.336	2.24908	0.4510241	-723.7418	1.512898	1e+05	1.216984e-06	1.318662e-06	4.153423e-06
10	10-67552229	66757253	21	A	G	0.337	2.296414	0.4524456	-723.6407	1.252733	1e+05	8.015823e-07	1.187199e-06	3.808863e-06
10	10-67551645	66757837	24	C	T	0.316	2.115944	0.4630057	-726.0593	1.045163	1e+05	7.992248e-06	1.481862e-05	3.174291e-05
10	10-67551625	66757857	24	C	T	0.299	2.270388	0.4726235	-725.0827	1.03521	1e+05	2.821673e-06	5.332848e-06	1.332157e-05
10	10-67535363	66772922	28	C	T	0.302	2.352451	0.4711279	-724.1946	1.071458	1e+05	1.179934e-06	2.112342e-06	6.136028e-06
10	10-67535315	66772970	28	G	A	0.298	2.16107	0.4764211	-726.5032	0.8886188	1e+05	9.267232e-06	2.361527e-05	4.737568e-05
10	10-67535213	66773072	20	T	C	0.305	2.164629	0.46655	-725.7077	1.130828	1e+05	5.88512e-06	1.025222e-05	2.317617e-05
10	10-67534871	66773414	10	T	A	0.318	2.178586	0.4438937	-724.2293	1.383219	1e+05	1.75292e-06	2.190097e-06	6.323246e-06
10	10-67534759	66773526	8	G	C	0.311	2.056422	0.4497508	-725.881	1.191055	1e+05	7.910832e-06	1.229276e-05	2.705544e-05
10	10-67527352	66780933	7	A	G	0.332	2.048533	0.4516768	-725.8418	1.470101	1e+05	9.293598e-06	1.179797e-05	2.612318e-05
10	10-67577633	66796050	4	T	C	0.317	2.147299	0.4515558	-725.0985	1.223614	1e+05	3.51257e-06	5.421324e-06	1.350766e-05
10	10-67591432	66808451	13	T	C	0.305	2.332191	0.4790711	-724.27	1.610174	1e+05	2.104207e-06	2.284734e-06	6.549743e-06
10	10-67592579	66809598	15	T	C	0.229	2.606791	0.5684684	-725.4744	1.595068	1e+05	7.464172e-06	8.030889e-06	1.883265e-05
10	10-67609541	66826559	19	T	C	0.343	2.147672	0.4554012	-725.2181	1.253689	1e+05	4.19079e-06	6.143145e-06	1.501058e-05
10	10-67610153	66827171	6	T	C	0.311	2.134192	0.4593133	-725.4962	1.298435	1e+05	5.709976e-06	8.216145e-06	1.920059e-05
10	10-67626476	66843491	18	A	C	0.316	2.194668	0.4637103	-725.1806	1.235349	1e+05	3.886205e-06	5.907039e-06	1.452186e-05
10	10-67629840	66846855	17	A	G	0.322	2.082503	0.4537759	-726.0478	1.030409	1e+05	7.34612e-06	1.464202e-05	3.141875e-05
10	10-67632666	66849684	6	T	C	0.284	2.150369	0.463582	-725.5978	1.24122	1e+05	5.912697e-06	9.137752e-06	2.101482e-05
10	10-67632670	66849688	6	A	T	0.308	2.187633	0.4503545	-724.7078	1.156355	1e+05	2.20855e-06	3.606053e-06	9.588141e-06
10	10-67651837	66868854	36	C	T	0.299	2.437196	0.4853483	-724.0426	1.10926	1e+05	1.033598e-06	1.803194e-06	5.38065e-06
10	10-67651849	66868866	42	T	C	0.262	2.48452	0.5164629	-725.0117	1.102257	1e+05	2.735319e-06	4.951886e-06	1.251515e-05
10	10-67654561	66871578	5	G	A	0.32	2.161874	0.4522887	-725.0106	1.202034	1e+05	3.144781e-06	4.945743e-06	1.250207e-05
10	10-67659729	66876746	12	A	G	0.305	2.163194	0.4732599	-725.9231	1.177256	1e+05	7.9636e-06	1.284762e-05	2.809509e-05
10	10-67669884	66886901	10	G	A	0.307	2.145206	0.4684171	-725.7739	1.226874	1e+05	7.661086e-06	1.098729e-05	2.458443e-05
10	10-67676119	66893137	10	A	G	0.269	2.374357	0.493817	-724.6066	1.536439	1e+05	2.766211e-06	3.244709e-06	8.776845e-06
10	10-67676886	66893904	5	T	C	0.298	2.186319	0.4670452	-725.0034	1.821405	1e+05	4.895369e-06	4.908704e-06	1.242319e-05
10	10-67678003	66895021	7	G	A	0.219	2.781713	0.5539335	-723.8335	1.272878	1e+05	1.032593e-06	1.450653e-06	4.493885e-06
10	10-67701242	66921640	15	T	C	0.312	2.147339	0.4619599	-725.6465	1.115013	1e+05	5.663643e-06	9.615281e-06	2.194501e-05
10	10-67706146	66926544	17	C	G	0.306	2.193521	0.4591371	-725.1621	1.051078	1e+05	3.178623e-06	5.793645e-06	1.428618e-05
10	10-67722597	66942993	9	A	G	0.324	2.1994	0.4617232	-724.7571	1.609901	1e+05	3.386315e-06	3.796349e-06	1.001053e-05
10	10-67722632	66943028	8	A	G	0.313	2.138768	0.463942	-725.5658	1.366	1e+05	6.707386e-06	8.837227e-06	2.042607e-05
10	10-67723106	66943502	6	C	T	0.302	2.132295	0.4621631	-725.5074	1.488444	1e+05	6.597995e-06	8.3132e-06	1.93929e-05
10	10-67744743	66959037	42	T	C	0.298	2.290614	0.4956588	-725.8452	1.077817	1e+05	6.380146e-06	1.183943e-05	2.62015e-05
10	10-67785407	66997286	11	A	G	0.297	2.124457	0.4688565	-725.9845	1.266707	1e+05	9.466757e-06	1.37007e-05	2.968223e-05
10	10-67785290	66997403	12	T	C	0.321	2.237148	0.4619763	-724.599	1.345286	1e+05	2.36543e-06	3.219086e-06	8.718824e-06
10	10-67779424	67003268	18	T	C	0.314	2.110844	0.4670656	-725.9932	1.292648	1e+05	9.962738e-06	1.38264e-05	2.991497e-05
10	10-67776078	67006613	7	C	G	0.314	2.109855	0.4508325	-725.1796	1.483947	1e+05	4.922965e-06	5.900604e-06	1.45085e-05
10	10-67769340	67013350	31	A	G	0.295	2.304859	0.4932956	-725.1845	1.512699	1e+05	5.090815e-06	5.931422e-06	1.457246e-05
10	10-67805614	67037138	31	T	C	0.287	2.302151	0.4990642	-725.2696	1.90198	1e+05	6.621072e-06	6.482874e-06	1.570921e-05
10	10-70100336	69232436	8	A	G	0.064	4.082103	0.834552	-725.0048	0.7528263	1e+05	1.891512e-06	4.915845e-06	1.243841e-05
10	10-70499143	69628131	39	G	A	0.031	6.314544	1.375044	-725.1537	2.651864	1e+05	7.251016e-06	5.743321e-06	1.418137e-05
10	10-76151786	75493474	22	G	T	0.277	2.201637	0.4774988	-725.3824	1.556375	1e+05	6.684449e-06	7.294389e-06	1.735806e-05
10	10-76152533	75494221	28	G	A	0.261	2.600493	0.504381	-722.7807	1.855483	1e+05	5.474373e-07	4.861819e-07	1.834323e-06
10	10-76154554	75496242	50	C	G	0.142	2.884772	0.6351399	-725.3276	3.198808	1e+05	9.032638e-06	6.887904e-06	1.653552e-05
10	10-76154576	75496264	40	G	T	0.194	2.587552	0.5544116	-724.8684	2.416048	1e+05	5.208933e-06	4.263449e-06	1.103463e-05
10	10-76154863	75496551	17	C	T	0.275	2.449432	0.510712	-724.3365	2.314586	1e+05	2.92173e-06	2.448714e-06	6.938864e-06
10	10-76155633	75497321	13	C	A	0.409	2.164687	0.4713151	-725.0587	3.585968	1e+05	7.231376e-06	5.200564e-06	1.304251e-05
10	10-76176323	75519800	6	C	T	0.304	2.231197	0.4710442	-724.7596	1.809866	1e+05	3.819437e-06	3.805902e-06	1.003166e-05
10	10-76177768	75521245	33	C	T	0.26	2.365862	0.5219486	-725.6433	1.779922	1e+05	9.401112e-06	9.583324e-06	2.188296e-05
10	10-76177818	75521295	37	A	G	0.24	2.507626	0.5443223	-725.5281	1.494376	1e+05	6.799855e-06	8.495231e-06	1.975276e-05
10	10-76179235	75522712	45	T	C	0.215	2.502707	0.5482832	-725.6262	1.581791	1e+05	8.1827e-06	9.413328e-06	2.15524e-05
10	10-76179467	75522944	18	G	A	0.286	2.365798	0.4955805	-724.5271	1.944217	1e+05	3.232086e-06	2.986673e-06	8.18933e-06
10	10-76179475	75522952	17	A	G	0.282	2.249659	0.4953248	-725.5145	1.981193	1e+05	9.039041e-06	8.374851e-06	1.95149e-05
10	10-76179528	75523005	18	G	A	0.272	2.508555	0.5008063	-723.4748	1.918604	1e+05	1.095939e-06	9.991974e-07	3.305098e-06
10	10-76179560	75523037	18	C	T	0.288	2.512851	0.4967304	-723.219	2.009516	1e+05	8.676097e-07	7.660991e-07	2.658065e-06
10	10-76180499	75523976	4	G	A	0.297	2.184977	0.4727374	-725.1411	2.051428	1e+05	6.362864e-06	5.667997e-06	1.402426e-05
10	10-76182573	75526050	14	G	T	0.297	2.196299	0.4795556	-725.4829	1.684277	1e+05	7.65535e-06	8.10221e-06	1.897443e-05
10	10-76182773	75526250	13	T	C	0.318	2.245259	0.4662949	-724.4695	1.668778	1e+05	2.680468e-06	2.812726e-06	7.789021e-06
10	10-76182976	75526453	22	C	G	0.327	2.168656	0.4780302	-725.8742	1.330852	1e+05	9.243109e-06	1.220557e-05	2.689154e-05
10	10-76185402	75528879	9	G	A	0.304	2.198834	0.4789663	-725.3948	1.761496	1e+05	7.297547e-06	7.389251e-06	1.75491e-05
10	10-76185726	75529203	9	C	T	0.326	2.245247	0.479893	-724.9994	1.768132	1e+05	4.950836e-06	4.888205e-06	1.23795e-05
10	10-76187502	75530979	17	G	A	0.271	2.270776	0.4800386	-725.1754	1.191703	1e+05	3.928985e-06	5.874749e-06	1.445481e-05
10	10-76201327	75544801	28	T	A	0.139	2.797668	0.6125775	-725.3216	2.246665	1e+05	8.09671e-06	6.845102e-06	1.644853e-05
10	10-76517542	75861577	18	T	A	0.207	2.345925	0.5189689	-726.1339	1.074715	1e+05	9.920323e-06	1.602572e-05	3.39457e-05
10	10-76520663	75864698	29	T	C	0.132	2.947054	0.5973971	-724.4023	0.9537708	1e+05	1.559938e-06	2.622365e-06	7.346647e-06
10	10-76520669	75864704	33	T	C	0.122	2.874004	0.6307596	-725.6699	1.382825	1e+05	8.480982e-06	9.854058e-06	2.240779e-05
10	10-76520908	75864943	17	T	A	0.185	2.437485	0.5336962	-725.6827	1.368193	1e+05	8.091989e-06	9.986687e-06	2.26642e-05
10	10-76525001	75869036	12	T	G	0.188	2.462687	0.5409315	-725.8523	1.248995	1e+05	8.620372e-06	1.192812e-05	2.636888e-05
10	10-76536759	75880794	8	T	C	0.204	2.362308	0.5206334	-725.9178	1.214141	1e+05	9.214114e-06	1.277567e-05	2.796061e-05
10	10-76599844	75943504	9	G	C	0.201	2.380454	0.5257392	-725.9849	1.209208	1e+05	9.604324e-06	1.370682e-05	2.969356e-05
10	10-126148441	127171971	37	T	C	0.026	6.174692	1.350353	-725.2795	2.294128	1e+05	7.900769e-06	6.550101e-06	1.584685e-05
