chr	rs	ps	n_miss	allele1	allele0	af	beta	se	logl_H1	l_remle	l_mle	p_wald	p_lrt	p_score
1	1-1011511	1043939	32	A	C	0.017	0.2872998	0.06230708	69.41787	25.42328	1e+05	6.648908e-06	5.374779e-06	1.331307e-05
1	1-4789847	4915833	26	T	A	0.105	-0.1142715	0.02358713	70.1315	4.583949	1e+05	2.331202e-06	2.553126e-06	7.126249e-06
1	1-4790001	4915987	18	A	C	0.113	-0.1052444	0.02264869	69.09212	3.497838	1e+05	5.676986e-06	7.554781e-06	1.775973e-05
1	1-4790033	4916019	17	C	A	0.108	-0.1054838	0.02282525	69.09969	4.212636	1e+05	6.352928e-06	7.495178e-06	1.764076e-05
1	1-4790137	4916123	16	C	T	0.105	-0.1087816	0.02296203	69.44134	3.266527	1e+05	3.789002e-06	5.244671e-06	1.304051e-05
1	1-4790188	4916174	13	T	C	0.101	-0.1101086	0.02346291	69.27875	3.394066	1e+05	4.626031e-06	6.215647e-06	1.505333e-05
1	1-4790204	4916190	12	A	G	0.103	-0.1069679	0.02304908	69.13345	3.838763	1e+05	5.828349e-06	7.235215e-06	1.712033e-05
1	1-4790583	4916569	9	C	G	0.113	-0.1034708	0.02212715	69.33122	4.112843	1e+05	4.983009e-06	5.884036e-06	1.437121e-05
1	1-31415364	31719655	33	A	C	0.012	0.3299772	0.07176783	69.40005	2112.601	1e+05	7.045907e-06	5.475758e-06	1.352396e-05
1	1-31415359	31719660	33	T	A	0.017	0.2969409	0.06235254	70.1184	1e+05	1e+05	3.388229e-06	2.588205e-06	7.207906e-06
1	1-31415358	31719661	33	T	C	0.012	0.3299772	0.07176783	69.40005	2112.601	1e+05	7.045907e-06	5.475758e-06	1.352396e-05
1	1-31415335	31719684	35	C	T	0.013	0.3297657	0.07177943	69.38204	327.9605	1e+05	7.160993e-06	5.579798e-06	1.374068e-05
1	1-91020411	92955564	41	T	C	0.015	0.2595537	0.05665995	69.32766	1e+05	1e+05	7.58953e-06	5.905965e-06	1.441648e-05
1	1-94218478	96411816	18	T	C	0.507	0.06455496	0.01422141	69.14982	1e+05	1e+05	9.101857e-06	7.112414e-06	1.687361e-05
1	1-106085061	108609252	42	T	C	0.031	0.2398979	0.04775724	71.30005	1e+05	1e+05	1.019374e-06	7.574192e-07	2.607899e-06
1	1-153825593	155679861	43	G	T	0.055	0.1554355	0.03393188	69.29888	32.16113	1e+05	7.592535e-06	6.086262e-06	1.47878e-05
1	1-160377772	161822120	25	T	C	0.012	0.303509	0.06150333	70.89391	1e+05	1e+05	1.539605e-06	1.154899e-06	3.689315e-06
1	1-166006798	167704784	28	C	T	0.08	-0.1115753	0.02469716	68.93512	9.971026	1e+05	9.994509e-06	8.903346e-06	2.041955e-05
1	1-166041545	167745309	24	C	T	0.142	-0.09401479	0.02056251	68.93936	4.715926	1e+05	7.886056e-06	8.863975e-06	2.034271e-05
1	1-176048463	177948851	10	A	G	0.2	0.09806517	0.0180327	73.28148	1e+05	1e+05	1.372326e-07	9.73451e-08	4.977493e-07
1	1-176073602	177974433	20	A	G	0.063	0.129751	0.02812498	69.39335	15.53354	1e+05	6.580658e-06	5.514246e-06	1.36042e-05
1	1-176932450	178886101	33	A	G	0.017	0.2774848	0.06043336	69.37352	99362.37	1e+05	7.242237e-06	5.629655e-06	1.384433e-05
1	1-200046896	202467979	8	T	C	0.015	0.2782821	0.05773389	70.22558	9.031824	1e+05	2.607629e-06	2.314798e-06	6.566848e-06
1	1-202559962	205065209	18	A	G	0.018	0.2224708	0.04910447	68.89262	6.656082	1e+05	9.45357e-06	9.308271e-06	2.120726e-05
1	1-202559964	205065211	19	A	G	0.019	0.2224783	0.04910239	68.89411	6.656214	1e+05	9.439405e-06	9.29386e-06	2.117931e-05
1	1-202559968	205065215	19	T	G	0.019	0.2223657	0.04910671	68.88245	6.650801	1e+05	9.550383e-06	9.407922e-06	2.140041e-05
1	1-202561010	205066257	20	A	G	0.026	0.2204175	0.04447167	70.76508	6.589429	1e+05	1.393323e-06	1.320395e-06	4.12071e-06
1	1-202561248	205066495	22	C	T	0.019	0.2770071	0.05084628	73.06256	5.873563	1e+05	1.307387e-07	1.220545e-07	5.95989e-07
1	1-202561396	205066643	17	A	G	0.03	0.1993419	0.04292958	69.49209	11.87233	1e+05	5.761979e-06	4.973937e-06	1.247027e-05
1	1-202561415	205066662	16	C	T	0.025	0.2130517	0.04458764	69.98762	7.204711	1e+05	3.15233e-06	2.966105e-06	8.077607e-06
1	1-202561487	205066734	14	C	T	0.027	0.2221152	0.04332536	71.43182	4.779506	1e+05	6.251836e-07	6.606047e-07	2.331599e-06
1	1-202562170	205067417	14	G	A	0.041	0.1586992	0.03467206	69.14947	8.428519	1e+05	7.715294e-06	7.115e-06	1.687881e-05
1	1-202562282	205067529	14	A	C	0.018	0.2220695	0.04910741	68.82988	6.112986	1e+05	9.806513e-06	9.940145e-06	2.242743e-05
1	1-202562738	205067985	23	G	A	0.024	0.2384503	0.04533565	72.15075	5.931285	1e+05	3.298413e-07	3.135152e-07	1.27158e-06
1	1-202563407	205068654	22	T	C	0.026	0.2224674	0.04390017	71.00291	3.67602	1e+05	8.274876e-07	1.031218e-06	3.360465e-06
1	1-202563835	205069082	11	A	G	0.022	0.2310789	0.04826262	70.12184	11.32837	1e+05	3.017243e-06	2.578946e-06	7.186368e-06
1	1-202564851	205070098	40	T	C	0.023	0.2336306	0.04994162	69.59619	8.928838	1e+05	4.941474e-06	4.461686e-06	1.1379e-05
1	1-202564975	205070222	37	A	G	0.02	0.2236754	0.04909351	69.02349	7.203437	1e+05	8.458419e-06	8.117063e-06	1.887595e-05
1	1-202565029	205070276	27	T	C	0.019	0.277507	0.05294729	72.15561	8.208848	1e+05	3.607319e-07	3.119417e-07	1.266415e-06
1	1-202566009	205071256	18	C	G	0.023	0.2373105	0.04537013	72.01513	5.994454	1e+05	3.797993e-07	3.60804e-07	1.424793e-06
1	1-202566231	205071478	19	G	A	0.023	0.2380421	0.04536396	72.10078	6.081884	1e+05	3.500786e-07	3.301692e-07	1.325972e-06
1	1-202566469	205071716	20	T	C	0.03	0.1995364	0.03993403	71.05084	10.09328	1e+05	1.154765e-06	9.811341e-07	3.225519e-06
1	1-202566957	205072204	21	A	G	0.021	0.2521511	0.0495034	71.39813	6.562247	1e+05	7.315683e-07	6.841132e-07	2.399275e-06
1	1-202567106	205072353	15	T	C	0.041	0.1542659	0.03360981	69.21739	8.988638	1e+05	7.295723e-06	6.627338e-06	1.589319e-05
1	1-202567522	205072769	6	T	C	0.02	0.2405356	0.05004793	70.13951	8.072284	1e+05	2.778729e-06	2.531913e-06	7.076786e-06
1	1-202568569	205073816	17	T	G	0.021	0.2322912	0.04982375	69.48151	7.307905	1e+05	5.30138e-06	5.029211e-06	1.258704e-05
1	1-202568589	205073836	15	A	G	0.023	0.235275	0.04538518	71.78013	5.769865	1e+05	4.753642e-07	4.603049e-07	1.736419e-06
1	1-202568661	205073908	22	A	T	0.023	0.2351346	0.04538379	71.76579	5.766548	1e+05	4.821096e-07	4.672012e-07	1.757558e-06
1	1-202568856	205074103	11	A	C	0.022	0.2362751	0.04535382	71.8934	5.645589	1e+05	4.202055e-07	4.093107e-07	1.578348e-06
1	1-202569230	205074477	18	A	T	0.037	0.1724	0.03645365	69.69933	5.634805	1e+05	3.930465e-06	4.006426e-06	1.039403e-05
1	1-202569370	205074617	41	A	T	0.031	0.2212992	0.04205938	71.8365	3.320732	1e+05	3.267715e-07	4.341776e-07	1.655829e-06
1	1-202569380	205074627	20	T	C	0.026	0.2206209	0.04447609	70.76133	6.138094	1e+05	1.36714e-06	1.32555e-06	4.134003e-06
1	1-202569382	205074629	20	C	G	0.023	0.2385266	0.04532354	72.14075	5.549989	1e+05	3.249318e-07	3.167795e-07	1.282281e-06
1	1-202569521	205074768	26	T	A	0.014	0.2649338	0.05622462	69.54081	4.645818	1e+05	4.246018e-06	4.727265e-06	1.194688e-05
1	1-202569712	205074959	18	A	G	0.018	0.2397341	0.04886372	70.57616	7.56201	1e+05	1.757669e-06	1.607059e-06	4.848503e-06
1	1-202572963	205078210	42	A	G	0.023	0.2522691	0.04849522	71.8997	6.371956	1e+05	4.359996e-07	4.066507e-07	1.570012e-06
1	1-202573609	205078856	17	C	T	0.011	0.4748813	0.09072004	72.05302	6.331702	1e+05	3.724599e-07	3.469147e-07	1.380179e-06
1	1-202582381	205087628	18	A	G	0.023	0.2369779	0.04534198	71.97263	5.629423	1e+05	3.873742e-07	3.770496e-07	1.476599e-06
1	1-202613387	205118632	8	C	T	0.033	0.1807844	0.03893252	69.57834	48.44988	1e+05	5.760176e-06	4.545623e-06	1.155899e-05
1	1-208759572	211688735	17	A	G	0.028	0.2224622	0.04481255	71.02849	1e+05	1e+05	1.342907e-06	1.004179e-06	3.287747e-06
1	1-224324365	227877554	9	T	C	0.02	0.2412581	0.05208737	69.53012	54.08389	1e+05	6.067011e-06	4.780291e-06	1.205971e-05
1	1-224427960	227981287	8	A	G	0.015	0.2622463	0.05721465	69.33693	409.2158	1e+05	7.50186e-06	5.849012e-06	1.429886e-05
1	1-224428246	227981573	11	T	C	0.016	0.2652902	0.05810543	69.19922	17.90327	1e+05	8.112562e-06	6.754424e-06	1.615098e-05
1	1-224433225	227986552	17	A	G	0.016	0.2918758	0.06093409	70.24153	1e+05	1e+05	2.988981e-06	2.276648e-06	6.476515e-06
1	1-224486204	228039534	10	G	A	0.167	0.08921096	0.01898761	69.75904	14.87556	1e+05	4.513854e-06	3.764461e-06	9.864027e-06
1	1-224515321	228069607	22	C	T	0.148	0.09601225	0.02014726	69.97431	8.493082	1e+05	3.339137e-06	3.007534e-06	8.171914e-06
1	1-224686096	228256371	34	A	G	0.057	0.1445589	0.031873	69.13358	1e+05	1e+05	9.254182e-06	7.234199e-06	1.711829e-05
1	1-229383476	232840618	26	T	C	0.038	0.166283	0.03477384	69.27171	2.217082	1e+05	3.101777e-06	6.261553e-06	1.514735e-05
1	1-229385854	232842996	15	A	G	0.043	0.1679371	0.03250676	71.81575	8.442602	1e+05	5.175788e-07	4.436195e-07	1.685046e-06
1	1-229387831	232844973	11	T	C	0.038	0.16134	0.03453974	68.8108	2.25761	1e+05	5.096246e-06	1.014071e-05	2.281256e-05
1	1-229813327	233276284	18	C	T	0.03	-0.2104297	0.04487257	68.92615	2.285845	1e+05	4.696301e-06	8.98732e-06	2.058329e-05
1	1-233881433	237440185	24	A	G	0.273	-0.08382509	0.01685401	71.0712	1e+05	1e+05	1.285913e-06	9.605995e-07	3.169871e-06
1	1-235308036	238688218	15	T	C	0.02	0.2575406	0.04922487	71.94954	4.999717	1e+05	3.772801e-07	3.861774e-07	1.505535e-06
1	1-238090447	241585777	37	A	G	0.063	0.1407061	0.03091004	69.20168	300.979	1e+05	8.607012e-06	6.737031e-06	1.611574e-05
1	1-267647297	272380112	19	A	C	0.014	0.2693989	0.05935249	69.14847	1e+05	1e+05	9.114392e-06	7.122434e-06	1.689376e-05
1	1-267683953	272424995	18	A	G	0.041	0.1654581	0.03459698	70.20782	1e+05	1e+05	3.093361e-06	2.358015e-06	6.668906e-06
1	1-267684185	272425227	30	A	C	0.037	0.1817869	0.03698098	70.80673	1e+05	1e+05	1.682199e-06	1.264442e-06	3.975878e-06
1	1-267697601	272438642	17	T	C	0.041	0.1566387	0.03341687	69.78892	1e+05	1e+05	4.740082e-06	3.648931e-06	9.609241e-06
1	1-267730024	272471064	25	C	A	0.036	0.1839561	0.03802607	70.45425	1e+05	1e+05	2.407192e-06	1.824394e-06	5.386674e-06
1	1-267730108	272471147	24	T	C	0.024	0.2138008	0.04670074	69.31566	1e+05	1e+05	7.683131e-06	5.980486e-06	1.457015e-05
1	1-270201298	274896009	28	A	G	0.012	0.4366654	0.08425115	72.04766	1e+05	1e+05	4.777867e-07	3.48846e-07	1.386401e-06
1	1-280816226	285863101	19	T	G	0.053	0.1590377	0.03361816	69.9789	1e+05	1e+05	3.905594e-06	2.993181e-06	8.139262e-06
1	1-281716544	286742994	14	T	C	0.077	0.130149	0.02789513	69.69395	1e+05	1e+05	5.222094e-06	4.028943e-06	1.044311e-05
1	1-287830672	292949748	45	C	G	0.439	-0.07090645	0.01553697	69.2541	1e+05	1e+05	8.181776e-06	6.377825e-06	1.538507e-05
1	1-287912289	293031287	36	A	G	0.068	0.1273257	0.02817095	69.06683	1e+05	1e+05	9.907761e-06	7.757249e-06	1.816292e-05
2	2-208721	251618	14	T	C	0.011	0.3437095	0.0709035	70.49887	1e+05	1e+05	2.30039e-06	1.741628e-06	5.182967e-06
2	2-27776242	28523249	13	A	G	0.018	0.2895963	0.06061177	70.18758	98922.04	1e+05	3.157766e-06	2.408252e-06	6.78719e-06
2	2-29634039	30415099	36	T	C	0.02	0.2748441	0.05642791	70.60307	1e+05	1e+05	2.069082e-06	1.562684e-06	4.737272e-06
2	2-47906333	49243368	19	G	A	0.127	-0.1014729	0.02226735	68.62593	3.036074	1e+05	8.424734e-06	1.230756e-05	2.691357e-05
2	2-96039281	98278586	34	T	C	0.075	0.1426585	0.02910021	70.18687	3.260796	1e+05	1.789221e-06	2.410032e-06	6.791375e-06
2	2-125441024	128911817	8	T	C	0.011	0.3360018	0.07321371	69.36383	1e+05	1e+05	7.314243e-06	5.686919e-06	1.396322e-05
2	2-125792770	129270013	13	T	G	0.014	0.31645	0.05762988	73.54284	1e+05	1e+05	1.05411e-07	7.43167e-08	4.017975e-07
2	2-125847672	129326116	7	G	A	0.029	0.2307201	0.05008909	69.4364	1e+05	1e+05	6.791886e-06	5.271803e-06	1.309743e-05
2	2-126244636	129757285	3	T	G	0.015	0.2921871	0.06376867	69.33231	1e+05	1e+05	7.55359e-06	5.877358e-06	1.435742e-05
2	2-136672156	140674244	29	A	G	0.027	-0.2299139	0.05010825	68.58463	2.536916	1e+05	7.345889e-06	1.285195e-05	2.792846e-05
2	2-139790499	143947674	40	A	G	0.021	-0.3244799	0.06886388	68.86056	1.999811	1e+05	4.249024e-06	9.626012e-06	2.182216e-05
2	2-144805806	148618838	21	T	C	0.051	-0.1494429	0.03254929	69.24719	10.19925	1e+05	7.251879e-06	6.42408e-06	1.547947e-05
2	2-144794473	148668776	44	A	C	0.058	-0.1508761	0.03203165	69.53707	4.694264	1e+05	4.281115e-06	4.745731e-06	1.198619e-05
2	2-158979837	162977094	37	C	T	0.015	0.3646849	0.07453183	70.70385	1e+05	1e+05	1.867608e-06	1.407194e-06	4.343484e-06
2	2-169070065	173247818	32	T	C	0.116	-0.1026631	0.02210433	69.50483	12.19417	1e+05	5.736169e-06	4.908193e-06	1.233114e-05
2	2-169088051	173265815	23	C	T	0.106	-0.1042911	0.02288274	69.14824	14.26379	1e+05	8.402425e-06	7.124207e-06	1.689733e-05
2	2-186841570	191790940	28	T	C	0.07	-0.1306507	0.02846863	69.36365	1e+05	1e+05	7.315594e-06	5.687993e-06	1.396545e-05
2	2-186841581	191790951	24	A	G	0.069	-0.1296827	0.02847517	69.21357	1e+05	1e+05	8.527723e-06	6.653817e-06	1.594696e-05
2	2-186841589	191790959	20	C	G	0.067	-0.1306908	0.0284481	69.38393	1e+05	1e+05	7.165624e-06	5.568741e-06	1.371767e-05
2	2-186841594	191790964	23	T	C	0.071	-0.1286641	0.02772062	69.58882	1e+05	1e+05	5.813334e-06	4.496164e-06	1.145299e-05
2	2-186843796	191793166	24	A	G	0.116	-0.120234	0.02367363	71.55806	1e+05	1e+05	7.846637e-07	5.795117e-07	2.094934e-06
2	2-187464943	192446825	30	C	T	0.368	-0.07125856	0.01542541	69.49142	316.5443	1e+05	6.403699e-06	4.977407e-06	1.247761e-05
2	2-187464944	192446826	30	A	T	0.429	-0.0676016	0.0146581	69.46097	1e+05	1e+05	6.623624e-06	5.138238e-06	1.281684e-05
2	2-187464956	192446838	30	T	C	0.412	-0.06995052	0.01489749	69.8241	99056.63	1e+05	4.573087e-06	3.517476e-06	9.317901e-06
2	2-187464959	192446841	32	T	C	0.409	-0.06962254	0.01502823	69.55124	99434.15	1e+05	6.040562e-06	4.676025e-06	1.183768e-05
2	2-190615238	195707881	22	T	C	0.038	0.1645735	0.0362308	69.16295	1e+05	1e+05	8.980529e-06	7.015445e-06	1.667837e-05
2	2-190678565	195764834	44	A	G	0.102	0.1163338	0.0237264	70.74975	1e+05	1e+05	1.782482e-06	1.34161e-06	4.175368e-06
2	2-190733975	195820218	41	C	T	0.064	0.1451793	0.02993092	70.51196	1e+05	1e+05	2.269963e-06	1.718064e-06	5.124699e-06
2	2-191046757	196121906	18	T	C	0.028	0.1990727	0.04126056	70.38989	132.3966	1e+05	2.552569e-06	1.9508e-06	5.695072e-06
2	2-191074216	196151524	2	A	G	0.024	0.2174454	0.04411073	70.85647	69.61267	1e+05	1.577863e-06	1.200723e-06	3.809696e-06
2	2-191166246	196236837	3	G	T	0.03	0.1827852	0.03892774	69.68373	9.42921	1e+05	4.572165e-06	4.072137e-06	1.053715e-05
2	2-191238971	196305606	7	T	C	0.026	0.1928658	0.04025492	70.24636	1e+05	1e+05	2.974328e-06	2.265231e-06	6.449436e-06
2	2-191285235	196351870	19	T	C	0.032	0.1782581	0.03870553	69.43338	95094.83	1e+05	6.812836e-06	5.288441e-06	1.313231e-05
2	2-191297894	196364527	18	T	C	0.032	0.2017626	0.03891849	72.05398	1e+05	1e+05	4.74738e-07	3.465687e-07	1.379064e-06
2	2-191301426	196368059	7	T	C	0.033	0.1788145	0.03935558	69.01518	8.791716	1e+05	8.933842e-06	8.187941e-06	1.901589e-05
2	2-191341626	196408211	9	T	C	0.022	0.2288606	0.04951769	69.46716	27.79242	1e+05	6.340868e-06	5.105126e-06	1.274712e-05
2	2-191359020	196425605	25	A	G	0.031	0.1927599	0.04028634	70.18886	33.97448	1e+05	3.061287e-06	2.40504e-06	6.77964e-06
2	2-191460069	196542041	8	T	G	0.02	0.2662236	0.05263491	71.46075	1e+05	1e+05	8.660366e-07	6.410687e-07	2.275053e-06
2	2-205585713	211516464	23	C	T	0.231	-0.08007962	0.01765403	69.01824	10.70405	1e+05	9.23057e-06	8.161716e-06	1.896413e-05
2	2-205585723	211516474	24	T	C	0.218	-0.08612957	0.01826164	69.91604	1e+05	1e+05	4.163968e-06	3.195899e-06	8.59832e-06
2	2-206599321	212778952	20	T	A	0.028	-0.2075176	0.04568697	68.62027	3.272379	1e+05	8.988449e-06	1.238077e-05	2.705038e-05
2	2-206599695	212779326	15	A	G	0.03	-0.2086491	0.04416916	69.0607	2.239142	1e+05	4.027356e-06	7.807191e-06	1.826215e-05
2	2-206600626	212780257	16	G	A	0.03	-0.2051723	0.04414667	68.97148	2.86919	1e+05	5.65955e-06	8.570955e-06	1.976935e-05
2	2-206606261	212785892	25	G	A	0.029	-0.2079539	0.04569071	68.56643	2.905181	1e+05	8.636233e-06	1.309947e-05	2.838803e-05
2	2-208855594	214983239	23	T	G	0.024	0.2678016	0.0574733	69.66754	1e+05	1e+05	5.364711e-06	4.141538e-06	1.068795e-05
2	2-212385699	218525582	30	T	C	0.359	-0.06719411	0.01482952	68.92485	7.264888	1e+05	9.431308e-06	8.999556e-06	2.060713e-05
2	2-218305569	224429095	23	C	T	0.125	0.1028586	0.02196604	69.61137	8.48323	1e+05	4.842453e-06	4.391568e-06	1.122828e-05
2	2-218318969	224446869	17	T	C	0.142	-0.08796838	0.01938972	69.03411	11.67912	1e+05	9.198393e-06	8.027331e-06	1.869853e-05
2	2-220500025	226598441	37	A	T	0.018	0.2783243	0.05832623	70.1608	1e+05	1e+05	3.245055e-06	2.476376e-06	6.946996e-06
2	2-222836208	229151503	12	T	C	0.011	0.3976539	0.08768402	69.13194	1e+05	1e+05	9.269762e-06	7.246658e-06	1.714329e-05
2	2-223758382	230142895	31	A	G	0.017	0.2823077	0.0566669	71.00252	11.55929	1e+05	1.237222e-06	1.031636e-06	3.361586e-06
3	3-10140575	9422705	47	A	G	0.04	0.229897	0.04170336	73.65014	1e+05	1e+05	9.459528e-08	6.652421e-08	3.68086e-07
3	3-71191134	71444890	13	G	A	0.014	0.3563503	0.07830866	69.19799	1e+05	1e+05	8.664615e-06	6.763099e-06	1.616855e-05
3	3-72461827	72821560	5	A	G	0.017	0.3185679	0.06410643	71.05175	1e+05	1e+05	1.311558e-06	9.802036e-07	3.223001e-06
3	3-84262862	84698304	10	G	A	0.3	-0.08399395	0.0180874	69.54566	20.17229	1e+05	5.753813e-06	4.703372e-06	1.189598e-05
3	3-103369400	89238563	29	T	A	0.243	-0.07737033	0.01712605	68.95844	12.04745	1e+05	9.996258e-06	8.688679e-06	2.000001e-05
3	3-94962615	104188397	0	A	C	0.017	-0.3395461	0.07435884	68.92269	4.648276	1e+05	8.089643e-06	9.019962e-06	2.064689e-05
3	3-123864712	124207817	23	A	G	0.014	0.3596815	0.07682655	69.68378	14.12918	1e+05	4.861596e-06	4.071941e-06	1.053672e-05
3	3-129714674	130219112	40	A	G	0.031	-0.2049117	0.04473582	69.30824	53.13208	1e+05	7.603411e-06	6.027044e-06	1.466601e-05
3	3-172416135	174785415	10	A	T	0.082	0.1340307	0.02782433	70.362	1e+05	1e+05	2.644085e-06	2.00827e-06	5.834259e-06
3	3-217544336	221069958	9	A	G	0.451	-0.06910053	0.01459449	69.99648	1e+05	1e+05	3.836252e-06	2.938826e-06	8.015405e-06
3	3-220790207	224416336	47	T	C	0.082	0.1230288	0.02709758	69.15378	1e+05	1e+05	9.065107e-06	7.08304e-06	1.681451e-05
3	3-230611196	234427421	28	G	A	0.019	0.2309329	0.04822661	70.23473	97894.9	1e+05	3.009763e-06	2.292844e-06	6.514891e-06
4	4-1072736	1290842	10	T	A	0.013	0.282001	0.06218103	69.13229	1e+05	1e+05	9.266415e-06	7.243981e-06	1.713792e-05
4	4-2989228	3560410	38	G	A	0.462	0.07249212	0.01566501	69.529	1e+05	1e+05	6.17926e-06	4.785886e-06	1.207161e-05
4	4-2990422	3561604	42	A	G	0.308	0.07506102	0.01589104	69.94709	1e+05	1e+05	4.034292e-06	3.094119e-06	8.368392e-06
4	4-4101086	4828877	44	C	T	0.052	0.1926819	0.04106302	69.81048	1e+05	1e+05	4.637014e-06	3.567785e-06	9.429584e-06
4	4-6490824	7291740	16	C	T	0.043	0.1503696	0.03268353	69.24824	8.35288	1e+05	6.955661e-06	6.417054e-06	1.546514e-05
4	4-8837920	9680008	37	T	C	0.056	0.1647235	0.03434147	70.27096	1e+05	1e+05	2.900763e-06	2.207931e-06	6.313221e-06
4	4-9160452	10005013	34	T	C	0.015	0.2845624	0.06068444	69.79677	40520.08	1e+05	4.702203e-06	3.619149e-06	9.543374e-06
4	4-10814990	11691369	26	A	C	0.12	0.1003945	0.02180337	69.42926	92420.68	1e+05	6.84152e-06	5.311221e-06	1.318004e-05
4	4-12871625	13766261	27	C	T	0.058	0.1401205	0.03085198	69.16012	1e+05	1e+05	9.006501e-06	7.036201e-06	1.672019e-05
4	4-15711234	16816717	31	C	A	0.025	0.2523352	0.04976192	71.5209	1e+05	1e+05	8.147881e-07	6.022838e-07	2.161924e-06
4	4-17950947	19102246	34	T	G	0.02	0.2591791	0.0520156	70.89302	6.67561	1e+05	1.232392e-06	1.155966e-06	3.692128e-06
4	4-28383298	29885518	19	A	T	0.014	0.3636362	0.08005881	69.16188	1e+05	1e+05	8.99035e-06	7.023293e-06	1.669419e-05
4	4-31153068	32706992	22	A	G	0.399	0.07466405	0.01615805	69.48285	56.9213	1e+05	6.367079e-06	5.022134e-06	1.25721e-05
4	4-55261657	57517001	9	C	A	0.02	0.2707039	0.05487918	70.88428	1e+05	1e+05	1.554737e-06	1.166513e-06	3.719897e-06
4	4-87381557	90761831	31	T	C	0.027	0.2642123	0.05834444	69.02926	14.98544	1e+05	9.538955e-06	8.06817e-06	1.877931e-05
4	4-95637022	102544235	8	A	G	0.013	0.3491022	0.07211434	70.46916	1e+05	1e+05	2.370965e-06	1.79631e-06	5.317716e-06
4	4-155190191	158661032	35	A	C	0.01	0.3961898	0.07953344	70.96684	9.470498	1e+05	1.239864e-06	1.070602e-06	3.465837e-06
4	4-155190334	158661175	30	A	G	0.02	0.3174503	0.06324218	71.10212	7.807204	1e+05	1.037125e-06	9.30242e-07	3.087247e-06
4	4-163476383	166122115	31	T	C	0.284	-0.07615269	0.01643139	69.55905	1e+05	1e+05	5.992666e-06	4.638099e-06	1.175674e-05
4	4-196003140	200080881	25	A	T	0.012	0.4635656	0.08626034	72.91524	20.66102	1e+05	1.885292e-07	1.421327e-07	6.730599e-07
4	4-198241264	202353593	35	T	A	0.013	0.3585708	0.07467403	70.28358	87.33734	1e+05	2.833395e-06	2.179107e-06	6.244497e-06
5	5-2466573	2539917	37	G	A	0.177	0.09529645	0.02088481	69.25081	1e+05	1e+05	8.209342e-06	6.399807e-06	1.542994e-05
5	5-4686091	4796813	23	A	C	0.021	-0.2860597	0.06293862	69.09938	15.15145	1e+05	8.87583e-06	7.497599e-06	1.764559e-05
5	5-10996816	11325758	12	C	G	0.092	0.1219696	0.02695826	69.08651	1e+05	1e+05	9.710405e-06	7.599222e-06	1.784835e-05
5	5-15631080	16170644	18	T	C	0.041	0.1689869	0.03546504	70.07513	19.88005	1e+05	3.34879e-06	2.707568e-06	7.484536e-06
5	5-24060420	24584424	10	A	G	0.022	0.2822389	0.06162636	69.32311	1e+05	1e+05	7.624872e-06	5.9341e-06	1.447453e-05
5	5-24158387	24648417	43	C	T	0.018	0.3859998	0.07234075	72.78135	1e+05	1e+05	2.27447e-07	1.632378e-07	7.519196e-07
5	5-31313268	32237771	17	T	C	0.255	0.08174392	0.01680613	70.57252	1e+05	1e+05	2.134385e-06	1.613159e-06	4.863758e-06
5	5-63840813	65693631	36	T	G	0.013	0.3428178	0.06931297	70.94457	1e+05	1e+05	1.46237e-06	1.095661e-06	3.532556e-06
5	5-67289507	69185801	30	T	A	0.012	0.3635574	0.07695085	69.95175	1e+05	1e+05	4.015172e-06	3.079118e-06	8.334411e-06
5	5-84336330	86526984	42	A	G	0.054	0.1894448	0.03724669	71.39008	7.141751	1e+05	7.576482e-07	6.898505e-07	2.415733e-06
5	5-96932475	99408711	10	A	G	0.013	0.3696955	0.0802531	69.43823	1e+05	1e+05	6.7792e-06	5.26173e-06	1.30763e-05
5	5-133719854	136990806	28	A	G	0.017	0.3095014	0.05790443	72.76417	18.10952	1e+05	2.174273e-07	1.661642e-07	7.627007e-07
5	5-135739870	139006497	42	G	A	0.417	-0.0771857	0.01675493	69.43877	1e+05	1e+05	6.775428e-06	5.258735e-06	1.307002e-05
5	5-141823518	145119497	28	A	G	0.114	-0.09891148	0.0217916	69.14851	1e+05	1e+05	9.114058e-06	7.122167e-06	1.689323e-05
5	5-176158424	180145888	38	T	G	0.188	-0.09028183	0.01829167	70.74966	9.026173	1e+05	1.533611e-06	1.341728e-06	4.175671e-06
5	5-176158442	180145906	39	A	G	0.181	-0.09555455	0.01865832	71.65652	12.24107	1e+05	6.41454e-07	5.232488e-07	1.927463e-06
5	5-176158470	180145934	37	T	C	0.189	-0.09082926	0.0182965	70.94501	14.00969	1e+05	1.342826e-06	1.095162e-06	3.531229e-06
5	5-176158478	180145942	33	C	T	0.196	-0.09182734	0.01793857	71.65665	13.29889	1e+05	6.484975e-07	5.231805e-07	1.927258e-06
5	5-176158779	180146243	25	T	C	0.186	-0.08798395	0.01770141	70.95947	12.4696	1e+05	1.304924e-06	1.078838e-06	3.487791e-06
5	5-176158834	180146298	22	A	G	0.19	-0.08408067	0.01774931	69.9482	18.62934	1e+05	3.794672e-06	3.09054e-06	8.360287e-06
5	5-176160302	180147766	7	G	A	0.195	-0.08097273	0.01702171	70.0951	1e+05	1e+05	3.469606e-06	2.651815e-06	7.355557e-06
5	5-176160382	180147846	6	C	G	0.181	-0.08243709	0.01738438	70.02878	1e+05	1e+05	3.712095e-06	2.841562e-06	7.792915e-06
5	5-192658118	197987474	9	A	G	0.084	0.1299668	0.02741695	70.02155	1e+05	1e+05	3.739525e-06	2.863045e-06	7.842152e-06
5	5-196561420	201701388	22	T	A	0.014	0.2821007	0.06205846	69.17727	1e+05	1e+05	8.850067e-06	6.91121e-06	1.64681e-05
5	5-215198922	221003537	4	A	G	0.182	-0.0919731	0.02029157	69.1213	1e+05	1e+05	9.371126e-06	7.327727e-06	1.730582e-05
6	6-18534210	16280617	19	C	T	0.41	0.06523433	0.01434022	69.16599	38.201	1e+05	8.722885e-06	6.993213e-06	1.663356e-05
6	6-39505014	41115999	16	T	A	0.014	0.3229536	0.06796011	70.07333	1e+05	1e+05	3.547395e-06	2.712653e-06	7.496278e-06
6	6-47783722	49289874	5	T	C	0.02	0.2535625	0.05408828	69.78428	126.4769	1e+05	4.729055e-06	3.666611e-06	9.648307e-06
6	6-60436135	63048039	21	A	G	0.054	0.1615625	0.03415727	69.96455	77.54088	1e+05	3.918742e-06	3.038287e-06	8.241792e-06
6	6-95924207	98579963	14	T	C	0.054	-0.1500887	0.03121117	69.68731	2.910482	1e+05	2.74473e-06	4.05698e-06	1.050417e-05
6	6-95965839	98625123	10	A	G	0.056	-0.1655515	0.03049113	71.19326	1.225408	1e+05	1.432853e-07	8.462267e-07	2.856231e-06
6	6-96019844	98711933	22	A	G	0.061	-0.1432894	0.03055731	69.42204	4.284079	1e+05	4.702499e-06	5.351444e-06	1.326425e-05
6	6-96018494	98713168	14	T	C	0.05	-0.1700219	0.03352179	70.62749	2.229846	1e+05	8.104364e-07	1.523495e-06	4.638626e-06
6	6-96004617	98730869	38	A	G	0.063	-0.1444193	0.03103878	68.76836	2.289389	1e+05	5.526932e-06	1.06016e-05	2.369376e-05
6	6-96008959	98735471	14	C	A	0.054	-0.1665609	0.03065712	72.54295	2.713705	1e+05	1.407981e-07	2.088923e-07	9.164921e-07
6	6-96008977	98735489	15	T	C	0.05	-0.1688366	0.03134093	72.0851	2.260369	1e+05	1.76759e-07	3.355756e-07	1.343524e-06
6	6-96009695	98736207	18	G	A	0.062	-0.1369394	0.02908444	69.59553	5.38457	1e+05	4.317289e-06	4.464788e-06	1.138566e-05
6	6-96009877	98736389	7	A	G	0.057	-0.1409263	0.02924737	70.00994	4.545833	1e+05	2.627356e-06	2.897897e-06	7.921916e-06
6	6-96075753	98754362	5	T	C	0.043	-0.1570632	0.03402833	68.8654	2.984956	1e+05	6.514654e-06	9.577308e-06	2.172809e-05
6	6-96088454	98767063	10	T	C	0.044	-0.1776043	0.03466701	70.88194	2.245343	1e+05	6.357759e-07	1.169354e-06	3.727371e-06
6	6-96088547	98767156	4	T	C	0.043	-0.1595244	0.03396271	69.22892	3.022904	1e+05	4.540736e-06	6.54793e-06	1.573177e-05
6	6-96088771	98767380	6	A	T	0.048	-0.1526589	0.03320853	68.72421	2.761976	1e+05	7.072743e-06	1.110335e-05	2.464736e-05
6	6-96089289	98767898	4	T	C	0.043	-0.1574093	0.03401483	68.94405	3.088977	1e+05	6.178706e-06	8.820496e-06	2.025779e-05
6	6-96089848	98768457	14	T	C	0.045	-0.1598383	0.03403752	69.27175	3.217199	1e+05	4.563143e-06	6.261312e-06	1.514686e-05
6	6-96089991	98768600	25	G	C	0.05	-0.1677561	0.03388276	70.79722	7.627676	1e+05	1.427926e-06	1.277004e-06	4.008482e-06
6	6-96090652	98769261	30	A	T	0.049	-0.1584112	0.03403854	69.07439	3.152526	1e+05	5.502211e-06	7.696148e-06	1.804139e-05
6	6-96090757	98769366	19	A	G	0.046	-0.164081	0.03503213	69.00125	2.503571	1e+05	4.818616e-06	8.308116e-06	1.92528e-05
6	6-96092345	98770954	26	T	C	0.031	-0.2224769	0.04446098	69.98687	1.826878	1e+05	1.116443e-06	2.968425e-06	8.082894e-06
6	6-96094626	98773235	13	T	C	0.041	-0.1932968	0.03505656	72.46941	1.773129	1e+05	9.403572e-08	2.254103e-07	9.74359e-07
6	6-96095702	98774311	21	G	C	0.051	-0.1520749	0.03310991	68.92022	3.720605	1e+05	7.196304e-06	9.043302e-06	2.069234e-05
6	6-96096542	98775151	6	A	C	0.048	-0.1501925	0.03316057	68.84303	5.656874	1e+05	9.50757e-06	9.804316e-06	2.216604e-05
6	6-96099505	98778114	24	C	T	0.052	-0.1574867	0.03299236	69.45027	2.641564	1e+05	3.222053e-06	5.195953e-06	1.293821e-05
6	6-96100077	98778686	13	T	C	0.045	-0.1554973	0.0340956	68.72319	3.393523	1e+05	8.293207e-06	1.111525e-05	2.46699e-05
6	6-96100203	98778812	11	A	G	0.047	-0.1536134	0.03359207	68.6947	3.028351	1e+05	7.859832e-06	1.145197e-05	2.530659e-05
6	6-96100424	98779033	20	T	C	0.047	-0.1547426	0.03413011	68.60542	3.365531	1e+05	9.317293e-06	1.257486e-05	2.741259e-05
6	6-96100548	98779157	23	A	G	0.038	-0.1750452	0.03835428	68.28357	2.07095	1e+05	8.175406e-06	1.762376e-05	3.661352e-05
6	6-96100558	98779167	24	T	C	0.045	-0.1695378	0.036197	69.01492	2.534552	1e+05	4.818068e-06	8.190142e-06	1.902023e-05
6	6-96100582	98779191	23	A	G	0.042	-0.172096	0.03677487	68.39295	1.582498	1e+05	4.905457e-06	1.571285e-05	3.31767e-05
6	6-96100616	98779225	23	C	T	0.047	-0.1600973	0.03465569	68.76032	2.604313	1e+05	6.400982e-06	1.069124e-05	2.386455e-05
6	6-96100642	98779251	34	C	G	0.045	-0.193167	0.03630678	71.45938	1.703263	1e+05	2.453235e-07	6.419846e-07	2.277711e-06
6	6-96100697	98779306	25	G	T	0.048	-0.1606814	0.03473256	68.75802	2.521329	1e+05	6.217527e-06	1.071698e-05	2.391355e-05
6	6-96100742	98779351	25	C	T	0.048	-0.1677593	0.03477827	69.68971	2.693978	1e+05	2.565266e-06	4.046839e-06	1.048209e-05
6	6-96100743	98779352	23	T	C	0.047	-0.1676515	0.03477704	69.67791	2.697799	1e+05	2.599707e-06	4.096953e-06	1.059111e-05
6	6-96100801	98779410	15	T	C	0.045	-0.1723019	0.03470811	70.21998	2.413888	1e+05	1.342728e-06	2.32834e-06	6.598859e-06
6	6-96100804	98779413	16	G	C	0.046	-0.1610523	0.03525266	68.55663	2.630086	1e+05	8.012309e-06	1.323468e-05	2.863862e-05
6	6-96100874	98779483	10	G	T	0.044	-0.156885	0.03404906	68.85507	3.081046	1e+05	6.749559e-06	9.681491e-06	2.192925e-05
6	6-96101738	98780347	43	T	C	0.047	-0.1725194	0.03686498	69.49735	5.773527	1e+05	4.904397e-06	4.94667e-06	1.24126e-05
6	6-96102020	98780629	29	T	G	0.056	-0.1518494	0.0320497	69.47873	3.288616	1e+05	3.780877e-06	5.043821e-06	1.261788e-05
6	6-96102336	98780945	15	C	A	0.048	-0.1717213	0.03483457	70.1954	2.76044	1e+05	1.577221e-06	2.388719e-06	6.741244e-06
6	6-96102682	98781291	23	T	G	0.042	-0.164384	0.03632673	68.44916	2.885241	1e+05	9.678211e-06	1.481319e-05	3.154061e-05
6	6-96250750	98929100	12	T	C	0.092	-0.1280101	0.02778494	69.3638	14.53752	1e+05	6.762584e-06	5.687086e-06	1.396357e-05
6	6-96251312	98929662	10	T	G	0.044	-0.1574561	0.03401404	68.92518	3.003947	1e+05	6.138343e-06	8.996452e-06	2.060109e-05
6	6-96251313	98929663	11	T	A	0.045	-0.1576682	0.03400476	68.9558	2.997307	1e+05	5.93821e-06	8.712731e-06	2.004709e-05
6	6-96251548	98929898	26	T	G	0.05	-0.1535313	0.03363447	68.6278	2.91387	1e+05	8.146946e-06	1.228347e-05	2.686853e-05
6	6-96253500	98931847	16	C	T	0.05	-0.1489855	0.03283459	68.14345	2.073926	1e+05	9.174424e-06	2.041675e-05	4.155475e-05
6	6-96287990	98964334	5	C	T	0.046	-0.1561864	0.03351316	69.30913	4.428159	1e+05	5.344117e-06	6.021424e-06	1.465445e-05
6	6-96288012	98964356	9	A	G	0.042	-0.1681977	0.03504821	69.32691	2.104665	1e+05	2.869292e-06	5.910583e-06	1.442601e-05
6	6-96288042	98964386	8	T	C	0.042	-0.1680547	0.03517307	69.27792	2.19501	1e+05	3.157081e-06	6.221062e-06	1.506442e-05
6	6-96288917	98965263	24	C	A	0.045	-0.1622754	0.03561933	68.70695	3.404555	1e+05	8.468918e-06	1.130594e-05	2.503077e-05
6	6-96289154	98965500	30	A	G	0.034	-0.2257415	0.03998183	72.45054	1.200407	1e+05	4.814308e-08	2.298553e-07	9.897984e-07
6	6-96289312	98965658	27	A	G	0.043	-0.1658256	0.03633679	68.70068	3.217783	1e+05	8.187254e-06	1.138038e-05	2.517144e-05
6	6-105240704	108402914	19	C	T	0.014	0.2631516	0.05595823	69.85558	1e+05	1e+05	4.428653e-06	3.403868e-06	9.064834e-06
6	6-105269403	108452178	37	A	G	0.01	0.3408098	0.06846354	71.04721	23.95893	1e+05	1.259964e-06	9.848434e-07	3.235551e-06
6	6-130825741	134727716	16	C	T	0.062	0.1412516	0.03086116	69.31094	1e+05	1e+05	7.720269e-06	6.010059e-06	1.463105e-05
6	6-130868489	134770591	39	G	A	0.145	0.1005044	0.02181655	69.43899	1e+05	1e+05	6.773912e-06	5.257532e-06	1.306749e-05
6	6-130868506	134770608	43	A	G	0.06	0.1394738	0.03076962	69.10627	54.28694	1e+05	9.360336e-06	7.443802e-06	1.75381e-05
6	6-130936649	134847235	37	C	T	0.136	0.107626	0.02094822	71.83415	1e+05	1e+05	5.931382e-07	4.35238e-07	1.659116e-06
6	6-131070652	134981481	40	T	C	0.295	0.07678437	0.01681759	69.26263	1e+05	1e+05	8.110829e-06	6.321257e-06	1.526949e-05
6	6-131070667	134981496	40	G	T	0.282	0.07818685	0.01701057	69.39409	1e+05	1e+05	7.091662e-06	5.509949e-06	1.359524e-05
6	6-141615906	145541011	21	G	A	0.033	0.2029678	0.04410386	69.16079	5.997226	1e+05	6.917058e-06	7.031329e-06	1.671038e-05
6	6-143506651	147397999	10	A	G	0.22	0.09250624	0.01940165	70.14351	1e+05	1e+05	3.302685e-06	2.521375e-06	7.052193e-06
6	6-143829689	147721904	17	T	C	0.165	0.10402	0.02290955	69.15486	1e+05	1e+05	9.055139e-06	7.075072e-06	1.679847e-05
6	6-143833442	147725650	36	A	G	0.264	0.09240075	0.01995436	69.54181	1e+05	1e+05	6.099004e-06	4.722309e-06	1.193633e-05
6	6-143945038	147837968	24	A	G	0.159	0.111636	0.02465527	69.10132	1e+05	1e+05	9.564504e-06	7.482443e-06	1.761532e-05
6	6-143945704	147838634	29	T	G	0.15	0.1163368	0.02571987	69.08158	1e+05	1e+05	9.759461e-06	7.638496e-06	1.792661e-05
6	6-148102992	151983735	6	C	T	0.321	0.07596692	0.01549026	70.75445	1e+05	1e+05	1.773974e-06	1.335059e-06	4.158504e-06
6	6-148103000	151983743	6	A	G	0.321	0.07491266	0.01558066	70.32189	1e+05	1e+05	2.754226e-06	2.093893e-06	6.040508e-06
7	7-366856	389620	44	C	T	0.28	0.07911852	0.01750569	69.06616	1e+05	1e+05	9.914624e-06	7.762746e-06	1.817384e-05
7	7-4572504	4810460	26	G	C	0.05	0.1553188	0.03305584	69.83821	1e+05	1e+05	4.507775e-06	3.466093e-06	9.203594e-06
7	7-4575098	4813054	23	G	A	0.158	-0.09930336	0.01964713	71.31396	9.96604	1e+05	8.807916e-07	7.465626e-07	2.577221e-06
7	7-10161614	10448705	22	C	T	0.021	0.2040337	0.04392494	69.1089	3.669297	1e+05	5.721511e-06	7.423397e-06	1.749731e-05
7	7-15839813	16385086	24	A	G	0.121	0.09329282	0.02051006	69.18968	1e+05	1e+05	8.738512e-06	6.822108e-06	1.6288e-05
7	7-31668792	32885998	21	C	T	0.178	0.09166179	0.02028623	68.83581	6.619515	1e+05	9.964841e-06	9.878712e-06	2.230927e-05
7	7-89072766	91992806	27	T	C	0.06	-0.1457149	0.03178624	69.12614	6.344062	1e+05	7.480198e-06	7.290701e-06	1.723162e-05
7	7-95725144	98710981	29	C	T	0.019	0.2104283	0.04614729	69.23787	1e+05	1e+05	8.318591e-06	6.486943e-06	1.560762e-05
7	7-95759717	98745550	43	T	C	0.013	0.2795498	0.06165868	69.12662	1e+05	1e+05	9.32034e-06	7.287107e-06	1.722442e-05
7	7-127467862	131392094	43	A	C	0.01	0.3765647	0.08011285	69.84587	1e+05	1e+05	4.47268e-06	3.43849e-06	9.142085e-06
7	7-129931179	133940366	6	G	A	0.454	-0.06426188	0.01395564	69.43006	1e+05	1e+05	6.835932e-06	5.306779e-06	1.317073e-05
7	7-132271534	136320196	37	A	G	0.02	0.2760511	0.05594393	70.89203	1e+05	1e+05	1.542549e-06	1.157157e-06	3.695267e-06
7	7-133409402	137489233	5	T	C	0.487	-0.07124366	0.01463444	70.59182	54624.65	1e+05	2.092883e-06	1.581088e-06	4.783463e-06
7	7-133409932	137489763	21	A	G	0.498	-0.06876972	0.01499908	69.24509	12.1389	1e+05	7.456728e-06	6.438215e-06	1.55083e-05
7	7-133410937	137491275	16	T	G	0.358	0.06703509	0.01474034	69.17633	93.5969	1e+05	8.773111e-06	6.917994e-06	1.64818e-05
7	7-144215961	149083690	10	A	G	0.047	0.1838168	0.03967529	69.5523	1e+05	1e+05	6.03406e-06	4.670875e-06	1.182669e-05
7	7-173514256	177425629	19	T	C	0.03	-0.1916895	0.04162696	69.13093	5.240082	1e+05	6.829585e-06	7.254298e-06	1.715862e-05
8	8-396872	553647	34	T	C	0.027	0.1874893	0.04134912	69.12862	1e+05	1e+05	9.301219e-06	7.271814e-06	1.719375e-05
8	8-396936	553711	31	T	C	0.025	0.19796	0.04225606	69.77737	1e+05	1e+05	4.79624e-06	3.693161e-06	9.706921e-06
8	8-1956453	2103733	36	T	C	0.02	0.3118194	0.06297185	70.97101	50553.61	1e+05	1.423617e-06	1.065975e-06	3.453489e-06
8	8-5294725	5541616	5	T	C	0.015	0.2815427	0.0606942	69.53722	26.36492	1e+05	5.884451e-06	4.744967e-06	1.198457e-05
8	8-23982306	24750624	23	A	C	0.031	0.2826696	0.04694114	76.27059	1e+05	1e+05	6.769068e-09	4.477346e-09	4.547953e-08
8	8-34672868	35613909	36	A	G	0.133	-0.1051486	0.0223448	69.60814	5.628622	1e+05	4.367984e-06	4.406418e-06	1.126023e-05
8	8-34672880	35613921	31	T	G	0.12	-0.1072484	0.02248522	69.74562	4.037776	1e+05	3.276386e-06	3.81753e-06	9.980682e-06
8	8-34672892	35613933	26	A	G	0.139	-0.09870787	0.02128187	69.56098	66.90207	1e+05	5.89978e-06	4.62872e-06	1.173671e-05
8	8-34672970	35614011	16	T	A	0.142	-0.1031942	0.02107646	70.71822	1e+05	1e+05	1.840516e-06	1.386314e-06	4.290098e-06
8	8-34675059	35616100	24	G	C	0.147	-0.1012317	0.02141849	69.95981	1e+05	1e+05	3.982337e-06	3.053361e-06	8.276007e-06
8	8-35337964	36312705	42	G	C	0.104	-0.1320645	0.02621259	71.36317	147.0191	1e+05	9.503132e-07	7.093883e-07	2.471607e-06
8	8-35393001	36367884	31	C	T	0.118	-0.1149263	0.02318645	70.99336	1e+05	1e+05	1.391676e-06	1.041504e-06	3.388046e-06
8	8-65287703	66847626	46	A	G	0.026	0.2494263	0.05470645	69.19905	26.96427	1e+05	8.339298e-06	6.755596e-06	1.615336e-05
8	8-69546519	71115550	5	T	C	0.024	0.2119709	0.04609021	69.4056	1e+05	1e+05	7.00883e-06	5.444122e-06	1.345795e-05
8	8-102832620	105520201	47	A	C	0.016	0.2859178	0.0620621	69.43971	1e+05	1e+05	6.768958e-06	5.253599e-06	1.305924e-05
8	8-103336610	106024565	44	A	G	0.013	0.3054927	0.06521462	69.75918	56.40705	1e+05	4.803778e-06	3.763893e-06	9.862777e-06
8	8-104455493	107239303	18	C	T	0.014	0.2704645	0.0588099	69.40525	1e+05	1e+05	7.011323e-06	5.446104e-06	1.346208e-05
8	8-109124907	112260236	28	A	G	0.022	0.2559674	0.0522038	70.75018	97084.99	1e+05	1.781689e-06	1.341e-06	4.173797e-06
8	8-109220153	112379594	10	G	A	0.027	0.1927449	0.04154855	69.57828	1e+05	1e+05	5.876164e-06	4.545881e-06	1.155954e-05
8	8-114746123	117990141	20	T	G	0.016	0.3751968	0.06851481	73.46885	1e+05	1e+05	1.135835e-07	8.021723e-08	4.268683e-07
8	8-114771446	118015464	42	T	C	0.057	0.1519935	0.03195395	70.0934	1e+05	1e+05	3.475601e-06	2.656503e-06	7.366418e-06
8	8-135578366	140013109	11	A	G	0.036	-0.193793	0.04241237	69.08924	7.419934	1e+05	7.986386e-06	7.577584e-06	1.780521e-05
8	8-136322410	140808604	6	A	G	0.354	0.08397773	0.01759037	70.17064	1e+05	1e+05	3.212689e-06	2.45111e-06	6.887806e-06
8	8-137956527	142503931	23	T	C	0.017	0.3021545	0.06475841	69.69492	1e+05	1e+05	5.216934e-06	4.024871e-06	1.043423e-05
8	8-144102853	148812872	27	T	C	0.06	0.1517736	0.03235869	69.80175	1e+05	1e+05	4.678485e-06	3.60043e-06	9.50193e-06
8	8-144817522	149597039	5	T	G	0.05	0.1417019	0.03097407	69.21154	13.32792	1e+05	7.793154e-06	6.667971e-06	1.597569e-05
8	8-150805502	155872736	40	A	T	0.038	0.2035875	0.03833274	72.66128	1e+05	1e+05	2.567998e-07	1.848229e-07	8.306515e-07
8	8-153961157	159212312	33	G	A	0.072	-0.1332061	0.02842564	69.3541	4.000896	1e+05	4.767399e-06	5.745021e-06	1.408368e-05
8	8-169794802	175477147	34	G	C	0.052	0.1526317	0.0335648	69.11739	16.82424	1e+05	8.786802e-06	7.357764e-06	1.736598e-05
8	8-169794909	175477254	34	A	G	0.052	0.1538749	0.03278319	69.81647	1e+05	1e+05	4.60878e-06	3.545563e-06	9.380281e-06
8	8-169796169	175478514	25	G	T	0.043	0.1626115	0.03492465	69.61115	25.33355	1e+05	5.449053e-06	4.392565e-06	1.123042e-05
8	8-169796292	175478637	21	G	T	0.044	0.1633067	0.03523277	69.50351	18.99915	1e+05	5.979663e-06	4.914994e-06	1.234555e-05
8	8-169796316	175478661	20	A	G	0.044	0.1626119	0.03525674	69.40635	19.46154	1e+05	6.614066e-06	5.439875e-06	1.344908e-05
8	8-169804485	175486828	46	C	T	0.045	0.1791054	0.0364751	70.74712	28.89548	1e+05	1.724181e-06	1.345272e-06	4.184789e-06
8	8-169804498	175486841	17	C	G	0.041	0.1632665	0.03490891	69.72568	53.99234	1e+05	4.966706e-06	3.897777e-06	1.015663e-05
8	8-169804499	175486842	16	C	G	0.046	0.1526838	0.03349517	69.118	11.08136	1e+05	8.374941e-06	7.353024e-06	1.735649e-05
9	9-4400797	3990202	9	C	A	0.033	0.1731595	0.03801758	69.21564	1e+05	1e+05	8.509709e-06	6.639439e-06	1.591777e-05
9	9-7491174	7086705	37	T	C	0.015	0.3050998	0.06464836	69.92902	1e+05	1e+05	4.109232e-06	3.152928e-06	8.501381e-06
9	9-8927107	8619691	26	C	T	0.014	0.3392048	0.06933449	70.70062	1e+05	1e+05	1.873743e-06	1.411924e-06	4.35556e-06
9	9-14657155	14339372	13	T	C	0.142	0.08941234	0.01954403	69.30201	1e+05	1e+05	7.790971e-06	6.066368e-06	1.474691e-05
9	9-14657699	14339916	9	T	C	0.15	0.08884252	0.01884617	69.9058	1e+05	1e+05	4.207657e-06	3.230207e-06	8.675578e-06
9	9-14657839	14340056	5	A	G	0.15	0.09096333	0.01932449	69.74633	10.15058	1e+05	4.34027e-06	3.8147e-06	9.974467e-06
9	9-14658464	14340682	9	G	A	0.117	0.1002239	0.02184853	69.25881	12.67897	1e+05	7.38246e-06	6.346555e-06	1.53212e-05
9	9-14708964	14372883	17	A	G	0.14	0.09982793	0.0200878	71.05276	73015.71	1e+05	1.310214e-06	9.791786e-07	3.220228e-06
9	9-14706252	14375594	29	T	C	0.087	0.1191983	0.02556901	69.6773	1e+05	1e+05	5.311555e-06	4.099564e-06	1.059679e-05
9	9-14698295	14383404	8	A	G	0.11	0.1045315	0.02157482	70.46035	35.81902	1e+05	2.326817e-06	1.812859e-06	5.358369e-06
9	9-14698126	14383573	7	A	G	0.096	0.1197628	0.0255788	69.76574	1e+05	1e+05	4.853426e-06	3.738213e-06	9.806242e-06
9	9-14690564	14391133	27	A	G	0.125	0.1099352	0.02091925	72.30868	14.00316	1e+05	3.370373e-07	2.662134e-07	1.11418e-06
9	9-14688856	14392841	17	T	C	0.128	0.09798696	0.02100567	69.69019	1e+05	1e+05	5.242203e-06	4.044815e-06	1.047768e-05
9	9-14718366	14403954	22	A	G	0.141	0.09387037	0.01973926	70.08842	1e+05	1e+05	3.493292e-06	2.670336e-06	7.398448e-06
9	9-14718437	14404025	15	A	C	0.148	0.08986843	0.0195723	69.33843	28.97615	1e+05	7.241307e-06	5.839865e-06	1.427996e-05
9	9-14720170	14405758	12	A	G	0.121	0.1040049	0.02165614	70.29737	1e+05	1e+05	2.823838e-06	2.14805e-06	6.170294e-06
9	9-14720190	14405778	13	T	G	0.117	0.1202732	0.02132825	74.28487	1e+05	1e+05	4.988167e-08	3.456221e-08	2.199117e-07
9	9-14722622	14408212	5	T	C	0.126	0.1012005	0.02074658	70.63568	1e+05	1e+05	2.001615e-06	1.510575e-06	4.606019e-06
9	9-14722656	14408246	8	T	G	0.123	0.1079698	0.02060543	72.31897	1e+05	1e+05	3.63049e-07	2.633943e-07	1.104649e-06
9	9-14725020	14410610	16	A	G	0.132	0.09134958	0.02015505	69.1203	1e+05	1e+05	9.380706e-06	7.33539e-06	1.732117e-05
9	9-14725885	14411475	15	T	C	0.132	0.09437045	0.01986596	70.06561	1e+05	1e+05	3.575393e-06	2.734557e-06	7.546829e-06
9	9-14726365	14411955	8	A	G	0.145	0.08848206	0.01938599	69.25624	98481.77	1e+05	8.163899e-06	6.363572e-06	1.535596e-05
9	9-14728434	14414110	23	A	G	0.132	0.1066705	0.01990383	72.89524	1e+05	1e+05	2.027162e-07	1.451012e-07	6.842762e-07
9	9-14728518	14414194	7	T	A	0.143	0.092206	0.01942809	70.04642	1e+05	1e+05	3.645981e-06	2.789799e-06	7.674048e-06
9	9-14729126	14414802	9	A	G	0.137	0.08990883	0.01980211	69.1403	64.95294	1e+05	9.059016e-06	7.183564e-06	1.701663e-05
9	9-14736542	14422217	1	A	G	0.083	0.1438023	0.03020261	70.05668	19.34297	1e+05	3.404082e-06	2.760111e-06	7.605724e-06
9	9-14739010	14424685	9	A	G	0.148	0.09118293	0.01995406	69.25107	34.88383	1e+05	7.972907e-06	6.398106e-06	1.542647e-05
9	9-14741410	14427085	16	A	G	0.121	0.1050682	0.02138867	70.79147	1e+05	1e+05	1.708489e-06	1.284662e-06	4.028331e-06
9	9-14741426	14427101	17	G	A	0.119	0.1018249	0.02181703	69.70079	1e+05	1e+05	5.185798e-06	4.000299e-06	1.038066e-05
9	9-14754818	14431339	7	T	C	0.149	0.09665165	0.01918901	71.36277	1e+05	1e+05	9.56532e-07	7.096831e-07	2.472448e-06
9	9-14752840	14433698	14	T	A	0.106	0.1156571	0.02369563	70.64929	1e+05	1e+05	1.974119e-06	1.48935e-06	4.552354e-06
9	9-14783532	14486556	22	A	C	0.157	0.08881304	0.01897153	69.76257	1e+05	1e+05	4.869149e-06	3.750602e-06	9.833525e-06
9	9-14784080	14487104	22	A	G	0.134	0.09567071	0.02101763	69.20371	1e+05	1e+05	8.614082e-06	6.722753e-06	1.60868e-05
9	9-25347028	25340673	14	T	C	0.016	0.3166507	0.06991647	69.10603	1e+05	1e+05	9.518505e-06	7.445634e-06	1.754177e-05
9	9-28441262	28485117	15	T	C	0.22	-0.0917945	0.01902206	70.40072	1e+05	1e+05	2.541925e-06	1.928925e-06	5.641928e-06
9	9-28441880	28485735	16	A	G	0.301	-0.07725796	0.0167412	69.47368	1e+05	1e+05	6.538214e-06	5.070471e-06	1.267409e-05
9	9-28442664	28486519	4	A	G	0.281	-0.08047045	0.01709939	69.87048	1e+05	1e+05	4.361874e-06	3.351371e-06	8.947479e-06
9	9-28442665	28486520	4	T	C	0.34	-0.07948311	0.01616239	70.81626	1e+05	1e+05	1.665986e-06	1.251976e-06	3.943472e-06
9	9-31616010	31783133	48	T	C	0.075	0.1631495	0.03352996	70.58084	1e+05	1e+05	2.11639e-06	1.599247e-06	4.828957e-06
9	9-31616001	31783142	45	A	T	0.087	0.1594397	0.03327828	70.24633	1e+05	1e+05	2.974414e-06	2.265298e-06	6.449595e-06
9	9-76020481	78057189	3	T	C	0.022	0.2993631	0.06217552	70.35205	1e+05	1e+05	2.670995e-06	2.029183e-06	5.884755e-06
9	9-130353361	132370835	10	A	C	0.018	0.242247	0.05163463	69.8016	158.3036	1e+05	4.653251e-06	3.600969e-06	9.503124e-06
10	10-19474863	19903441	15	A	C	0.082	0.1258354	0.0277956	69.09832	1e+05	1e+05	9.593898e-06	7.505967e-06	1.76623e-05
10	10-19476433	19905011	7	A	C	0.07	0.1656362	0.03096708	72.84411	1e+05	1e+05	2.134663e-07	1.52979e-07	7.13839e-07
10	10-19476533	19905111	21	A	G	0.091	0.1274593	0.02653025	70.30514	1e+05	1e+05	2.801594e-06	2.130741e-06	6.128868e-06
10	10-19479802	19908380	18	T	C	0.127	0.09986869	0.0218203	69.31037	98602.73	1e+05	7.72472e-06	6.013604e-06	1.463835e-05
10	10-19486034	19914611	14	A	C	0.063	0.18587	0.04047205	69.37768	1e+05	1e+05	7.21153e-06	5.605238e-06	1.379358e-05
10	10-19486133	19914710	26	G	A	0.067	0.1719114	0.03732536	69.43449	1e+05	1e+05	6.805078e-06	5.282278e-06	1.311939e-05
10	10-19488133	19916710	25	C	A	0.131	0.101196	0.02212782	69.29485	1e+05	1e+05	7.848162e-06	6.111926e-06	1.484053e-05
10	10-19489442	19918019	11	A	G	0.065	0.1812853	0.03986145	69.18648	1e+05	1e+05	8.767137e-06	6.844969e-06	1.633424e-05
10	10-19490408	19918985	14	A	G	0.088	0.1145287	0.02509242	69.25646	1e+05	1e+05	8.16212e-06	6.362152e-06	1.535306e-05
10	10-19523106	19951719	18	T	C	0.12	0.1101921	0.02245308	70.77028	1e+05	1e+05	1.745674e-06	1.313274e-06	4.102333e-06
10	10-31368058	32161668	12	T	C	0.031	-0.2171819	0.04590132	68.38713	1.452134	1e+05	3.891827e-06	1.580907e-05	3.335096e-05
10	10-49800971	51115320	13	T	G	0.016	0.3673789	0.07435208	70.92234	1e+05	1e+05	1.495768e-06	1.121268e-06	3.600482e-06
10	10-69547982	68674988	8	G	A	0.115	0.1208184	0.02626708	69.40805	1e+05	1e+05	6.991294e-06	5.430189e-06	1.342886e-05
10	10-73219896	72347619	23	A	G	0.057	-0.2603009	0.05655851	68.94701	3.652897	1e+05	6.908297e-06	8.793304e-06	2.020466e-05
10	10-85769256	85788873	10	T	C	0.024	-0.2117759	0.04668865	69.07272	17.77624	1e+05	9.235959e-06	7.70964e-06	1.806824e-05
10	10-85828784	85848094	26	G	C	0.019	-0.3153593	0.06811468	69.27562	5.832815	1e+05	6.119972e-06	6.236006e-06	1.509504e-05
10	10-96262312	96499886	26	A	G	0.017	0.2592564	0.05694752	69.20637	1e+05	1e+05	8.590746e-06	6.704124e-06	1.604903e-05
10	10-96422859	96667783	14	A	G	0.029	-0.2124805	0.04299355	70.67712	6.051963	1e+05	1.488319e-06	1.446849e-06	4.444534e-06
10	10-101917450	102435968	24	A	G	0.024	-0.2288347	0.04984298	69.0436	4.877882	1e+05	7.257202e-06	7.948027e-06	1.854152e-05
10	10-101928464	102446978	28	T	C	0.022	-0.2435088	0.05358765	68.95006	6.573625	1e+05	8.912144e-06	8.765272e-06	2.014986e-05
10	10-113188182	114058043	38	G	A	0.452	-0.07485691	0.01650644	69.13014	550.1036	1e+05	9.272389e-06	7.260268e-06	1.71706e-05
10	10-113283517	114154082	10	A	C	0.433	0.07461662	0.01558408	70.23254	1e+05	1e+05	3.016473e-06	2.298072e-06	6.527271e-06
10	10-117642668	118682598	38	T	A	0.013	0.3001028	0.06510092	69.42804	40.65656	1e+05	6.684752e-06	5.318001e-06	1.319424e-05
10	10-121870241	122918428	10	C	G	0.027	-0.2156573	0.04659287	68.61543	2.223651	1e+05	6.15468e-06	1.244374e-05	2.716798e-05
10	10-121876399	122924586	44	A	G	0.034	-0.2086654	0.04554565	68.55591	2.544612	1e+05	7.571114e-06	1.324463e-05	2.865705e-05
10	10-121877591	122925778	37	A	G	0.03	-0.2130099	0.04692553	68.44473	2.730024	1e+05	9.10037e-06	1.488213e-05	3.166642e-05
10	10-121907235	122968221	6	T	C	0.024	-0.240515	0.05241193	68.69345	2.818451	1e+05	7.326869e-06	1.146686e-05	2.533469e-05
10	10-121988245	123038783	51	T	C	0.035	-0.2100753	0.04472012	68.54125	1.675924	1e+05	4.530411e-06	1.344975e-05	2.903652e-05
10	10-122035338	123082542	6	T	C	0.026	-0.2162667	0.04662627	68.68541	2.275014	1e+05	5.895042e-06	1.156389e-05	2.551766e-05
10	10-122041052	123088256	37	T	C	0.03	-0.222804	0.04843164	68.82232	3.112158	1e+05	6.967733e-06	1.001922e-05	2.257939e-05
10	10-122042957	123090161	27	C	T	0.029	-0.2130696	0.04674523	68.39196	2.393035	1e+05	8.385078e-06	1.57291e-05	3.320614e-05
10	10-122062332	123108393	7	T	C	0.031	-0.1908663	0.0421691	68.19749	2.239457	1e+05	9.633755e-06	1.929049e-05	3.957301e-05
10	10-122119757	123153705	9	C	T	0.027	-0.214356	0.04662294	68.48337	2.224865	1e+05	7.051867e-06	1.429127e-05	3.058569e-05
10	10-122126629	123160577	12	T	G	0.029	-0.2097648	0.04585742	68.70992	3.128439	1e+05	7.812662e-06	1.127075e-05	2.496423e-05
10	10-122132989	123166936	41	T	C	0.031	-0.2145299	0.04690915	68.52994	2.558996	1e+05	7.84616e-06	1.361013e-05	2.933271e-05
10	10-122225251	123262558	38	A	G	0.03	-0.2125891	0.04662209	68.25746	2.107883	1e+05	8.321925e-06	1.811342e-05	3.748646e-05
10	10-122191973	123278048	4	T	C	0.013	-0.4295903	0.09330526	68.54585	2.292566	1e+05	6.853611e-06	1.33851e-05	2.8917e-05
10	10-123250759	124268288	16	C	T	0.043	-0.1677501	0.03681984	68.66694	3.242889	1e+05	8.463519e-06	1.178984e-05	2.594298e-05
10	10-123250769	124268298	19	A	T	0.037	-0.1820163	0.03920397	68.55449	2.012521	1e+05	5.778783e-06	1.326441e-05	2.869367e-05
10	10-146343554	147662568	18	A	G	0.048	0.2014437	0.04407923	69.28111	1e+05	1e+05	7.959124e-06	6.200337e-06	1.502195e-05
10	10-147036917	148406612	26	C	T	0.019	0.2308663	0.05033996	69.35016	1e+05	1e+05	7.417121e-06	5.768757e-06	1.413285e-05
