chr	rs	ps	n_miss	allele1	allele0	af	beta	se	logl_H1	l_remle	l_mle	p_wald	p_lrt	p_score
1	1-3269100	3375091	18	G	A	0.318	-69.6542	13.50619	-1528.157	1e+05	1e+05	5.403985e-07	3.956856e-07	1.535551e-06
1	1-3269102	3375093	19	T	A	0.322	-68.24494	13.51037	-1528.653	1e+05	1e+05	8.93518e-07	6.618887e-07	2.335306e-06
1	1-8099473	8120612	18	C	T	0.065	120.1457	25.42647	-1530.128	1e+05	1e+05	4.002908e-06	3.069497e-06	8.312605e-06
1	1-40584119	40953837	17	A	G	0.08	-137.5364	30.1182	-1530.817	1e+05	1e+05	8.08131e-06	6.297725e-06	1.522137e-05
1	1-58509838	59167942	28	G	T	0.365	-75.80242	14.70373	-1528.166	1e+05	1e+05	5.453007e-07	3.993584e-07	1.547112e-06
1	1-58509844	59167948	27	G	C	0.394	-69.63714	14.43097	-1529.683	1e+05	1e+05	2.543698e-06	1.930302e-06	5.645274e-06
1	1-58510506	59168609	27	C	G	0.397	-66.45395	14.26369	-1530.418	1e+05	1e+05	5.379603e-06	4.1533e-06	1.071347e-05
1	1-58510526	59168629	27	C	G	0.394	-66.72632	14.29905	-1530.385	1e+05	1e+05	5.20274e-06	4.013669e-06	1.040982e-05
1	1-58510573	59168676	23	A	G	0.392	-66.74931	14.12659	-1530.129	1e+05	1e+05	4.005405e-06	3.071456e-06	8.317045e-06
1	1-58510579	59168682	23	A	G	0.394	-66.11086	14.22609	-1530.469	1e+05	1e+05	5.668483e-06	4.381592e-06	1.12068e-05
1	1-80970498	82564014	30	T	C	0.232	74.14633	16.20925	-1530.783	1e+05	1e+05	7.811341e-06	6.082593e-06	1.478026e-05
1	1-84976023	86682201	45	T	G	0.476	-66.97321	14.82386	-1531.024	1e+05	1e+05	9.986092e-06	7.819991e-06	1.828757e-05
1	1-196465944	198840523	21	A	G	0.29	70.87614	15.13643	-1530.316	1e+05	1e+05	4.845347e-06	3.731848e-06	9.792219e-06
1	1-220988231	224200961	18	T	C	0.152	82.3909	18.16377	-1530.947	1e+05	1e+05	9.232585e-06	7.216929e-06	1.708363e-05
1	1-243711335	247316238	25	A	G	0.229	-86.12411	17.76903	-1529.587	1e+05	1e+05	2.307785e-06	1.747356e-06	5.197111e-06
1	1-243711421	247316324	35	G	C	0.212	-82.1268	18.08452	-1530.925	1e+05	1e+05	9.023151e-06	7.049507e-06	1.6747e-05
1	1-243711579	247316482	18	A	C	0.2	-80.60642	17.59014	-1530.749	1e+05	1e+05	7.537243e-06	5.864347e-06	1.433055e-05
1	1-243711792	247316695	40	A	G	0.274	-84.22785	17.11119	-1529.246	1e+05	1e+05	1.630934e-06	1.225033e-06	3.87326e-06
1	1-244819700	248463402	9	A	T	0.283	-65.38118	14.16653	-1530.608	1e+05	1e+05	6.528321e-06	5.062622e-06	1.265754e-05
1	1-244820747	248464449	13	C	T	0.291	-65.72456	14.40559	-1530.834	1e+05	1e+05	8.22807e-06	6.414742e-06	1.546042e-05
2	2-105811268	108156349	43	T	C	0.102	-104.6575	22.4828	-1530.435	1e+05	1e+05	5.474781e-06	4.228485e-06	1.087636e-05
2	2-105811299	108156380	37	A	T	0.104	-101.5318	22.36187	-1530.928	1e+05	1e+05	9.057704e-06	7.077122e-06	1.68026e-05
2	2-105811316	108156397	39	C	T	0.099	-105.9994	22.36051	-1530.061	1e+05	1e+05	3.737988e-06	2.861841e-06	7.839393e-06
2	2-105815664	108160745	30	T	G	0.095	-104.229	22.81297	-1530.807	1e+05	1e+05	8.000678e-06	6.233454e-06	1.508981e-05
2	2-106017714	108357538	41	A	G	0.116	-94.07679	20.8239	-1531.025	1e+05	1e+05	9.994879e-06	7.82703e-06	1.830154e-05
2	2-152672368	156751529	43	G	A	0.182	90.54929	20.01607	-1530.999	1e+05	1e+05	9.73399e-06	7.618104e-06	1.788598e-05
2	2-203917007	209832023	37	G	A	0.237	-77.53374	17.14018	-1531	1e+05	1e+05	9.747535e-06	7.628948e-06	1.790759e-05
2	2-204055739	209965459	19	G	A	0.289	-65.04192	14.35467	-1530.968	1e+05	1e+05	9.432949e-06	7.377182e-06	1.740485e-05
2	2-217517527	223631741	6	G	A	0.118	-85.09387	18.78404	-1530.972	1e+05	1e+05	9.471877e-06	7.408327e-06	1.746717e-05
2	2-230496712	236933193	37	T	G	0.492	-63.4186	13.84807	-1530.761	1e+05	1e+05	7.632991e-06	5.940564e-06	1.448786e-05
2	2-230513389	236948760	38	C	A	0.5	63.76953	13.86938	-1530.682	1e+05	1e+05	7.045183e-06	5.473009e-06	1.351823e-05
2	2-233150327	239383535	23	G	A	0.066	-125.9375	26.18309	-1529.753	1e+05	1e+05	2.731514e-06	2.076231e-06	5.998069e-06
3	3-80644465	81019686	37	C	T	0.134	-93.65139	19.39758	-1529.672	1e+05	1e+05	2.515356e-06	1.908301e-06	5.591739e-06
3	3-83471505	83879298	41	G	A	0.08	-120.4471	24.83598	-1529.574	1e+05	1e+05	2.278087e-06	1.724355e-06	5.140267e-06
3	3-102262186	88145673	16	T	A	0.183	-91.10127	19.87012	-1530.738	1e+05	1e+05	7.459739e-06	5.802667e-06	1.420303e-05
3	3-86945925	112339758	8	T	C	0.176	-79.59714	17.49643	-1530.89	1e+05	1e+05	8.711987e-06	6.800925e-06	1.624514e-05
3	3-86938599	112347084	19	C	G	0.157	-82.42336	18.1875	-1530.965	1e+05	1e+05	9.400036e-06	7.350853e-06	1.735214e-05
3	3-86937889	112347794	24	T	C	0.164	-83.67845	18.47443	-1530.975	1e+05	1e+05	9.500532e-06	7.431254e-06	1.751302e-05
3	3-127861442	128369198	8	G	A	0.348	-61.32974	13.4163	-1530.796	1e+05	1e+05	7.91582e-06	6.16583e-06	1.495118e-05
3	3-127866862	128382668	47	C	T	0.287	-73.3488	15.40321	-1529.966	1e+05	1e+05	3.393923e-06	2.592655e-06	7.218253e-06
3	3-127870357	128386160	13	A	G	0.302	-67.18108	14.63084	-1530.709	1e+05	1e+05	7.237132e-06	5.625595e-06	1.383589e-05
3	3-159643160	161213215	41	G	A	0.518	-65.23444	14.37438	-1530.938	1e+05	1e+05	9.142996e-06	7.145301e-06	1.693974e-05
3	3-159643196	161213251	48	A	G	0.414	-66.52279	14.70699	-1531.001	1e+05	1e+05	9.760151e-06	7.639048e-06	1.792771e-05
3	3-172377635	174746879	14	C	T	0.061	-131.9933	26.98076	-1529.383	1e+05	1e+05	1.875221e-06	1.413063e-06	4.358467e-06
3	3-172377752	174746996	17	A	G	0.067	-123.2657	25.93948	-1530.01	1e+05	1e+05	3.548318e-06	2.713375e-06	7.497947e-06
3	3-172377758	174747002	18	C	T	0.065	-125.5375	26.13409	-1529.781	1e+05	1e+05	2.810611e-06	2.137757e-06	6.145666e-06
3	3-172377872	174747116	20	A	G	0.058	-129.568	27.90404	-1530.486	1e+05	1e+05	5.765053e-06	4.457968e-06	1.137102e-05
3	3-172377918	174747162	23	C	G	0.061	-128.4845	27.05522	-1530.023	1e+05	1e+05	3.597789e-06	2.752082e-06	7.587228e-06
3	3-172378113	174747357	17	T	A	0.067	-120.4748	25.54461	-1530.168	1e+05	1e+05	4.167116e-06	3.198371e-06	8.603891e-06
3	3-172378648	174747892	11	A	G	0.074	-115.2887	24.82817	-1530.485	1e+05	1e+05	5.761955e-06	4.455517e-06	1.136576e-05
3	3-172378649	174747893	11	A	T	0.076	-116.2451	24.70044	-1530.212	1e+05	1e+05	4.358884e-06	3.349021e-06	8.942218e-06
3	3-201296710	204412059	18	C	T	0.138	-87.37426	19.18983	-1530.874	1e+05	1e+05	8.568132e-06	6.686072e-06	1.601242e-05
3	3-201742390	204876287	7	A	C	0.075	-110.1418	23.72261	-1530.488	1e+05	1e+05	5.776239e-06	4.466817e-06	1.139002e-05
3	3-201870829	205004808	17	T	C	0.087	-104.2405	23.05454	-1531.009	1e+05	1e+05	9.834055e-06	7.698223e-06	1.804552e-05
3	3-201870858	205004837	20	A	G	0.081	-124.7083	24.44143	-1528.415	1e+05	1e+05	7.019198e-07	5.170686e-07	1.908886e-06
3	3-201870889	205004868	15	A	C	0.089	-111.292	23.3171	-1529.917	1e+05	1e+05	3.228625e-06	2.46355e-06	6.91696e-06
3	3-201879798	205013777	35	T	C	0.083	-119.5648	24.93681	-1529.821	1e+05	1e+05	2.926156e-06	2.227706e-06	6.360291e-06
3	3-201879819	205013798	31	A	G	0.091	-117.2982	24.24612	-1529.628	1e+05	1e+05	2.405209e-06	1.822857e-06	5.382903e-06
3	3-201897735	205031710	12	T	G	0.076	-112.8669	24.28646	-1530.469	1e+05	1e+05	5.664425e-06	4.378383e-06	1.11999e-05
3	3-201915605	205052850	34	A	G	0.433	69.4659	15.11187	-1530.687	1e+05	1e+05	7.078955e-06	5.499849e-06	1.357419e-05
3	3-207218444	210664144	6	T	C	0.072	-112.2057	23.71072	-1530.097	1e+05	1e+05	3.878179e-06	2.971689e-06	8.090328e-06
3	3-207218532	210664232	3	A	T	0.069	-109.6579	24.23921	-1530.998	1e+05	1e+05	9.727262e-06	7.612717e-06	1.787525e-05
3	3-207251786	210697477	11	G	C	0.045	-153.715	33.45124	-1530.694	1e+05	1e+05	7.128237e-06	5.53902e-06	1.36558e-05
3	3-207251966	210697657	18	T	A	0.044	-157.0509	34.24528	-1530.733	1e+05	1e+05	7.419869e-06	5.770944e-06	1.413737e-05
3	3-207254001	210699691	12	A	G	0.043	-154.8659	34.17758	-1530.967	1e+05	1e+05	9.426762e-06	7.372232e-06	1.739494e-05
3	3-207254157	210699847	11	G	C	0.045	-155.8831	33.42635	-1530.398	1e+05	1e+05	5.272676e-06	4.068869e-06	1.053004e-05
3	3-207254443	210700133	29	C	T	0.051	-158.9085	33.8277	-1530.25	1e+05	1e+05	4.529825e-06	3.483439e-06	9.242209e-06
3	3-207255294	210700984	15	A	G	0.045	-154.9497	33.45659	-1530.538	1e+05	1e+05	6.078588e-06	4.706139e-06	1.190188e-05
3	3-207255326	210701016	10	T	C	0.044	-155.2465	33.46534	-1530.505	1e+05	1e+05	5.876234e-06	4.545936e-06	1.155966e-05
3	3-207255682	210701372	20	A	G	0.049	-148.1984	32.57954	-1530.892	1e+05	1e+05	8.731609e-06	6.816595e-06	1.627685e-05
3	3-207255794	210701484	36	C	T	0.05	-153.921	33.58324	-1530.745	1e+05	1e+05	7.511276e-06	5.84368e-06	1.428784e-05
3	3-207256845	210702535	16	G	C	0.046	-154.4333	33.53714	-1530.652	1e+05	1e+05	6.832346e-06	5.303931e-06	1.316477e-05
3	3-207260617	210706307	15	T	C	0.041	-166.6772	36.07862	-1530.588	1e+05	1e+05	6.395909e-06	4.957605e-06	1.243574e-05
3	3-207260636	210706326	10	C	T	0.042	-153.8812	33.74087	-1530.842	1e+05	1e+05	8.291449e-06	6.465293e-06	1.55635e-05
3	3-207288539	210718140	9	T	C	0.042	-159.8881	34.50266	-1530.526	1e+05	1e+05	6.006099e-06	4.648735e-06	1.177945e-05
3	3-207288509	210718170	10	T	G	0.047	-151.1623	32.51619	-1530.462	1e+05	1e+05	5.626593e-06	4.348471e-06	1.113546e-05
3	3-207286691	210719987	44	A	C	0.055	-150.4033	32.72073	-1530.688	1e+05	1e+05	7.085249e-06	5.504852e-06	1.358462e-05
3	3-207286686	210719992	42	A	T	0.052	-156.2978	33.52644	-1530.405	1e+05	1e+05	5.309141e-06	4.097658e-06	1.059265e-05
3	3-207286666	210720012	30	A	C	0.051	-152.8779	32.5741	-1530.269	1e+05	1e+05	4.618669e-06	3.553346e-06	9.397555e-06
3	3-207286560	210720118	14	A	G	0.048	-154.1111	32.96633	-1530.349	1e+05	1e+05	5.013931e-06	3.864727e-06	1.008423e-05
3	3-207285418	210721260	36	A	G	0.04	-181.7684	39.4411	-1530.636	1e+05	1e+05	6.720287e-06	5.214959e-06	1.297814e-05
4	4-56206272	58492995	15	G	C	0.264	-72.66564	14.94488	-1529.518	1e+05	1e+05	2.150995e-06	1.626004e-06	4.895846e-06
4	4-56264955	58570703	22	A	G	0.164	-82.40977	17.50691	-1530.207	1e+05	1e+05	4.337973e-06	3.332586e-06	8.905419e-06
4	4-77487855	80286299	22	C	G	0.394	-66.2788	14.51298	-1530.815	1e+05	1e+05	8.070379e-06	6.28901e-06	1.520354e-05
4	4-77487868	80286312	26	T	C	0.4	-67.30131	14.63378	-1530.677	1e+05	1e+05	7.009006e-06	5.444262e-06	1.345824e-05
4	4-78816452	81629422	1	A	G	0.393	-72.14806	15.68933	-1530.679	1e+05	1e+05	7.024205e-06	5.45634e-06	1.348345e-05
4	4-155459293	158914045	5	T	C	0.267	82.09842	17.57848	-1530.368	1e+05	1e+05	5.113173e-06	3.942998e-06	1.025555e-05
4	4-227146795	231573457	16	T	C	0.434	98.14957	20.4552	-1529.805	1e+05	1e+05	2.879323e-06	2.191238e-06	6.273437e-06
5	5-16453556	17028524	31	G	A	0.321	-75.68428	14.62505	-1528.073	1e+05	1e+05	4.963115e-07	3.626903e-07	1.430829e-06
5	5-16453558	17028526	31	G	A	0.321	-75.68428	14.62505	-1528.073	1e+05	1e+05	4.963115e-07	3.626903e-07	1.430829e-06
5	5-16453578	17028546	34	C	A	0.316	-72.07393	14.65567	-1529.267	1e+05	1e+05	1.665719e-06	1.25177e-06	3.942937e-06
5	5-21253525	21806098	8	C	T	0.128	-86.87203	18.69288	-1530.469	1e+05	1e+05	5.664084e-06	4.378113e-06	1.119931e-05
5	5-21341478	21861825	33	G	C	0.156	-87.0998	18.56492	-1530.276	1e+05	1e+05	4.651747e-06	3.579381e-06	9.455294e-06
5	5-93569051	95973207	9	A	G	0.146	-81.63261	18.05337	-1531.008	1e+05	1e+05	9.822711e-06	7.689139e-06	1.802745e-05
5	5-93616991	96007337	18	A	C	0.152	-94.35112	18.62937	-1528.591	1e+05	1e+05	8.390247e-07	6.206193e-07	2.215553e-06
5	5-93617068	96007414	12	T	C	0.141	-94.34894	19.23713	-1529.327	1e+05	1e+05	1.771122e-06	1.332863e-06	4.152849e-06
5	5-151170891	154775646	27	A	C	0.161	82.95388	18.34537	-1531.007	1e+05	1e+05	9.820506e-06	7.687374e-06	1.802393e-05
5	5-180054306	184461764	15	C	A	0.05	-134.6071	29.54943	-1530.865	1e+05	1e+05	8.487583e-06	6.62178e-06	1.588191e-05
5	5-183660313	188275291	11	G	A	0.038	-141.4816	31.07435	-1530.875	1e+05	1e+05	8.573768e-06	6.69057e-06	1.602154e-05
5	5-198002577	203221324	25	T	A	0.383	-68.83738	14.07976	-1529.397	1e+05	1e+05	1.901478e-06	1.433307e-06	4.410077e-06
5	5-199620848	204887897	30	T	C	0.422	-60.62224	13.28999	-1530.838	1e+05	1e+05	8.261777e-06	6.441626e-06	1.551525e-05
5	5-204863244	210210505	15	G	A	0.43	61.22701	13.474	-1530.913	1e+05	1e+05	8.913453e-06	6.961849e-06	1.657031e-05
5	5-204862655	210211094	20	A	C	0.481	-61.14672	12.92837	-1530.109	1e+05	1e+05	3.924126e-06	3.007711e-06	8.172315e-06
5	5-204862651	210211098	23	A	G	0.479	-60.45087	12.91894	-1530.33	1e+05	1e+05	4.915801e-06	3.787367e-06	9.914408e-06
5	5-204862606	210211143	10	T	C	0.48	58.9476	12.81027	-1530.666	1e+05	1e+05	6.930882e-06	5.382194e-06	1.332857e-05
5	5-204862551	210211198	15	C	T	0.466	59.9133	13.15254	-1530.865	1e+05	1e+05	8.489607e-06	6.623396e-06	1.588519e-05
5	5-204862498	210211251	13	A	G	0.471	64.87418	12.92545	-1528.802	1e+05	1e+05	1.039541e-06	7.727534e-07	2.651106e-06
5	5-204862497	210211252	13	C	A	0.482	66.68684	12.90956	-1528.117	1e+05	1e+05	5.188857e-07	3.79577e-07	1.484623e-06
5	5-204862469	210211280	15	C	A	0.47	68.18913	12.77041	-1527.283	1e+05	1e+05	2.232886e-07	1.601848e-07	7.406345e-07
5	5-204861960	210211789	6	A	C	0.393	60.57343	13.11118	-1530.587	1e+05	1e+05	6.391715e-06	4.954279e-06	1.24287e-05
5	5-204861805	210211944	6	T	C	0.397	64.38959	13.01565	-1529.133	1e+05	1e+05	1.454592e-06	1.0897e-06	3.516706e-06
5	5-204861776	210211973	7	G	A	0.393	63.74752	13.06973	-1529.449	1e+05	1e+05	2.00568e-06	1.513714e-06	4.613944e-06
5	5-204861609	210212140	6	A	G	0.43	70.2175	12.41205	-1525.707	1e+05	1e+05	4.548848e-08	3.145085e-08	2.042675e-07
5	5-204861147	210212602	12	A	C	0.469	67.88701	12.46242	-1526.756	1e+05	1e+05	1.311257e-07	9.29151e-08	4.796629e-07
5	5-204861042	210212707	12	A	C	0.462	67.71836	12.658	-1527.234	1e+05	1e+05	2.123532e-07	1.521628e-07	7.107896e-07
5	5-204859990	210213759	16	G	T	0.454	-60.43677	12.59494	-1529.804	1e+05	1e+05	2.876391e-06	2.188954e-06	6.267991e-06
5	5-205095138	210671765	26	T	G	0.292	-69.84913	14.29943	-1529.416	1e+05	1e+05	1.939907e-06	1.462949e-06	4.485437e-06
5	5-205097252	210673879	20	T	C	0.307	-63.35195	13.90378	-1530.86	1e+05	1e+05	8.445677e-06	6.588338e-06	1.581395e-05
5	5-205097262	210673889	19	T	G	0.299	-66.30125	13.97151	-1530.039	1e+05	1e+05	3.655098e-06	2.796936e-06	7.690457e-06
5	5-205284861	210858703	16	G	A	0.151	-80.23856	16.75032	-1529.84	1e+05	1e+05	2.985661e-06	2.274061e-06	6.47038e-06
5	5-205287056	210860898	13	G	T	0.191	-76.30548	15.61831	-1529.412	1e+05	1e+05	1.931971e-06	1.456827e-06	4.469892e-06
5	5-205431359	211005199	12	A	T	0.13	-85.0183	18.7019	-1530.905	1e+05	1e+05	8.840585e-06	6.903635e-06	1.64528e-05
6	6-112281769	115948165	19	T	A	0.139	89.69768	18.35785	-1529.411	1e+05	1e+05	1.928206e-06	1.453922e-06	4.462513e-06
6	6-112282070	115948466	31	A	T	0.164	84.54296	17.55782	-1529.73	1e+05	1e+05	2.667215e-06	2.026245e-06	5.877666e-06
6	6-112282114	115948510	27	A	C	0.163	87.76576	17.79139	-1529.197	1e+05	1e+05	1.552431e-06	1.164742e-06	3.715238e-06
6	6-112282396	115948792	24	T	C	0.171	90.65567	16.89418	-1527.155	1e+05	1e+05	1.960497e-07	1.402208e-07	6.65813e-07
6	6-112282423	115948819	27	C	A	0.168	89.0344	17.21811	-1528.092	1e+05	1e+05	5.059202e-07	3.698761e-07	1.453772e-06
6	6-112282796	115949192	9	T	C	0.157	93.23032	16.72143	-1526.119	1e+05	1e+05	6.892395e-08	4.81161e-08	2.851064e-07
6	6-112282797	115949193	8	G	A	0.156	93.19557	16.71386	-1526.117	1e+05	1e+05	6.876778e-08	4.800455e-08	2.845863e-07
6	6-112283514	115949910	17	T	C	0.177	78.55045	16.59012	-1530.086	1e+05	1e+05	3.834971e-06	2.937822e-06	8.013114e-06
6	6-112283749	115950145	7	C	T	0.151	91.03151	17.40193	-1527.806	1e+05	1e+05	3.787494e-07	2.750543e-07	1.143952e-06
6	6-112283751	115950147	7	A	G	0.147	89.45376	17.80097	-1528.774	1e+05	1e+05	1.010138e-06	7.503993e-07	2.58807e-06
6	6-112283864	115950260	9	T	G	0.162	77.47415	17.09114	-1530.96	1e+05	1e+05	9.353914e-06	7.31396e-06	1.727824e-05
6	6-112284553	115950949	14	T	G	0.161	87.73671	16.83638	-1527.901	1e+05	1e+05	4.170954e-07	3.035783e-07	1.238885e-06
6	6-112297030	115962028	39	A	G	0.161	87.43546	18.48795	-1530.11	1e+05	1e+05	3.929965e-06	3.012289e-06	8.182724e-06
6	6-112297062	115962060	31	A	G	0.159	87.98535	18.49833	-1529.991	1e+05	1e+05	3.479493e-06	2.659546e-06	7.373466e-06
6	6-112297246	115962244	23	A	G	0.139	95.86878	20.41121	-1530.253	1e+05	1e+05	4.54432e-06	3.494842e-06	9.26758e-06
6	6-112297514	115962512	29	C	T	0.182	81.70857	16.99582	-1529.763	1e+05	1e+05	2.760336e-06	2.098645e-06	6.051916e-06
6	6-112297567	115962565	36	T	C	0.186	85.52192	17.17428	-1528.984	1e+05	1e+05	1.25016e-06	9.332842e-07	3.095546e-06
6	6-112297648	115962646	39	A	G	0.161	104.6381	18.56296	-1525.809	1e+05	1e+05	5.045027e-08	3.496539e-08	2.219175e-07
6	6-112297686	115962684	35	G	A	0.207	86.0853	16.89077	-1528.442	1e+05	1e+05	7.213103e-07	5.316873e-07	1.952768e-06
6	6-112298084	115963082	27	A	G	0.149	103.4997	19.35355	-1527.243	1e+05	1e+05	2.144572e-07	1.537056e-07	7.165512e-07
6	6-112298100	115963098	29	G	A	0.143	98.40379	19.95402	-1529.204	1e+05	1e+05	1.563386e-06	1.173152e-06	3.737356e-06
6	6-112298916	115963914	33	T	C	0.144	93.53075	19.31602	-1529.608	1e+05	1e+05	2.358226e-06	1.786437e-06	5.293434e-06
6	6-112298965	115963963	30	A	G	0.166	87.68398	17.84709	-1529.288	1e+05	1e+05	1.702651e-06	1.280171e-06	4.016693e-06
6	6-112299060	115964058	26	T	C	0.172	82.63818	17.41511	-1530.04	1e+05	1e+05	3.659395e-06	2.8003e-06	7.698188e-06
6	6-112299315	115964313	39	G	T	0.173	82.5546	17.86601	-1530.584	1e+05	1e+05	6.369755e-06	4.936868e-06	1.239186e-05
6	6-112300136	115965134	15	T	C	0.148	95.6488	19.7416	-1529.595	1e+05	1e+05	2.327154e-06	1.762361e-06	5.234133e-06
6	6-112300503	115965501	14	G	A	0.154	85.0889	17.14277	-1529.058	1e+05	1e+05	1.347543e-06	1.007726e-06	3.297304e-06
6	6-112300536	115965534	11	A	G	0.127	94.27297	19.11933	-1529.208	1e+05	1e+05	1.568888e-06	1.177376e-06	3.748457e-06
6	6-112300796	115965794	10	A	G	0.147	82.40208	17.44199	-1530.132	1e+05	1e+05	4.018567e-06	3.081782e-06	8.340447e-06
6	6-112300832	115965830	11	T	C	0.158	85.09688	17.03472	-1528.911	1e+05	1e+05	1.161014e-06	8.652558e-07	2.908871e-06
6	6-112300906	115965904	7	T	C	0.158	85.9473	16.95988	-1528.577	1e+05	1e+05	8.270668e-07	6.115714e-07	2.189123e-06
6	6-112300940	115965938	6	T	C	0.153	81.48172	17.29464	-1530.189	1e+05	1e+05	4.258859e-06	3.270423e-06	8.76599e-06
6	6-122451659	126155698	26	T	C	0.115	-86.91351	19.20524	-1530.992	1e+05	1e+05	9.663195e-06	7.561431e-06	1.777299e-05
6	6-129920910	133789319	44	G	A	0.086	127.9667	26.5212	-1529.685	1e+05	1e+05	2.54905e-06	1.934457e-06	5.655374e-06
6	6-129920921	133789330	43	A	G	0.091	116.1316	25.67396	-1531.001	1e+05	1e+05	9.75536e-06	7.635212e-06	1.792007e-05
6	6-165053869	169010517	18	T	G	0.334	-61.7439	13.39565	-1530.633	1e+05	1e+05	6.701147e-06	5.199766e-06	1.294622e-05
6	6-165053945	169010593	36	A	G	0.442	61.86052	13.5804	-1530.866	1e+05	1e+05	8.494468e-06	6.627276e-06	1.589307e-05
6	6-167904614	171892627	31	G	C	0.132	95.76816	19.78788	-1529.619	1e+05	1e+05	2.384166e-06	1.806543e-06	5.342861e-06
7	7-30889655	32005267	12	G	A	0.482	-61.68545	13.1363	-1530.257	1e+05	1e+05	4.566045e-06	3.511934e-06	9.305585e-06
7	7-138533932	143224996	7	T	C	0.16	-81.51896	18.02633	-1531.006	1e+05	1e+05	9.802317e-06	7.672809e-06	1.799494e-05
7	7-138760534	143452581	19	C	T	0.12	-108.3897	23.63936	-1530.737	1e+05	1e+05	7.449919e-06	5.794854e-06	1.418686e-05
7	7-138962971	143656478	6	T	C	0.203	-86.26162	18.61	-1530.521	1e+05	1e+05	5.975653e-06	4.62463e-06	1.172797e-05
7	7-138972219	143665726	10	A	G	0.264	-68.81808	15.1472	-1530.916	1e+05	1e+05	8.9446e-06	6.986736e-06	1.66205e-05
7	7-138979112	143672619	2	T	C	0.107	-120.505	24.97511	-1529.685	1e+05	1e+05	2.549865e-06	1.935089e-06	5.656913e-06
7	7-139072219	143710557	11	C	G	0.103	-109.4424	24.01338	-1530.855	1e+05	1e+05	8.404976e-06	6.555862e-06	1.574791e-05
7	7-139037865	143762511	31	A	G	0.257	-75.82491	15.63958	-1529.581	1e+05	1e+05	2.293024e-06	1.735923e-06	5.16887e-06
7	7-139044328	143769009	39	G	A	0.13	-98.01546	20.45338	-1529.832	1e+05	1e+05	2.960481e-06	2.254443e-06	6.423831e-06
7	7-139092411	143796242	15	A	G	0.277	-69.85095	15.01956	-1530.454	1e+05	1e+05	5.58111e-06	4.312515e-06	1.105793e-05
7	7-139096440	143800271	38	A	G	0.279	-71.73462	15.77404	-1530.898	1e+05	1e+05	8.776606e-06	6.852532e-06	1.634953e-05
7	7-139097586	143801417	30	T	C	0.263	-73.27626	16.1796	-1530.977	1e+05	1e+05	9.520856e-06	7.447516e-06	1.754553e-05
7	7-139097700	143801531	17	T	C	0.195	-97.7295	21.03385	-1530.473	1e+05	1e+05	5.690131e-06	4.398711e-06	1.124365e-05
7	7-139098905	143802736	17	G	C	0.142	-89.28518	19.39392	-1530.657	1e+05	1e+05	6.864664e-06	5.329597e-06	1.321852e-05
7	7-139112786	143816616	23	A	G	0.276	-70.03339	15.05028	-1530.443	1e+05	1e+05	5.516392e-06	4.261366e-06	1.094747e-05
7	7-139115239	143819069	17	A	C	0.204	-79.77917	17.19448	-1530.501	1e+05	1e+05	5.855795e-06	4.529761e-06	1.152501e-05
7	7-139116356	143820186	14	A	G	0.133	-96.50948	19.95061	-1529.63	1e+05	1e+05	2.409518e-06	1.826197e-06	5.391096e-06
7	7-139118248	143822078	9	T	C	0.117	-97.38124	21.49853	-1530.974	1e+05	1e+05	9.490219e-06	7.423002e-06	1.749652e-05
7	7-139119685	143823515	12	A	G	0.303	-68.7658	14.73304	-1530.381	1e+05	1e+05	5.180418e-06	3.996054e-06	1.03714e-05
7	7-139120280	143824110	14	T	C	0.292	-67.67636	14.78321	-1530.768	1e+05	1e+05	7.68927e-06	5.985374e-06	1.458022e-05
7	7-146711782	151894877	34	T	C	0.214	-78.19795	16.52655	-1530.1	1e+05	1e+05	3.889013e-06	2.980182e-06	8.109671e-06
7	7-152433647	157740684	12	C	G	0.294	-69.58069	13.94712	-1528.941	1e+05	1e+05	1.197389e-06	8.929997e-07	2.985281e-06
8	8-36077409	37075273	38	T	C	0.079	-139.1093	29.85095	-1530.413	1e+05	1e+05	5.35168e-06	4.131248e-06	1.066561e-05
8	8-36097568	37095430	4	T	C	0.074	-121.2682	26.58208	-1530.836	1e+05	1e+05	8.242674e-06	6.42639e-06	1.548418e-05
8	8-37424632	38456822	32	T	G	0.224	-74.47023	15.95989	-1530.387	1e+05	1e+05	5.211965e-06	4.020949e-06	1.042569e-05
8	8-37424642	38456832	28	A	C	0.193	-79.25056	17.08056	-1530.501	1e+05	1e+05	5.855837e-06	4.529795e-06	1.152509e-05
8	8-37450927	38483385	37	T	C	0.194	-85.58813	17.61338	-1529.531	1e+05	1e+05	2.180513e-06	1.648835e-06	4.952785e-06
8	8-37453401	38485859	22	T	C	0.174	-84.2168	17.87378	-1530.187	1e+05	1e+05	4.251909e-06	3.264964e-06	8.753727e-06
8	8-37453480	38485938	25	T	G	0.167	-87.59892	18.55172	-1530.143	1e+05	1e+05	4.063408e-06	3.116965e-06	8.4201e-06
8	8-37454998	38487456	12	T	C	0.173	-79.95306	17.65655	-1530.98	1e+05	1e+05	9.549461e-06	7.470406e-06	1.759127e-05
8	8-37456177	38488635	15	T	G	0.184	-81.88073	17.01898	-1529.747	1e+05	1e+05	2.71586e-06	2.064059e-06	5.968791e-06
8	8-37456195	38488653	16	T	G	0.185	-81.48752	17.20675	-1530.082	1e+05	1e+05	3.817506e-06	2.924136e-06	7.981873e-06
8	8-37456861	38489319	45	T	G	0.203	-90.49335	17.44226	-1528.01	1e+05	1e+05	4.658543e-07	3.399349e-07	1.357642e-06
8	8-37456998	38489456	12	T	C	0.206	-81.41127	15.83472	-1528.232	1e+05	1e+05	5.830395e-07	4.276578e-07	1.635591e-06
8	8-37457009	38489467	12	T	G	0.184	-79.48417	17.11006	-1530.477	1e+05	1e+05	5.711156e-06	4.415338e-06	1.127941e-05
8	8-37457614	38490072	8	G	C	0.156	-87.24662	18.7793	-1530.475	1e+05	1e+05	5.700332e-06	4.406778e-06	1.1261e-05
8	8-37458438	38490896	13	A	G	0.176	-91.65443	18.46186	-1529.053	1e+05	1e+05	1.341385e-06	1.003015e-06	3.284609e-06
8	8-37458602	38491060	11	G	A	0.181	-78.73619	17.11323	-1530.669	1e+05	1e+05	6.951962e-06	5.39894e-06	1.336358e-05
8	8-37458738	38491196	20	A	C	0.147	-94.27928	19.084	-1529.164	1e+05	1e+05	1.501643e-06	1.125774e-06	3.612408e-06
8	8-37647189	38669661	19	A	G	0.178	-81.99856	17.72107	-1530.556	1e+05	1e+05	6.191985e-06	4.795969e-06	1.209304e-05
8	8-37647333	38669805	41	T	A	0.201	-83.80469	17.43457	-1529.767	1e+05	1e+05	2.76981e-06	2.106014e-06	6.0696e-06
8	8-37648890	38671362	11	T	C	0.17	-78.91774	17.45858	-1531.014	1e+05	1e+05	9.884831e-06	7.738885e-06	1.812641e-05
8	8-37648910	38671382	11	T	C	0.17	-79.79906	17.60246	-1530.958	1e+05	1e+05	9.33747e-06	7.300807e-06	1.725188e-05
8	8-37649804	38672276	18	A	G	0.173	-86.72714	17.77065	-1529.436	1e+05	1e+05	1.979468e-06	1.493479e-06	4.562803e-06
8	8-37649854	38672326	17	T	A	0.186	-87.29299	16.93166	-1528.164	1e+05	1e+05	5.445501e-07	3.98796e-07	1.545343e-06
8	8-37650092	38672564	13	A	G	0.169	-80.0149	17.68301	-1530.994	1e+05	1e+05	9.686344e-06	7.579961e-06	1.780995e-05
8	8-37650192	38672664	10	T	C	0.191	-84.23673	16.76368	-1528.775	1e+05	1e+05	1.011388e-06	7.513494e-07	2.590756e-06
8	8-37650516	38672988	12	A	C	0.175	-82.05023	17.6417	-1530.453	1e+05	1e+05	5.574671e-06	4.307426e-06	1.104695e-05
8	8-37650850	38673322	6	T	C	0.175	-80.60385	17.31084	-1530.43	1e+05	1e+05	5.444249e-06	4.204364e-06	1.082415e-05
8	8-37650926	38673398	7	A	G	0.171	-80.92766	17.14991	-1530.156	1e+05	1e+05	4.119101e-06	3.160675e-06	8.518871e-06
8	8-37652809	38675281	18	G	A	0.187	-78.1761	16.82532	-1530.473	1e+05	1e+05	5.689128e-06	4.397917e-06	1.124194e-05
8	8-37653184	38675656	22	A	C	0.178	-85.46957	17.98053	-1530.004	1e+05	1e+05	3.525938e-06	2.695869e-06	7.457504e-06
8	8-37653799	38676271	8	T	C	0.194	-79.43682	16.2255	-1529.366	1e+05	1e+05	1.843749e-06	1.388805e-06	4.296474e-06
8	8-37654197	38676669	11	G	A	0.176	-80.03004	17.25499	-1530.509	1e+05	1e+05	5.900837e-06	4.565407e-06	1.160134e-05
8	8-37654277	38676749	8	T	C	0.185	-76.44415	16.68406	-1530.751	1e+05	1e+05	7.557477e-06	5.880451e-06	1.436381e-05
8	8-37654368	38676840	6	T	C	0.17	-79.14968	17.30408	-1530.785	1e+05	1e+05	7.820705e-06	6.090053e-06	1.479559e-05
8	8-37654389	38676861	8	A	T	0.17	-82.44889	17.33258	-1529.989	1e+05	1e+05	3.471976e-06	2.653669e-06	7.359852e-06
8	8-37654401	38676873	9	T	C	0.17	-85.17074	17.3065	-1529.251	1e+05	1e+05	1.639016e-06	1.231244e-06	3.889467e-06
8	8-37654545	38677017	21	A	T	0.173	-90.96678	18.0125	-1528.658	1e+05	1e+05	8.981562e-07	6.65404e-07	2.345448e-06
8	8-37654564	38677036	18	T	C	0.173	-81.03294	17.65101	-1530.713	1e+05	1e+05	7.265939e-06	5.648503e-06	1.388348e-05
8	8-37658591	38681063	17	T	A	0.156	-87.82196	19.29167	-1530.878	1e+05	1e+05	8.599143e-06	6.710827e-06	1.606262e-05
8	8-37658630	38681102	18	C	T	0.154	-92.24846	19.16951	-1529.742	1e+05	1e+05	2.702209e-06	2.053446e-06	5.943242e-06
8	8-37658634	38681106	17	G	T	0.161	-91.31824	18.77449	-1529.51	1e+05	1e+05	2.134203e-06	1.613019e-06	4.863406e-06
8	8-37660566	38683038	20	C	G	0.184	-79.99942	17.56456	-1530.868	1e+05	1e+05	8.514577e-06	6.643325e-06	1.592566e-05
8	8-37660621	38683093	11	T	C	0.179	-79.91023	17.4224	-1530.731	1e+05	1e+05	7.40107e-06	5.755987e-06	1.41064e-05
8	8-37660627	38683099	12	T	C	0.182	-79.87097	17.3194	-1530.623	1e+05	1e+05	6.630814e-06	5.143945e-06	1.282885e-05
8	8-38651104	39740462	8	T	G	0.086	-111.2194	23.31509	-1529.929	1e+05	1e+05	3.268258e-06	2.494491e-06	6.989379e-06
8	8-85716474	87888712	26	T	C	0.189	-78.58668	17.0685	-1530.655	1e+05	1e+05	6.851889e-06	5.319451e-06	1.319728e-05
8	8-122752666	126593834	34	A	G	0.1	-106.631	23.55478	-1530.986	1e+05	1e+05	9.603508e-06	7.513658e-06	1.767766e-05
8	8-122752489	126594011	26	G	C	0.091	-109.5024	23.86129	-1530.72	1e+05	1e+05	7.32086e-06	5.692182e-06	1.397414e-05
8	8-122771285	126612586	38	A	G	0.107	-104.2751	22.45565	-1530.485	1e+05	1e+05	5.758479e-06	4.452768e-06	1.135985e-05
8	8-122895497	126746114	35	A	G	0.092	-107.1109	23.4656	-1530.825	1e+05	1e+05	8.150862e-06	6.353175e-06	1.533472e-05
8	8-122946971	126798366	7	A	G	0.05	-181.6128	39.8332	-1530.848	1e+05	1e+05	8.340264e-06	6.504233e-06	1.564283e-05
9	9-17530366	17293633	39	G	A	0.227	-90.70966	19.34748	-1530.29	1e+05	1e+05	4.718318e-06	3.631792e-06	9.571344e-06
9	9-142607746	145016580	7	A	G	0.202	-73.34071	15.96723	-1530.702	1e+05	1e+05	7.190971e-06	5.588892e-06	1.375959e-05
9	9-151996209	154881242	21	A	G	0.098	-106.6208	22.95927	-1530.483	1e+05	1e+05	5.750626e-06	4.446556e-06	1.134651e-05
9	9-151996235	154881268	24	A	G	0.081	-113.9996	25.13788	-1530.951	1e+05	1e+05	9.273998e-06	7.250045e-06	1.715009e-05
10	10-6141417	5826421	8	G	A	0.15	83.60643	16.91644	-1529.155	1e+05	1e+05	1.487137e-06	1.114649e-06	3.582948e-06
10	10-91020937	91239065	8	T	G	0.222	84.59562	18.38034	-1530.662	1e+05	1e+05	6.902952e-06	5.360007e-06	1.328217e-05
10	10-122282003	123331104	16	T	C	0.16	-84.14971	17.28129	-1529.486	1e+05	1e+05	2.081461e-06	1.57225e-06	4.761291e-06
10	10-122282020	123331121	17	C	T	0.161	-82.72933	17.31235	-1529.892	1e+05	1e+05	3.147187e-06	2.399998e-06	6.767781e-06
10	10-124684606	125756423	20	A	G	0.409	-57.06773	12.56766	-1530.926	1e+05	1e+05	9.040264e-06	7.063183e-06	1.677454e-05
10	10-146694223	148061786	23	A	G	0.422	-63.28755	13.8364	-1530.785	1e+05	1e+05	7.82273e-06	6.091665e-06	1.479891e-05
10	10-146694231	148061794	27	C	T	0.394	-70.28844	14.02688	-1528.84	1e+05	1e+05	1.079873e-06	8.034401e-07	2.737152e-06
