chr	rs	ps	n_miss	allele1	allele0	af	beta	se	logl_H1	l_remle	l_mle	p_wald	p_lrt	p_score
1	1-4714818	4838646	34	G	A	0.035	0.0938433	0.02029328	220.0665	0.2042988	1e+05	6.282925e-06	2.241995e-05	4.517335e-05
1	1-7389519	7392797	23	T	C	0.012	0.153179	0.03228603	222.6377	0.5044825	1e+05	3.680443e-06	1.526498e-06	4.666614e-06
1	1-13689552	13912868	15	T	A	0.338	-0.03354381	0.007351279	221.2931	0.4352694	1e+05	8.224611e-06	6.201373e-06	1.507708e-05
1	1-18890293	19229092	1	G	A	0.358	0.03506751	0.007735776	221.6732	0.516573	1e+05	9.365751e-06	4.169438e-06	1.078894e-05
1	1-23048841	23436080	15	C	T	0.119	-0.04988059	0.01044958	220.5853	0.1545334	1e+05	3.229308e-06	1.300743e-05	2.830485e-05
1	1-25288983	25638567	18	C	T	0.025	0.1071775	0.02287441	220.3466	0.2234813	1e+05	4.791783e-06	1.67068e-05	3.507426e-05
1	1-28974369	29177172	18	A	T	0.019	0.1262192	0.02638908	219.8524	0.1476942	1e+05	3.0928e-06	2.807906e-05	5.486636e-05
1	1-32748762	33023172	39	A	G	0.013	0.1695286	0.03732446	220.3332	0.3150644	1e+05	9.011699e-06	1.694353e-05	3.550048e-05
1	1-53500642	54124071	25	G	T	0.053	0.07074979	0.01546391	219.7917	0.2229283	1e+05	7.798661e-06	2.992922e-05	5.798212e-05
1	1-55080211	55708967	44	T	A	0.224	0.04210805	0.009173118	220.4184	0.2176649	1e+05	7.295722e-06	1.549398e-05	3.287839e-05
1	1-58995006	59691613	9	A	G	0.356	0.04269135	0.008830895	219.2547	1e-05	1e-05	2.44993e-06	5.270593e-05	0.0001872991
1	1-61246744	62026162	37	A	G	0.061	0.0695758	0.01538099	219.9637	0.2580621	1e+05	9.767224e-06	2.497766e-05	4.958701e-05
1	1-73954467	75355304	26	A	T	0.029	-0.0973728	0.02123739	221.4531	0.4933461	1e+05	7.470667e-06	5.246681e-06	1.309204e-05
1	1-73973290	75376872	16	T	C	0.028	-0.09653112	0.02104455	221.6392	0.5537729	1e+05	7.404822e-06	4.320117e-06	1.111578e-05
1	1-80549382	82140395	41	T	A	0.01	0.1943611	0.0395657	221.8485	0.2957709	1e+05	1.712704e-06	3.472598e-06	9.25381e-06
1	1-121246760	123099810	9	T	A	0.018	0.1233576	0.02594422	221.0812	0.292504	1e+05	3.514011e-06	7.738956e-06	1.818816e-05
1	1-125725810	127872468	18	T	A	0.032	0.09131536	0.01966878	221.1493	0.3780943	1e+05	5.794967e-06	7.206605e-06	1.71216e-05
1	1-125725815	127872473	16	G	A	0.034	0.09595669	0.01916616	222.6763	0.3678047	1e+05	1.105524e-06	1.466443e-06	4.514167e-06
1	1-125746130	127892812	6	A	G	0.018	0.1330727	0.02856686	221.3007	0.4095587	1e+05	5.407272e-06	6.152261e-06	1.497606e-05
1	1-144735587	146901105	23	T	C	0.012	0.1726201	0.03655262	220.3055	0.1727079	1e+05	4.061094e-06	1.744287e-05	3.639706e-05
1	1-148371505	150204609	47	G	A	0.019	0.1260981	0.02714515	220.5297	0.2617851	1e+05	5.726841e-06	1.37871e-05	2.975012e-05
1	1-153219870	155060702	15	T	G	0.011	0.2010733	0.04335518	221.3593	0.4282304	1e+05	5.920354e-06	5.786959e-06	1.42211e-05
1	1-156814379	158707811	38	T	C	0.01	0.1569996	0.03432898	220.3652	0.2752218	1e+05	7.859406e-06	1.638436e-05	3.44925e-05
1	1-208145610	211045747	12	T	C	0.426	0.03291121	0.00714437	218.8395	0.03411215	1e+05	6.794087e-06	8.172443e-05	0.0001393174
1	1-209137445	212052413	38	G	T	0.013	0.1870745	0.03654287	223.0147	0.3029983	1e+05	6.494573e-07	1.031566e-06	3.37703e-06
1	1-224031491	227577685	17	A	G	0.021	0.1279453	0.0277114	218.8772	0.1148666	1e-05	6.488073e-06	7.853614e-05	0.0001681176
1	1-263709693	268495399	12	A	G	0.489	-0.03481976	0.007679522	221.3007	0.5864763	1e+05	9.327389e-06	6.152226e-06	1.497599e-05
1	1-263711584	268497290	21	G	A	0.458	0.03384341	0.007350128	220.83	0.4066626	1e+05	6.857955e-06	1.006587e-05	2.274259e-05
1	1-263711654	268497360	17	C	T	0.465	0.03453688	0.007392494	221.5295	0.4766115	1e+05	5.09052e-06	4.844039e-06	1.223994e-05
1	1-263711661	268497367	19	C	A	0.465	0.03427696	0.00743495	221.2854	0.4731658	1e+05	6.685758e-06	6.250933e-06	1.51789e-05
1	1-263711669	268497375	19	A	T	0.423	0.03575313	0.007362761	222.3448	0.4561266	1e+05	2.219541e-06	2.070522e-06	6.009468e-06
1	1-263711675	268497381	20	G	A	0.465	0.03629601	0.007423577	222.5607	0.4799	1e+05	1.904749e-06	1.653783e-06	4.986669e-06
1	1-263711822	268497528	17	A	C	0.47	0.03382147	0.007276829	221.3322	0.4366048	1e+05	5.66376e-06	5.952727e-06	1.456449e-05
1	1-263711832	268497538	17	A	G	0.47	0.0355989	0.007301733	222.5606	0.4916133	1e+05	2.030176e-06	1.654029e-06	4.987284e-06
1	1-263711839	268497545	18	C	T	0.438	0.03613191	0.007268419	223.3992	0.6595103	1e+05	1.304644e-06	6.920053e-07	2.433818e-06
1	1-263711843	268497549	19	T	C	0.47	0.03640039	0.007308534	223.145	0.5298257	1e+05	1.248462e-06	9.009731e-07	3.021424e-06
1	1-263711863	268497569	21	A	T	0.465	0.03864526	0.007257885	224.7786	0.5436526	1e+05	2.411977e-07	1.657733e-07	7.657729e-07
1	1-263711868	268497574	20	C	T	0.432	0.03881348	0.007193551	225.4522	0.7128221	1e+05	1.701152e-07	8.263571e-08	4.398562e-07
1	1-263711895	268497601	21	A	T	0.46	0.04038724	0.007314891	226.1383	0.7002818	1e+05	9.097565e-08	4.070466e-08	2.517405e-07
1	1-263712324	268498030	33	G	T	0.144	0.04612423	0.0100635	220.0754	0.256682	1e+05	7.524911e-06	2.220948e-05	4.480749e-05
1	1-263712515	268498221	18	A	C	0.174	0.04449148	0.008973044	220.3446	0.1234778	0.01796938	1.384238e-06	1.674114e-05	4.466991e-05
1	1-263715496	268501203	30	C	A	0.446	0.03374874	0.007415788	220.8289	0.4403425	1e+05	8.668854e-06	1.007765e-05	2.276527e-05
1	1-263715866	268501573	22	A	G	0.427	0.03522359	0.007447632	222.6075	0.7594196	1e+05	3.93579e-06	1.575235e-06	4.789638e-06
1	1-263715943	268501650	16	A	G	0.424	0.03316371	0.007282503	221.7666	0.7187298	1e+05	8.557791e-06	3.782182e-06	9.940877e-06
1	1-263716270	268501977	43	T	C	0.39	0.04195714	0.008133255	224.2647	0.7398072	1e+05	5.381974e-07	2.821375e-07	1.174153e-06
1	1-263716272	268501979	44	C	T	0.395	0.04105527	0.008152172	223.5767	0.668963	1e+05	9.624816e-07	5.755785e-07	2.093825e-06
1	1-263716296	268502003	26	T	C	0.421	0.03438797	0.007451735	221.5733	0.5832325	1e+05	6.55425e-06	4.627622e-06	1.177781e-05
1	1-263716302	268502009	27	T	C	0.42	0.03648305	0.00741568	223.3877	0.7467751	1e+05	1.655516e-06	7.0028e-07	2.457598e-06
2	2-5218260	5174967	37	T	C	0.058	0.07269085	0.0160117	219.8559	0.2389225	1e+05	9.096958e-06	2.7976e-05	5.469208e-05
2	2-8284135	8458626	6	C	T	0.013	0.1499517	0.03060096	221.8125	0.3200143	1e+05	1.811227e-06	3.605655e-06	9.550161e-06
2	2-14344872	14792091	7	T	C	0.046	0.07276583	0.01601192	220.3067	0.2373073	1e+05	8.915877e-06	1.742035e-05	3.635669e-05
2	2-84009623	85563000	15	A	G	0.011	0.1802309	0.03695464	221.6532	0.3088593	1e+05	2.01459e-06	4.257244e-06	1.097961e-05
2	2-104156642	106485930	6	T	C	0.015	0.1256791	0.02767788	220.2881	0.303695	1e+05	9.060677e-06	1.776533e-05	3.697432e-05
2	2-121027956	124379615	11	A	T	0.011	0.1554588	0.03278023	221.0975	0.3140223	1e+05	3.713374e-06	7.608234e-06	1.792721e-05
2	2-124660606	128104896	12	T	C	0.014	0.1387728	0.02801862	222.0605	0.3109553	1e+05	1.419841e-06	2.783938e-06	7.691307e-06
2	2-135770949	139199435	11	T	C	0.099	-0.07457263	0.01580829	222.4207	0.7205262	1e+05	4.156763e-06	1.913174e-06	5.627412e-06
2	2-173231929	177429759	13	T	C	0.285	-0.04059766	0.008444183	221.7754	0.3867266	1e+05	2.764536e-06	3.747668e-06	9.864699e-06
2	2-181216239	185985709	36	T	C	0.386	0.04417615	0.009550466	222.3553	0.9219582	1e+05	6.249878e-06	2.048076e-06	5.955246e-06
2	2-197062149	202746986	49	G	C	0.241	-0.04124858	0.009128253	220.2839	0.2299025	1e+05	9.968755e-06	1.784297e-05	3.711312e-05
2	2-201702265	207627659	8	A	G	0.02	0.1556534	0.03293146	220.8721	0.2101965	1e+05	3.987609e-06	9.632225e-06	2.190563e-05
2	2-202712327	208638729	29	G	C	0.071	0.08997628	0.01880477	222.0771	0.4754516	1e+05	3.068442e-06	2.736336e-06	7.581312e-06
2	2-204043168	209951285	34	G	A	0.388	0.03904366	0.008000112	222.1294	0.278846	1e+05	1.984263e-06	2.591219e-06	7.244188e-06
2	2-221441444	227559025	15	C	T	0.011	0.2020992	0.04451738	218.8283	0.125306	1e+05	9.099953e-06	8.269982e-05	0.0001407787
2	2-226850390	233206052	29	G	C	0.222	-0.04048763	0.008447138	222.2938	0.4402435	1e+05	2.955255e-06	2.183328e-06	6.280621e-06
2	2-229609369	235932827	14	G	C	0.205	-0.04047025	0.008935683	218.4878	0.06202571	1e+05	9.534034e-06	0.0001186145	0.0001935002
3	3-6201496	5390487	10	T	A	0.018	0.1304857	0.02837536	220.563	0.2764492	1e+05	7.038387e-06	1.331449e-05	2.887535e-05
3	3-31806997	31402837	4	A	C	0.013	0.1423188	0.03136075	221.26	0.5738002	1e+05	9.166104e-06	6.419311e-06	1.5524e-05
3	3-55248995	55167925	18	T	C	0.012	0.1721155	0.03711035	220.6244	0.3127962	1e+05	5.917169e-06	1.248412e-05	2.732854e-05
3	3-70831839	71078458	10	A	G	0.022	0.124898	0.02407538	222.7339	0.2323911	1e+05	4.681878e-07	1.381124e-06	4.295878e-06
3	3-74580262	74822095	11	A	G	0.02	0.1433283	0.02987518	221.2188	0.2849078	1e+05	2.895414e-06	6.701565e-06	1.609972e-05
3	3-110469934	96367800	12	A	G	0.02	0.1350212	0.02966734	220.4964	0.3267759	1e+05	8.659672e-06	1.427738e-05	3.06535e-05
3	3-87787632	111446959	9	A	C	0.04	-0.08411907	0.01697647	221.5073	0.2370984	1e+05	1.405681e-06	4.957976e-06	1.248205e-05
3	3-87787370	111447221	9	G	T	0.036	-0.0871569	0.01823458	220.5672	0.2310403	1e+05	3.138608e-06	1.325544e-05	2.876578e-05
3	3-87741702	111494645	31	C	G	0.037	-0.08751351	0.01854284	220.2641	0.2334401	1e+05	4.115691e-06	1.821737e-05	3.778137e-05
3	3-87735051	111501293	24	C	A	0.04	-0.08592448	0.01726509	221.7643	0.2566319	1e+05	1.270509e-06	3.791313e-06	9.961013e-06
3	3-122238199	122521028	20	A	T	0.026	0.1174281	0.02403478	222.1011	0.395235	1e+05	1.935912e-06	2.668874e-06	7.424933e-06
3	3-122339900	122618424	20	A	G	0.019	0.1222882	0.02670959	220.6783	0.3410602	1e+05	7.687472e-06	1.179965e-05	2.604342e-05
3	3-129060884	129559952	27	C	T	0.287	0.05256571	0.01038603	221.5481	0.1664881	1e+05	8.55294e-07	4.751015e-06	1.204167e-05
3	3-129060907	129559975	25	G	A	0.278	0.04975736	0.01090638	219.9226	0.2255464	1e+05	8.252068e-06	2.608041e-05	5.147274e-05
3	3-132536155	133145439	44	G	C	0.016	0.1396724	0.03089523	220.5467	0.3458867	1e+05	9.88014e-06	1.354464e-05	2.930184e-05
3	3-135941468	136605265	24	T	C	0.079	0.06913818	0.01408493	221.8658	0.3100015	1e+05	1.742172e-06	3.410587e-06	9.11513e-06
3	3-152013032	153388563	35	T	C	0.475	0.03347162	0.007354337	221.3286	0.3731827	1e+05	8.655798e-06	5.975483e-06	1.461152e-05
3	3-155937448	157478019	24	T	G	0.09	0.06397687	0.01394787	220.2507	0.2715501	1e+05	7.409159e-06	1.847613e-05	3.824219e-05
3	3-173015180	175390411	32	A	C	0.015	0.1608643	0.03493763	220.575	0.3328485	1e+05	6.862141e-06	1.314792e-05	2.856609e-05
3	3-199725879	202745757	25	A	G	0.014	0.1671152	0.03434391	220.3723	0.1701063	1e+05	2.120277e-06	1.626188e-05	3.427114e-05
3	3-205313946	208556614	15	G	A	0.021	0.110663	0.02394851	221.2993	0.4485973	1e+05	6.380151e-06	6.161327e-06	1.499472e-05
3	3-215558053	219085521	21	A	T	0.016	0.1279075	0.02712158	221.051	0.3296097	1e+05	4.179776e-06	7.987182e-06	1.868201e-05
3	3-229504111	233325254	23	A	G	0.164	0.05262873	0.01109809	222.4945	0.7577161	1e+05	3.718597e-06	1.771701e-06	5.279748e-06
3	3-231025748	235255053	17	C	T	0.44	-0.03309104	0.007146897	218.4746	0.009676778	1e-05	6.124887e-06	0.0001202933	0.0002038016
3	3-231025766	235255071	18	C	T	0.433	-0.03354627	0.007175481	218.9563	0.02780713	1e+05	5.017735e-06	7.223084e-05	0.0001249941
3	3-231030982	235260287	11	T	C	0.417	-0.03350432	0.007177854	219.3161	0.04061222	1e+05	5.185272e-06	4.93968e-05	8.963197e-05
3	3-231032669	235261974	13	A	G	0.432	-0.03332192	0.007260779	219.2086	0.04555314	1e+05	7.330068e-06	5.532857e-05	9.896435e-05
3	3-231044838	235274141	12	T	C	0.439	-0.03612816	0.007020348	220.7702	0.006382621	1e+05	5.713472e-07	1.071639e-05	2.398926e-05
3	3-231044847	235274150	13	T	C	0.434	-0.03516336	0.007049356	219.9643	0.0007964248	1e+05	1.204795e-06	2.496191e-05	4.956e-05
4	4-3899930	4614465	27	A	T	0.012	0.1674009	0.03697175	219.5438	0.2107685	1e+05	9.586067e-06	3.885536e-05	7.272052e-05
4	4-15373889	16472386	46	T	G	0.013	0.1459359	0.03226222	219.5212	0.2409646	1e+05	9.769789e-06	3.979342e-05	7.42449e-05
4	4-15414607	16513144	20	T	G	0.012	0.1480215	0.0320828	220.014	0.2082979	1e+05	6.583905e-06	2.369014e-05	4.737248e-05
4	4-15612645	16701974	29	A	G	0.015	0.1306165	0.02844919	220.687	0.321011	1e+05	7.268655e-06	1.16921e-05	2.584064e-05
4	4-17040365	18157098	5	T	C	0.02	0.1288639	0.02762221	221.0116	0.3036654	1e+05	5.243313e-06	8.32377e-06	1.934835e-05
4	4-17069243	18186113	9	A	C	0.027	0.100688	0.0215141	220.931	0.3031031	1e+05	4.908043e-06	9.056025e-06	2.078565e-05
4	4-17990448	19143222	10	A	C	0.031	0.09252495	0.01851355	220.7272	0.1393288	1e+05	1.152393e-06	1.120948e-05	2.492752e-05
4	4-17990472	19143246	8	A	G	0.031	0.09201178	0.01851959	220.5702	0.1372695	1e+05	1.321344e-06	1.321478e-05	2.869028e-05
4	4-17991240	19144014	30	A	G	0.032	0.09988006	0.01960874	221.9207	0.2163121	1e+05	7.33619e-07	3.220961e-06	8.688719e-06
4	4-17991939	19144713	37	T	G	0.036	0.09798511	0.01917647	221.0611	0.1183783	1e-05	6.799852e-07	7.90305e-06	2.036421e-05
4	4-17991959	19144733	44	A	G	0.032	0.0972212	0.01997193	220.2499	0.148071	1e+05	2.101343e-06	1.849166e-05	3.826982e-05
4	4-17992001	19144775	51	G	A	0.033	0.1027566	0.02085004	220.3077	0.1480656	1e+05	1.590636e-06	1.740287e-05	3.632535e-05
4	4-17992447	19145221	21	T	A	0.033	0.09213071	0.01853071	220.5123	0.1344785	1e+05	1.300381e-06	1.404138e-05	3.021915e-05
4	4-18666046	19825635	29	T	C	0.017	0.1853298	0.0370431	222.3472	0.339785	1e+05	1.123678e-06	2.065255e-06	5.996753e-06
4	4-59880722	62232261	4	C	T	0.467	-0.04026525	0.008280593	222.0397	0.3536922	1e+05	2.152859e-06	2.845065e-06	7.832145e-06
4	4-59945639	62287111	9	C	T	0.4	-0.03740382	0.007941408	220.0232	0.1822087	1e+05	4.295534e-06	2.346316e-05	4.698058e-05
4	4-86276210	89619475	6	A	C	0.011	0.175213	0.03685107	221.4759	0.3544757	1e+05	3.515524e-06	5.123208e-06	1.283176e-05
4	4-105170742	107902757	14	A	G	0.016	0.1295177	0.02706308	221.3907	0.3033063	1e+05	3.054388e-06	5.600067e-06	1.383229e-05
4	4-117776817	121453258	6	A	T	0.013	0.1576747	0.0346573	220.4732	0.323732	1e+05	8.721639e-06	1.462885e-05	3.129867e-05
4	4-125213661	128154151	29	A	G	0.02	0.1454852	0.02557689	225.1847	0.245128	1e+05	3.899366e-08	1.089384e-07	5.477589e-07
4	4-132991421	136042312	27	T	A	0.014	0.1560072	0.03418723	220.6099	0.2941245	1e+05	8.212804e-06	1.267596e-05	2.768706e-05
4	4-155035217	158533536	29	T	A	0.041	0.08035166	0.0177648	219.4656	0.1995534	1e+05	9.784604e-06	4.219152e-05	7.812338e-05
4	4-191618760	195673913	30	A	G	0.042	0.08970067	0.01937655	220.3122	0.2368082	1e+05	6.146136e-06	1.732043e-05	3.617753e-05
4	4-206143429	210516082	11	T	G	0.166	0.0466674	0.009760663	220.5266	0.1675862	1e+05	3.118633e-06	1.383219e-05	2.983337e-05
4	4-219176024	222831140	36	T	C	0.015	0.1429791	0.03094705	221.0279	0.4134599	1e+05	6.401291e-06	8.182604e-06	1.906934e-05
4	4-232513396	237059845	26	G	C	0.089	0.05516268	0.01206198	221.9795	0.7044819	1e+05	7.863365e-06	3.029265e-06	8.253863e-06
5	5-7596827	7913770	5	A	T	0.048	0.08149279	0.01489893	223.9312	0.2004064	1e+05	1.177447e-07	3.985509e-07	1.552755e-06
5	5-7597107	7914050	32	T	C	0.04	0.09924802	0.01714145	224.6493	0.1291079	1e+05	2.305992e-08	1.894838e-07	8.523638e-07
5	5-7597476	7914419	12	T	G	0.032	0.1069108	0.01823421	224.9331	0.1173621	1e+05	1.573769e-08	1.412902e-07	6.73916e-07
5	5-7597492	7914435	11	C	G	0.031	0.09551516	0.01937637	220.9777	0.151409	1e+05	1.582561e-06	8.623728e-06	1.993911e-05
5	5-7597719	7914662	10	A	C	0.042	0.08158354	0.01633041	221.2167	0.1448575	1e+05	1.162587e-06	6.716946e-06	1.613099e-05
5	5-7599137	7916080	33	A	G	0.035	0.08623267	0.01877293	219.6952	0.1546398	1e+05	7.197662e-06	3.312947e-05	6.331861e-05
5	5-10223947	10541155	8	T	A	0.201	0.03901861	0.008390147	221.3864	0.4746659	1e+05	5.596525e-06	5.624997e-06	1.388426e-05
5	5-54490449	56129264	39	A	T	0.01	0.2286705	0.04855954	221.0536	0.2940767	1e+05	4.3128e-06	7.965597e-06	1.863915e-05
5	5-164331037	168180202	25	T	A	0.012	0.207533	0.04470002	220.5736	0.2852559	1e+05	5.791399e-06	1.316716e-05	2.860185e-05
5	5-195243005	191820216	7	T	C	0.194	-0.03906647	0.008579612	219.6165	0.1415773	1e+05	8.575777e-06	3.599036e-05	6.803797e-05
5	5-192634957	197964314	38	T	G	0.018	0.1277361	0.02732402	220.7743	0.30127	1e+05	5.023495e-06	1.06702e-05	2.390107e-05
5	5-206772844	212262071	12	A	G	0.185	0.04829791	0.009546729	220.282	7.186129e-05	1e-05	8.637537e-07	1.787891e-05	5.397048e-05
5	5-206772087	212262828	26	A	C	0.216	0.04626713	0.009049167	221.7934	0.08693306	1e+05	6.696984e-07	3.678232e-06	9.71113e-06
5	5-207023515	212630769	6	A	G	0.27	0.03635876	0.007692118	219.7002	0.1185662	1e+05	3.98457e-06	3.295639e-05	6.303161e-05
5	5-216410344	222274671	33	C	A	0.418	-0.03819098	0.007838664	223.305	0.7082449	1e+05	2.06092e-06	7.630895e-07	2.636623e-06
6	6-22037981	20409632	22	A	T	0.012	0.1786907	0.03696635	221.7662	0.3574433	1e+05	2.454887e-06	3.784125e-06	9.945162e-06
6	6-72289544	75069515	14	T	C	0.011	0.1721402	0.03720791	220.6521	0.3058696	1e+05	6.22535e-06	1.212713e-05	2.665947e-05
6	6-73023951	75717589	13	C	T	0.176	0.04745674	0.01024441	220.9644	0.1524639	1e+05	6.062261e-06	8.745074e-06	2.01773e-05
6	6-73058782	75752023	36	C	T	0.152	0.05220194	0.01116016	220.5237	0.1529291	1e+05	4.964396e-06	1.387387e-05	2.991029e-05
6	6-73059885	75753126	32	C	T	0.153	0.05453688	0.01080029	221.8803	0.1272437	1e+05	9.034273e-07	3.359264e-06	9.000073e-06
6	6-73087517	75780754	10	A	G	0.156	0.04846371	0.01050845	219.2308	0.06874206	1e+05	6.637859e-06	5.405042e-05	9.696328e-05
6	6-73087633	75780870	8	A	G	0.162	0.05098636	0.01044932	220.9973	0.102501	1e+05	1.993328e-06	8.448624e-06	1.959459e-05
6	6-73091536	75784773	27	T	C	0.152	0.052899	0.01129175	222.1243	0.3414113	1e+05	4.807373e-06	2.605134e-06	7.276634e-06
6	6-73106743	75800130	44	A	G	0.176	0.05664711	0.01200333	222.5849	0.4881653	1e+05	4.12022e-06	1.612723e-06	4.883861e-06
6	6-73111980	75805367	5	T	C	0.153	0.04886104	0.01064821	221.1286	0.1952467	1e+05	7.350662e-06	7.36486e-06	1.743976e-05
6	6-73126299	75819685	10	T	C	0.359	0.04541986	0.01001115	220.2234	0.1451389	1e+05	9.213725e-06	1.901253e-05	3.919494e-05
6	6-73129601	75822987	10	T	C	0.17	0.04878948	0.01066591	220.7107	0.2217989	1e+05	7.826676e-06	1.140566e-05	2.529931e-05
6	6-73131993	75825379	9	A	C	0.124	0.05596544	0.01211144	221.5306	0.3041982	1e+05	6.380097e-06	4.838584e-06	1.222833e-05
6	6-73154106	75847489	6	A	G	0.156	0.05209432	0.01036623	222.2326	0.1098507	1e+05	1.012218e-06	2.327083e-06	6.623096e-06
6	6-73154531	75847914	8	C	G	0.139	0.05753003	0.01107484	223.6819	0.2214244	1e+05	4.529869e-07	5.160953e-07	1.915712e-06
6	6-73460991	76139099	4	A	G	0.235	0.04350548	0.00926439	221.1553	0.1312689	1e+05	4.5724e-06	7.161633e-06	1.703102e-05
6	6-73556837	76223730	7	A	G	0.117	0.05842417	0.01286241	221.3183	0.3087365	1e+05	9.00316e-06	6.040089e-06	1.474492e-05
6	6-73667414	76340345	30	A	G	0.123	0.05882497	0.01293954	221.4277	0.3602718	1e+05	8.851611e-06	5.387765e-06	1.338839e-05
6	6-73780586	76456868	36	A	G	0.187	0.05094731	0.01092338	221.4132	0.2016816	1e+05	5.270504e-06	5.469852e-06	1.356031e-05
6	6-74045757	76700812	10	T	C	0.125	0.05705409	0.01218799	221.7899	0.2669234	1e+05	4.884539e-06	3.69139e-06	9.740263e-06
6	6-91655625	94079323	20	A	G	0.012	0.1732502	0.03717952	220.3343	0.218462	1e+05	5.370466e-06	1.692387e-05	3.54651e-05
6	6-93801109	96352767	36	A	G	0.028	0.110956	0.02405716	221.2324	0.4584324	1e+05	6.62916e-06	6.607488e-06	1.590821e-05
6	6-118903005	122721554	46	G	A	0.027	0.1317638	0.02770242	221.2036	0.3272166	1e+05	3.487545e-06	6.809386e-06	1.631874e-05
6	6-141588723	145513830	18	T	C	0.153	0.0474313	0.00993176	221.5129	0.3641323	1e+05	3.196439e-06	4.92881e-06	1.242015e-05
6	6-141590213	145515320	48	T	C	0.164	0.04884375	0.01080765	221.2616	0.5821039	1e+05	9.943419e-06	6.408818e-06	1.550254e-05
6	6-141590436	145515543	25	C	T	0.16	0.0458504	0.009893776	221.4281	0.4911705	1e+05	6.013902e-06	5.385278e-06	1.338318e-05
6	6-141858156	145782617	42	T	C	0.07	0.07809157	0.01676551	220.4228	0.2737169	1e+05	5.417351e-06	1.542306e-05	3.274931e-05
6	6-147613055	151477245	24	T	C	0.114	0.05122299	0.01127147	220.1578	0.2887392	1e+05	8.915835e-06	2.036957e-05	4.159057e-05
6	6-148554835	152419924	36	G	C	0.02	0.1164338	0.02447744	221.1523	0.257843	1e+05	3.481602e-06	7.18457e-06	1.707723e-05
6	6-148554941	152420030	44	T	A	0.021	0.1154328	0.02449992	221.073	0.2689856	1e+05	4.265208e-06	7.805252e-06	1.832026e-05
6	6-148555181	152420270	11	A	G	0.018	0.1159433	0.0244426	221.1288	0.261035	1e+05	3.696125e-06	7.363187e-06	1.74364e-05
6	6-148555204	152420293	7	A	G	0.018	0.1151651	0.02445944	220.9686	0.2606428	1e+05	4.325674e-06	8.706368e-06	2.010137e-05
6	6-148556537	152421626	8	A	G	0.018	0.1152864	0.02446371	221.0183	0.2656767	1e+05	4.246357e-06	8.265117e-06	1.923251e-05
6	6-149643438	153534184	9	T	C	0.247	0.04470636	0.009650923	220.1798	0.2971398	1e+05	6.065303e-06	1.990429e-05	4.07715e-05
6	6-149711388	153601248	4	T	C	0.05	0.1028608	0.02056339	222.6362	0.2620293	1e+05	1.128698e-06	1.528859e-06	4.672587e-06
6	6-167083739	171032648	48	C	T	0.032	0.09522568	0.02006246	220.6424	0.2319917	1e+05	3.647095e-06	1.225184e-05	2.689348e-05
6	6-167083819	171032728	38	C	T	0.033	0.09322243	0.01969617	220.6758	0.2465429	1e+05	3.874109e-06	1.183037e-05	2.610132e-05
6	6-167083950	171032859	25	C	T	0.031	0.1005113	0.01944214	222.2009	0.1902478	1e+05	5.104669e-07	2.405214e-06	6.807873e-06
7	7-45295926	46790997	16	T	A	0.016	0.1426922	0.02963642	221.251	0.272444	1e+05	2.678106e-06	6.480102e-06	1.564829e-05
7	7-115780810	119190769	12	G	C	0.011	0.1718333	0.03773314	220.3546	0.3156693	1e+05	8.557042e-06	1.656633e-05	3.4821e-05
7	7-115780880	119190839	15	T	A	0.023	0.1127378	0.02348707	221.3175	0.2868809	1e+05	2.863794e-06	6.045186e-06	1.475544e-05
7	7-115788226	119198187	6	T	A	0.024	0.1065869	0.02290451	220.894	0.3246086	1e+05	5.522533e-06	9.413426e-06	2.148143e-05
7	7-115809618	119242906	6	G	A	0.024	0.1219544	0.02404501	222.3722	0.2843862	1e+05	8.130583e-07	2.012357e-06	5.868776e-06
7	7-115809645	119242933	11	T	G	0.02	0.1237007	0.025893	221.3897	0.3192359	1e+05	3.172528e-06	5.606013e-06	1.384469e-05
7	7-115809844	119243132	6	C	G	0.013	0.1587519	0.03512715	220.8004	0.4289581	1e+05	9.944173e-06	1.038271e-05	2.335108e-05
7	7-115890696	119305533	18	T	C	0.021	0.122053	0.0258558	220.9952	0.2995185	1e+05	4.09737e-06	8.467708e-06	1.963219e-05
7	7-115891248	119306084	14	T	C	0.02	0.1132331	0.02421442	220.7306	0.2896746	1e+05	4.992291e-06	1.117017e-05	2.485294e-05
7	7-119526080	123229192	6	A	G	0.066	0.0617524	0.01358759	219.1149	0.1781744	1e+05	8.904797e-06	6.108615e-05	0.0001079171
7	7-119538300	123241412	11	T	C	0.07	0.06044961	0.01331994	219.5039	0.2332919	1e+05	9.159603e-06	4.052331e-05	7.542812e-05
7	7-160196955	165638395	11	C	G	0.013	0.1969966	0.03964934	220.3815	0.1213909	0.01481272	1.320606e-06	1.610639e-05	5.056187e-05
7	7-167140356	172710581	45	A	C	0.476	-0.03585056	0.007466689	220.9463	0.1472946	1e+05	2.845588e-06	8.912343e-06	2.05049e-05
7	7-172815720	178103037	29	C	T	0.032	0.09289361	0.01983767	220.6678	0.2738564	1e+05	4.85167e-06	1.193024e-05	2.628935e-05
7	7-172811099	178107658	16	T	C	0.028	0.1016351	0.02096282	220.9632	0.2173361	1e+05	2.29791e-06	8.755585e-06	2.019791e-05
7	7-172810957	178107800	18	A	G	0.023	0.1016906	0.02202644	220.3871	0.2768364	1e+05	6.497074e-06	1.601156e-05	3.381806e-05
7	7-172810902	178107855	20	C	G	0.023	0.1015468	0.02203502	220.3796	0.2790849	1e+05	6.739462e-06	1.613874e-05	3.404837e-05
7	7-173840104	179330208	18	A	G	0.016	0.1615423	0.03233496	222.1858	0.276054	1e+05	1.162042e-06	2.443225e-06	6.897439e-06
7	7-173871098	179359787	12	T	A	0.011	0.1668959	0.03691367	220.3402	0.303743	1e+05	9.862692e-06	1.68189e-05	3.527619e-05
7	7-174760617	180277025	14	C	G	0.414	-0.03784143	0.008066694	218.9802	0.03530719	1e-05	4.673833e-06	7.042849e-05	0.0001934689
8	8-5378177	5652733	12	C	T	0.468	0.03522063	0.007720394	221.4298	0.8227248	1e+05	8.259366e-06	5.376013e-06	1.336375e-05
8	8-8297145	8633971	29	T	C	0.237	-0.03731098	0.008209426	217.9894	1e-05	1e-05	8.899728e-06	0.0002014373	0.0004565484
8	8-8298163	8634989	11	T	C	0.26	-0.03666572	0.007728431	219.1123	0.01122484	1e+05	3.683325e-06	6.125447e-05	0.0001081774
8	8-8298320	8635146	8	C	T	0.305	-0.03486779	0.007040377	219.7899	1e-05	1e-05	1.422045e-06	2.998737e-05	0.0001122409
8	8-8298764	8635590	13	T	C	0.176	-0.0426667	0.009203662	220.8499	0.2553713	1e+05	5.972274e-06	9.857847e-06	2.234171e-05
8	8-14891239	15325012	42	A	G	0.427	0.03829532	0.008094209	221.2658	0.2844671	1e+05	3.905924e-06	6.380485e-06	1.544454e-05
8	8-74908228	76798065	31	A	G	0.2	0.04512939	0.009491965	221.3408	0.2669451	1e+05	3.517792e-06	5.899429e-06	1.445423e-05
8	8-74910185	76800022	39	T	C	0.174	0.05075601	0.01048412	222.2649	0.3418071	1e+05	2.373873e-06	2.250212e-06	6.440376e-06
8	8-74932497	76823672	14	C	T	0.141	0.05018833	0.0108541	219.1641	0.1053336	1e+05	6.295327e-06	5.799501e-05	0.0001031227
8	8-74932501	76823676	17	T	A	0.143	0.05016477	0.01086922	219.2184	0.1162904	1e+05	6.538494e-06	5.476382e-05	9.808083e-05
8	8-74932660	76823835	4	T	C	0.135	0.05043144	0.01078624	219.4304	0.09731736	1e+05	5.008596e-06	4.37869e-05	8.068958e-05
8	8-75153516	77047172	32	T	C	0.146	0.0538813	0.01181266	220.9597	0.3011564	1e+05	8.284842e-06	8.787704e-06	2.026087e-05
8	8-76012653	77905553	20	C	T	0.114	0.06306587	0.01332894	221.3387	0.2423988	1e+05	3.900661e-06	5.912543e-06	1.448137e-05
8	8-77401157	79318489	16	T	C	0.096	0.06388854	0.01388486	220.5364	0.2184588	1e+05	6.953801e-06	1.36905e-05	2.957164e-05
8	8-77964094	79876249	38	T	C	0.151	0.05732552	0.01242603	220.6872	0.2448384	1e+05	6.595313e-06	1.168948e-05	2.583568e-05
8	8-78858410	80750530	13	A	G	0.172	0.05041149	0.01084496	218.5388	0.008263258	1e-05	5.650057e-06	0.0001123712	0.0002484455
8	8-79011774	80915272	39	A	G	0.133	0.06083197	0.01339977	217.9676	1e-05	1e-05	9.100213e-06	0.0002061662	0.001528531
8	8-79115288	81000484	20	T	C	0.121	0.05820218	0.01262454	219.9755	0.1379248	1e+05	6.685966e-06	2.467006e-05	4.905923e-05
8	8-79129516	81031072	3	T	C	0.102	0.06287517	0.01374981	219.6375	0.180796	1e+05	7.879435e-06	3.52054e-05	6.67476e-05
8	8-79143815	81051302	37	A	G	0.132	0.0595721	0.01216143	219.9249	0.03765371	1e-05	1.826164e-06	2.601743e-05	0.0001008675
8	8-79218089	81153949	15	G	C	0.121	0.05520272	0.01209812	219.0542	0.1063274	1e+05	8.227261e-06	6.513167e-05	0.0001141521
8	8-79260220	81182935	22	G	A	0.104	0.06633091	0.01353512	221.0165	0.1688874	1e+05	1.807706e-06	8.280505e-06	1.926291e-05
8	8-79262969	81185684	3	A	G	0.102	0.06204027	0.01343224	219.416	0.1382407	1e+05	6.439816e-06	4.445849e-05	8.176666e-05
8	8-79355103	81250744	17	G	A	0.106	0.06402099	0.01390564	219.4609	0.1396081	1e+05	6.87326e-06	4.240156e-05	7.846185e-05
8	8-79354748	81251099	19	T	C	0.13	0.05835433	0.01286416	219.3235	0.1365361	1e+05	9.243062e-06	4.901336e-05	8.902454e-05
8	8-79392330	81338620	2	C	G	0.108	0.06359359	0.01310281	221.1713	0.1699551	1e+05	2.245141e-06	7.042794e-06	1.679126e-05
8	8-79461201	81407994	5	G	A	0.109	0.06168146	0.013094	219.5903	0.1185297	1e+05	4.282259e-06	3.699775e-05	6.968921e-05
8	8-79481954	81433197	38	A	G	0.13	0.06211929	0.01329516	220.4843	0.2023482	1e+05	5.08063e-06	1.445904e-05	3.098722e-05
8	8-79674216	81696250	18	T	C	0.13	0.05683464	0.01225522	219.9067	0.1289501	1e+05	5.926328e-06	2.651913e-05	5.222027e-05
8	8-80137502	82283274	18	T	C	0.095	0.06478279	0.01341733	220.3128	0.1378994	1e+05	2.518144e-06	1.730978e-05	3.615841e-05
8	8-85269762	87401643	43	T	C	0.144	0.05937133	0.01243659	220.3037	0.1521186	1e+05	3.222456e-06	1.747517e-05	3.645495e-05
8	8-88646339	90946570	17	G	T	0.115	0.06025775	0.01293195	219.8863	0.130356	1e+05	5.375834e-06	2.709421e-05	5.319788e-05
8	8-95184323	97468503	16	T	C	0.408	0.03547442	0.007658866	218.8551	0.02701727	1e+05	6.079502e-06	8.039039e-05	0.0001373158
8	8-95184332	97468512	19	T	C	0.4	0.03558838	0.007683759	218.6233	0.005679434	1e+05	6.084173e-06	0.0001027484	0.0001704469
8	8-100534299	103057602	21	C	T	0.465	-0.04067313	0.008227024	221.5453	0.185937	1e+05	1.480621e-06	4.765064e-06	1.207165e-05
8	8-100531854	103061519	42	A	C	0.263	-0.03927488	0.008449128	220.45	0.1597393	1e+05	5.649628e-06	1.498858e-05	3.195694e-05
8	8-100543210	103067003	14	T	C	0.25	-0.03996464	0.008636753	221.3749	0.3322115	1e+05	6.20243e-06	5.693405e-06	1.402669e-05
8	8-100669049	103193555	14	T	C	0.355	-0.03241106	0.007062453	219.7106	0.08983079	1e+05	7.333154e-06	3.259478e-05	6.243141e-05
8	8-101884910	104454634	12	T	C	0.016	0.1280284	0.02692774	220.4727	0.2474332	1e+05	3.517264e-06	1.463735e-05	3.131424e-05
8	8-101889066	104458790	19	A	T	0.021	0.1160558	0.02527719	219.2201	0.1988307	1e+05	7.265334e-06	5.466528e-05	9.792656e-05
8	8-103706339	106423700	19	T	G	0.016	0.1263746	0.02726695	220.5749	0.2896336	1e+05	6.001996e-06	1.314978e-05	2.856955e-05
8	8-109251372	112410812	13	T	C	0.186	-0.05176518	0.01123229	219.5073	0.158687	1e+05	6.734254e-06	4.037883e-05	7.51941e-05
8	8-109768301	112910445	15	G	C	0.422	-0.03149216	0.006964511	218.1409	0.02241911	1e-05	9.838991e-06	0.000171445	0.0006074329
8	8-110348152	113502543	28	A	G	0.158	0.05088977	0.01103232	218.6446	0.03524806	1e-05	6.611318e-06	0.0001004621	0.0002736896
8	8-110370561	113524948	35	A	G	0.153	0.05118185	0.01083082	219.4949	0.06649875	1e+05	4.005669e-06	4.090935e-05	7.605294e-05
8	8-110512151	113630107	19	T	C	0.226	0.04136588	0.008865701	218.9639	0.05263163	1e-05	5.229249e-06	7.165205e-05	0.0002476288
8	8-110541490	113731792	27	T	A	0.152	0.05111432	0.01081393	219.3177	0.0652333	1e-05	3.985323e-06	4.931248e-05	0.0001095761
8	8-114747922	117991940	34	T	C	0.065	-0.07097794	0.01565838	219.8542	0.1864832	1e+05	9.376218e-06	2.802472e-05	5.477449e-05
8	8-131213073	135641944	15	G	A	0.023	0.1059312	0.02204683	221.4691	0.2963816	1e+05	2.801666e-06	5.159393e-06	1.290813e-05
8	8-131213156	135642027	23	A	G	0.024	0.1079748	0.02202003	221.8491	0.2908816	1e+05	1.784314e-06	3.470461e-06	9.249038e-06
8	8-155076614	160334374	27	T	C	0.014	0.1587334	0.03480391	219.8061	0.2209731	1e+05	8.303928e-06	2.94806e-05	5.722878e-05
8	8-164716894	170352277	11	T	C	0.475	0.03155514	0.006900585	220.8919	0.4468315	1e+05	7.878776e-06	9.434017e-06	2.15214e-05
8	8-164717956	170353339	21	T	C	0.481	0.03224713	0.007036548	220.8314	0.4535276	1e+05	7.541837e-06	1.005126e-05	2.271447e-05
8	8-169769693	175451981	22	A	G	0.057	0.06867546	0.0148537	220.9979	0.3170969	1e+05	6.30778e-06	8.443235e-06	1.958397e-05
9	9-1316781	993638	47	T	C	0.024	0.1250703	0.02764731	218.4974	0.0979707	1e-05	9.755039e-06	0.0001174223	0.000204957
9	9-4308312	3896177	42	A	G	0.081	0.06190915	0.01336012	219.8946	0.1796555	1e+05	6.024261e-06	2.686024e-05	5.280044e-05
9	9-17789838	17554504	17	C	T	0.014	0.1408265	0.03114694	220.3852	0.3461071	1e+05	9.857954e-06	1.604328e-05	3.387552e-05
9	9-99603819	102019670	21	A	C	0.042	0.07804001	0.01725047	218.8877	0.1659738	1e+05	9.748466e-06	7.766885e-05	0.0001332215
9	9-99603919	102019770	15	A	G	0.053	0.06932447	0.01533341	219.8312	0.2787268	1e+05	9.867392e-06	2.871231e-05	5.593547e-05
9	9-99603971	102019822	20	G	T	0.04	0.08103928	0.01741855	220.1507	0.223884	1e+05	5.548584e-06	2.052194e-05	4.18583e-05
9	9-99698304	102119461	27	A	G	0.085	0.06518625	0.01401058	220.4918	0.2551064	1e+05	5.544269e-06	1.434591e-05	3.077946e-05
9	9-144580051	147142857	27	T	A	0.012	0.1739667	0.03665971	221.1931	0.3195552	1e+05	3.663782e-06	6.884051e-06	1.647014e-05
9	9-144783536	147339744	12	T	C	0.056	0.06880732	0.01463412	221.609	0.4622459	1e+05	4.454483e-06	4.458406e-06	1.141431e-05
9	9-144783564	147339772	22	G	A	0.042	0.08726759	0.01659603	223.7645	0.3926577	1e+05	3.330774e-07	4.737262e-07	1.786713e-06
10	10-3138227	2738140	35	A	G	0.028	0.09846567	0.02163507	220.6862	0.346536	1e+05	8.658457e-06	1.1702e-05	2.585931e-05
10	10-6404659	6097052	12	T	G	0.018	0.11519	0.02446087	219.9998	0.1928256	1e+05	4.311274e-06	2.404612e-05	4.79862e-05
10	10-6404686	6097079	12	T	C	0.018	0.1147966	0.02446545	219.9699	0.1962366	1e+05	4.650518e-06	2.481433e-05	4.930687e-05
10	10-6404743	6097136	8	A	G	0.018	0.115297	0.02445417	220.0331	0.1932661	1e+05	4.203405e-06	2.321998e-05	4.656019e-05
10	10-6864381	6630345	16	G	A	0.016	0.1252764	0.02708762	220.3797	0.2542315	1e+05	6.268961e-06	1.613595e-05	3.404331e-05
10	10-6864644	6630608	18	T	A	0.014	0.1337777	0.02808546	220.9013	0.2362621	1e+05	3.381705e-06	9.342145e-06	2.134295e-05
10	10-6864858	6630822	16	T	G	0.014	0.130953	0.02813492	220.4619	0.2369565	1e+05	5.499718e-06	1.480279e-05	3.161721e-05
10	10-13790390	13880533	21	T	C	0.028	0.09891499	0.02078135	220.7969	0.2379161	1e+05	3.434566e-06	1.042124e-05	2.34249e-05
10	10-74982326	74222044	43	T	C	0.013	0.1744976	0.03699143	220.9451	0.306775	1e+05	4.158006e-06	8.923237e-06	2.052621e-05
10	10-79799112	79216795	34	A	G	0.03	-0.09496133	0.0209772	220.6039	0.3612329	1e+05	9.62455e-06	1.275546e-05	2.783542e-05
10	10-80616528	80020042	34	C	T	0.01	0.1859397	0.03973923	220.7836	0.2850715	1e+05	4.932073e-06	1.056654e-05	2.370299e-05
10	10-124757320	125793437	38	T	C	0.023	0.108457	0.02378796	219.7063	0.196796	1e+05	8.357343e-06	3.27452e-05	6.268116e-05
10	10-145900669	147239475	20	C	A	0.411	-0.03502698	0.00735271	221.2164	0.3459941	1e+05	3.372838e-06	6.718653e-06	1.613446e-05
