chr	rs	ps	n_miss	allele1	allele0	af	beta	se	logl_H1	l_remle	l_mle	p_wald	p_lrt	p_score
1	1-1030494	1063555	7	G	A	0.077	0.01576406	0.003347911	566.1889	9.773995	1e+05	4.321527e-06	3.481569e-06	9.273843e-06
1	1-4305173	4423622	28	T	C	0.017	0.03310508	0.006448795	567.9772	5.04665	1e+05	6.069613e-07	5.421944e-07	1.994269e-06
1	1-4346763	4494202	19	G	A	0.023	0.03081046	0.005233041	571.5021	3.332742	1e+05	1.384162e-08	1.421739e-08	1.110743e-07
1	1-4346940	4494379	23	A	G	0.017	0.03153437	0.006464411	566.8398	5.643684	1e+05	2.004762e-06	1.767281e-06	5.268817e-06
1	1-4347966	4495405	4	T	C	0.015	0.03080624	0.006474139	566.2724	5.108812	1e+05	3.456998e-06	3.191216e-06	8.621499e-06
1	1-4348069	4495508	6	T	G	0.018	0.02985777	0.006149359	566.4321	3.128614	1e+05	2.224751e-06	2.701815e-06	7.501365e-06
1	1-4348095	4495534	3	C	T	0.015	0.0304078	0.006483257	565.9188	4.455343	1e+05	4.691896e-06	4.614952e-06	1.175066e-05
1	1-4348312	4495751	9	A	T	0.013	0.03394407	0.006707547	567.6145	4.769945	1e+05	8.577707e-07	7.899317e-07	2.712375e-06
1	1-4348536	4495975	19	A	T	0.021	0.02871061	0.00552426	568.3185	5.581495	1e+05	4.475166e-07	3.806116e-07	1.495835e-06
1	1-8130989	8152127	39	C	G	0.118	0.01516573	0.002965486	568.0763	1e+05	1e+05	6.658343e-07	4.89232e-07	1.834143e-06
1	1-12168498	12360367	39	C	A	0.028	0.02457781	0.005144915	566.3565	5.142109	1e+05	3.176454e-06	2.923345e-06	8.011846e-06
1	1-14850706	15060704	13	C	T	0.247	-0.009075026	0.001913358	566.2897	6.985826	1e+05	3.704571e-06	3.134206e-06	8.492406e-06
1	1-17015767	17363247	13	C	G	0.07	0.01567239	0.00324621	566.2046	2.662473	1e+05	2.522591e-06	3.424777e-06	9.146897e-06
1	1-17016222	17363702	10	G	A	0.087	0.01392587	0.002907907	566.2339	3.526152	1e+05	3.010528e-06	3.321862e-06	8.916062e-06
1	1-41254894	41602415	22	C	T	0.014	0.03183245	0.006663302	566.3173	4.563667	1e+05	3.173984e-06	3.04515e-06	8.290048e-06
1	1-41254922	41602443	23	T	G	0.017	0.03069846	0.006425841	566.3815	5.455005	1e+05	3.173039e-06	2.848011e-06	7.838922e-06
1	1-41254927	41602448	24	A	G	0.014	0.03176435	0.006663338	566.2743	4.59174	1e+05	3.324312e-06	3.184691e-06	8.606742e-06
1	1-41254940	41602461	25	T	A	0.014	0.03165127	0.006666656	566.1902	4.606114	1e+05	3.626868e-06	3.476729e-06	9.263035e-06
1	1-41430408	41790713	15	T	C	0.016	0.02985158	0.006408744	565.6622	3.506602	1e+05	5.415495e-06	6.033176e-06	1.473066e-05
1	1-41433715	41794020	17	A	G	0.014	0.03206042	0.006641207	566.5468	4.608	1e+05	2.527253e-06	2.397457e-06	6.78957e-06
1	1-41437615	41797920	18	G	A	0.014	0.03176138	0.006645289	566.3146	4.429391	1e+05	3.141824e-06	3.053766e-06	8.309663e-06
1	1-41441200	41801505	17	T	C	0.018	0.02797741	0.005713515	566.7467	3.642175	1e+05	1.84084e-06	1.947042e-06	5.710043e-06
1	1-69696788	70962778	32	A	G	0.032	0.02299587	0.004950945	565.657	3.83254	1e+05	5.741684e-06	6.065836e-06	1.479803e-05
1	1-91487248	93443475	34	T	G	0.025	0.02449712	0.005065981	566.7254	7.589889	1e+05	2.435503e-06	1.990581e-06	5.815945e-06
1	1-119427253	121219498	36	T	G	0.01	0.04413537	0.009295597	566.4002	15.06382	1e+05	3.622177e-06	2.793019e-06	7.712259e-06
1	1-119660255	121458765	7	G	C	0.328	0.008778225	0.001801199	565.8142	1.603265	1e+05	2.047561e-06	5.147637e-06	1.288332e-05
1	1-147023607	148630615	8	C	T	0.058	0.01870493	0.004059817	565.6108	4.944964	1e+05	6.772012e-06	6.365829e-06	1.541453e-05
1	1-167524315	169220251	34	A	G	0.105	0.01512523	0.00330245	565.6778	1e+05	1e+05	7.63498e-06	5.935641e-06	1.452916e-05
1	1-200658458	203121818	24	T	C	0.083	0.01564723	0.002999017	567.2663	1.514884	1e+05	4.059052e-07	1.134146e-06	3.651222e-06
1	1-200663586	203126945	18	C	A	0.072	0.01731716	0.00323131	568.0916	1.656348	1e+05	2.035605e-07	4.815224e-07	1.810593e-06
1	1-214439346	217540365	32	A	G	0.012	0.03998007	0.008664014	565.7433	7.41219	1e+05	6.561854e-06	5.542907e-06	1.371301e-05
1	1-215583556	218694925	42	T	C	0.057	0.01866595	0.003928197	566.3058	6.242254	1e+05	3.560779e-06	3.081845e-06	8.373534e-06
1	1-215583284	218695197	43	A	G	0.071	0.01685263	0.003556561	566.2772	7.184279	1e+05	3.780629e-06	3.175317e-06	8.585533e-06
1	1-216212790	219341030	28	C	T	0.022	0.03418916	0.006386335	568.8903	3.737126	1e+05	2.093342e-07	2.105326e-07	9.275784e-07
1	1-228810493	232381990	32	T	C	0.114	0.01435813	0.002700262	568.9367	6.616803	1e+05	2.499435e-07	2.006679e-07	8.925078e-07
1	1-228811378	232382875	25	A	G	0.1	0.01640023	0.0026687	573.1943	7.242249	1e+05	3.503952e-09	2.496249e-09	2.950719e-08
1	1-228811497	232382994	20	A	C	0.112	0.0152633	0.00264889	571.1238	5.892066	1e+05	2.663353e-08	2.098898e-08	1.501608e-07
1	1-228811648	232383145	19	A	G	0.121	0.01302316	0.002848188	565.642	19.66181	1e+05	7.891934e-06	6.162127e-06	1.499636e-05
1	1-228811688	232383185	15	C	T	0.08	0.01684054	0.003200814	568.7149	8.609812	1e+05	3.282831e-07	2.524361e-07	1.073429e-06
1	1-228816440	232387937	45	T	A	0.116	0.01427622	0.002771406	567.8693	3.516821	1e+05	5.577285e-07	6.063757e-07	2.184801e-06
1	1-228817331	232388828	20	A	G	0.096	0.0169931	0.003341663	567.6741	4.270399	1e+05	7.634944e-07	7.425139e-07	2.578256e-06
1	1-228819993	232391490	43	G	A	0.079	0.01732972	0.003341434	568.0695	3.555857	1e+05	4.715244e-07	4.926872e-07	1.844677e-06
1	1-228820611	232392108	23	G	T	0.076	0.01662374	0.003582582	565.9371	1e+05	1e+05	5.8594e-06	4.527531e-06	1.156304e-05
1	1-228821881	232393378	8	A	T	0.093	0.01331866	0.002901095	565.7281	54.15974	1e+05	7.278691e-06	5.63157e-06	1.389795e-05
1	1-232907791	236445570	34	C	G	0.065	0.01528149	0.003286651	565.1399	2.092639	1e+05	5.620496e-06	1.041913e-05	2.342086e-05
1	1-232967530	236486265	42	T	A	0.081	0.01550535	0.003326854	565.1147	1.951589	1e+05	5.350598e-06	1.069745e-05	2.39531e-05
1	1-240555360	244125950	25	A	G	0.373	0.008637163	0.001861895	565.7638	5.067351	1e+05	5.891794e-06	5.425829e-06	1.346816e-05
1	1-240555687	244126277	18	A	G	0.333	0.009436412	0.001964384	566.5624	6.88212	1e+05	2.815382e-06	2.358826e-06	6.69828e-06
1	1-240566431	244127497	13	T	G	0.385	0.008528991	0.001847137	565.7702	7.596315	1e+05	6.478146e-06	5.38924e-06	1.339148e-05
1	1-240567139	244128205	8	T	C	0.389	0.00843304	0.001813948	565.6588	3.728732	1e+05	5.634579e-06	6.054707e-06	1.477508e-05
1	1-240576306	244137372	39	A	G	0.356	0.00882006	0.001929632	565.2744	3.576579	1e+05	7.946958e-06	9.050816e-06	2.077548e-05
1	1-240577415	244138481	40	A	G	0.394	0.008378889	0.001834348	565.225	3.28175	1e+05	8.054469e-06	9.53027e-06	2.170812e-05
1	1-240577446	244138512	39	T	C	0.397	0.008345493	0.001797551	565.853	6.588692	1e+05	5.793782e-06	4.943087e-06	1.245045e-05
1	1-240583745	244144811	7	A	G	0.394	0.008493149	0.001797485	566.082	4.509466	1e+05	4.015727e-06	3.892021e-06	1.018264e-05
1	1-240583850	244144916	22	T	C	0.34	0.008738162	0.001886998	565.5475	3.587668	1e+05	6.108839e-06	6.801349e-06	1.630243e-05
1	1-240585162	244146228	7	A	G	0.399	0.00833414	0.001796659	565.7944	5.855435	1e+05	5.897572e-06	5.254763e-06	1.310905e-05
1	1-240585449	244146515	11	A	G	0.439	0.008683038	0.001796881	566.5452	4.413529	1e+05	2.472743e-06	2.401579e-06	6.799297e-06
1	1-240623973	244185037	23	C	T	0.353	0.008686155	0.001896858	565.384	3.809339	1e+05	7.660794e-06	8.069759e-06	1.884584e-05
1	1-240624256	244185320	15	T	C	0.386	0.008791525	0.001873673	566.0334	5.738843	1e+05	4.651687e-06	4.094584e-06	1.062594e-05
1	1-240628530	244189624	11	T	C	0.211	0.01448474	0.003065835	566.1902	5.82465	1e+05	4.023868e-06	3.476689e-06	9.262947e-06
1	1-240642060	244203222	14	T	C	0.377	0.008555114	0.001844806	565.8921	10.32743	1e+05	5.931081e-06	4.745219e-06	1.202929e-05
1	1-240642097	244203259	13	T	C	0.367	0.008433152	0.001854697	565.5397	37.07741	1e+05	8.821799e-06	6.856949e-06	1.641521e-05
1	1-240646045	244207207	30	G	C	0.348	0.008578434	0.001892951	565.4146	8.24996	1e+05	9.422135e-06	7.815617e-06	1.83409e-05
1	1-240646130	244207292	36	T	C	0.384	0.009033753	0.001889757	566.3148	4.448267	1e+05	3.129842e-06	3.053209e-06	8.308396e-06
1	1-240673034	244320913	51	T	C	0.429	0.01003117	0.00217858	565.6391	5.680342	1e+05	6.858294e-06	6.18089e-06	1.503496e-05
1	1-240844453	244412226	26	G	C	0.43	-0.008257646	0.001774801	565.7447	4.303983	1e+05	5.542471e-06	5.535103e-06	1.369671e-05
1	1-263709693	268495399	12	A	G	0.489	-0.008569044	0.001837367	566.0302	16.39224	1e+05	5.277544e-06	4.108206e-06	1.065563e-05
1	1-263709758	268495464	10	G	A	0.491	-0.00823743	0.001779445	565.8858	19.54906	1e+05	6.149646e-06	4.776702e-06	1.209647e-05
1	1-263715978	268501685	34	A	G	0.49	-0.008362995	0.001847391	565.4513	1e+05	1e+05	9.622989e-06	7.52118e-06	1.77531e-05
1	1-271537457	276196966	45	A	G	0.032	0.03123787	0.006150637	567.4522	3.074927	1e+05	7.870396e-07	9.34988e-07	3.114811e-06
1	1-281136609	286170408	11	G	C	0.179	-0.009986007	0.002172942	565.5111	4.466417	1e+05	7.129809e-06	7.065076e-06	1.683626e-05
1	1-283586846	288635018	6	T	C	0.031	0.02081789	0.00457401	565.5589	32.23596	1e+05	8.653288e-06	6.721328e-06	1.61399e-05
1	1-300054684	305584837	12	A	G	0.038	0.02293098	0.004083159	569.0178	1.368564	1e+05	5.63645e-08	1.845236e-07	8.34422e-07
1	1-300057517	305587670	5	G	C	0.061	0.01501339	0.003240631	565.1305	2.152537	1e+05	6.051375e-06	1.052198e-05	2.361777e-05
1	1-300067627	305597780	9	G	A	0.036	0.01993126	0.004404411	564.4954	1.849441	1e+05	9.691107e-06	2.048109e-05	4.178655e-05
1	1-300070134	305600287	11	T	C	0.038	0.0191901	0.004243276	564.5164	1.916233	1e+05	9.810574e-06	2.003314e-05	4.099856e-05
2	2-7190150	7094550	9	A	G	0.111	-0.01253664	0.002684314	566.0682	1e+05	1e+05	5.125717e-06	3.948407e-06	1.030637e-05
2	2-7210511	7115972	4	A	G	0.476	-0.007806393	0.001703209	565.2197	2.94144	1e+05	7.524035e-06	9.58361e-06	2.181148e-05
2	2-16980407	17458836	17	T	C	0.012	0.05342529	0.01068565	567.1342	3.292687	1e+05	1.141482e-06	1.301119e-06	4.089236e-06
2	2-22165812	22856487	43	T	C	0.01	0.03782893	0.008334568	565.2189	4.009678	1e+05	9.138974e-06	9.592139e-06	2.182801e-05
2	2-22238120	22956887	12	A	G	0.05	0.02102952	0.004483223	566.0289	6.010611	1e+05	4.681227e-06	4.113807e-06	1.066784e-05
2	2-34357343	35311188	15	C	A	0.416	-0.007959477	0.001757301	565.1966	4.169787	1e+05	9.520986e-06	9.818038e-06	2.226486e-05
2	2-34357347	35311192	16	T	A	0.413	-0.008000043	0.001745606	565.1901	2.939993	1e+05	7.536752e-06	9.885054e-06	2.23942e-05
2	2-85625240	87259809	24	A	G	0.076	0.01462116	0.003184578	565.6517	7.326674	1e+05	7.268102e-06	6.099427e-06	1.486727e-05
2	2-123221579	126634720	7	G	A	0.018	0.03855955	0.00814055	565.9778	3.370662	1e+05	3.810236e-06	4.339412e-06	1.115752e-05
2	2-182074173	186873458	6	A	G	0.015	0.03174791	0.006413972	567.3157	1e+05	1e+05	1.440251e-06	1.077348e-06	3.499922e-06
2	2-182074272	186873557	6	A	C	0.013	0.03332758	0.006875231	566.5368	3.7943	1e+05	2.307017e-06	2.422711e-06	6.849129e-06
2	2-182074360	186873645	6	A	G	0.015	0.03209541	0.006461735	567.1682	4.535112	1e+05	1.329694e-06	1.255918e-06	3.971598e-06
2	2-182160999	186978228	10	A	G	0.013	0.03332159	0.006877859	566.5332	3.858075	1e+05	2.3359e-06	2.43161e-06	6.870094e-06
2	2-182165222	186982451	39	A	T	0.015	0.03331945	0.00689723	566.4851	3.958163	1e+05	2.489015e-06	2.556746e-06	7.163692e-06
2	2-182187634	187003405	9	G	A	0.013	0.03340562	0.006876302	566.5815	3.775414	1e+05	2.197932e-06	2.312453e-06	6.588393e-06
2	2-182188955	187004704	32	C	T	0.012	0.03899141	0.007895452	566.9575	3.854966	1e+05	1.517998e-06	1.56347e-06	4.759995e-06
2	2-182189486	187005235	34	A	G	0.015	0.03321976	0.006895046	566.4375	4.037223	1e+05	2.63991e-06	2.68663e-06	7.46615e-06
2	2-182189491	187005240	33	G	A	0.015	0.03308697	0.006896093	566.3498	4.04726	1e+05	2.890739e-06	2.943776e-06	8.058629e-06
2	2-182189606	187005355	39	A	G	0.015	0.03290658	0.006895496	566.2029	3.817915	1e+05	3.247885e-06	3.431164e-06	9.16119e-06
2	2-182189624	187005373	36	A	T	0.015	0.03301103	0.006895598	566.279	3.876297	1e+05	3.033869e-06	3.169208e-06	8.571706e-06
2	2-182189672	187005421	9	G	T	0.016	0.03164074	0.006485033	566.7191	4.059734	1e+05	1.996574e-06	2.003723e-06	5.84784e-06
2	2-182189696	187005445	13	A	C	0.016	0.03041206	0.00662984	565.3902	3.765254	1e+05	7.399696e-06	8.017498e-06	1.874218e-05
2	2-182324648	187143446	41	A	G	0.013	0.03657598	0.007748557	566.1689	6.24004	1e+05	4.100402e-06	3.554874e-06	9.437251e-06
2	2-182881829	187719602	41	A	G	0.023	0.02693848	0.005836368	565.5677	4.174783	1e+05	6.529352e-06	6.659331e-06	1.601379e-05
2	2-187386186	192320003	38	G	T	0.194	0.01197888	0.002599413	565.7926	15.73319	1e+05	6.743278e-06	5.264831e-06	1.313023e-05
2	2-189114250	194118508	33	A	G	0.095	-0.01390859	0.00279891	567.4049	1e+05	1e+05	1.315585e-06	9.820324e-07	3.243065e-06
2	2-206585667	212765298	30	A	G	0.025	0.02422633	0.00520151	565.8461	5.337303	1e+05	5.424864e-06	4.978926e-06	1.252648e-05
2	2-206588926	212768557	5	T	G	0.031	0.02126077	0.004472354	566.1739	4.257894	1e+05	3.528288e-06	3.536445e-06	9.396217e-06
2	2-229658912	236092350	14	G	C	0.023	0.03687438	0.007508912	567.0258	6.375004	1e+05	1.725497e-06	1.456366e-06	4.488491e-06
2	2-232362817	238587749	25	T	G	0.055	-0.01743847	0.003795358	565.5115	4.485556	1e+05	7.159053e-06	7.062225e-06	1.68305e-05
3	3-20425204	19837544	14	A	G	0.014	0.03489303	0.007392439	566.1468	5.821227	1e+05	4.105259e-06	3.637614e-06	9.6211e-06
3	3-29053973	28667058	10	T	C	0.013	0.03267075	0.0065848	567.0228	3.556354	1e+05	1.363862e-06	1.460845e-06	4.499907e-06
3	3-38080791	37835381	25	T	C	0.031	0.02654488	0.005836823	565.4103	5.934142	1e+05	8.786721e-06	7.851264e-06	1.841186e-05
3	3-38586509	38349661	4	T	C	0.013	0.03432782	0.007400598	565.7265	4.727559	1e+05	5.901957e-06	5.641154e-06	1.391792e-05
3	3-56270163	56227281	39	T	C	0.015	0.03715114	0.007403465	567.3715	4.247379	1e+05	1.047524e-06	1.016698e-06	3.336931e-06
3	3-61447517	61490935	13	G	C	0.036	0.02370161	0.005211735	565.3195	4.691224	1e+05	8.790205e-06	8.633092e-06	1.99575e-05
3	3-63447233	63496495	20	A	G	0.035	0.02222108	0.004861666	565.504	6.035014	1e+05	7.953115e-06	7.118313e-06	1.694368e-05
3	3-119102479	119307936	14	T	C	0.014	0.04480065	0.009372692	565.9643	2.641788	1e+05	3.136431e-06	4.400785e-06	1.129009e-05
3	3-164344149	166964338	6	T	C	0.121	0.01174979	0.002512313	565.9281	5.281764	1e+05	4.978633e-06	4.570105e-06	1.165447e-05
3	3-164347836	166968025	10	T	C	0.156	0.01019798	0.002246885	564.9845	2.8262	1e+05	9.142152e-06	1.2261e-05	2.691067e-05
3	3-179490331	182313286	3	A	G	0.071	-0.01463505	0.003167204	565.5922	4.071902	1e+05	6.381877e-06	6.491128e-06	1.567082e-05
3	3-196495439	199470115	32	T	G	0.012	0.04011796	0.008850612	565.3771	6.87334	1e+05	9.380829e-06	8.128522e-06	1.896228e-05
3	3-197163703	200179983	29	T	G	0.063	0.03179271	0.007028355	565.0762	3.507406	1e+05	9.767204e-06	1.113809e-05	2.479203e-05
3	3-205107622	208376284	44	G	T	0.358	-0.009472972	0.001952451	566.8472	11.51819	1e+05	2.261603e-06	1.753726e-06	5.235274e-06
3	3-205107639	208376301	45	A	G	0.354	-0.008961681	0.001951512	565.7079	11.89009	1e+05	7.238364e-06	5.75195e-06	1.41484e-05
3	3-205485155	208867441	12	A	T	0.176	0.01119177	0.002403272	565.4765	2.723871	1e+05	5.440908e-06	7.325959e-06	1.736164e-05
3	3-205485169	208867455	12	C	A	0.182	0.01151022	0.002333787	566.7115	2.718064	1e+05	1.564194e-06	2.019656e-06	5.886465e-06
3	3-205548578	208947145	16	A	T	0.094	0.01402439	0.002881192	566.415	2.72351	1e+05	2.104502e-06	2.750544e-06	7.614173e-06
3	3-205548579	208947146	16	G	C	0.094	0.01402439	0.002881192	566.415	2.72351	1e+05	2.104502e-06	2.750544e-06	7.614173e-06
3	3-205612066	209005135	21	T	C	0.059	0.01634786	0.003471198	566.0918	5.606874	1e+05	4.303254e-06	3.852687e-06	1.009618e-05
3	3-205921642	209304077	33	A	G	0.015	0.03010558	0.006561294	565.6296	7.161767	1e+05	7.360444e-06	6.2422e-06	1.516096e-05
3	3-205921674	209304109	37	G	A	0.015	0.03007323	0.006559844	565.608	6.984369	1e+05	7.487935e-06	6.384834e-06	1.545344e-05
3	3-211497254	215043986	9	C	G	0.124	0.01331861	0.002863445	565.9852	1e+05	1e+05	5.578504e-06	4.3056e-06	1.108437e-05
4	4-6557513	7356784	23	T	C	0.028	0.02329924	0.004977712	565.9497	5.235135	1e+05	4.894503e-06	4.468429e-06	1.14359e-05
4	4-13961708	14757416	14	A	G	0.014	0.04078445	0.008304094	567.0013	5.901686	1e+05	1.720586e-06	1.493837e-06	4.583826e-06
4	4-23488686	24922472	44	T	A	0.013	0.03708391	0.007686121	566.7119	9.730171	1e+05	2.558633e-06	2.018896e-06	5.884625e-06
4	4-70372318	73078092	17	T	C	0.03	0.02833247	0.005797475	566.6902	3.614841	1e+05	1.924585e-06	2.064896e-06	5.995887e-06
4	4-95033021	103126946	19	G	A	0.014	0.04161955	0.009039573	565.6385	5.563058	1e+05	6.867502e-06	6.184631e-06	1.504265e-05
4	4-171138646	174145998	37	A	G	0.048	0.01934398	0.004129085	565.9007	4.506175	1e+05	4.806055e-06	4.702924e-06	1.193895e-05
4	4-204054214	208356391	17	C	T	0.028	0.02304951	0.004935772	565.8008	4.111647	1e+05	5.135887e-06	5.219893e-06	1.303565e-05
4	4-204273700	208625280	19	T	C	0.03	0.02312938	0.004851056	566.1435	3.491819	1e+05	3.31122e-06	3.650202e-06	9.649017e-06
4	4-221796968	225602445	34	T	C	0.102	0.01512482	0.003273278	565.7485	6.631583	1e+05	6.385055e-06	5.513117e-06	1.365078e-05
4	4-225448162	229171765	33	C	A	0.085	0.01473181	0.003176057	565.74	4.872473	1e+05	5.905205e-06	5.561923e-06	1.375271e-05
4	4-231488143	235978135	45	C	G	0.27	0.009891189	0.002186354	565.4334	17.28485	1e+05	9.743313e-06	7.663747e-06	1.80381e-05
4	4-241809829	246882448	21	C	A	0.014	0.04150083	0.008992114	565.7911	9.522588	1e+05	6.540199e-06	5.272852e-06	1.31471e-05
5	5-20136110	20592402	5	A	C	0.148	0.01442925	0.00307331	566.0786	6.969385	1e+05	4.592238e-06	3.906054e-06	1.021346e-05
5	5-62109583	63866257	33	A	G	0.012	0.03966256	0.008559258	565.913	27.48568	1e+05	6.024245e-06	4.64261e-06	1.180991e-05
5	5-62109650	63866324	33	A	G	0.012	0.03979711	0.00854973	566.0034	26.43187	1e+05	5.492083e-06	4.224801e-06	1.090922e-05
5	5-127939434	131231781	42	A	G	0.258	-0.009910595	0.002057237	566.7141	16.94012	1e+05	2.64576e-06	2.01416e-06	5.873148e-06
5	5-204049297	209448997	29	C	A	0.144	0.01159135	0.002565023	565.2152	4.742329	1e+05	9.959103e-06	9.629229e-06	2.189983e-05
5	5-204050382	209450082	25	C	A	0.141	0.01150077	0.00250377	565.7352	1e+05	1e+05	7.200112e-06	5.589999e-06	1.381129e-05
6	6-2914435	2947895	6	A	G	0.037	0.02604935	0.005526749	566.2601	46.85901	1e+05	4.231655e-06	3.23231e-06	8.714341e-06
6	6-77161579	79974702	23	C	T	0.14	0.0110204	0.002408142	565.5411	6.263443	1e+05	7.759481e-06	6.846928e-06	1.639489e-05
6	6-106615449	109751112	39	A	G	0.064	0.01690051	0.003446683	566.8426	4.12808	1e+05	1.784847e-06	1.76209e-06	5.255977e-06
6	6-106615459	109751122	36	T	G	0.058	0.01883758	0.003581305	568.3434	3.146893	1e+05	3.304429e-07	3.709145e-07	1.464873e-06
6	6-106615530	109751193	45	C	A	0.048	0.01958453	0.003986755	566.7554	3.396731	1e+05	1.712417e-06	1.929533e-06	5.667353e-06
6	6-118903633	122722181	38	A	G	0.041	0.02211938	0.004606296	566.5685	7.577401	1e+05	2.837989e-06	2.343877e-06	6.662892e-06
6	6-119921313	123660906	27	T	G	0.036	0.0291479	0.005825141	567.5636	1e+05	1e+05	1.119878e-06	8.328305e-07	2.832567e-06
6	6-136472728	140386394	9	A	C	0.013	0.03617942	0.007254149	567.2936	4.833815	1e+05	1.209046e-06	1.102364e-06	3.566714e-06
6	6-136602480	140518476	8	A	G	0.029	0.02154484	0.00475853	565.1123	3.581322	1e+05	9.593647e-06	1.072401e-05	2.400379e-05
6	6-136602570	140518566	14	T	G	0.027	0.02280923	0.004834794	565.9113	3.466712	1e+05	4.149068e-06	4.650953e-06	1.182777e-05
6	6-136602593	140518589	20	C	G	0.019	0.02915311	0.005825857	567.1687	3.29424	1e+05	1.118415e-06	1.255252e-06	3.969861e-06
6	6-136602596	140518592	21	T	C	0.021	0.0267025	0.005659329	565.9131	3.427891	1e+05	4.138125e-06	4.642484e-06	1.180964e-05
6	6-136602610	140518606	18	C	A	0.019	0.02936227	0.005820066	567.3476	3.247749	1e+05	9.230657e-07	1.042207e-06	3.40567e-06
6	6-136603506	140519502	12	A	G	0.032	0.0228867	0.004619411	566.8912	3.070966	1e+05	1.409449e-06	1.675141e-06	5.039987e-06
6	6-136603523	140519519	13	A	G	0.029	0.02155352	0.004763522	565.1493	3.893798	1e+05	9.716052e-06	1.031711e-05	2.322531e-05
6	6-136603648	140519644	7	C	T	0.029	0.02155774	0.004760303	565.1698	3.920658	1e+05	9.551125e-06	1.009782e-05	2.280408e-05
6	6-137267215	141205750	5	T	C	0.013	0.0310937	0.006722936	565.6591	4.610027	1e+05	6.264535e-06	6.052719e-06	1.477098e-05
6	6-137266656	141206309	5	A	C	0.02	0.03070927	0.005627131	569.2976	3.140621	1e+05	1.25221e-07	1.381569e-07	6.619554e-07
6	6-137266335	141206630	5	T	C	0.017	0.0279363	0.005819859	566.3745	4.09468	1e+05	2.861534e-06	2.869102e-06	7.887403e-06
6	6-137266188	141206777	2	T	C	0.019	0.02598646	0.005684521	565.4214	4.523081	1e+05	7.92643e-06	7.760489e-06	1.823108e-05
6	6-146344011	150192193	38	T	C	0.105	0.01318756	0.00276269	566.5201	18.95	1e+05	3.229396e-06	2.465153e-06	6.949011e-06
6	6-153411438	157392598	20	A	C	0.014	0.03520516	0.007281649	566.6432	5.513624	1e+05	2.444783e-06	2.168552e-06	6.245229e-06
6	6-154991919	158863919	41	T	C	0.016	0.03423865	0.007361675	565.7321	4.249594	1e+05	5.586509e-06	5.608323e-06	1.38495e-05
6	6-164878479	168822694	4	T	A	0.059	0.01555977	0.003366454	565.8586	1e+05	1e+05	6.348352e-06	4.914421e-06	1.238959e-05
7	7-5714614	6024246	43	A	G	0.084	0.01474253	0.003010168	567.0051	7.500035	1e+05	1.833474e-06	1.487946e-06	4.568862e-06
7	7-6317923	6689464	18	C	T	0.06	0.01989654	0.00361865	569.8636	8.072657	1e+05	1.020493e-07	7.698786e-08	4.158771e-07
7	7-6363903	6735431	19	A	G	0.172	0.01156283	0.002332819	566.8829	3.042805	1e+05	1.395581e-06	1.689744e-06	5.076382e-06
7	7-6369480	6741008	45	A	G	0.243	0.01012031	0.002194382	565.6128	4.760294	1e+05	6.636766e-06	6.35303e-06	1.538831e-05
7	7-17941633	18605386	30	C	A	0.032	0.0249611	0.004875441	568.0742	10.91776	1e+05	6.480792e-07	4.902907e-07	1.837372e-06
7	7-17941035	18605984	11	C	G	0.034	0.01997739	0.004329063	565.4872	3.63278	1e+05	6.555582e-06	7.243844e-06	1.719655e-05
7	7-17939916	18607103	17	A	C	0.021	0.02645148	0.005698072	565.7284	4.571477	1e+05	5.807159e-06	5.630047e-06	1.389478e-05
7	7-17939151	18607868	32	T	C	0.032	0.02334134	0.004926085	566.0566	3.832865	1e+05	3.78313e-06	3.996856e-06	1.041247e-05
7	7-28775389	29849070	12	A	G	0.016	0.02974922	0.006515485	564.9709	2.4704	1e+05	8.119847e-06	1.243675e-05	2.723991e-05
7	7-28778213	29851894	42	G	T	0.016	0.0331353	0.006795652	566.521	3.067946	1e+05	2.025043e-06	2.462778e-06	6.94343e-06
7	7-28798339	29871807	25	A	G	0.014	0.03320637	0.006798324	566.5923	3.186958	1e+05	1.947191e-06	2.286586e-06	6.526953e-06
7	7-28802335	29875803	28	A	C	0.019	0.02815494	0.005821285	566.0745	2.235379	1e+05	2.425102e-06	3.922541e-06	1.024965e-05
7	7-34900832	36186933	11	A	C	0.013	0.03748209	0.008131033	565.7729	10.65669	1e+05	6.700191e-06	5.37435e-06	1.336026e-05
7	7-72183566	74533835	4	C	T	0.013	0.03965138	0.008334574	566.3797	8.11592	1e+05	3.470973e-06	2.853503e-06	7.851551e-06
7	7-73475479	75850752	9	T	C	0.011	0.04241041	0.00879316	566.6131	6.02894	1e+05	2.578215e-06	2.237652e-06	6.410431e-06
7	7-96286337	99240067	29	C	T	0.022	0.03198419	0.006992335	565.296	3.449116	1e+05	7.832132e-06	8.848404e-06	2.037977e-05
7	7-97610621	100624064	17	A	C	0.012	0.05068516	0.0103555	566.8296	4.44792	1e+05	1.859506e-06	1.786001e-06	5.31508e-06
7	7-106236556	109478073	27	T	G	0.019	0.03731087	0.008204302	564.9397	2.509253	1e+05	8.790952e-06	1.285023e-05	2.801212e-05
7	7-127178909	131101396	28	A	T	0.012	0.035871	0.00779329	565.6219	5.552602	1e+05	6.908201e-06	6.292714e-06	1.526465e-05
7	7-149330921	154502252	27	A	C	0.012	0.03719293	0.007865499	566.0322	3.961658	1e+05	3.951448e-06	4.099611e-06	1.06369e-05
7	7-170909963	176520591	29	T	C	0.02	0.03090878	0.00678301	565.3931	5.051082	1e+05	8.450045e-06	7.993671e-06	1.869489e-05
8	8-6460251	6770946	7	A	G	0.187	0.009201283	0.002010234	565.1078	2.664192	1e+05	7.728535e-06	1.077464e-05	2.410038e-05
8	8-27702400	28617648	16	C	G	0.016	0.03199554	0.006550806	566.6126	3.270586	1e+05	1.949706e-06	2.238639e-06	6.412786e-06
8	8-28082117	29009638	8	A	G	0.013	0.03218545	0.006827545	565.9754	4.014722	1e+05	4.217728e-06	4.350032e-06	1.118048e-05
8	8-28088526	29016046	7	T	C	0.013	0.03196793	0.006828776	565.831	4.003958	1e+05	4.880532e-06	5.058025e-06	1.269399e-05
8	8-28103657	29032997	4	T	C	0.015	0.03045788	0.00661537	565.5502	4.503464	1e+05	6.868756e-06	6.782523e-06	1.626422e-05
8	8-28104040	29033380	6	A	G	0.013	0.03197598	0.00683205	565.8304	4.0356	1e+05	4.903709e-06	5.060877e-06	1.270003e-05
8	8-28105128	29034468	11	T	C	0.013	0.03165807	0.006836011	565.5804	3.789311	1e+05	6.09931e-06	6.571866e-06	1.58356e-05
8	8-28119763	29049101	11	T	C	0.013	0.03178901	0.006837994	565.6913	4.015888	1e+05	5.637505e-06	5.85245e-06	1.435693e-05
8	8-28121891	29051228	11	A	G	0.022	0.02770218	0.005910482	565.8957	4.345419	1e+05	4.760275e-06	4.727607e-06	1.199169e-05
8	8-28123706	29053040	5	A	G	0.013	0.03208883	0.006831028	565.9078	4.054756	1e+05	4.541464e-06	4.667906e-06	1.186406e-05
8	8-28145867	29073646	17	A	G	0.014	0.03214484	0.006827978	565.9464	3.99778	1e+05	4.337213e-06	4.48375e-06	1.146888e-05
8	8-28146596	29074375	11	T	C	0.013	0.03215785	0.006828681	565.9432	3.926701	1e+05	4.309781e-06	4.498864e-06	1.15014e-05
8	8-28155583	29083362	4	C	T	0.013	0.03229254	0.006824841	566.0662	4.120276	1e+05	3.898606e-06	3.956937e-06	1.032506e-05
8	8-28162400	29090179	26	T	C	0.014	0.03204552	0.00683603	565.8617	4.024756	1e+05	4.743746e-06	4.898521e-06	1.235581e-05
8	8-28303927	29236144	5	G	A	0.013	0.03199848	0.006827877	565.8505	3.986105	1e+05	4.771132e-06	4.955881e-06	1.24776e-05
8	8-28481040	29413625	17	T	A	0.016	0.03058753	0.006502752	565.9051	3.810325	1e+05	4.416035e-06	4.681238e-06	1.189258e-05
8	8-33065514	33980216	15	C	G	0.4	0.009287091	0.001951937	566.3551	6.771936	1e+05	3.464286e-06	2.927446e-06	8.02124e-06
8	8-33076643	33991336	17	C	T	0.417	0.00900787	0.00190976	565.763	2.906136	1e+05	4.167141e-06	5.430367e-06	1.347766e-05
8	8-69535641	71104672	6	T	C	0.018	0.03885898	0.007464516	568.0066	2.911562	1e+05	4.292911e-07	5.259131e-07	1.945341e-06
8	8-78085416	80004410	25	C	T	0.361	0.0100026	0.002166842	565.8335	1e+05	1e+05	6.512471e-06	5.044439e-06	1.266525e-05
8	8-78554006	80470703	25	A	C	0.053	0.01969578	0.004314057	565.3214	3.855366	1e+05	8.135342e-06	8.616389e-06	1.992468e-05
8	8-78560282	80476979	7	C	T	0.079	0.01398269	0.003076863	565.2846	4.385074	1e+05	8.916575e-06	8.954701e-06	2.058773e-05
8	8-78573327	80490023	33	T	C	0.07	0.01491667	0.003260622	565.2172	3.172654	1e+05	7.811111e-06	9.609119e-06	2.186089e-05
8	8-78609866	80544655	37	G	C	0.069	0.02012523	0.004358478	565.1522	2.351894	1e+05	6.475882e-06	1.028579e-05	2.316522e-05
8	8-78658426	80586514	41	T	C	0.08	0.01597981	0.003327086	566.4695	5.153431	1e+05	2.825707e-06	2.598521e-06	7.261219e-06
8	8-78654946	80589994	34	A	G	0.085	0.01503202	0.00321719	565.6781	3.273572	1e+05	5.078735e-06	5.93389e-06	1.452554e-05
8	8-78742516	80674988	15	T	C	0.114	0.01212332	0.002610943	564.8078	1.750256	1e+05	5.779135e-06	1.475604e-05	3.153165e-05
8	8-78791739	80723882	32	T	C	0.163	0.01143725	0.002474442	565.7499	6.599413	1e+05	6.344155e-06	5.504825e-06	1.363345e-05
8	8-78792561	80724704	29	G	T	0.117	0.01245033	0.002739381	565.2194	3.832242	1e+05	8.897942e-06	9.586968e-06	2.181799e-05
8	8-78871837	80763955	7	A	G	0.108	0.01196551	0.002619418	565.221	3.363675	1e+05	8.046494e-06	9.570801e-06	2.178667e-05
8	8-78872135	80764253	35	G	A	0.128	0.01223687	0.002601409	566.0081	4.78759	1e+05	4.412918e-06	4.20421e-06	1.086451e-05
8	8-78873817	80765935	6	A	G	0.112	0.01205608	0.002589809	565.6313	3.504348	1e+05	5.48188e-06	6.230845e-06	1.513764e-05
8	8-78874589	80766707	5	T	C	0.111	0.01157887	0.00253197	564.9976	2.552775	1e+05	7.87026e-06	1.209313e-05	2.659561e-05
8	8-78874813	80766931	4	A	G	0.124	0.01127428	0.002459809	565.2432	3.12901	1e+05	7.522323e-06	9.350861e-06	2.135989e-05
8	8-78875919	80768036	10	A	G	0.107	0.01232552	0.002666756	565.6346	4.669108	1e+05	6.35084e-06	6.209662e-06	1.509412e-05
8	8-78875997	80768114	10	T	C	0.098	0.01293102	0.002853826	565.3349	5.919165	1e+05	9.449293e-06	8.495531e-06	1.968697e-05
8	8-78876651	80768768	18	G	A	0.125	0.01172541	0.002524072	565.2923	2.481616	1e+05	5.724172e-06	8.882256e-06	2.044604e-05
8	8-78876662	80768779	19	T	C	0.123	0.0115656	0.002543913	564.8915	2.536466	1e+05	8.84235e-06	1.351584e-05	2.924852e-05
8	8-78876689	80768806	21	A	G	0.127	0.01220768	0.002564618	566.2329	4.58783	1e+05	3.430845e-06	3.325501e-06	8.924242e-06
8	8-78881298	80780127	43	A	G	0.12	0.01250151	0.002686176	565.82	5.150261	1e+05	5.510659e-06	5.116344e-06	1.281726e-05
8	8-78881457	80780286	15	T	G	0.114	0.01332652	0.002632477	567.3863	3.173387	1e+05	8.506445e-07	1.001193e-06	3.295013e-06
8	8-78882079	80780908	4	A	G	0.096	0.01457656	0.003162226	565.6478	5.576235	1e+05	6.705138e-06	6.124467e-06	1.491885e-05
8	8-78882135	80780964	3	T	C	0.134	0.01176314	0.002488748	566.1694	5.760689	1e+05	3.988621e-06	3.552908e-06	9.432876e-06
8	8-78882175	80781004	4	T	G	0.109	0.01326032	0.002620465	567.4361	3.45709	1e+05	8.589312e-07	9.507511e-07	3.157899e-06
8	8-78885605	80784434	16	A	G	0.108	0.01239501	0.002683093	565.3878	3.048781	1e+05	6.413921e-06	8.037438e-06	1.878174e-05
8	8-78905054	80803882	7	T	C	0.11	0.01305218	0.002600689	566.9367	2.414293	1e+05	1.044269e-06	1.597688e-06	4.846113e-06
8	8-78905069	80803897	9	T	C	0.107	0.01301727	0.002668867	566.4533	2.807723	1e+05	2.011217e-06	2.642861e-06	7.364475e-06
8	8-78906129	80804957	10	T	C	0.134	0.01155697	0.002552087	565.3204	5.783094	1e+05	9.559823e-06	8.625482e-06	1.994255e-05
8	8-78906923	80805751	12	G	T	0.083	0.01532844	0.003358632	564.7558	2.142983	1e+05	8.192145e-06	1.558225e-05	3.303892e-05
8	8-78909435	80808263	14	T	C	0.114	0.01299819	0.002625679	566.9553	3.571554	1e+05	1.43621e-06	1.567074e-06	4.76908e-06
8	8-78909648	80808476	10	G	T	0.107	0.01320081	0.00289709	565.5368	10.17147	1e+05	8.45816e-06	6.878254e-06	1.645839e-05
8	8-78910245	80809073	25	T	G	0.112	0.01361796	0.002721828	567.3039	4.292497	1e+05	1.122864e-06	1.09073e-06	3.535683e-06
8	8-78912235	80811063	9	T	C	0.14	0.01171412	0.002418636	566.7608	7.950371	1e+05	2.351788e-06	1.918702e-06	5.640915e-06
8	8-78912275	80811103	17	A	G	0.127	0.01185099	0.002563926	565.6096	4.37844	1e+05	6.342711e-06	6.37393e-06	1.543112e-05
8	8-78913063	80811891	11	A	G	0.099	0.01285006	0.002730109	565.9938	4.606663	1e+05	4.357e-06	4.267405e-06	1.100163e-05
8	8-78935186	80835547	16	G	A	0.108	0.01263004	0.002647132	565.8603	2.487001	1e+05	3.262123e-06	4.905455e-06	1.237054e-05
8	8-78936413	80836774	2	A	G	0.106	0.01289578	0.0026485	566.5281	3.260184	1e+05	2.089843e-06	2.444682e-06	6.900867e-06
8	8-78937044	80837405	9	A	G	0.109	0.01222109	0.002646498	565.5426	3.914729	1e+05	6.466166e-06	6.83647e-06	1.637369e-05
8	8-78940371	80840732	16	A	G	0.158	0.01101817	0.00239511	565.6825	7.595837	1e+05	6.985393e-06	5.906687e-06	1.446925e-05
8	8-78944654	80845319	19	T	C	0.088	0.013967	0.002905847	566.5416	6.170761	1e+05	2.780298e-06	2.410611e-06	6.820603e-06
8	8-78945068	80845733	35	A	G	0.118	0.01287309	0.002741242	566.1055	7.781791	1e+05	4.570552e-06	3.79798e-06	9.975713e-06
8	8-78951465	80852130	12	A	G	0.113	0.01400736	0.002675184	568.3875	4.304085	1e+05	3.710692e-07	3.543574e-07	1.411678e-06
8	8-78951659	80852324	14	C	A	0.134	0.01119145	0.002424847	565.727	6.792506	1e+05	6.538e-06	5.637988e-06	1.391132e-05
8	8-78952664	80853329	5	T	C	0.122	0.01204991	0.002521944	566.3685	5.286205	1e+05	3.163334e-06	2.886833e-06	7.928118e-06
8	8-78952713	80853378	5	T	C	0.12	0.01260311	0.002527152	567.3488	5.952662	1e+05	1.210905e-06	1.041013e-06	3.402458e-06
8	8-78953278	80853943	8	A	G	0.115	0.01232368	0.00256817	566.2884	3.669456	1e+05	2.881662e-06	3.138479e-06	8.502094e-06
8	8-78953294	80853959	10	A	G	0.121	0.01237206	0.002532602	566.6777	3.684831	1e+05	1.941609e-06	2.09193e-06	6.061097e-06
8	8-78954020	80854682	26	T	C	0.094	0.01484903	0.002821255	568.2549	2.913944	1e+05	3.252049e-07	4.065387e-07	1.577955e-06
8	8-78957285	80857946	18	A	T	0.113	0.01416232	0.002626036	569.0661	3.701294	1e+05	1.722747e-07	1.755193e-07	8.016237e-07
8	8-78960288	80860949	27	A	G	0.092	0.0144368	0.002834052	567.339	2.600296	1e+05	7.322257e-07	1.051577e-06	3.430851e-06
8	8-79012913	80916411	15	C	T	0.103	0.01305431	0.002850675	565.5037	5.38917	1e+05	7.655968e-06	7.119988e-06	1.694706e-05
8	8-79016106	80919603	24	T	C	0.076	0.01579913	0.003272702	566.4744	3.93017	1e+05	2.526685e-06	2.58527e-06	7.230308e-06
8	8-79016127	80919624	26	A	G	0.072	0.01527325	0.003278518	565.6411	3.378332	1e+05	5.400218e-06	6.167873e-06	1.500819e-05
8	8-79020781	80924277	32	C	G	0.109	0.01298264	0.002807511	565.6588	4.805633	1e+05	6.285661e-06	6.054391e-06	1.477443e-05
8	8-79021280	80924775	34	C	T	0.1	0.01289901	0.002801549	565.2858	2.956404	1e+05	6.864643e-06	8.942936e-06	2.056473e-05
8	8-79021662	80925157	13	A	G	0.095	0.01299435	0.002856565	565.0823	3.070075	1e+05	8.744347e-06	1.106625e-05	2.465555e-05
8	8-79025501	80928990	11	A	G	0.121	0.01163863	0.002561545	565.2615	4.247345	1e+05	8.95021e-06	9.173119e-06	2.101401e-05
8	8-79026630	80930117	23	T	C	0.145	0.01184752	0.002437065	566.8555	8.741544	1e+05	2.164898e-06	1.738477e-06	5.197488e-06
8	8-79026651	80930138	26	A	G	0.142	0.01211468	0.002471938	567.0332	8.718308	1e+05	1.805753e-06	1.4451e-06	4.459754e-06
8	8-79029160	80932642	37	G	T	0.14	0.01120522	0.002418489	565.6487	4.381556	1e+05	6.043624e-06	6.118759e-06	1.490709e-05
8	8-79030070	80933891	4	G	A	0.098	0.01419163	0.002867336	566.9336	3.572879	1e+05	1.442875e-06	1.602832e-06	4.859034e-06
8	8-79031379	80935200	11	G	C	0.103	0.01397126	0.002683782	568.1675	3.692281	1e+05	4.293229e-07	4.450996e-07	1.698437e-06
8	8-79031744	80935565	9	A	G	0.136	0.01206765	0.002428373	567.4056	1e+05	1e+05	1.314669e-06	9.813325e-07	3.241164e-06
8	8-79034573	80938394	25	T	C	0.12	0.01300315	0.002603495	567.4723	9.257335	1e+05	1.169706e-06	9.155853e-07	3.06161e-06
8	8-79039566	80943319	43	T	C	0.094	0.01423845	0.002908997	567.0387	11.77329	1e+05	1.858566e-06	1.436944e-06	4.438926e-06
8	8-79041623	80944772	11	T	C	0.112	0.01286555	0.002578658	566.9254	2.809309	1e+05	1.19876e-06	1.616672e-06	4.893767e-06
8	8-79041713	80944862	6	T	G	0.149	0.01069034	0.002332342	565.5812	6.590914	1e+05	7.518173e-06	6.566371e-06	1.582439e-05
8	8-79042096	80945245	24	C	T	0.105	0.01266167	0.002712026	565.8548	4.767868	1e+05	5.162812e-06	4.933627e-06	1.243037e-05
8	8-79043746	80946894	8	A	G	0.104	0.01321201	0.00267436	567.0148	4.298157	1e+05	1.505488e-06	1.472979e-06	4.530806e-06
8	8-79110946	80996080	13	C	T	0.109	0.01195939	0.002645063	564.6617	2.245281	1e+05	9.856183e-06	1.719942e-05	3.596034e-05
8	8-79111053	80996187	20	C	G	0.112	0.01231199	0.002656275	565.2076	2.385299	1e+05	5.992887e-06	9.706277e-06	2.20489e-05
8	8-79115723	81000919	12	G	A	0.106	0.01301919	0.002759753	565.5548	2.379821	1e+05	4.152879e-06	6.749788e-06	1.619773e-05
8	8-79116313	81001509	7	A	G	0.066	0.01770342	0.003777168	564.6799	1.464563	1e+05	4.760304e-06	1.687417e-05	3.537569e-05
8	8-79116957	81002153	7	A	G	0.099	0.01333417	0.002871615	565.7693	5.173276	1e+05	5.774887e-06	5.39437e-06	1.340224e-05
8	8-79118582	81003778	8	T	C	0.124	0.01225409	0.002516849	566.7794	5.324778	1e+05	2.092401e-06	1.881932e-06	5.550989e-06
8	8-79119127	81004323	22	T	C	0.118	0.01340408	0.002592763	567.8961	3.28218	1e+05	5.103641e-07	5.89731e-07	2.135732e-06
8	8-79119284	81004480	14	T	C	0.118	0.01250427	0.002610874	566.2367	3.583229	1e+05	3.005954e-06	3.312235e-06	8.894416e-06
8	8-79078578	81021207	11	A	G	0.105	0.01354563	0.00267423	567.5342	3.838176	1e+05	8.39095e-07	8.585741e-07	2.904203e-06
8	8-79079228	81021857	10	T	G	0.087	0.01530419	0.003264214	566.0518	7.08134	1e+05	4.72816e-06	4.01678e-06	1.045605e-05
8	8-79081322	81023951	22	A	G	0.132	0.01197714	0.002469676	566.8429	13.37511	1e+05	2.283998e-06	1.761526e-06	5.254581e-06
8	8-79081396	81024025	28	A	G	0.158	0.01092168	0.002361793	565.6357	4.72626	1e+05	6.2839e-06	6.202417e-06	1.507922e-05
8	8-79128229	81032359	12	A	G	0.081	0.01767182	0.003872152	565.4079	4.880999	1e+05	8.194731e-06	7.870197e-06	1.844953e-05
8	8-79123721	81036866	9	A	G	0.111	0.01255562	0.002667802	565.878	3.77993	1e+05	4.365582e-06	4.815558e-06	1.217929e-05
8	8-79123170	81037415	19	A	G	0.14	0.0117228	0.002370755	567.1223	5.371835	1e+05	1.474402e-06	1.317252e-06	4.131065e-06
8	8-79145570	81053049	19	G	A	0.088	0.01581343	0.003468346	565.5397	8.967321	1e+05	8.356101e-06	6.857527e-06	1.641638e-05
8	8-79150946	81058421	6	A	G	0.105	0.01255041	0.002634419	566.0517	3.238801	1e+05	3.369845e-06	4.017275e-06	1.045714e-05
8	8-79201986	81080773	27	T	G	0.08	0.01547214	0.00337763	564.8831	2.204173	1e+05	7.609404e-06	1.363497e-05	2.946896e-05
8	8-79169395	81113934	15	T	G	0.103	0.01248369	0.002758461	564.9642	3.033582	1e+05	9.678357e-06	1.252373e-05	2.740261e-05
8	8-79167874	81115455	9	A	C	0.096	0.01450706	0.002935878	566.8137	3.10084	1e+05	1.498174e-06	1.815934e-06	5.388897e-06
8	8-79165295	81118034	5	A	G	0.162	0.01125827	0.002335825	566.7145	14.5115	1e+05	2.617066e-06	2.01346e-06	5.871449e-06
8	8-79161608	81121721	17	T	C	0.127	0.01150295	0.002541715	564.4581	1.95655	1e+05	9.67553e-06	2.129936e-05	4.322051e-05
8	8-79160788	81122541	21	T	C	0.115	0.01235886	0.002614428	565.8257	2.977087	1e+05	3.977071e-06	5.086192e-06	1.275355e-05
8	8-79160260	81123069	6	A	G	0.094	0.0131526	0.00288647	565.0831	2.930321	1e+05	8.455797e-06	1.105728e-05	2.46385e-05
8	8-79159355	81123974	12	A	G	0.095	0.0131966	0.002915976	565.0033	3.153867	1e+05	9.677539e-06	1.202191e-05	2.646177e-05
8	8-79157159	81126170	7	T	C	0.079	0.01650706	0.003369115	566.7648	3.752064	1e+05	1.817112e-06	1.910571e-06	5.621053e-06
8	8-79156197	81127130	3	A	C	0.069	0.01827085	0.004004832	565.4802	6.473838	1e+05	8.252977e-06	7.297303e-06	1.730405e-05
8	8-79155630	81127697	12	C	T	0.11	0.01354565	0.002603123	568.1469	3.695205	1e+05	4.338874e-07	4.546736e-07	1.728067e-06
8	8-79154953	81128374	9	T	C	0.122	0.012402	0.002525946	566.9591	5.221507	1e+05	1.732714e-06	1.560984e-06	4.753727e-06
8	8-79154475	81128852	15	T	C	0.112	0.01325055	0.002657738	567.1953	4.025849	1e+05	1.219025e-06	1.220991e-06	3.880238e-06
8	8-79236700	81131629	7	A	G	0.117	0.01265838	0.002561952	567.1018	5.229122	1e+05	1.500876e-06	1.345607e-06	4.204384e-06
8	8-79236179	81132150	10	T	C	0.114	0.01262366	0.002560978	566.9793	4.452796	1e+05	1.584254e-06	1.528525e-06	4.671744e-06
8	8-79235929	81132400	10	T	C	0.118	0.01206563	0.002544527	565.9975	3.445384	1e+05	3.724372e-06	4.250885e-06	1.096582e-05
8	8-79234776	81133553	8	G	C	0.104	0.0123965	0.002609686	565.6531	2.317285	1e+05	3.586448e-06	6.090947e-06	1.484979e-05
8	8-79234573	81133756	9	A	G	0.14	0.01093894	0.00236025	565.7418	5.240478	1e+05	6.003688e-06	5.551671e-06	1.373131e-05
8	8-79234311	81134018	4	A	G	0.102	0.01332619	0.002682426	566.7937	2.603119	1e+05	1.323728e-06	1.854105e-06	5.482754e-06
8	8-79233591	81134738	14	T	C	0.114	0.01188479	0.002630452	564.989	3.225948	1e+05	9.995823e-06	1.220285e-05	2.680159e-05
8	8-79232526	81135803	9	A	T	0.147	0.01094416	0.002333566	566.0218	6.046871	1e+05	4.698529e-06	4.144586e-06	1.073487e-05
8	8-79232501	81135828	8	A	T	0.119	0.01252486	0.002543608	566.9092	4.042859	1e+05	1.622676e-06	1.644112e-06	4.96249e-06
8	8-79231240	81137089	8	A	C	0.122	0.01209789	0.002569219	565.8579	3.444498	1e+05	4.318439e-06	4.91771e-06	1.239658e-05
8	8-79231215	81137114	9	A	G	0.12	0.0117656	0.002541494	565.5354	3.570652	1e+05	6.144497e-06	6.888495e-06	1.647914e-05
8	8-79231170	81137159	7	T	C	0.117	0.0122363	0.002546866	566.2511	3.318347	1e+05	2.806428e-06	3.262723e-06	8.782939e-06
8	8-79204421	81140279	35	C	A	0.123	0.01169707	0.002582295	565.4391	12.21164	1e+05	9.506829e-06	7.617537e-06	1.79458e-05
8	8-79213553	81149413	9	A	G	0.111	0.01265852	0.002687735	566.0665	5.28803	1e+05	4.300126e-06	3.955775e-06	1.032252e-05
8	8-79249280	81172243	7	T	G	0.106	0.01322233	0.00266225	566.8702	2.876939	1e+05	1.332151e-06	1.712197e-06	5.132246e-06
8	8-79261265	81183980	4	A	C	0.109	0.01192281	0.002618901	565.2807	4.109394	1e+05	8.605933e-06	8.99057e-06	2.065783e-05
8	8-79261697	81184412	6	A	G	0.112	0.01224487	0.002596004	565.9886	4.099975	1e+05	4.166002e-06	4.290629e-06	1.105195e-05
8	8-79262956	81185671	4	A	G	0.113	0.01220942	0.002593212	565.8423	3.40782	1e+05	4.329293e-06	4.998499e-06	1.256796e-05
8	8-79264485	81187200	10	T	C	0.114	0.01280729	0.002608673	566.8955	4.537459	1e+05	1.735429e-06	1.667609e-06	5.021197e-06
8	8-79265032	81187747	16	T	A	0.103	0.01256221	0.002777227	565.046	3.374742	1e+05	9.775673e-06	1.149509e-05	2.54685e-05
8	8-79265228	81187943	20	G	A	0.136	0.01089268	0.002401781	565.4174	8.047049	1e+05	9.280978e-06	7.792617e-06	1.82951e-05
8	8-79298585	81230761	19	T	C	0.137	0.01234855	0.002581805	566.5097	9.229649	1e+05	3.094144e-06	2.492051e-06	7.01218e-06
8	8-79301060	81233236	14	C	A	0.116	0.01177531	0.002595384	565.3812	6.266042	1e+05	9.209971e-06	8.093755e-06	1.88934e-05
8	8-79301062	81233238	14	G	A	0.139	0.01097992	0.002414978	565.4047	6.0719	1e+05	8.834183e-06	7.897216e-06	1.850327e-05
8	8-79302211	81234387	11	G	C	0.137	0.01087656	0.002395119	565.3224	5.030626	1e+05	9.046567e-06	8.606882e-06	1.9906e-05
8	8-79303279	81235535	20	T	C	0.147	0.01126145	0.002367121	566.4323	12.56467	1e+05	3.471167e-06	2.701294e-06	7.500156e-06
8	8-79304537	81236793	7	T	C	0.108	0.01235715	0.002708767	565.0535	2.784691	1e+05	8.263539e-06	1.140567e-05	2.529932e-05
8	8-79357904	81247943	20	A	T	0.124	0.01272419	0.002625965	566.4179	3.252377	1e+05	2.327736e-06	2.742182e-06	7.594836e-06
8	8-79356255	81249592	17	A	C	0.12	0.01205866	0.002619367	565.4795	3.967905	1e+05	6.882492e-06	7.302528e-06	1.731456e-05
8	8-79351448	81254399	7	T	C	0.108	0.01323971	0.002898939	565.4184	4.855407	1e+05	8.078698e-06	7.784826e-06	1.827958e-05
8	8-79351439	81254408	6	A	G	0.09	0.01787509	0.003134455	570.0625	2.068573	1e+05	3.617385e-08	6.269701e-08	3.535877e-07
8	8-79342219	81263629	6	T	G	0.112	0.01265827	0.002598156	566.6416	3.838172	1e+05	2.061929e-06	2.172075e-06	6.25367e-06
8	8-79342175	81263673	9	A	G	0.111	0.01215667	0.002665599	565.3014	4.009548	1e+05	8.311661e-06	8.79802e-06	2.028108e-05
8	8-79335063	81270783	12	T	C	0.126	0.01161926	0.00247614	565.664	2.907258	1e+05	4.644359e-06	6.022027e-06	1.470765e-05
8	8-79334672	81271173	16	G	C	0.087	0.01677243	0.003323944	567.2021	2.834705	1e+05	9.190111e-07	1.212407e-06	3.85772e-06
8	8-79334350	81271495	19	A	G	0.109	0.01261828	0.002713968	565.6939	4.131461	1e+05	5.624909e-06	5.836644e-06	1.432417e-05
8	8-79387391	81333681	10	T	A	0.136	0.01110109	0.002373004	565.9994	6.814341	1e+05	4.952374e-06	4.242337e-06	1.094728e-05
8	8-79389565	81335855	8	A	G	0.111	0.012811	0.002582459	566.976	3.477978	1e+05	1.368712e-06	1.533771e-06	4.685013e-06
8	8-79389584	81335874	9	C	G	0.109	0.0129979	0.002587131	567.155	2.989151	1e+05	1.018522e-06	1.273219e-06	4.016703e-06
8	8-79392461	81338751	19	T	A	0.116	0.01196987	0.002635119	565.2352	4.099007	1e+05	8.995318e-06	9.429357e-06	2.151236e-05
8	8-79392878	81339167	7	C	G	0.108	0.01230183	0.002668976	565.5668	4.520123	1e+05	6.716854e-06	6.665632e-06	1.602661e-05
8	8-79447736	81394534	6	A	G	0.112	0.01206965	0.002622915	565.2965	3.066106	1e+05	6.944411e-06	8.843065e-06	2.036932e-05
8	8-79448254	81395052	10	A	C	0.118	0.01317857	0.002541357	568.006	3.355926	1e+05	4.730342e-07	5.262107e-07	1.946237e-06
8	8-79466499	81413292	20	T	C	0.107	0.01261234	0.002672066	565.718	2.728367	1e+05	4.105722e-06	5.69128e-06	1.402227e-05
8	8-79472654	81416790	13	T	C	0.109	0.01294026	0.002609589	567.1156	4.527107	1e+05	1.381764e-06	1.326425e-06	4.154809e-06
8	8-79521444	81545023	11	G	C	0.112	0.0118724	0.002610489	564.9575	2.725325	1e+05	8.781783e-06	1.261246e-05	2.756846e-05
8	8-79528881	81552459	0	A	C	0.085	0.01448004	0.003068746	565.7492	2.775503	1e+05	4.133767e-06	5.509145e-06	1.364248e-05
8	8-79639401	81661854	16	A	C	0.106	0.01264057	0.002714612	565.6817	3.734643	1e+05	5.450508e-06	5.911498e-06	1.447921e-05
8	8-79679006	81701039	14	T	C	0.116	0.0134538	0.00262949	567.854	4.600194	1e+05	6.582009e-07	6.160544e-07	2.21323e-06
8	8-79680952	81702985	3	T	A	0.115	0.0119002	0.00256071	565.681	4.036755	1e+05	5.678874e-06	5.915848e-06	1.448821e-05
8	8-79703484	81725518	9	A	G	0.107	0.01252278	0.002627483	566.1654	3.765849	1e+05	3.338741e-06	3.567897e-06	9.46623e-06
8	8-79720291	81742318	6	T	C	0.112	0.0122219	0.00256457	565.9778	2.950753	1e+05	3.344744e-06	4.33932e-06	1.115732e-05
8	8-79750719	81746171	10	A	T	0.121	0.01216068	0.002534224	566.3197	3.898039	1e+05	2.882192e-06	3.037763e-06	8.273224e-06
8	8-80685019	82669117	32	A	T	0.062	0.01585337	0.003484339	565.3602	5.040398	1e+05	8.708116e-06	8.27328e-06	1.924864e-05
8	8-80693274	82677367	18	G	A	0.062	0.01552024	0.003368856	565.463	3.681302	1e+05	6.782681e-06	7.429917e-06	1.757027e-05
8	8-80694681	82678774	20	G	A	0.054	0.0166247	0.003626481	565.4249	4.074651	1e+05	7.494224e-06	7.731877e-06	1.817404e-05
8	8-80694811	82678904	26	A	G	0.06	0.01810601	0.003562277	567.5454	3.431619	1e+05	7.726363e-07	8.487305e-07	2.876854e-06
8	8-122570077	126376956	26	A	C	0.012	0.03686959	0.00781427	565.9737	3.889646	1e+05	4.139557e-06	4.357602e-06	1.119684e-05
8	8-129943747	134327797	22	A	G	0.014	0.03376606	0.007199263	566.0148	5.69121	1e+05	4.691791e-06	4.174679e-06	1.080034e-05
8	8-158395857	163710424	40	A	G	0.018	0.03726395	0.007729667	566.6491	7.197382	1e+05	2.604322e-06	2.155162e-06	6.213124e-06
8	8-174527834	180249019	4	A	G	0.013	0.03418185	0.006821913	567.2067	3.384717	1e+05	1.084873e-06	1.206552e-06	3.842348e-06
8	8-174691186	180408511	38	T	C	0.023	0.02944846	0.005614722	567.8752	2.135803	1e+05	3.55551e-07	6.026531e-07	2.173847e-06
8	8-174771536	180490685	21	C	G	0.014	0.03420574	0.006825424	567.1978	3.321736	1e+05	1.080194e-06	1.217799e-06	3.871867e-06
8	8-175117061	180873159	7	T	C	0.018	0.02662326	0.005854938	565.3382	4.84912	1e+05	8.812952e-06	8.465691e-06	1.962821e-05
8	8-175264343	181020986	8	A	G	0.018	0.02977218	0.006528654	565.4004	5.024666	1e+05	8.324254e-06	7.932731e-06	1.857386e-05
9	9-2020090	1738264	5	T	C	0.044	0.02370503	0.005197354	565.5772	11.96415	1e+05	8.297109e-06	6.59341e-06	1.587952e-05
9	9-5589130	5214385	9	A	G	0.036	0.02043244	0.004469122	565.4765	5.26465	1e+05	7.910103e-06	7.325812e-06	1.736134e-05
9	9-8231760	7825648	26	A	T	0.017	0.03015364	0.006428353	566.1011	8.372078	1e+05	4.681013e-06	3.815368e-06	1.001403e-05
9	9-8233234	7827122	7	A	G	0.018	0.03131669	0.006206577	567.5591	4.867319	1e+05	9.19946e-07	8.367271e-07	2.843433e-06
9	9-8233285	7827173	6	A	C	0.015	0.03182611	0.006459664	566.9008	3.826937	1e+05	1.601469e-06	1.658498e-06	4.998449e-06
9	9-8233544	7827432	15	C	G	0.016	0.02865598	0.00633167	565.4466	1e+05	1e+05	9.669205e-06	7.558136e-06	1.782705e-05
9	9-8235118	7829006	11	A	C	0.016	0.02950186	0.006497431	565.1878	3.7208	1e+05	9.069932e-06	9.909005e-06	2.24404e-05
9	9-8235824	7829712	13	C	T	0.032	0.02096507	0.004566527	565.4216	3.790484	1e+05	7.274763e-06	7.758949e-06	1.822801e-05
9	9-8235871	7829759	9	G	A	0.024	0.02379204	0.005073041	565.8244	3.618701	1e+05	4.698342e-06	5.092951e-06	1.276784e-05
9	9-8236077	7829965	6	A	T	0.015	0.02963455	0.006478507	565.1979	3.018939	1e+05	7.828401e-06	9.80535e-06	2.224036e-05
9	9-8237740	7831628	11	G	A	0.022	0.0247701	0.005202859	566.1235	3.548638	1e+05	3.418093e-06	3.727241e-06	9.819563e-06
9	9-8237829	7831717	13	C	G	0.018	0.02957967	0.005772869	567.6818	3.074375	1e+05	6.354113e-07	7.366288e-07	2.561513e-06
9	9-11401186	10724276	36	T	A	0.018	0.04243874	0.008573254	567.3219	43.57405	1e+05	1.438066e-06	1.070465e-06	3.481502e-06
9	9-15383968	15139269	26	A	G	0.12	0.01357314	0.002695781	567.7099	123.4264	1e+05	9.677411e-07	7.154303e-07	2.501017e-06
9	9-17506739	17266852	28	C	A	0.158	0.01190728	0.002348476	567.8713	1e+05	1e+05	8.196257e-07	6.051432e-07	2.181176e-06
9	9-17507637	17267750	3	T	G	0.106	0.01447959	0.002917723	567.2573	6.205966	1e+05	1.356954e-06	1.14477e-06	3.679386e-06
9	9-17510046	17270159	6	C	T	0.237	0.00934283	0.002059454	565.4923	1e+05	1e+05	9.228551e-06	7.205941e-06	1.712026e-05
9	9-17510060	17270173	7	T	C	0.161	0.01013221	0.002215093	565.6241	11.24357	1e+05	7.83252e-06	6.2784e-06	1.523528e-05
9	9-17528905	17295094	3	T	C	0.123	0.01295289	0.002865026	565.4279	26.25035	1e+05	9.871699e-06	7.707907e-06	1.812623e-05
9	9-17587414	17348456	5	G	T	0.487	-0.01373414	0.002792485	567.1761	49.94491	1e+05	1.666764e-06	1.245642e-06	3.944762e-06
9	9-17587419	17348461	5	T	C	0.493	-0.01343572	0.00283856	566.3461	152.2465	1e+05	3.869523e-06	2.955016e-06	8.084346e-06
9	9-24717083	24659820	5	C	T	0.044	0.02219328	0.004858535	565.0251	2.49853	1e+05	8.050274e-06	1.175018e-05	2.595018e-05
9	9-24746820	24742315	28	G	A	0.063	0.016433	0.003598098	565.2993	3.664852	1e+05	8.077055e-06	8.817358e-06	2.031897e-05
9	9-24805067	24744842	20	T	G	0.1	0.01333907	0.002801318	565.657	2.097474	1e+05	3.405027e-06	6.066102e-06	1.479858e-05
9	9-24802962	24746946	27	G	A	0.085	0.01424521	0.003093212	565.3002	2.84285	1e+05	6.832434e-06	8.809038e-06	2.030267e-05
9	9-24798954	24750954	20	A	G	0.103	0.01233419	0.002727105	564.8026	2.465909	1e+05	9.795975e-06	1.483699e-05	3.167978e-05
9	9-24824080	24777962	10	C	T	0.467	-0.008953148	0.001972093	564.6743	2.070853	1e+05	9.094427e-06	1.697484e-05	3.55568e-05
9	9-24824483	24778365	12	A	G	0.113	0.01209886	0.002638125	565.0125	2.29365	1e+05	7.431881e-06	1.190574e-05	2.624325e-05
9	9-24824924	24778806	23	A	G	0.107	0.01288491	0.002763803	565.1472	1.970998	1e+05	5.318482e-06	1.033929e-05	2.326784e-05
9	9-24827459	24781341	18	G	A	0.083	0.01432677	0.002957407	566.0899	2.20403	1e+05	2.340109e-06	3.860188e-06	1.011268e-05
9	9-24827531	24781413	21	A	C	0.092	0.01431971	0.002838515	566.2923	1.410004	1e+05	9.240079e-07	3.125779e-06	8.473296e-06
9	9-24827539	24781421	22	T	G	0.094	0.01346938	0.00278627	565.8104	1.838512	1e+05	2.451267e-06	5.167679e-06	1.29256e-05
9	9-24827554	24781436	21	C	A	0.092	0.01289288	0.002836832	564.6146	1.930716	1e+05	8.902904e-06	1.807104e-05	3.752038e-05
9	9-24827555	24781437	20	A	G	0.079	0.01402674	0.003017345	565.0763	1.964248	1e+05	5.641903e-06	1.113604e-05	2.478814e-05
9	9-24827943	24781825	4	T	C	0.096	0.01323703	0.002865145	565.0287	2.059251	1e+05	6.404091e-06	1.170525e-05	2.586543e-05
9	9-24863006	24828624	12	G	T	0.092	0.0144739	0.00319172	564.6957	2.077392	1e+05	9.298125e-06	1.65977e-05	3.487758e-05
9	9-24863797	24829415	9	T	G	0.113	0.01188458	0.002595758	565.0385	2.439127	1e+05	7.686626e-06	1.158581e-05	2.563997e-05
9	9-24877623	24867992	38	A	C	0.148	0.01162498	0.002474599	565.5502	2.444434	1e+05	4.537122e-06	6.782359e-06	1.626389e-05
9	9-24904209	24875083	37	A	G	0.109	0.01295743	0.00280585	565.3743	2.87775	1e+05	6.461224e-06	8.152201e-06	1.900917e-05
9	9-24932016	24902889	14	C	T	0.289	0.009916407	0.00199684	565.6681	1.123175	1e+05	1.335558e-06	5.995868e-06	1.465364e-05
9	9-24935454	24906325	17	A	G	0.092	0.01517053	0.002909945	567.1413	1.397891	1e+05	4.140335e-07	1.29155e-06	4.064386e-06
9	9-24935458	24906329	16	A	G	0.094	0.01415368	0.002845672	566.0688	1.440731	1e+05	1.288504e-06	3.946167e-06	1.030146e-05
9	9-24938139	24909010	7	T	C	0.055	0.02491155	0.004583597	568.7263	1.973644	1e+05	1.399945e-07	2.494936e-07	1.063338e-06
9	9-24957248	24928117	25	C	T	0.481	-0.009719298	0.002023457	565.9034	2.189352	1e+05	2.820996e-06	4.689674e-06	1.191062e-05
9	9-24957299	24928168	24	A	G	0.295	0.01000728	0.002097423	565.0283	1.263747	1e+05	3.261981e-06	1.171107e-05	2.587642e-05
9	9-24957466	24928335	24	A	G	0.279	0.01072215	0.002030811	567.1092	1.117927	1e+05	3.001994e-07	1.335257e-06	4.17765e-06
9	9-24965164	24936033	25	T	A	0.311	0.008753193	0.001936697	564.8821	2.572438	1e+05	9.931276e-06	1.364958e-05	2.949599e-05
9	9-24965267	24936136	24	T	C	0.381	-0.0105019	0.001741212	572.3004	3.4275	1e+05	6.466596e-09	6.253882e-09	5.915661e-08
9	9-24965280	24936149	25	T	G	0.38	-0.01005097	0.001734481	570.4529	1.958944	1e+05	2.248567e-08	4.190692e-08	2.575524e-07
9	9-24965374	24936243	22	T	C	0.361	-0.01096015	0.00176498	572.7832	2.057378	1e+05	2.470657e-09	3.807782e-09	4.057939e-08
9	9-24965399	24936268	21	G	A	0.352	-0.0106529	0.001747557	571.6476	1.545825	1e+05	4.576558e-09	1.224021e-08	9.89643e-08
9	9-24965415	24936284	19	A	G	0.363	0.008992243	0.001775076	566.4971	1.355817	1e+05	8.367636e-07	2.524834e-06	7.089029e-06
9	9-24965450	24936319	25	T	C	0.328	0.008568762	0.001889904	564.6663	1.982069	1e+05	9.332966e-06	1.711776e-05	3.581368e-05
9	9-24966302	24937171	23	G	A	0.344	0.009733854	0.001855551	566.4618	0.8910551	1e+05	3.53941e-07	2.619386e-06	7.309841e-06
9	9-24966371	24937240	26	A	G	0.353	0.008786923	0.001860679	565.2949	1.682374	1e+05	4.062604e-06	8.857907e-06	2.039838e-05
9	9-24966740	24937609	8	A	G	0.341	0.008647476	0.001823849	565.6447	2.081767	1e+05	3.732181e-06	6.144494e-06	1.496008e-05
9	9-24983792	24954659	21	A	G	0.35	-0.008356804	0.001816045	565.2531	2.669922	1e+05	6.943339e-06	9.254057e-06	2.117162e-05
9	9-24984332	24955199	7	A	C	0.344	-0.0085138	0.001796773	565.9439	3.129406	1e+05	3.781965e-06	4.495672e-06	1.149453e-05
9	9-25252181	25231895	14	G	A	0.198	0.01104518	0.002331273	566.1181	4.215779	1e+05	3.791314e-06	3.74845e-06	9.866426e-06
9	9-103619986	106148536	22	A	G	0.142	0.01184121	0.002584845	565.1501	2.707584	1e+05	7.601294e-06	1.030844e-05	2.320868e-05
9	9-103641869	106170498	21	C	T	0.143	0.01235666	0.002670564	565.431	3.055171	1e+05	6.210356e-06	7.683001e-06	1.807654e-05
9	9-103654448	106183638	30	C	G	0.096	0.01491138	0.002948823	567.639	5.190638	1e+05	8.735083e-07	7.701177e-07	2.656499e-06
9	9-136279636	138541015	6	T	C	0.191	0.009873851	0.002111291	565.5188	2.555088	1e+05	4.982945e-06	7.008794e-06	1.672257e-05
9	9-141627359	144021480	38	C	T	0.013	0.03546163	0.00783446	565.3157	6.031309	1e+05	9.646204e-06	8.667985e-06	2.002603e-05
9	9-155799572	158609896	36	C	T	0.045	0.01922856	0.004009796	566.3257	3.968905	1e+05	2.924114e-06	3.018769e-06	8.229936e-06
10	10-3454133	3032826	23	A	T	0.043	0.02356649	0.005118343	565.7532	11.34204	1e+05	6.862344e-06	5.486122e-06	1.359434e-05
10	10-14903808	15198850	38	T	C	0.046	0.01838196	0.004046867	565.5054	15.11902	1e+05	9.00202e-06	7.107772e-06	1.692242e-05
10	10-40371424	41487147	19	A	T	0.144	0.0130897	0.002879462	565.3696	5.428535	1e+05	8.861537e-06	8.192511e-06	1.908894e-05
10	10-62313850	61539035	6	A	G	0.467	0.008483452	0.001841436	565.5619	4.645338	1e+05	6.782705e-06	6.699817e-06	1.609616e-05
10	10-62353376	61578561	1	A	G	0.277	0.01483009	0.003128296	566.3742	21.00678	1e+05	3.744008e-06	2.869979e-06	7.889417e-06
10	10-69505151	68632158	2	T	C	0.015	0.04028207	0.008686531	565.9053	12.73207	1e+05	5.933791e-06	4.680224e-06	1.189041e-05
10	10-79344832	78758507	23	A	G	0.019	0.02767308	0.005908628	565.9303	4.913514	1e+05	4.834072e-06	4.559873e-06	1.163251e-05
10	10-79385960	78800336	18	G	C	0.019	0.03260539	0.00618089	568.6842	5.494654	1e+05	3.069082e-07	2.606143e-07	1.101364e-06
10	10-79422587	78836137	14	T	C	0.016	0.03242699	0.006482244	567.2583	3.926173	1e+05	1.12712e-06	1.143577e-06	3.676226e-06
10	10-97558214	97865454	27	G	C	0.36	0.009899623	0.002000258	567.1036	4.700288	1e+05	1.444488e-06	1.343158e-06	4.19806e-06
10	10-97608465	97968093	33	A	G	0.271	0.01001375	0.002155775	565.8988	8.648291	1e+05	5.73315e-06	4.711949e-06	1.195824e-05
10	10-103646889	104219886	20	A	T	0.063	0.01611714	0.003428805	565.6921	2.880829	1e+05	4.481029e-06	5.847593e-06	1.434686e-05
10	10-103646909	104219906	20	C	T	0.061	0.01603817	0.003473429	565.4427	3.343805	1e+05	6.478818e-06	7.589371e-06	1.788951e-05
10	10-103646918	104219915	22	C	A	0.064	0.01560577	0.003415727	565.3398	3.922687	1e+05	8.018514e-06	8.451718e-06	1.960069e-05
10	10-110637935	111487086	11	T	A	0.045	0.02403657	0.00522372	565.5968	5.30088	1e+05	6.95017e-06	6.459939e-06	1.560709e-05
10	10-139063048	140288355	13	G	C	0.016	0.03909609	0.007721369	567.7033	5.942884	1e+05	8.465839e-07	7.203574e-07	2.515104e-06
