chr	rs	ps	n_miss	allele1	allele0	af	beta	se	logl_H1	l_remle	l_mle	p_wald	p_lrt	p_score
1	1-59761532	60525337	42	A	C	0.013	-0.1028021	0.02223154	296.6127	0.1581161	0.1070319	6.356736e-06	5.405525e-06	1.399831e-05
1	1-67994618	69164328	29	A	C	0.04	-0.0591227	0.01264765	296.9486	0.02775613	1e-05	5.086291e-06	3.806769e-06	1.49939e-05
1	1-80692633	82297231	21	T	G	0.142	-0.03502729	0.007308686	297.58	0.05337716	1e-05	2.998627e-06	1.971556e-06	7.38596e-06
1	1-82258601	83873710	7	A	C	0.113	0.03749051	0.0081087	296.4045	1e-05	1e-05	6.375329e-06	6.719168e-06	3.024844e-05
1	1-82329840	84000069	11	T	C	0.08	0.05802986	0.01230694	296.8035	1e-05	1e-05	4.244922e-06	4.429056e-06	2.123487e-05
1	1-86312442	88154745	34	A	G	0.013	-0.1417596	0.03014024	296.7598	0.210851	0.1627183	4.476032e-06	4.635689e-06	1.436543e-05
1	1-87830159	89719205	20	G	A	0.065	-0.04453328	0.009848061	296.1669	0.1615405	0.1104683	9.927659e-06	8.614115e-06	2.088828e-05
1	1-87831485	89720531	12	C	T	0.065	-0.04689322	0.009901958	297.1053	0.1581545	0.1038192	3.872252e-06	3.232671e-06	9.056218e-06
1	1-87831894	89720940	12	C	T	0.062	-0.04584097	0.009836766	296.7423	0.1670354	0.1141776	5.42236e-06	4.721074e-06	1.264458e-05
1	1-90235725	92229097	11	G	A	0.369	0.02408582	0.005172696	296.5956	0.002858393	1e-05	5.515047e-06	5.502585e-06	2.415398e-05
1	1-90235898	92229270	14	G	A	0.381	0.02424237	0.005152356	296.7592	1e-05	1e-05	4.440839e-06	4.638643e-06	2.16067e-05
1	1-104459373	107023880	3	G	T	0.17	0.03761317	0.007947745	296.8797	1e-05	1e-05	3.928049e-06	4.090586e-06	2.673358e-05
1	1-113776951	115340905	6	A	G	0.016	-0.1180923	0.02581878	296.236	0.2032771	0.1486855	7.923851e-06	8.013693e-06	2.141636e-05
1	1-120520083	122349359	39	T	G	0.321	-0.02734656	0.006018688	296.4738	0.04035073	1e-05	9.041003e-06	6.249458e-06	2.110992e-05
1	1-183508149	185507730	9	A	G	0.25	0.027374	0.005284373	298.9232	1e-05	1e-05	4.935665e-07	4.884043e-07	4.973227e-06
1	1-205505687	208280077	17	T	C	0.028	0.09395344	0.01987597	297.0974	0.1488941	0.09406981	4.02727e-06	3.259409e-06	9.02081e-06
1	1-236886999	240290985	23	T	G	0.012	-0.1399608	0.03054203	296.5681	0.1176596	0.05834795	7.629288e-06	5.663256e-06	1.434397e-05
1	1-263218093	268008277	8	A	G	0.378	-0.02677047	0.005584418	297.5033	0.03415651	1e-05	2.98208e-06	2.135442e-06	8.790167e-06
1	1-293219135	298684172	24	G	A	0.346	0.02491498	0.005012548	297.9476	1e-05	1e-05	1.32652e-06	1.344921e-06	7.279437e-06
1	1-298356394	303772053	13	T	C	0.116	0.03406122	0.007515421	296.113	0.006147053	1e-05	9.500859e-06	9.11446e-06	3.576403e-05
2	2-9318759	9498231	6	C	T	0.209	0.03099594	0.006813864	296.319	0.01732562	1e-05	8.833463e-06	7.347022e-06	2.823909e-05
2	2-10017296	10213217	29	A	G	0.013	0.1112003	0.02245716	298.1688	0.1206368	0.07901451	1.44775e-06	1.068737e-06	3.560717e-06
2	2-18200910	18795031	24	G	A	0.28	0.02462686	0.005443589	296.3666	0.03915074	1e-05	9.843067e-06	6.990747e-06	2.32347e-05
2	2-18200922	18795043	26	T	C	0.276	0.02717133	0.005432147	298.3818	0.02302315	1e-05	1.145971e-06	8.565794e-07	4.466465e-06
2	2-18200924	18795045	26	T	C	0.271	0.02732272	0.005457464	298.398	0.02245329	1e-05	1.12197e-06	8.422553e-07	4.423706e-06
2	2-18200932	18795053	25	C	T	0.272	0.02713574	0.005472022	298.17	0.02129727	1e-05	1.399389e-06	1.067415e-06	5.418307e-06
2	2-18200948	18795069	30	C	T	0.251	0.02888007	0.005625182	298.9543	0.0183948	1e-05	6.150101e-07	4.729438e-07	2.819075e-06
2	2-18200950	18795071	33	A	G	0.235	0.02789185	0.005860913	297.3489	0.03110112	1e-05	3.489124e-06	2.507911e-06	1.030387e-05
2	2-18200967	18795088	37	G	A	0.214	0.0331226	0.006049564	300.7672	0.0491491	1e-05	1.168504e-07	7.248821e-08	5.161516e-07
2	2-18200973	18795094	39	A	G	0.2	0.03092785	0.006308121	297.998	0.03446321	1e-05	1.813419e-06	1.276243e-06	5.712509e-06
2	2-18201006	18795127	47	C	T	0.168	0.03645124	0.006913691	299.6493	0.02396514	1e-05	3.166491e-07	2.302089e-07	1.524113e-06
2	2-57560741	59007300	26	G	C	0.49	0.02424736	0.004920668	297.7521	1e-05	1e-05	1.617701e-06	1.648174e-06	9.522888e-06
2	2-57560749	59007308	26	C	G	0.483	0.02372012	0.004993767	296.9562	1e-05	1e-05	3.633387e-06	3.776448e-06	1.927033e-05
2	2-57560758	59007317	28	A	G	0.485	0.02444147	0.004975739	297.6816	1e-05	1e-05	1.737741e-06	1.773598e-06	1.037003e-05
2	2-57560808	59007367	42	G	T	0.455	0.02473142	0.005188547	297.0296	1e-05	1e-05	3.372109e-06	3.498427e-06	1.853779e-05
2	2-57562410	59008969	32	C	T	0.485	-0.02401753	0.005031122	297.0617	1e-05	1e-05	3.263726e-06	3.383254e-06	1.648082e-05
2	2-57562412	59008971	32	A	G	0.485	-0.02414988	0.005051981	297.0904	1e-05	1e-05	3.169612e-06	3.28332e-06	1.593338e-05
2	2-57577131	59023687	15	G	T	0.495	-0.02235026	0.004905025	296.1176	1e-05	1e-05	8.544183e-06	9.07061e-06	3.615304e-05
2	2-62036614	62949450	25	T	A	0.216	-0.03063467	0.006704242	296.5831	0.07076982	0.01807617	8.079109e-06	5.575262e-06	1.578291e-05
2	2-109624368	112110165	22	G	T	0.239	0.04501281	0.009912386	296.263	0.01492796	1e-05	9.141327e-06	7.790611e-06	3.032608e-05
2	2-159065585	163068618	38	T	C	0.016	0.1384173	0.02773203	298.3995	0.1055359	0.05327053	1.204626e-06	8.409888e-07	2.972118e-06
2	2-160554267	164567232	25	C	T	0.515	-0.02506138	0.005009897	298.479	0.03685546	1e-05	1.143712e-06	7.743582e-07	3.749536e-06
2	2-160554305	164567270	28	G	A	0.517	-0.0230482	0.005074132	296.4563	0.03949529	1e-05	9.09274e-06	6.364758e-06	2.150915e-05
2	2-160554665	164567630	15	G	A	0.488	-0.02204192	0.0048649	296.0079	1e-05	1e-05	9.557488e-06	1.017462e-05	4.206821e-05
2	2-160554938	164567903	19	T	A	0.519	-0.02432592	0.004827485	298.263	1e-05	1e-05	9.633914e-07	9.691021e-07	5.9674e-06
2	2-160620747	164595280	16	A	T	0.491	-0.02229459	0.00488471	296.3277	0.01193948	1e-05	8.267575e-06	7.280547e-06	2.867461e-05
2	2-160621009	164595542	19	G	A	0.498	-0.02328052	0.004872468	297.0869	0.0003935818	1e-05	3.202764e-06	3.295485e-06	1.586851e-05
2	2-160621037	164595570	17	A	G	0.498	-0.02262369	0.004930774	296.3686	0.007284133	1e-05	7.441345e-06	6.975993e-06	2.852112e-05
2	2-160621216	164595749	15	T	G	0.479	-0.02349533	0.00483395	297.4485	1e-05	1e-05	2.202163e-06	2.260761e-06	1.18762e-05
2	2-161847777	165801886	19	A	G	0.143	0.03345011	0.007264813	296.3222	1e-05	1e-05	6.933327e-06	7.322468e-06	4.156745e-05
2	2-165052755	169080442	37	A	G	0.237	0.03081631	0.006783618	296.0586	1e-05	1e-05	9.074613e-06	9.648134e-06	4.059808e-05
2	2-165052756	169080443	36	T	G	0.236	0.03089706	0.006768431	296.1529	1e-05	1e-05	8.2417e-06	8.741669e-06	3.826791e-05
2	2-175250268	179454977	8	T	G	0.014	0.09835871	0.02140648	296.634	0.1015517	0.05687263	7.231124e-06	5.286494e-06	1.360598e-05
2	2-206560722	212740354	13	A	C	0.164	0.02979827	0.006467127	296.3362	1e-05	1e-05	6.835058e-06	7.21613e-06	3.261972e-05
2	2-206560723	212740355	13	A	C	0.157	0.03067424	0.006494197	296.8391	1e-05	1e-05	4.0937e-06	4.267445e-06	2.204122e-05
2	2-207751764	213945483	21	A	C	0.034	0.08378106	0.01756051	297.4381	0.04429659	1e-05	3.305144e-06	2.285352e-06	8.641317e-06
2	2-233089960	239323171	14	C	T	0.279	0.03315344	0.006942854	297.315	0.01803463	1e-05	3.243226e-06	2.597963e-06	1.154847e-05
3	3-15450008	14756039	26	T	C	0.202	0.02891574	0.006322507	296.4909	0.02426503	1e-05	7.938788e-06	6.138775e-06	2.3036e-05
3	3-84206804	84653031	44	T	A	0.046	0.0617928	0.01269807	297.4747	1e-05	1e-05	2.144254e-06	2.199865e-06	1.259157e-05
3	3-107512785	93438704	11	G	A	0.039	0.08365478	0.01741787	297.4572	0.1449033	0.08166641	2.86266e-06	2.240443e-06	6.558289e-06
3	3-108613582	94501258	23	T	G	0.017	-0.09546535	0.02096922	296.244	0.1783248	0.1204897	8.692816e-06	7.946875e-06	1.977765e-05
3	3-111225247	97148747	12	A	G	0.037	0.07050447	0.01488649	296.8954	1e-05	1e-05	3.865547e-06	4.023902e-06	1.948055e-05
3	3-111303570	97205683	12	A	G	0.023	0.1015975	0.02220266	296.2001	1e-05	1e-05	7.854189e-06	8.320704e-06	4.02444e-05
3	3-111306622	97208732	24	T	C	0.071	0.04480929	0.009687478	296.4131	1e-05	1e-05	6.319644e-06	6.659032e-06	2.9544e-05
3	3-111365235	97287749	18	T	C	0.028	0.08579809	0.01868049	296.5355	0.02046301	1e-05	7.29104e-06	5.859636e-06	2.274423e-05
3	3-111818007	97733583	15	A	T	0.051	0.04998103	0.01093637	296.1755	1e-05	1e-05	8.053754e-06	8.537434e-06	4.314069e-05
3	3-111831193	97746769	25	T	C	0.034	0.07126302	0.01575643	295.9739	1e-05	1e-05	9.895324e-06	1.054336e-05	5.134914e-05
3	3-112607427	98463861	14	T	G	0.051	0.05431405	0.01186134	296.2136	1e-05	1e-05	7.746222e-06	8.203507e-06	3.757821e-05
3	3-112783492	98758762	19	T	C	0.05	0.05054824	0.01095077	296.372	1e-05	1e-05	6.590297e-06	6.951438e-06	3.758675e-05
3	3-112870397	98845893	6	G	T	0.022	0.103293	0.02222633	296.5075	1e-05	1e-05	5.73922e-06	6.033024e-06	3.2094e-05
3	3-113082418	99052998	14	T	G	0.051	0.05231061	0.01079808	297.3765	1e-05	1e-05	2.369472e-06	2.436917e-06	1.470567e-05
3	3-113086327	99056907	6	G	T	0.045	0.05507544	0.01171866	296.736	1e-05	1e-05	4.546924e-06	4.752227e-06	2.506391e-05
3	3-113094784	99065364	18	T	C	0.04	0.0624281	0.01243079	298.1845	1e-05	1e-05	1.043213e-06	1.051452e-06	6.276206e-06
3	3-99584991	99478188	6	A	T	0.027	0.08884655	0.01859465	297.0806	1e-05	1e-05	3.201367e-06	3.31703e-06	2.099488e-05
3	3-99410702	99664760	30	G	C	0.055	0.04908017	0.01069964	296.2479	1e-05	1e-05	7.479854e-06	7.914543e-06	4.064447e-05
3	3-99403836	99671625	15	T	C	0.049	0.0499358	0.01103007	295.9928	1e-05	1e-05	9.706246e-06	1.033694e-05	5.112552e-05
3	3-99271891	99786615	18	T	A	0.059	0.05334552	0.0104457	298.5788	1e-05	1e-05	6.995382e-07	6.981732e-07	5.106845e-06
3	3-99178529	99896152	17	T	C	0.054	0.04785428	0.01049996	296.1217	1e-05	1e-05	8.508378e-06	9.031658e-06	4.420961e-05
3	3-99028844	100019325	17	G	A	0.04	0.06095795	0.01289866	296.8504	1e-05	1e-05	4.046683e-06	4.217229e-06	2.068883e-05
3	3-98989255	100058026	14	G	A	0.042	0.0556071	0.01164248	297.0724	1e-05	1e-05	3.228118e-06	3.345435e-06	1.915245e-05
3	3-98977669	100069838	28	A	G	0.052	0.04981868	0.01097476	296.0443	1e-05	1e-05	9.208235e-06	9.793754e-06	4.742041e-05
3	3-98952341	100094971	12	C	T	0.048	0.05138763	0.01102137	296.5736	1e-05	1e-05	5.365524e-06	5.630804e-06	3.111481e-05
3	3-98942006	100105308	5	A	G	0.056	0.04787285	0.01057076	295.9994	1e-05	1e-05	9.641007e-06	1.026574e-05	4.887569e-05
3	3-98900026	100149807	20	A	C	0.057	0.04974965	0.01075493	296.4142	1e-05	1e-05	6.312126e-06	6.650914e-06	3.611992e-05
3	3-98484657	100580269	39	A	G	0.058	0.04854095	0.01068111	296.0663	1e-05	1e-05	9.00374e-06	9.570918e-06	4.81688e-05
3	3-98214017	100864591	13	T	G	0.146	0.0319511	0.006826426	296.6517	1e-05	1e-05	4.954748e-06	5.189481e-06	2.434741e-05
3	3-97008951	102076130	25	A	C	0.083	0.04181481	0.008919835	296.7256	0.002474943	1e-05	4.79563e-06	4.804234e-06	2.180513e-05
3	3-96987028	102098047	4	A	G	0.089	0.03756501	0.008174177	296.2843	1e-05	1e-05	7.207028e-06	7.618839e-06	3.584619e-05
3	3-96940181	102133700	20	A	T	0.091	0.04042015	0.008522688	296.9241	1e-05	1e-05	3.754278e-06	3.905256e-06	2.261503e-05
3	3-96934694	102139185	22	A	G	0.08	0.0411453	0.009038853	296.0982	1e-05	1e-05	8.715254e-06	9.256774e-06	4.457505e-05
3	3-96907007	102180219	11	T	C	0.076	0.0425042	0.009056933	296.7063	1e-05	1e-05	4.686868e-06	4.902165e-06	2.41504e-05
3	3-96892539	102194686	8	A	G	0.079	0.04086636	0.008787363	296.5217	1e-05	1e-05	5.657214e-06	5.944702e-06	2.903563e-05
3	3-96854034	102231255	5	G	C	0.074	0.04767803	0.00966407	297.7789	1e-05	1e-05	1.57438e-06	1.602965e-06	9.701909e-06
3	3-96853971	102231318	5	A	G	0.074	0.04474756	0.009506554	296.7676	1e-05	1e-05	4.403028e-06	4.598176e-06	2.262407e-05
3	3-96852193	102233096	28	T	G	0.082	0.04157609	0.009137188	296.1172	0.001569012	1e-05	8.785379e-06	9.074217e-06	3.811029e-05
3	3-96449689	102675019	11	G	A	0.385	0.02702142	0.005784394	296.6533	0.002461818	1e-05	5.158249e-06	5.18093e-06	2.274151e-05
3	3-95349427	103818642	14	A	G	0.051	0.05053233	0.01096024	296.3485	1e-05	1e-05	6.7497e-06	7.123794e-06	3.935826e-05
3	3-91599670	107583371	36	G	C	0.013	0.1110086	0.02242415	298.2152	0.0965973	0.05350719	1.456227e-06	1.01842e-06	3.488126e-06
3	3-144918842	145802166	29	A	T	0.065	0.04911134	0.009971593	297.7406	1e-05	1e-05	1.636707e-06	1.668018e-06	1.215939e-05
3	3-144918918	145802242	22	T	G	0.063	0.05196221	0.01009457	298.7693	1e-05	1e-05	5.768069e-07	5.729612e-07	4.223934e-06
3	3-144920195	145803519	4	A	G	0.044	0.06998435	0.01469892	297.0059	1e-05	1e-05	3.454322e-06	3.585853e-06	2.297292e-05
3	3-144920377	145803701	33	A	G	0.071	0.05010675	0.0100034	298.1242	1e-05	1e-05	1.109021e-06	1.119463e-06	9.134259e-06
3	3-144941801	145825125	40	A	G	0.069	0.04766267	0.01049414	296.0547	1e-05	1e-05	9.110798e-06	9.687563e-06	5.267526e-05
3	3-144944941	145828265	18	T	C	0.069	0.05705235	0.01119153	298.5362	1e-05	1e-05	7.303968e-07	7.297448e-07	5.809144e-06
3	3-148146283	149407708	30	T	C	0.023	-0.09082429	0.01743284	299.7042	0.2401498	1e+05	4.278821e-07	2.17501e-07	2.054218e-06
3	3-170395937	172985763	15	A	G	0.021	0.07971124	0.01706233	296.9525	0.1117815	0.06668766	5.15061e-06	3.791161e-06	1.019424e-05
3	3-177738923	180465947	14	T	C	0.07	0.04291899	0.009447682	296.0588	1e-05	1e-05	9.072573e-06	9.645911e-06	4.834971e-05
3	3-180042280	182846136	31	T	G	0.338	0.02400226	0.005224277	296.5837	0.02411287	1e-05	7.245081e-06	5.571632e-06	2.105547e-05
3	3-180043393	182847249	19	T	A	0.343	0.02498252	0.005073857	298.1761	0.05689517	1e-05	1.64695e-06	1.060654e-06	4.360901e-06
3	3-180043433	182847289	25	C	A	0.331	0.02579748	0.005224907	298.2335	0.04843887	1e-05	1.546488e-06	9.992202e-07	4.378389e-06
3	3-180043462	182847318	28	G	A	0.336	0.02608269	0.005225802	298.4383	0.03778402	1e-05	1.205225e-06	8.07776e-07	3.891936e-06
3	3-180043707	182847563	15	A	G	0.346	0.02352651	0.004993618	297.1571	0.03306587	1e-05	4.31948e-06	3.062941e-06	1.209664e-05
3	3-180043718	182847574	17	T	A	0.347	0.02514861	0.005006486	298.6361	0.05688682	1e-05	1.037611e-06	6.578405e-07	2.957733e-06
3	3-180043723	182847579	14	T	G	0.351	0.02562294	0.004927103	299.3668	0.02936369	1e-05	4.47963e-07	3.084256e-07	1.861475e-06
3	3-180043728	182847584	14	T	A	0.347	0.0245003	0.0049729	298.108	0.03109145	1e-05	1.624387e-06	1.138382e-06	5.365994e-06
3	3-180043736	182847592	12	A	C	0.35	0.02530817	0.004890624	299.232	0.02755807	1e-05	5.063487e-07	3.546397e-07	2.105783e-06
3	3-180043789	182847645	15	G	T	0.453	0.02197772	0.0048408	296.4698	0.05166554	1e-05	9.179778e-06	6.276012e-06	1.962599e-05
3	3-180043904	182847760	18	C	T	0.358	0.02437766	0.004947554	298.0265	0.02080213	1e-05	1.621004e-06	1.239085e-06	6.142233e-06
3	3-180043917	182847773	21	G	T	0.361	0.02441671	0.004976546	297.9677	0.02484361	1e-05	1.784514e-06	1.317183e-06	6.301281e-06
3	3-180043933	182847789	18	T	C	0.355	0.02397857	0.00493275	297.6632	0.01470359	1e-05	2.196007e-06	1.80801e-06	8.75821e-06
3	3-180045056	182848912	27	G	C	0.344	0.0238315	0.005102879	296.6069	1e-05	1e-05	5.186404e-06	5.438257e-06	2.630634e-05
3	3-180045083	182848939	39	C	T	0.355	0.02540915	0.005162582	297.7255	1e-05	1e-05	1.662074e-06	1.694512e-06	1.105372e-05
3	3-180690756	183545496	33	T	C	0.097	0.04372422	0.009616474	296.3789	0.1349711	0.07740313	8.916337e-06	6.901365e-06	1.680055e-05
3	3-184323979	187243545	41	A	G	0.027	0.07342824	0.01587775	296.7448	0.1129154	0.06790341	6.344355e-06	4.709055e-06	1.221379e-05
3	3-187222467	190099682	33	A	G	0.051	-0.05228449	0.01095769	297.3269	0.135968	0.08680096	3.297788e-06	2.566023e-06	7.35777e-06
3	3-187224151	190101366	24	G	C	0.137	-0.03340177	0.007169085	296.8873	0.1193373	0.06633614	5.447052e-06	4.05808e-06	1.078532e-05
3	3-187273267	190150471	24	T	C	0.105	-0.03845285	0.008217178	296.9865	0.1105022	0.06391465	4.975342e-06	3.659046e-06	9.913366e-06
3	3-187273750	190150954	39	T	G	0.113	-0.03914175	0.00800778	297.914	0.1094175	0.06252664	1.941833e-06	1.392744e-06	4.453874e-06
3	3-187273762	190150966	40	C	G	0.114	-0.03888879	0.007997714	297.8045	0.1068743	0.06009485	2.182091e-06	1.560841e-06	4.904619e-06
3	3-187278327	190155575	43	T	C	0.134	-0.03432135	0.007515218	296.5214	0.09908694	0.05351296	8.168868e-06	5.946065e-06	1.509724e-05
3	3-187279422	190156670	19	G	A	0.114	-0.03618078	0.007564401	297.4564	0.1017669	0.05685788	3.130457e-06	2.24221e-06	6.648179e-06
3	3-187279423	190156671	18	A	G	0.114	-0.03633339	0.007558434	297.5631	0.101602	0.05678648	2.808868e-06	2.006485e-06	6.064162e-06
3	3-187279438	190156686	19	T	A	0.119	-0.03438866	0.007517313	296.5338	0.1082887	0.06410174	7.899609e-06	5.869878e-06	1.473841e-05
3	3-187279495	190156743	18	T	A	0.111	-0.03556662	0.007642787	296.8755	0.1077429	0.06362873	5.581782e-06	4.108584e-06	1.092863e-05
3	3-187279501	190156749	19	A	G	0.11	-0.03642443	0.007651155	297.3628	0.09908808	0.05392062	3.462788e-06	2.47191e-06	7.240657e-06
3	3-187279551	190156799	19	G	A	0.114	-0.03506314	0.007517911	296.9322	0.1041801	0.05739912	5.332311e-06	3.872264e-06	1.046771e-05
3	3-187279738	190156986	12	A	G	0.108	-0.03562381	0.007628951	296.9548	0.1036472	0.05848801	5.201403e-06	3.78202e-06	1.025305e-05
3	3-187279835	190157083	16	A	G	0.113	-0.03434065	0.0075945	296.3077	0.1111282	0.06429015	9.938658e-06	7.434746e-06	1.79816e-05
3	3-187378444	190246996	5	A	G	0.121	-0.03271937	0.007234958	296.3475	0.090361	0.04464288	9.912046e-06	7.131598e-06	1.792795e-05
3	3-188723947	191575516	4	A	G	0.111	0.03563964	0.007447431	297.1136	1e-05	1e-05	3.095854e-06	3.205052e-06	1.914447e-05
3	3-188724034	191575603	11	C	T	0.115	0.03408565	0.007343881	296.4817	1e-05	1e-05	5.892298e-06	6.197978e-06	3.35481e-05
3	3-216386050	219867857	33	A	T	0.041	-0.05877997	0.01249998	296.8381	0.1926775	0.1327075	4.4946e-06	4.271765e-06	1.199385e-05
3	3-230330781	234146583	35	A	G	0.255	0.02788896	0.006137635	295.847	0.2678083	0.2097764	9.028572e-06	1.20419e-05	3.738417e-05
4	4-5068389	5820739	36	C	T	0.049	0.08568266	0.01437297	303.0809	0.1423869	0.09770761	9.637919e-09	6.684926e-09	6.580621e-08
4	4-22555563	23804996	28	A	G	0.012	0.1046791	0.02253503	296.8838	0.07131996	0.02824558	5.79415e-06	4.073107e-06	1.182641e-05
4	4-22556577	23806010	32	T	A	0.015	0.09930875	0.02146235	296.7454	0.1132296	0.07117851	6.274467e-06	4.706069e-06	1.218644e-05
4	4-22573811	23823240	36	T	C	0.013	0.1064869	0.0225699	297.1363	0.1151833	0.07367624	4.190679e-06	3.130043e-06	8.658313e-06
4	4-22588069	23837498	1	T	C	0.015	0.08620783	0.01888115	296.4787	0.1146037	0.07298994	8.208063e-06	6.217929e-06	1.539361e-05
4	4-22643240	23896174	36	T	C	0.016	0.1037801	0.02140346	297.6974	0.1237934	0.08065109	2.323285e-06	1.744782e-06	5.331989e-06
4	4-22676862	23929090	20	T	C	0.014	0.1041985	0.02134633	297.8613	0.1172117	0.07310549	2.001825e-06	1.471249e-06	4.631666e-06
4	4-75282386	78024805	20	T	C	0.024	0.07157959	0.01533204	296.9208	0.1148838	0.07339687	5.222852e-06	3.918581e-06	1.044599e-05
4	4-75317061	78059478	14	T	C	0.014	0.1140545	0.02415227	297.1554	0.1152118	0.07331104	4.112429e-06	3.068176e-06	8.516116e-06
4	4-84077146	87226600	29	A	C	0.443	-0.02362056	0.00521466	296.3568	0.03111221	1e-05	9.605738e-06	7.062896e-06	2.467575e-05
4	4-87013047	90369150	29	T	C	0.102	0.03758032	0.008234631	296.1478	1e-05	1e-05	8.284418e-06	8.788105e-06	4.044425e-05
4	4-87109344	90464874	19	A	G	0.188	0.0298828	0.006104731	297.6042	1e-05	1e-05	1.879936e-06	1.922449e-06	1.48375e-05
4	4-87130968	90486492	13	T	C	0.148	0.03423148	0.006917994	297.8456	1e-05	1e-05	1.471307e-06	1.495525e-06	1.175115e-05
4	4-87518065	90882783	38	T	C	0.086	0.04196502	0.008848305	296.9244	1e-05	1e-05	3.753186e-06	3.904091e-06	2.314188e-05
4	4-87518086	90882804	35	T	G	0.088	0.04097111	0.009054496	295.983	1e-05	1e-05	9.803318e-06	1.04429e-05	5.063304e-05
4	4-87601764	90953704	24	A	G	0.124	0.03937787	0.008486616	296.4758	1e-05	1e-05	5.928022e-06	6.236488e-06	3.304123e-05
4	4-87693797	91073155	35	C	T	0.147	0.03472073	0.007215962	297.2299	1e-05	1e-05	2.750206e-06	2.838905e-06	1.707683e-05
4	4-87936635	91326430	10	G	A	0.068	0.0461952	0.01017444	296.0483	1e-05	1e-05	9.171043e-06	9.753217e-06	4.327141e-05
4	4-88327401	91783121	10	T	C	0.062	0.05771077	0.01202231	297.1794	1e-05	1e-05	2.895338e-06	2.992513e-06	1.650688e-05
4	4-90078880	93556228	31	A	G	0.073	0.05334849	0.01110633	297.1933	1e-05	1e-05	2.854626e-06	2.949403e-06	1.592927e-05
4	4-90434211	93920238	10	C	T	0.324	0.03019634	0.006506407	296.916	0.06825167	0.00675212	5.90141e-06	3.938578e-06	1.216581e-05
4	4-90492910	93980251	27	G	T	0.082	0.0415681	0.009084706	296.1988	1e-05	1e-05	7.864509e-06	8.331908e-06	3.990621e-05
4	4-90972750	94462570	14	T	G	0.086	0.04136752	0.008998881	296.2903	1e-05	1e-05	7.163198e-06	7.571361e-06	3.354471e-05
4	4-91888184	95375156	5	A	G	0.183	-0.03175088	0.006967953	296.5123	0.05340384	0.007912338	8.540587e-06	6.003184e-06	1.823922e-05
4	4-95647729	102533528	9	C	T	0.023	0.07498389	0.01612209	296.841	0.1171535	0.07444465	5.646745e-06	4.258903e-06	1.119784e-05
4	4-120153105	123922889	37	C	T	0.078	-0.04215758	0.009285882	296.4029	0.03308977	1e-05	9.185172e-06	6.730072e-06	2.329794e-05
4	4-135290403	138422852	13	T	C	0.201	-0.02873543	0.006157863	296.5906	1e-05	1e-05	5.273255e-06	5.531598e-06	2.586473e-05
4	4-135290435	138422884	19	T	C	0.217	-0.02785743	0.005985452	296.5373	1e-05	1e-05	5.567721e-06	5.848351e-06	2.642791e-05
4	4-135311044	138443329	11	A	G	0.222	-0.02665143	0.005843721	296.135	1e-05	1e-05	8.393289e-06	8.90648e-06	3.828605e-05
4	4-136717563	139774218	23	T	C	0.342	0.02524771	0.005438512	296.8558	0.1037219	0.04959925	5.865653e-06	4.193646e-06	1.130099e-05
4	4-136717509	139774272	22	G	A	0.42	-0.02337805	0.005024153	296.5327	1e-05	1e-05	5.59382e-06	5.876446e-06	2.652801e-05
4	4-142298816	145591717	34	T	C	0.187	-0.03320198	0.00635107	299.4854	0.02903572	1e-05	3.927149e-07	2.727862e-07	1.709262e-06
4	4-142346576	145639291	12	A	G	0.136	-0.03191349	0.006785307	297.0945	0.0304594	1e-05	4.47627e-06	3.269442e-06	1.308111e-05
4	4-142371139	145663854	18	T	C	0.156	-0.03406177	0.00651377	299.5414	0.03893547	1e-05	3.900433e-07	2.574132e-07	1.522936e-06
4	4-143756683	147039309	31	C	T	0.432	-0.02467406	0.005345702	296.3708	1e-05	1e-05	6.598142e-06	6.959919e-06	3.294726e-05
4	4-150920406	154378169	28	C	T	0.311	-0.02426289	0.005192895	296.6161	1e-05	1e-05	5.137924e-06	5.386171e-06	2.655096e-05
4	4-153294307	156843816	31	A	G	0.048	0.05562226	0.0120393	296.3897	1e-05	1e-05	6.472452e-06	6.824084e-06	3.566878e-05
4	4-153295185	156844694	4	T	C	0.069	0.04342734	0.009405005	296.3785	1e-05	1e-05	6.546476e-06	6.904074e-06	3.488389e-05
4	4-163605415	165990133	16	A	G	0.063	0.06778796	0.01280281	299.5334	0.1983534	0.1446712	2.839557e-07	2.595695e-07	1.248183e-06
4	4-164065344	166982547	45	A	C	0.228	0.03151043	0.005925351	299.5813	1e-05	1e-05	2.537105e-07	2.469944e-07	1.849256e-06
4	4-182704669	185886401	40	A	C	0.024	-0.09030331	0.0181136	298.1823	0.1725344	0.1104626	1.237934e-06	1.053878e-06	3.601913e-06
4	4-187220905	190504300	11	A	C	0.177	-0.02951042	0.006093495	297.3698	1e-05	1e-05	2.3857e-06	2.45402e-06	1.359593e-05
4	4-187220926	190504321	11	T	C	0.172	-0.02985262	0.006177503	297.3229	1e-05	1e-05	2.502102e-06	2.576781e-06	1.410842e-05
4	4-187220951	190504346	13	T	C	0.169	-0.03275702	0.006172741	299.5274	1e-05	1e-05	2.679168e-07	2.61173e-07	2.202616e-06
4	4-187220981	190504376	12	T	C	0.182	-0.03017217	0.006077802	297.9193	1e-05	1e-05	1.365249e-06	1.385168e-06	8.572724e-06
4	4-187221037	190504432	18	A	C	0.185	-0.02881856	0.006171833	296.6269	0.00138535	1e-05	5.205748e-06	5.325876e-06	2.361857e-05
4	4-187221090	190504485	25	G	A	0.152	-0.034128	0.006605364	298.8596	1e-05	1e-05	5.264016e-07	5.217198e-07	3.55527e-06
4	4-187221093	190504488	22	T	C	0.15	-0.03438192	0.006595247	299.0795	1e-05	1e-05	4.213883e-07	4.153669e-07	2.935081e-06
4	4-187221111	190504506	18	A	G	0.175	-0.03083813	0.006161241	298.1098	0.0001890129	1e-05	1.128823e-06	1.136251e-06	6.504681e-06
4	4-204570142	208918089	13	G	A	0.194	-0.02918619	0.006372624	296.6286	0.04329183	1e-05	7.717462e-06	5.316243e-06	1.800199e-05
4	4-205037623	209389229	46	A	G	0.093	0.04508219	0.009320276	297.3432	1e-05	1e-05	2.451077e-06	2.522952e-06	1.405929e-05
4	4-205096670	209460710	29	T	G	0.152	0.03405381	0.007274724	296.696	0.002448382	1e-05	4.941286e-06	4.955163e-06	2.173713e-05
4	4-205097914	209461954	28	T	C	0.179	0.03001361	0.0066334	295.9816	1e-05	1e-05	9.817176e-06	1.045803e-05	5.011971e-05
4	4-205103390	209467430	13	T	C	0.188	0.02797876	0.00617485	296.009	1e-05	1e-05	9.546029e-06	1.016211e-05	4.629858e-05
4	4-205103795	209467835	36	A	G	0.161	0.0317852	0.006902657	296.3239	1e-05	1e-05	6.921886e-06	7.310086e-06	3.688705e-05
4	4-205110199	209474327	6	A	G	0.117	0.03743562	0.007864296	297.0699	0.004185707	1e-05	3.469713e-06	3.354209e-06	1.562959e-05
4	4-205113200	209477328	7	T	C	0.173	0.02946768	0.006409626	296.2922	1e-05	1e-05	7.149167e-06	7.556162e-06	3.73531e-05
4	4-205113201	209477329	7	A	G	0.176	0.03001236	0.006382999	296.7453	1e-05	1e-05	4.504314e-06	4.706597e-06	2.534077e-05
4	4-205115199	209479327	15	T	C	0.187	0.02995598	0.006424448	296.5747	1e-05	1e-05	5.35925e-06	5.624057e-06	2.774093e-05
4	4-205115220	209479348	18	T	C	0.185	0.03025464	0.00640856	296.8288	1e-05	1e-05	4.137062e-06	4.313771e-06	2.21167e-05
4	4-205115235	209479363	14	T	C	0.177	0.03067507	0.006448324	296.9877	1e-05	1e-05	3.519059e-06	3.654731e-06	1.860394e-05
4	4-205134216	209498345	29	A	G	0.19	0.02947416	0.006409281	296.2976	1e-05	1e-05	7.10983e-06	7.513559e-06	3.703197e-05
4	4-208587945	212288594	25	T	A	0.306	-0.02746515	0.005803903	297.3196	0.06647676	0.005303255	3.934605e-06	2.585793e-06	8.674016e-06
4	4-208671946	212309649	31	G	A	0.343	-0.02771601	0.00593691	297.0199	0.06590471	0.01195462	5.227595e-06	3.533719e-06	1.108962e-05
4	4-208671962	212309665	27	A	G	0.351	-0.0262355	0.005756756	296.5448	0.06720245	0.01205228	8.516842e-06	5.802704e-06	1.67816e-05
4	4-208672011	212309714	32	T	G	0.345	-0.02626714	0.005805438	296.3994	0.06037103	0.007990803	9.819086e-06	6.755234e-06	1.966315e-05
4	4-208672065	212309768	31	T	C	0.326	-0.02701571	0.00591038	296.6	0.05427826	0.0004770193	8.028255e-06	5.477763e-06	1.716941e-05
4	4-210304575	213556559	25	C	T	0.211	0.03167097	0.006986546	296.4273	0.04216095	1e-05	9.461407e-06	6.560913e-06	2.195992e-05
4	4-232140216	236672250	38	T	C	0.013	-0.1706251	0.02935118	303.7537	0.3409052	1e+05	2.093711e-08	3.348179e-09	2.825192e-07
4	4-240333432	245189232	25	T	A	0.385	-0.02380179	0.004877873	297.5343	1e-05	1e-05	2.018285e-06	2.067542e-06	1.121369e-05
4	4-240333471	245189271	19	A	G	0.39	-0.02541823	0.004766981	299.6501	1e-05	1e-05	2.366687e-07	2.300116e-07	1.892241e-06
5	5-6573123	6859867	22	A	T	0.034	0.06651506	0.01342249	298.2212	0.1053151	0.06246665	1.422307e-06	1.012075e-06	3.428365e-06
5	5-9745948	10092308	41	G	A	0.181	0.03118897	0.006734473	296.824	0.1030592	0.04065008	6.161431e-06	4.335199e-06	1.17645e-05
5	5-10427155	10716528	15	C	T	0.129	0.03219845	0.007078717	296.0836	1e-05	1e-05	8.845919e-06	9.39903e-06	5.317509e-05
5	5-15208458	15736969	10	C	G	0.096	0.03774049	0.00792462	297.2131	0.1583516	0.1132379	3.434991e-06	2.889001e-06	8.43528e-06
5	5-15208554	15737065	28	G	A	0.114	0.03677561	0.007499756	297.8092	0.1687605	0.1231213	1.807491e-06	1.553195e-06	5.153706e-06
5	5-15208562	15737073	28	T	C	0.117	0.03536548	0.007499774	296.984	0.1646489	0.1202096	4.238777e-06	3.668501e-06	1.046666e-05
5	5-20855550	21345527	3	T	G	0.095	-0.03798998	0.007861682	297.6294	0.02469714	1e-05	2.504109e-06	1.872648e-06	8.441799e-06
5	5-23042316	23542697	8	C	T	0.394	0.02313316	0.005070301	296.534	0.04082513	1e-05	8.328159e-06	5.868641e-06	1.975959e-05
5	5-23713079	24208878	20	A	G	0.45	0.02506342	0.005306116	297.0873	0.01765853	1e-05	4.090664e-06	3.293878e-06	1.367398e-05
5	5-23713096	24208895	17	C	T	0.45	0.02531981	0.005219954	297.6034	0.01353244	1e-05	2.303988e-06	1.924021e-06	8.859059e-06
5	5-23713300	24209099	25	C	A	0.453	-0.02303008	0.005093072	296.4124	0.07740153	0.01044576	9.935872e-06	6.664036e-06	1.844471e-05
5	5-23725165	24222440	21	G	A	0.397	-0.02401065	0.005276315	296.5471	0.07044887	0.001722833	8.76854e-06	5.788557e-06	1.69616e-05
5	5-23741745	24237318	16	A	C	0.465	0.02436571	0.005221932	296.6587	0.004224941	1e-05	5.283272e-06	5.152038e-06	2.132985e-05
5	5-23741754	24237327	15	T	C	0.467	0.02512842	0.005111854	297.6979	1e-05	1e-05	1.709255e-06	1.743815e-06	9.067873e-06
5	5-33243143	34419601	30	A	G	0.236	0.04177932	0.008200355	298.5972	0.1977379	0.1355704	7.408288e-07	6.849803e-07	2.65391e-06
5	5-42796408	44040188	4	A	G	0.038	-0.07181326	0.01586955	297.8192	0.3497936	1e+05	9.791568e-06	1.537168e-06	5.159126e-05
5	5-47966098	49557162	24	T	C	0.017	0.09975382	0.02055535	297.6904	0.1347678	0.08854728	2.279378e-06	1.757586e-06	5.384604e-06
5	5-96249106	98696390	30	G	A	0.068	-0.05244187	0.01134622	296.7776	0.04655861	0.0008888852	6.418241e-06	4.550383e-06	1.49571e-05
5	5-156953771	160708795	28	T	A	0.02	-0.1141062	0.02483777	296.4161	0.1787191	0.1234174	7.254918e-06	6.638079e-06	1.71155e-05
5	5-159020809	162730150	15	A	C	0.236	0.02967528	0.005848076	298.662	0.01672136	1e-05	8.159422e-07	6.403839e-07	3.626566e-06
5	5-159020827	162730168	12	C	T	0.235	0.0267104	0.005848091	296.465	0.02374154	1e-05	8.152591e-06	6.307353e-06	2.358229e-05
5	5-159020828	162730169	10	A	G	0.247	0.02704223	0.005737476	297.0957	0.02329514	1e-05	4.282088e-06	3.265407e-06	1.350244e-05
5	5-159022583	162731924	15	C	T	0.236	0.02645142	0.005754428	296.581	0.02216508	1e-05	7.171208e-06	5.587102e-06	2.122111e-05
5	5-159033341	162742677	13	C	G	0.225	0.02757355	0.0060213	296.3173	0.006355538	1e-05	7.737691e-06	7.360106e-06	3.009651e-05
5	5-159033713	162743049	10	G	A	0.258	0.02621762	0.005733151	296.5349	0.02879519	1e-05	7.955237e-06	5.863134e-06	2.126926e-05
5	5-159033751	162743087	9	C	T	0.209	0.027122	0.005931254	296.311	0.007896362	1e-05	7.964302e-06	7.408882e-06	2.934332e-05
5	5-159036207	162745539	22	G	A	0.191	0.03124002	0.006556654	297.2443	0.01588703	1e-05	3.401262e-06	2.796569e-06	1.241087e-05
5	5-159036317	162745649	11	G	T	0.266	0.02930887	0.006042023	297.4052	1e-05	1e-05	2.301311e-06	2.365113e-06	1.261215e-05
5	5-159036525	162745857	9	C	T	0.218	0.02849575	0.005999565	297.1722	0.01532697	1e-05	3.638452e-06	3.014876e-06	1.323816e-05
5	5-159038724	162748056	7	T	C	0.275	0.0266431	0.005738373	296.5615	0.004395242	1e-05	5.850712e-06	5.702397e-06	2.446607e-05
5	5-159038727	162748059	7	C	T	0.252	0.02733188	0.005824916	296.7693	0.003991674	1e-05	4.702898e-06	4.590099e-06	2.030071e-05
5	5-159040266	162749598	7	G	A	0.236	0.02630539	0.005748335	296.4194	0.01536266	1e-05	7.845243e-06	6.615035e-06	2.577059e-05
5	5-159040272	162749604	8	A	G	0.233	0.02743793	0.00580586	297.064	0.01494869	1e-05	4.046874e-06	3.374863e-06	1.457503e-05
5	5-159050571	162759898	18	G	A	0.242	0.0263905	0.00574248	296.3472	0.003733107	1e-05	7.204164e-06	7.134181e-06	2.970075e-05
5	5-159050593	162759920	20	A	C	0.244	0.02758222	0.005727002	297.4939	0.01729257	1e-05	2.694461e-06	2.156382e-06	9.833844e-06
5	5-159050619	162759946	22	C	T	0.242	0.02726078	0.005761583	297.0296	0.009985924	1e-05	3.947183e-06	3.49812e-06	1.539381e-05
5	5-159050620	162759947	23	T	A	0.248	0.0270854	0.005774998	296.9056	0.01450168	1e-05	4.747487e-06	3.981444e-06	1.673994e-05
5	5-159051306	162760633	16	T	C	0.242	0.03044024	0.006511025	296.6286	1e-05	1e-05	5.073129e-06	5.316575e-06	2.58388e-05
5	5-159051315	162760642	14	C	T	0.267	0.02862773	0.006260016	296.4691	0.0217812	1e-05	7.951044e-06	6.280148e-06	2.36062e-05
5	5-159051919	162761246	25	T	G	0.245	0.02739003	0.005872839	296.7423	0.01075606	1e-05	5.33467e-06	4.721306e-06	2.006327e-05
5	5-159052323	162761650	32	A	C	0.236	0.02764078	0.006060308	296.3693	0.01658243	1e-05	8.38388e-06	6.970537e-06	2.677329e-05
5	5-159052350	162761677	35	T	A	0.255	0.02830428	0.005970273	297.1701	0.01849078	1e-05	3.784458e-06	3.021525e-06	1.298224e-05
5	5-159052356	162761683	35	A	G	0.245	0.0285369	0.006033608	297.1249	0.0187798	1e-05	3.979416e-06	3.167386e-06	1.346193e-05
5	5-159052437	162761764	36	A	G	0.244	0.02777248	0.006032401	296.4632	0.009256284	1e-05	6.949035e-06	6.319321e-06	2.567287e-05
5	5-159052485	162761812	25	A	G	0.243	0.02876244	0.005843356	297.7276	1e-05	1e-05	1.658581e-06	1.690862e-06	9.352722e-06
5	5-159052500	162761827	18	A	C	0.246	0.02676157	0.005765461	296.4832	1e-05	1e-05	5.883532e-06	6.188528e-06	2.729604e-05
5	5-159052507	162761834	19	C	A	0.248	0.02605827	0.005733918	296.0664	1e-05	1e-05	9.002771e-06	9.569863e-06	3.946849e-05
5	5-159052522	162761849	18	A	T	0.235	0.02839044	0.005853927	297.4006	1e-05	1e-05	2.312099e-06	2.376475e-06	1.280061e-05
5	5-159052523	162761850	19	C	T	0.231	0.0271907	0.005936941	296.2172	1e-05	1e-05	7.717998e-06	8.172877e-06	3.475213e-05
5	5-159052529	162761856	17	A	T	0.238	0.02676166	0.005849651	296.2425	0.002778661	1e-05	7.888487e-06	7.959296e-06	3.249956e-05
5	5-159052716	162762043	21	T	G	0.238	0.02812403	0.005990703	296.9413	0.01598643	1e-05	4.65338e-06	3.835648e-06	1.6066e-05
5	5-159052725	162762052	22	G	T	0.232	0.02822944	0.006031494	296.7251	0.004497164	1e-05	4.95831e-06	4.806931e-06	2.109097e-05
5	5-159052753	162762080	21	C	T	0.238	0.027511	0.005999374	296.2417	1e-05	1e-05	7.527118e-06	7.965798e-06	3.362828e-05
5	5-159052755	162762082	21	C	G	0.245	0.02761265	0.005919798	296.5819	1e-05	1e-05	5.320288e-06	5.582162e-06	2.520399e-05
5	5-159058393	162767713	19	G	A	0.221	0.02995827	0.00628404	297.3274	0.0232952	1e-05	3.359716e-06	2.56473e-06	1.104875e-05
5	5-159058693	162768013	9	T	C	0.223	0.02711057	0.005886365	296.4754	0.009560207	1e-05	6.895266e-06	6.239016e-06	2.559279e-05
5	5-159128944	162838256	36	A	G	0.238	0.02792849	0.005958659	296.7389	0.003512453	1e-05	4.812765e-06	4.737908e-06	2.067032e-05
5	5-159128966	162838278	34	C	T	0.228	0.02843552	0.006099101	296.7266	0.0100069	1e-05	5.372613e-06	4.799388e-06	2.004379e-05
5	5-159131162	162840474	17	C	T	0.248	0.02719745	0.005780602	296.8015	0.002542528	1e-05	4.443877e-06	4.438051e-06	2.013892e-05
5	5-159132763	162842075	38	C	T	0.257	0.02752062	0.006062989	296.0432	1e-05	1e-05	9.219053e-06	9.805546e-06	4.057767e-05
5	5-159135842	162845120	10	G	C	0.249	0.02596757	0.005713171	296.1788	0.006844565	1e-05	8.978244e-06	8.508026e-06	3.406562e-05
5	5-159136161	162845439	24	C	T	0.229	0.02782393	0.006081469	296.342	0.009383839	1e-05	7.878743e-06	7.172918e-06	2.850028e-05
5	5-159137038	162846316	10	T	C	0.233	0.02724083	0.005866632	296.8206	0.02748066	1e-05	5.840928e-06	4.350549e-06	1.674258e-05
5	5-159137050	162846328	10	C	T	0.235	0.02836294	0.005834081	297.8372	0.03580791	1e-05	2.191005e-06	1.50863e-06	6.557778e-06
5	5-159137413	162846691	2	T	C	0.178	0.03541725	0.006857918	298.8489	1e-05	1e-05	5.32161e-07	5.275688e-07	3.687031e-06
5	5-159137490	162846768	7	A	G	0.243	0.02736801	0.005778772	296.965	0.004249135	1e-05	3.868734e-06	3.742118e-06	1.720849e-05
5	5-159137600	162846878	3	C	T	0.241	0.02666719	0.005871153	296.0789	0.001348787	1e-05	9.10162e-06	9.445914e-06	3.851093e-05
5	5-159137614	162846892	4	T	C	0.247	0.02653345	0.005758345	296.3558	0.001094955	1e-05	6.829874e-06	7.070244e-06	3.008508e-05
5	5-159139058	162848335	4	T	G	0.247	0.02601331	0.005732268	296.1608	0.007707542	1e-05	9.26194e-06	8.67005e-06	3.428034e-05
5	5-159139065	162848342	5	G	A	0.248	0.02614264	0.005736671	296.2399	0.007570582	1e-05	8.525377e-06	7.980759e-06	3.196041e-05
5	5-159141325	162850602	7	C	T	0.236	0.02615106	0.00578097	296.2309	0.01848886	1e-05	9.858658e-06	8.05684e-06	3.002998e-05
5	5-159141341	162850618	6	C	T	0.235	0.02628295	0.005786368	296.1919	0.008655573	1e-05	9.095756e-06	8.391868e-06	3.303183e-05
5	5-159141548	162850825	6	G	T	0.249	0.02605445	0.005719486	296.2142	0.006306702	1e-05	8.589724e-06	8.19828e-06	3.277515e-05
5	5-159142913	162852188	25	T	C	0.248	0.02763757	0.005861813	297.1365	0.02841605	1e-05	4.251823e-06	3.129166e-06	1.26016e-05
5	5-159142942	162852217	31	C	A	0.237	0.02925525	0.006116216	297.215	0.007005755	1e-05	3.127725e-06	2.883468e-06	1.350779e-05
5	5-159143001	162852276	29	A	G	0.255	0.02755221	0.005992907	296.4373	0.009401246	1e-05	7.147302e-06	6.492783e-06	2.650143e-05
5	5-159143520	162852795	15	A	C	0.192	0.03255124	0.006803357	297.1095	1e-05	1e-05	3.108601e-06	3.218575e-06	1.606004e-05
5	5-159147178	162857063	10	C	T	0.251	0.02624739	0.005636148	296.5494	1e-05	1e-05	5.499556e-06	5.77499e-06	2.568804e-05
5	5-159147179	162857064	10	T	C	0.251	0.02624739	0.005636148	296.5494	1e-05	1e-05	5.499556e-06	5.77499e-06	2.568804e-05
5	5-159147184	162857069	11	C	T	0.252	0.02669694	0.005664145	296.7952	1e-05	1e-05	4.280931e-06	4.467559e-06	2.075516e-05
5	5-159147189	162857074	11	C	T	0.25	0.02649045	0.005716772	296.5133	0.003872834	1e-05	6.091957e-06	5.996781e-06	2.58601e-05
5	5-159153820	162863705	11	A	C	0.243	0.02713198	0.005778785	296.777	0.003695447	1e-05	4.64327e-06	4.553235e-06	2.033148e-05
5	5-159154696	162864581	16	A	G	0.239	0.02679779	0.00585895	296.2664	0.004576004	1e-05	7.926309e-06	7.763069e-06	3.186656e-05
5	5-159158534	162868419	16	T	C	0.249	0.02715977	0.005818175	296.6212	0.00137112	1e-05	5.235286e-06	5.357757e-06	2.392587e-05
5	5-175633971	179612382	26	T	C	0.079	0.04419298	0.009010512	297.6476	1e-05	1e-05	1.798967e-06	1.837655e-06	1.085638e-05
5	5-175635681	179614092	20	A	G	0.074	0.04185496	0.009126399	296.2439	1e-05	1e-05	7.510776e-06	7.948076e-06	4.127134e-05
5	5-175637123	179615533	11	C	T	0.073	0.0434685	0.00898132	297.3561	1e-05	1e-05	2.419173e-06	2.489308e-06	1.495845e-05
5	5-185157995	189724746	7	T	C	0.025	0.1019157	0.02088488	297.9116	0.08992898	0.04302055	2.015172e-06	1.396235e-06	4.605556e-06
5	5-201919019	207295596	29	A	G	0.372	0.02493715	0.005360713	296.7861	0.1416886	0.09379345	5.625992e-06	4.510123e-06	1.185239e-05
5	5-215984332	221815835	22	G	A	0.249	0.0252964	0.005472882	296.5669	0.0112436	1e-05	6.413526e-06	5.670021e-06	2.366624e-05
5	5-215985023	221816526	19	A	G	0.25	0.02495739	0.005461131	296.4558	0.02197569	1e-05	8.059495e-06	6.368425e-06	2.409135e-05
6	6-5148440	5230499	34	C	G	0.236	0.02778686	0.005995143	296.7338	0.02086535	1e-05	6.06295e-06	4.763336e-06	1.871466e-05
6	6-128423746	132243276	25	T	C	0.203	-0.03700204	0.007766325	297.4532	0.3586738	1e+05	3.404438e-06	2.249704e-06	2.77555e-05
6	6-168072830	172096060	20	A	G	0.419	-0.02238556	0.004835464	296.4613	0.001838775	1e-05	6.210155e-06	6.331554e-06	2.696759e-05
6	6-168072842	172096072	25	A	C	0.419	-0.02410103	0.004910806	297.7634	0.006342474	1e-05	1.773064e-06	1.628921e-06	8.298611e-06
6	6-168076269	172099499	17	C	T	0.453	-0.02228619	0.004890926	296.1295	0.0006873744	1e-05	8.542823e-06	8.958498e-06	3.65653e-05
6	6-168077199	172100429	10	T	G	0.441	-0.02170342	0.004794123	295.9921	1e-05	1e-05	9.712752e-06	1.034404e-05	4.282995e-05
6	6-168077352	172100582	13	A	G	0.417	-0.02380671	0.004866095	297.5922	1e-05	1e-05	1.903026e-06	1.946647e-06	1.009131e-05
6	6-168078594	172101824	13	A	G	0.433	-0.02177188	0.00475584	296.2087	1e-05	1e-05	7.785465e-06	8.2461e-06	3.597024e-05
7	7-40584211	42053883	29	G	A	0.315	0.02782257	0.005861512	297.3513	0.07719237	0.02321203	3.68747e-06	2.501789e-06	7.880667e-06
7	7-90735769	93618324	24	A	G	0.015	0.111681	0.02408448	296.6303	0.1709695	0.1158821	6.00556e-06	5.306731e-06	1.398049e-05
7	7-131118100	135114995	9	G	C	0.402	0.02320174	0.004896349	297.3014	0.04395749	1e-05	3.823487e-06	2.635143e-06	9.831786e-06
7	7-136887642	141175067	33	T	C	0.082	0.05415505	0.01188337	296.4713	0.0313374	1e-05	8.521525e-06	6.265641e-06	2.228764e-05
7	7-140441407	145137788	32	C	T	0.15	-0.03217579	0.006959219	296.8234	0.06047038	0.007172919	6.375737e-06	4.337877e-06	1.352878e-05
7	7-140441415	145137796	30	T	C	0.141	-0.0325232	0.007123167	296.5778	0.05492069	0.001141512	8.207386e-06	5.606065e-06	1.741865e-05
7	7-150190400	155395420	1	T	C	0.353	0.04350838	0.009241734	296.7711	1e-05	1e-05	4.387466e-06	4.581523e-06	2.047053e-05
8	8-7311965	7631072	11	A	G	0.234	0.02572999	0.005629546	296.177	1e-05	1e-05	8.041088e-06	8.523675e-06	3.757639e-05
8	8-63383033	65458592	0	T	C	0.033	0.08293686	0.01812895	296.4302	0.145817	0.1056851	7.891424e-06	6.54115e-06	1.6534e-05
8	8-80685849	82669947	9	C	T	0.232	0.02591496	0.00571668	296.4074	0.06728901	0.02384481	9.45808e-06	6.698852e-06	1.835356e-05
8	8-90443086	92772613	7	G	A	0.023	0.09211478	0.01988429	296.8048	0.04754664	0.00939038	6.126217e-06	4.422871e-06	1.430342e-05
8	8-124377239	128255378	22	C	T	0.324	0.02531985	0.005522694	296.575	0.1129057	0.06454497	7.558602e-06	5.622465e-06	1.420322e-05
8	8-162589467	168040431	1	A	G	0.191	-0.03677349	0.007461568	298.0762	0.1210012	0.07063631	1.612264e-06	1.176721e-06	3.85677e-06
9	9-57043594	76797916	22	A	G	0.014	-0.1318472	0.02790467	297.1347	0.1307767	0.08311196	4.064788e-06	3.135094e-06	8.678009e-06
9	9-107338848	109483750	47	T	C	0.451	-0.02557533	0.005373919	296.9969	1e-05	1e-05	3.48601e-06	3.619564e-06	1.870277e-05
9	9-107142089	109715843	11	T	C	0.461	-0.02514048	0.005474813	296.2691	1e-05	1e-05	7.319859e-06	7.741099e-06	3.613912e-05
9	9-122922431	124599018	31	T	C	0.396	-0.02749684	0.00562037	297.8993	0.1256687	0.07924415	1.903119e-06	1.414302e-06	4.482643e-06
9	9-122984649	124673228	40	C	G	0.394	-0.02477781	0.005454985	296.3761	0.1195804	0.07522322	9.095253e-06	6.921483e-06	1.684291e-05
9	9-123033864	124719822	42	T	C	0.372	-0.02642827	0.005683401	296.8102	0.131753	0.08494135	5.669827e-06	4.398061e-06	1.1529e-05
9	9-135985608	138285708	16	C	T	0.338	-0.047117	0.009839563	297.4896	0.09668282	0.05219889	3.053749e-06	2.166116e-06	6.510268e-06
10	10-15337085	15663848	21	C	T	0.072	0.05421709	0.01047	299.1148	0.1612778	0.1073007	4.979636e-07	4.004277e-07	1.637983e-06
10	10-64896927	64039427	26	T	C	0.039	0.07478563	0.01638179	296.9853	0.3354469	1e+05	8.231257e-06	3.663881e-06	4.97477e-05
10	10-74900712	74141563	41	G	T	0.016	0.0933076	0.01949618	297.4965	0.08389594	0.03858991	3.089591e-06	2.150584e-06	6.672744e-06
10	10-82752612	82611396	23	A	C	0.017	-0.1219384	0.02579884	296.9337	0.1961192	0.1326546	4.035954e-06	3.866326e-06	1.099031e-05
10	10-109170455	109999159	22	C	T	0.459	-0.02428215	0.005289054	296.4133	0.009675729	1e-05	7.352137e-06	6.657169e-06	2.631896e-05
10	10-130614846	131782276	11	A	G	0.408	0.0236182	0.00519739	296.3462	0.02142302	1e-05	9.016123e-06	7.14166e-06	2.630719e-05
10	10-130634642	131789024	32	G	T	0.53	0.02650079	0.005663536	296.9157	0.02034307	1e-05	4.983611e-06	3.939569e-06	1.58699e-05
10	10-130634834	131789216	25	A	T	0.429	0.02686174	0.005187847	299.113	0.01409184	1e-05	4.991685e-07	4.011802e-07	2.493338e-06
10	10-130637486	131791870	24	A	G	0.415	0.02439547	0.005239137	296.7786	0.01671924	1e-05	5.513748e-06	4.545642e-06	1.85512e-05
10	10-142218224	143569070	41	G	A	0.024	0.08485307	0.01702298	298.3271	0.1215545	0.07664258	1.24236e-06	9.066886e-07	3.111524e-06
10	10-142218231	143569077	41	C	G	0.024	0.08401477	0.01700359	298.1528	0.109797	0.06655294	1.520984e-06	1.08666e-06	3.622674e-06
10	10-148864677	150178352	30	A	G	0.146	0.03415161	0.00734268	296.5239	1e-05	1e-05	5.644076e-06	5.930555e-06	2.938544e-05
10	10-149202762	150516299	28	T	C	0.465	-0.02312523	0.005002478	296.7377	0.02693651	1e-05	6.396065e-06	4.743761e-06	1.822626e-05
