chr	rs	ps	n_miss	allele1	allele0	af	beta	se	logl_H1	l_remle	l_mle	p_wald	p_lrt	p_score
1	1-7697105	7701931	23	C	T	0.319	-0.0453809	0.009595851	174.2968	0.5523728	1e+05	4.026208e-06	3.269598e-06	9.126381e-06
1	1-7697106	7701932	23	A	G	0.317	-0.04492786	0.009634695	173.7199	0.5086902	1e+05	5.401363e-06	5.970454e-06	1.509424e-05
1	1-7700561	7705386	26	G	A	0.236	-0.04825889	0.01053865	173.6341	0.5626306	1e+05	7.808716e-06	6.530396e-06	1.627493e-05
1	1-7701528	7706353	20	A	G	0.224	-0.0488502	0.01062776	174.0839	0.6780986	1e+05	7.242002e-06	4.082637e-06	1.098109e-05
1	1-7701529	7706354	21	T	C	0.223	-0.05071506	0.01070337	174.6744	0.6654234	1e+05	3.867132e-06	2.206118e-06	6.586298e-06
1	1-7704830	7709655	15	G	A	0.219	-0.05124459	0.01070315	173.7427	0.4034488	1e+05	3.095037e-06	5.829511e-06	1.479457e-05
1	1-8508078	8550514	6	G	A	0.199	-0.05163023	0.01046266	172.1423	0.1295676	1e-05	1.583706e-06	3.121248e-05	6.275932e-05
1	1-8510496	8552932	3	T	G	0.18	-0.05505159	0.011054	174.4006	0.274671	1e+05	1.282873e-06	2.934344e-06	8.341794e-06
1	1-13113755	13320623	36	T	C	0.135	0.07325817	0.01576039	173.0557	0.3156372	1e+05	5.768506e-06	1.196198e-05	2.713762e-05
1	1-18884937	19223734	35	A	G	0.255	0.05471536	0.01008255	176.9305	0.5363681	1e+05	1.510211e-07	2.121683e-07	9.847934e-07
1	1-18889264	19228063	22	C	T	0.333	-0.04258193	0.009138777	173.2845	0.3957765	1e+05	5.489367e-06	9.413763e-06	2.215294e-05
1	1-56674038	57392874	46	T	C	0.288	-0.04617461	0.01015053	172.106	0.2988616	1e+05	8.907329e-06	3.242778e-05	6.369444e-05
1	1-62332599	63127670	11	T	A	0.023	-0.1309697	0.02867289	172.2467	0.252493	1e+05	8.210501e-06	2.796501e-05	5.606879e-05
1	1-74425459	75806657	33	C	T	0.276	0.04548797	0.009751558	174.5165	0.5387082	1e+05	5.364348e-06	2.60039e-06	7.546361e-06
1	1-74488835	75893212	21	G	C	0.245	0.04603044	0.01011589	172.6094	0.2773426	1e+05	8.856167e-06	1.910346e-05	4.043674e-05
1	1-80934759	82529361	17	T	C	0.151	-0.05533297	0.01200868	173.3088	0.4965859	1e+05	6.893026e-06	9.17722e-06	2.168142e-05
1	1-225874459	229474622	16	G	A	0.022	-0.1360832	0.02975936	171.8574	0.2272488	1e+05	8.031129e-06	4.213389e-05	7.986495e-05
1	1-225874461	229474624	18	A	G	0.024	-0.1309751	0.0287435	171.4423	0.1937355	1e+05	8.614223e-06	6.529905e-05	0.0001168628
1	1-229626156	233090730	32	T	A	0.023	-0.1354922	0.02968564	171.2248	0.1723681	1e+05	8.336041e-06	8.217556e-05	0.0001428493
1	1-248669396	252541441	38	A	C	0.016	0.192802	0.04170874	174.3735	0.6473965	1e+05	6.458666e-06	3.018248e-06	8.539386e-06
1	1-281230529	286263973	10	A	G	0.03	0.1103235	0.02418094	173.7573	0.7173319	1e+05	8.402259e-06	5.741488e-06	1.460689e-05
1	1-284573579	289632659	25	A	G	0.4	0.04149568	0.009137462	174.0631	0.9421626	1e+05	9.21048e-06	4.172282e-06	1.118199e-05
1	1-291056792	296490434	4	T	C	0.061	0.1011535	0.02168679	173.78	0.5645033	1e+05	5.373752e-06	5.607053e-06	1.431944e-05
1	1-300158243	305685961	20	A	G	0.066	-0.09794746	0.01970443	174.2716	0.28695	1e+05	1.340105e-06	3.356494e-06	9.327687e-06
1	1-300165925	305691595	10	A	T	0.079	-0.07507328	0.01656416	171.3656	0.2111	1e+05	9.576691e-06	7.081176e-05	0.0001254251
1	1-300166187	305691857	14	T	C	0.073	-0.08321617	0.01673687	172.8304	0.181196	1e+05	1.332721e-06	1.514979e-05	3.317587e-05
1	1-300193715	305720008	3	T	C	0.083	-0.07253724	0.01602098	171.727	0.2395999	1e+05	9.770541e-06	4.834565e-05	8.997577e-05
1	1-300211246	305737539	11	T	C	0.047	-0.120539	0.02473762	173.6227	0.2780316	1e+05	2.105217e-06	6.608699e-06	1.643885e-05
1	1-300211507	305737800	11	T	C	0.063	-0.09896933	0.02012528	172.8447	0.1561247	1e+05	1.713087e-06	1.492319e-05	3.27527e-05
1	1-300224237	305750529	25	T	C	0.072	-0.08492907	0.01798667	172.9124	0.2795222	1e+05	4.162312e-06	1.390109e-05	3.083309e-05
1	1-300377712	305934025	27	T	G	0.071	-0.09431014	0.01993992	173.495	0.3470469	1e+05	4.017345e-06	7.553032e-06	1.839494e-05
2	2-10503605	10615592	28	T	C	0.419	0.04401252	0.009084273	174.2738	0.3957819	1e+05	2.389546e-06	3.349087e-06	9.310559e-06
2	2-35041232	35978335	19	A	T	0.017	0.2139607	0.04417047	175.0693	0.7092347	1e+05	2.399761e-06	1.462684e-06	4.694656e-06
2	2-39172184	40109800	4	C	A	0.066	0.08668111	0.01872043	171.8334	0.1682751	1e+05	6.243279e-06	4.321306e-05	8.163345e-05
2	2-57754435	59225593	31	A	G	0.108	0.08583512	0.01815227	174.8143	0.8604242	1e+05	4.037097e-06	1.90699e-06	5.839826e-06
2	2-65025344	66181039	11	A	G	0.208	0.05282014	0.01034268	172.8003	0.07693312	1e-05	7.083274e-07	1.563526e-05	3.996654e-05
2	2-66899462	68083833	24	A	G	0.022	0.1494826	0.03241602	173.1829	0.3673541	1e+05	6.784145e-06	1.047049e-05	2.424003e-05
2	2-71773117	73015964	45	C	T	0.1	0.06745225	0.01473518	174.3649	0.819319	1e+05	7.863261e-06	3.045374e-06	8.603085e-06
2	2-80988231	82458948	20	C	T	0.056	-0.08613204	0.01815344	172.1774	0.1865091	1e+05	3.757325e-06	3.008022e-05	5.970041e-05
2	2-82912609	84380738	16	T	G	0.033	-0.1087311	0.02386838	172.5638	0.3797942	1e+05	8.660816e-06	2.003936e-05	4.212543e-05
2	2-156268029	160303383	5	T	C	0.014	0.2388632	0.05244502	174.4256	1.046607	1e+05	8.694706e-06	2.858732e-06	8.162981e-06
2	2-159538880	163566078	14	A	G	0.028	0.1286284	0.02627663	175.9003	1.089866	1e+05	1.899541e-06	6.169833e-07	2.321822e-06
2	2-161677472	165640490	35	C	A	0.347	0.04765527	0.009670356	173.257	0.2187621	1e+05	1.633664e-06	9.688217e-06	2.269797e-05
2	2-163758874	167799552	9	T	A	0.014	0.1886949	0.04144769	172.874	0.4244843	1e+05	8.76837e-06	1.447132e-05	3.190627e-05
2	2-164462057	168530462	19	G	A	0.432	-0.04188292	0.009037104	173.2532	0.3970552	1e+05	6.127383e-06	9.727203e-06	2.277522e-05
2	2-164827093	168886545	19	G	T	0.41	-0.04292741	0.00927968	173.9201	0.6377955	1e+05	6.363486e-06	4.843799e-06	1.266744e-05
2	2-164827120	168886572	40	T	C	0.441	-0.04714481	0.00950267	175.373	0.589247	1e+05	1.401161e-06	1.06666e-06	3.624736e-06
2	2-164880450	168939728	40	T	C	0.476	-0.04367583	0.009477178	173.5933	0.5675711	1e+05	6.86957e-06	6.814851e-06	1.68691e-05
2	2-164880451	168939729	41	G	A	0.476	-0.04409662	0.009430878	173.9112	0.5753185	1e+05	5.107477e-06	4.888881e-06	1.276603e-05
2	2-164895076	168954105	32	A	G	0.425	-0.04513582	0.009470038	174.1775	0.5554001	1e+05	3.411708e-06	3.702686e-06	1.012206e-05
2	2-164895161	168954190	36	A	G	0.444	-0.04531803	0.009450555	174.4797	0.5786833	1e+05	2.992432e-06	2.702191e-06	7.79043e-06
2	2-164906625	168965653	6	C	T	0.352	-0.04290007	0.009418901	172.3269	0.3181454	1e+05	8.689667e-06	2.570407e-05	5.2149e-05
2	2-166840036	170983918	3	G	A	0.086	0.09378684	0.02040976	172.2776	0.202839	1e+05	7.282512e-06	2.707114e-05	5.452398e-05
2	2-166966519	171111184	14	T	C	0.021	0.133913	0.02856303	173.4632	0.4275583	1e+05	4.830626e-06	7.807815e-06	1.891658e-05
2	2-169192591	173384685	23	T	C	0.025	0.1357676	0.02977635	173.098	0.4855134	1e+05	8.506581e-06	1.144426e-05	2.613773e-05
2	2-169251414	173435401	13	A	G	0.014	0.1539216	0.03390851	172.8934	0.4444736	1e+05	9.288656e-06	1.418032e-05	3.135931e-05
2	2-170391833	174588177	12	T	C	0.195	0.05462563	0.01061668	174.223	0.1991244	1e+05	5.908358e-07	3.531094e-06	9.729799e-06
2	2-176017636	180552899	16	A	G	0.033	-0.108077	0.02328491	172.1899	0.2458817	1e+05	5.942528e-06	2.968954e-05	5.90321e-05
2	2-179669417	184469666	30	A	T	0.056	0.09313296	0.01986334	174.2209	0.6794629	1e+05	4.823058e-06	3.538893e-06	9.74769e-06
2	2-203717484	209652070	9	T	C	0.132	0.05660815	0.01208784	172.1547	0.180044	1e+05	4.944898e-06	3.080741e-05	6.094157e-05
2	2-208502353	214682935	44	A	G	0.022	-0.1297744	0.02829667	174.3279	0.7318186	1e+05	7.574419e-06	3.165384e-06	8.883874e-06
2	2-221098473	227191954	23	T	C	0.097	0.06432256	0.01408343	172.9315	0.4120484	1e+05	8.227219e-06	1.362491e-05	3.03112e-05
2	2-222815852	229129118	21	A	G	0.23	0.0508076	0.01061871	174.8424	0.63984	1e+05	3.138334e-06	1.852117e-06	5.700939e-06
2	2-222816116	229129382	24	T	A	0.194	0.06016527	0.01107278	177.6767	0.6344487	1e+05	1.459737e-07	9.808988e-08	5.345151e-07
2	2-222816175	229129441	19	G	T	0.194	0.05699444	0.0107476	176.5536	0.4757054	1e+05	2.768563e-07	3.134538e-07	1.345273e-06
2	2-222816205	229129471	24	T	G	0.199	0.05308731	0.01092056	174.5165	0.4599649	1e+05	2.218406e-06	2.600439e-06	7.546479e-06
2	2-222816351	229129617	42	G	A	0.199	0.0521206	0.01130733	173.3293	0.4548253	1e+05	6.841723e-06	8.982706e-06	2.129241e-05
2	2-222827670	229142975	12	T	C	0.181	0.05102619	0.01102225	173.8271	0.5607116	1e+05	6.268386e-06	5.33793e-06	1.374095e-05
2	2-222827685	229142990	10	T	C	0.179	0.05107655	0.01100418	173.8443	0.5522394	1e+05	5.941086e-06	5.243009e-06	1.35359e-05
2	2-222827686	229142991	10	T	C	0.188	0.05090117	0.01084413	173.956	0.5339214	1e+05	4.712836e-06	4.665411e-06	1.227599e-05
2	2-222827921	229143226	16	T	C	0.206	0.05060028	0.01070909	174.4604	0.6032319	1e+05	4.103143e-06	2.756922e-06	7.921053e-06
2	2-222830585	229145889	9	T	C	0.211	0.04992555	0.01049461	174.4154	0.563606	1e+05	3.551107e-06	2.889435e-06	8.235678e-06
2	2-222831029	229146333	9	A	T	0.208	0.04915712	0.01052611	174.0612	0.5535102	1e+05	5.239281e-06	4.180396e-06	1.120014e-05
2	2-222832918	229148222	9	G	C	0.218	0.0483284	0.01036323	174.0332	0.5597939	1e+05	5.393806e-06	4.304179e-06	1.14764e-05
2	2-222832932	229148236	10	T	C	0.219	0.04885487	0.01034996	174.4243	0.5969146	1e+05	4.189936e-06	2.862715e-06	8.172418e-06
2	2-222873206	229188487	39	A	G	0.228	0.05407996	0.01094059	175.2275	0.5875394	1e+05	1.523902e-06	1.24081e-06	4.10213e-06
2	2-234349726	240567158	22	G	A	0.054	-0.09145347	0.01995394	172.6976	0.3094061	1e+05	7.673559e-06	1.741344e-05	3.735971e-05
3	3-66438408	66641022	7	C	T	0.055	-0.08721979	0.01918792	171.4748	0.1812471	1e+05	9.04076e-06	6.309392e-05	0.0001134155
3	3-178831848	181605743	26	T	C	0.131	0.05886445	0.01289481	173.446	0.3670098	1e+05	8.309198e-06	7.949758e-06	1.920615e-05
4	4-4482521	5257873	22	C	T	0.3	-0.05262542	0.01136913	174.3836	0.7117843	1e+05	6.284505e-06	2.986781e-06	8.465383e-06
4	4-4482535	5257887	21	C	A	0.311	-0.05202569	0.01114532	174.599	0.7490374	1e+05	5.287684e-06	2.386223e-06	7.027934e-06
4	4-26042506	27595453	15	A	G	0.043	0.1342883	0.02969143	170.4668	0.08146782	1e+05	9.977326e-06	0.0001836411	0.0002900147
4	4-145639355	148967845	34	T	C	0.052	0.09139384	0.01984811	172.6791	0.3930551	1e+05	6.986869e-06	1.775521e-05	3.798499e-05
4	4-146839036	150183623	31	A	G	0.013	0.2038984	0.04470109	172.4568	0.3505063	1e+05	8.440323e-06	2.242309e-05	4.638214e-05
4	4-156545575	160038725	17	A	G	0.435	0.04476768	0.009114532	173.4048	0.2416038	1e+05	1.760845e-06	8.300323e-06	1.991823e-05
4	4-156545583	160038733	16	T	C	0.443	0.04184916	0.009133496	171.7969	0.2216019	1e+05	7.716725e-06	4.490906e-05	8.440228e-05
4	4-156545584	160038734	15	A	G	0.438	0.04387181	0.009023469	172.9194	0.2148378	1e+05	2.210937e-06	1.379914e-05	3.064061e-05
4	4-189375612	193375081	2	C	G	0.168	-0.06260811	0.013076	173.1656	0.221789	1e+05	3.092112e-06	1.066176e-05	2.461462e-05
4	4-189398456	193402676	8	A	G	0.194	-0.05815496	0.01261154	171.1569	0.1433731	1e+05	6.787974e-06	8.829949e-05	0.0001521278
4	4-189398527	193402747	6	G	A	0.187	-0.0601292	0.01285352	172.0678	0.1899233	1e+05	5.05652e-06	3.375959e-05	6.59445e-05
4	4-189398672	193402892	9	C	A	0.188	-0.05880885	0.0129729	172.0196	0.2486394	1e+05	9.537965e-06	3.551649e-05	6.889639e-05
4	4-189398698	193402918	10	G	A	0.195	-0.06282321	0.01290674	173.7604	0.2934731	1e+05	2.156089e-06	5.72292e-06	1.456725e-05
4	4-200495752	204723956	24	A	G	0.027	0.1301628	0.02548846	175.3202	0.5059284	1e+05	7.09239e-07	1.126801e-06	3.790969e-06
4	4-223739501	227580523	7	T	A	0.016	0.2119943	0.04413109	173.5394	0.3717695	1e+05	2.880173e-06	7.209958e-06	1.768857e-05
4	4-226432075	230846073	34	C	A	0.013	0.1784893	0.03906653	173.9215	0.6928012	1e+05	8.169957e-06	4.836703e-06	1.265191e-05
5	5-2129586	2186664	26	C	T	0.201	0.04956502	0.01066205	172.1548	0.1623143	1e+05	5.756147e-06	3.080533e-05	6.093802e-05
5	5-2832033	2914168	25	T	C	0.145	0.0768241	0.01631362	173.4522	0.3477536	1e+05	4.402443e-06	7.898604e-06	1.910188e-05
5	5-13731445	14083569	27	A	G	0.053	0.08697924	0.01914488	172.8667	0.4260819	1e+05	9.133247e-06	1.458338e-05	3.211651e-05
5	5-13731485	14083609	35	T	C	0.155	0.06154594	0.01283562	175.2138	0.7762434	1e+05	2.997083e-06	1.258658e-06	4.150401e-06
5	5-23146048	23636988	23	T	C	0.131	0.07354502	0.01568425	170.7548	0.05930574	1e-05	4.814213e-06	0.0001352279	0.0003310422
5	5-49770566	51244699	8	A	G	0.465	0.09182814	0.01915447	175.0153	0.7417486	1e+05	3.00859e-06	1.547102e-06	4.916133e-06
5	5-51336960	52921447	12	A	G	0.04	-0.1398237	0.0277968	174.1414	0.2652999	1e+05	1.016425e-06	3.844853e-06	1.044497e-05
5	5-74491643	76659201	36	G	C	0.013	0.1991733	0.04157097	175.6422	1.270522	1e+05	3.048509e-06	8.065334e-07	2.885955e-06
5	5-131167640	134627790	41	T	C	0.033	0.1146686	0.02356912	175.4536	0.7898103	1e+05	2.178502e-06	9.80983e-07	3.385175e-06
5	5-153501778	157184970	11	A	G	0.016	0.1507941	0.0324257	173.5545	0.4970367	1e+05	5.71268e-06	7.096794e-06	1.745453e-05
5	5-168103312	172022227	30	A	G	0.405	-0.05330687	0.01109795	174.1943	0.4677084	1e+05	2.885817e-06	3.63859e-06	9.975863e-06
5	5-210317712	216107047	38	T	C	0.206	-0.05161199	0.01140787	172.4855	0.3056214	1e+05	9.915109e-06	2.17588e-05	4.520197e-05
5	5-216011922	221843326	13	C	T	0.238	0.04515605	0.009885057	172.3029	0.2461156	1e+05	8.196404e-06	2.636002e-05	5.329049e-05
5	5-216016528	221847932	15	G	A	0.205	0.048218	0.01064504	171.9219	0.2399273	1e+05	9.68712e-06	3.936759e-05	7.530678e-05
5	5-216016549	221847953	17	T	C	0.2	0.05159352	0.01069058	173.478	0.2708397	1e+05	2.603114e-06	7.688258e-06	1.867211e-05
6	6-21174328	19446019	10	A	G	0.065	0.09269817	0.02003613	174.5138	0.8514456	1e+05	6.346944e-06	2.607857e-06	7.564312e-06
6	6-75164955	77883830	17	T	C	0.048	0.09218363	0.01901008	173.9162	0.3333043	1e+05	2.343407e-06	4.863591e-06	1.271074e-05
6	6-117735392	121552481	16	G	A	0.263	0.04730526	0.01005348	173.6037	0.470302	1e+05	4.4784e-06	6.741062e-06	1.671532e-05
6	6-117735405	121552494	14	A	T	0.246	0.05026146	0.0103657	173.9064	0.4149667	1e+05	2.347401e-06	4.913774e-06	1.282041e-05
7	7-8275306	8567634	40	C	G	0.1	0.08001289	0.01762018	171.3366	0.2385928	1e+05	9.222015e-06	7.301394e-05	0.0001288244
7	7-110394723	113536537	40	T	C	0.016	-0.193576	0.04240792	171.9264	0.2495549	1e+05	8.322025e-06	3.917919e-05	7.499497e-05
7	7-142685676	147616202	9	T	C	0.021	0.1264599	0.02783013	173.2014	0.5503754	1e+05	9.102443e-06	1.026901e-05	2.384442e-05
7	7-147641487	152822847	38	A	G	0.045	0.1047173	0.0230463	172.25	0.3108771	1e+05	9.110814e-06	2.786974e-05	5.590443e-05
8	8-27434185	28342459	16	T	C	0.031	-0.1407029	0.03042321	173.698	0.4530528	1e+05	6.394457e-06	6.108389e-06	1.538652e-05
8	8-40286896	41455350	17	T	C	0.022	-0.1384633	0.02942632	171.3837	0.1481498	1e+05	4.477156e-06	6.946609e-05	0.0001233421
8	8-40440578	41627316	15	A	G	0.021	-0.1784084	0.03612055	173.7497	0.2321057	1e+05	1.550909e-06	5.78713e-06	1.470426e-05
8	8-40803237	41995279	26	G	A	0.025	-0.1313299	0.02860228	172.2796	0.2138347	1e+05	7.398345e-06	2.701419e-05	5.442534e-05
8	8-106846756	109776733	7	G	T	0.05	0.09071503	0.02004549	171.5194	0.2570542	1e+05	9.863205e-06	6.018964e-05	0.0001088542
8	8-107038828	109971396	11	A	G	0.082	0.07245204	0.01501554	172.8356	0.293477	1e+05	2.614173e-06	1.506732e-05	3.302197e-05
8	8-107105861	110002903	33	T	C	0.083	0.07428618	0.0156258	172.6244	0.287729	1e+05	3.602224e-06	1.880536e-05	3.989663e-05
8	8-107102992	110005772	19	A	G	0.124	0.07092264	0.0147646	173.6891	0.3295618	1e+05	2.882498e-06	6.165783e-06	1.550785e-05
8	8-107098300	110010464	32	G	A	0.091	0.07360079	0.01501017	172.9974	0.2656936	1e+05	1.829154e-06	1.271577e-05	2.858309e-05
8	8-107092925	110015839	27	G	A	0.071	0.08741844	0.01756284	173.1699	0.2278917	1e+05	1.299507e-06	1.061347e-05	2.452013e-05
8	8-107092776	110015988	12	C	T	0.087	0.06962774	0.01525702	171.8	0.2676679	1e+05	8.357103e-06	4.476349e-05	8.416513e-05
8	8-107062847	110045858	15	T	C	0.074	0.07122948	0.01568895	171.6597	0.2531409	1e+05	9.257114e-06	5.19034e-05	9.569733e-05
8	8-107060440	110048265	5	C	T	0.095	0.07191818	0.01454387	173.0832	0.2601257	1e+05	1.510869e-06	1.162307e-05	2.648375e-05
8	8-107059474	110049231	5	T	C	0.073	0.08034976	0.01598483	174.7957	0.3815675	1e+05	1.033581e-06	1.944338e-06	5.933992e-06
8	8-107059450	110049255	2	A	C	0.065	0.07936621	0.01670499	172.4283	0.2715437	1e+05	3.651415e-06	2.310467e-05	4.758843e-05
8	8-107058501	110050204	3	T	C	0.068	0.1083568	0.02197629	174.328	0.3825781	1e+05	1.613845e-06	3.164957e-06	8.882876e-06
8	8-107056570	110052135	5	T	C	0.043	0.1299134	0.02848081	172.0697	0.2862741	1e+05	8.43803e-06	3.369159e-05	6.582989e-05
8	8-107056076	110052629	6	A	G	0.075	0.07275862	0.01606775	171.2848	0.2495198	1e+05	9.745297e-06	7.712572e-05	0.0001351415
8	8-107056004	110052701	8	T	G	0.081	0.07114658	0.01543748	171.7009	0.2536679	1e+05	6.864565e-06	4.969759e-05	9.215553e-05
8	8-107055389	110053316	10	A	G	0.077	0.06945101	0.01527498	171.244	0.2375363	1e+05	8.995423e-06	8.053001e-05	0.0001403435
8	8-107122781	110056945	39	A	G	0.078	0.07717417	0.01677039	172.3076	0.3191405	1e+05	7.074704e-06	2.623189e-05	5.306778e-05
8	8-107122782	110056946	40	A	G	0.073	0.07817809	0.01704257	172.3237	0.3222334	1e+05	7.540772e-06	2.579152e-05	5.230138e-05
8	8-107125095	110059259	23	T	C	0.082	0.07696034	0.01563461	173.2537	0.2655797	1e+05	1.675871e-06	9.721892e-06	2.27647e-05
8	8-107125445	110059609	13	A	G	0.061	0.089279	0.01730116	174.5399	0.3209438	1e+05	5.500624e-07	2.537748e-06	7.395439e-06
8	8-107126976	110061140	6	A	G	0.073	0.07967768	0.01726081	172.9408	0.3590404	1e+05	6.645026e-06	1.349335e-05	3.006213e-05
8	8-107127100	110061264	8	C	T	0.09	0.06665882	0.01452594	171.9473	0.2990216	1e+05	7.484096e-06	3.832853e-05	7.358491e-05
8	8-107127105	110061269	10	A	C	0.088	0.06806022	0.01483827	171.9094	0.2915624	1e+05	7.554683e-06	3.988723e-05	7.616585e-05
8	8-107127134	110061298	12	T	G	0.094	0.06660283	0.01444208	172.6319	0.3476828	1e+05	6.774016e-06	1.865719e-05	3.962778e-05
8	8-107127628	110061792	18	G	C	0.08	0.07302573	0.01519409	173.0865	0.3046955	1e+05	2.848401e-06	1.158301e-05	2.64063e-05
8	8-107145380	110079529	4	A	C	0.072	0.07403467	0.01613682	172.0715	0.2894807	1e+05	7.51747e-06	3.362735e-05	6.572158e-05
8	8-107145644	110079793	4	T	C	0.079	0.0698401	0.01499946	171.8723	0.2534225	1e+05	5.570108e-06	4.147926e-05	7.878959e-05
8	8-107145679	110079828	8	A	G	0.076	0.07138918	0.01547328	172.0642	0.2970307	1e+05	6.715287e-06	3.388585e-05	6.615727e-05
8	8-107149215	110083364	24	G	T	0.127	0.069039	0.0139476	174.3033	0.3536839	1e+05	1.476587e-06	3.24762e-06	9.075336e-06
8	8-107150540	110084689	13	G	A	0.083	0.07305653	0.01466564	173.6093	0.2587649	1e+05	1.275548e-06	6.70185e-06	1.66335e-05
8	8-107150976	110085125	6	A	G	0.071	0.07358287	0.0159446	171.8702	0.2803299	1e+05	6.679952e-06	4.156875e-05	7.893671e-05
8	8-107154178	110088327	11	T	C	0.079	0.06990074	0.01517249	172.262	0.2877634	1e+05	6.913516e-06	2.751884e-05	5.529849e-05
8	8-107165234	110099221	12	A	G	0.075	0.0723755	0.01597078	172.233	0.3570804	1e+05	9.598537e-06	2.837106e-05	5.67685e-05
8	8-107165494	110099481	10	T	C	0.072	0.07381008	0.01592978	171.4691	0.2202253	1e+05	6.156754e-06	6.347659e-05	0.0001140147
8	8-107168775	110102762	13	G	A	0.083	0.06765176	0.01479603	171.2045	0.2196404	1e+05	8.048477e-06	8.396268e-05	0.0001455645
8	8-107174489	110108476	5	C	G	0.082	0.0700598	0.01497486	172.1829	0.2868268	1e+05	5.046146e-06	2.990836e-05	5.940656e-05
8	8-107199230	110128193	32	A	G	0.083	0.07300879	0.015651	172.4899	0.2984861	1e+05	5.361657e-06	2.165801e-05	4.502251e-05
8	8-107199261	110128224	33	T	C	0.076	0.07971558	0.01620866	173.0962	0.2426896	1e+05	1.709756e-06	1.146544e-05	2.617876e-05
8	8-107207035	110135998	5	A	G	0.089	0.06929518	0.01457749	173.0995	0.2992132	1e+05	3.61025e-06	1.142629e-05	2.610292e-05
8	8-107246221	110174587	20	A	G	0.095	0.06583811	0.01415478	171.9083	0.2277799	1e+05	5.691316e-06	3.993669e-05	7.624754e-05
8	8-113258768	116508654	26	T	C	0.028	-0.1155823	0.0254457	174.5217	1.370156	1e+05	9.169047e-06	2.586307e-06	7.512482e-06
8	8-122843719	126694320	11	A	G	0.171	0.05895456	0.01106766	175.4363	0.2990314	1e+05	2.466449e-07	9.987856e-07	3.435233e-06
8	8-123438963	127180436	9	G	A	0.123	-0.05835321	0.01268066	172.1636	0.2032228	1e+05	7.076604e-06	3.052048e-05	6.045229e-05
8	8-148198793	153154054	16	C	T	0.294	-0.05179403	0.009964353	174.4089	0.178413	1e+05	4.595476e-07	2.908874e-06	8.28164e-06
8	8-148198851	153154112	16	C	T	0.297	-0.04641658	0.01005874	171.3693	0.1422858	1e+05	6.690422e-06	7.053127e-05	0.0001249913
8	8-148198899	153154160	7	T	C	0.287	-0.04867579	0.009878489	172.9928	0.1553966	1e+05	1.637597e-06	1.277753e-05	2.870099e-05
8	8-148199007	153154268	5	A	C	0.307	-0.04730721	0.00981116	173.4347	0.2374682	1e+05	2.654333e-06	8.044472e-06	1.939896e-05
8	8-148199024	153154285	7	T	C	0.305	-0.04609605	0.01000194	172.3971	0.2437779	1e+05	6.864034e-06	2.387489e-05	4.894618e-05
8	8-148199053	153154314	7	T	C	0.296	-0.04716	0.01021027	172.4539	0.2413108	1e+05	6.564584e-06	2.249332e-05	4.650665e-05
8	8-148199171	153154432	8	G	C	0.295	-0.04736399	0.0100331	172.7835	0.2216582	1e+05	4.181013e-06	1.591247e-05	3.459414e-05
8	8-148199541	153154802	27	T	C	0.318	-0.04962872	0.01019518	173.2835	0.2229208	1e+05	2.152255e-06	9.42378e-06	2.217287e-05
8	8-148199634	153154895	36	G	A	0.341	-0.048823	0.01055442	172.1865	0.1957817	1e+05	6.366936e-06	2.97946e-05	5.921193e-05
8	8-148199648	153154909	35	A	G	0.337	-0.04949377	0.01049535	172.8692	0.2197643	1e+05	4.275149e-06	1.454534e-05	3.204517e-05
8	8-148200931	153156192	40	T	C	0.335	-0.04913046	0.0106924	172.3929	0.2269315	1e+05	7.292125e-06	2.398107e-05	4.913292e-05
8	8-148201312	153156573	43	T	C	0.332	-0.05144838	0.01108232	173.3806	0.3261881	1e+05	5.919611e-06	8.51265e-06	2.034745e-05
8	8-148202886	153158147	40	C	T	0.281	-0.05371449	0.01047667	173.1725	0.1227873	1e+05	6.441705e-07	1.058442e-05	2.446327e-05
8	8-148203119	153158380	22	C	T	0.288	-0.04786177	0.01014525	172.313	0.1617944	1e+05	4.239619e-06	2.608263e-05	5.280821e-05
8	8-148203173	153158434	38	G	A	0.291	-0.04819611	0.0106174	170.981	0.1153821	1e+05	9.287326e-06	0.0001063802	0.0001791377
8	8-148203180	153158441	37	G	C	0.295	-0.0477657	0.01032454	170.5776	0.07358459	1e-05	6.3505e-06	0.0001632275	0.0003889248
8	8-148203571	153158832	19	C	T	0.289	-0.04736502	0.009968877	171.2475	0.09249444	1e-05	3.647444e-06	8.022521e-05	0.0001460615
8	8-148203646	153158907	18	G	A	0.297	-0.04699727	0.01005563	173.1132	0.2326132	1e+05	5.153954e-06	1.126328e-05	2.578676e-05
8	8-148203915	153159176	11	T	C	0.28	-0.04976353	0.01014614	173.6439	0.2052227	1e+05	1.818433e-06	6.463866e-06	1.613543e-05
8	8-148204082	153159343	5	T	C	0.28	-0.04675636	0.009962302	172.463	0.2025744	1e+05	4.724598e-06	2.227764e-05	4.612413e-05
8	8-148204176	153159437	11	G	C	0.283	-0.04865531	0.009998919	172.9633	0.1786494	1e+05	2.170065e-06	1.317891e-05	2.946544e-05
8	8-148204185	153159446	10	T	C	0.284	-0.04985874	0.01001179	173.4532	0.1840269	1e+05	1.284309e-06	7.890495e-06	1.908534e-05
8	8-148204720	153159981	10	C	T	0.279	-0.04826076	0.01023113	172.4128	0.1934226	1e+05	4.251056e-06	2.348575e-05	4.82609e-05
8	8-148204987	153160248	14	G	A	0.287	-0.04715451	0.01019756	171.7933	0.1663659	1e+05	6.415784e-06	4.508056e-05	8.468157e-05
8	8-148205183	153160442	19	G	A	0.289	-0.04686845	0.01012765	172.1356	0.2103448	1e+05	6.312917e-06	3.143241e-05	6.200545e-05
8	8-148205574	153160833	20	C	T	0.3	-0.04609033	0.01001627	171.6137	0.184727	1e+05	7.082933e-06	5.448296e-05	9.981733e-05
8	8-148205599	153160858	25	C	T	0.302	-0.04598281	0.01007358	171.3484	0.1634227	1e+05	8.31929e-06	7.210627e-05	0.0001274247
8	8-148206464	153161723	19	C	T	0.299	-0.04963195	0.009904266	173.0053	0.1378653	1e+05	1.110929e-06	1.261149e-05	2.838381e-05
8	8-148206555	153161814	15	C	T	0.29	-0.048571	0.01013972	172.5054	0.1710696	1e+05	3.062188e-06	2.130701e-05	4.439671e-05
8	8-148209451	153164710	21	T	A	0.306	-0.05331718	0.009798875	175.2682	0.1666121	1e+05	1.406346e-07	1.189454e-06	3.96258e-06
8	8-148209712	153164971	21	G	C	0.292	-0.04678551	0.01012961	171.6203	0.1570978	1e+05	6.569999e-06	5.410969e-05	9.922257e-05
8	8-148209745	153165004	22	T	C	0.283	-0.04913013	0.01013613	171.9071	0.1334883	1e+05	2.366637e-06	3.998737e-05	7.633123e-05
8	8-148210594	153165853	11	C	T	0.292	-0.04599294	0.01007925	171.7977	0.1936196	1e+05	8.376003e-06	4.487377e-05	8.434479e-05
8	8-148210853	153166112	14	A	C	0.296	-0.04613641	0.01003342	171.539	0.1539635	1e+05	7.185052e-06	5.895535e-05	0.0001069083
8	8-148211078	153166337	10	T	C	0.284	-0.05145558	0.009868905	173.5819	0.1367531	1e+05	4.256624e-07	6.896478e-06	1.703894e-05
8	8-148211188	153166447	32	G	C	0.326	-0.051789	0.01021674	173.1688	0.1519189	1e+05	8.472274e-07	1.062544e-05	2.454356e-05
8	8-148211518	153166777	3	T	C	0.284	-0.04980915	0.009864382	174.3108	0.2096494	1e+05	9.290787e-07	3.222183e-06	9.016194e-06
8	8-148211813	153167072	11	A	G	0.285	-0.05137748	0.009785028	174.5007	0.1453476	1e+05	3.567427e-07	2.64356e-06	7.65004e-06
8	8-148216187	153171446	30	A	G	0.297	-0.0476593	0.01015756	171.021	0.1009804	1e-05	4.752507e-06	0.0001019702	0.0001965505
8	8-148216211	153171470	20	G	T	0.273	-0.04802673	0.01045224	171.4215	0.1698559	1e+05	7.292755e-06	6.674449e-05	0.0001191154
8	8-148216213	153171472	20	T	G	0.276	-0.04957902	0.01043022	172.2064	0.1719637	1e+05	3.613082e-06	2.917628e-05	5.815242e-05
8	8-148216229	153171488	22	A	G	0.291	-0.0489132	0.0100898	172.2631	0.1345893	1e+05	2.358524e-06	2.748798e-05	5.524515e-05
8	8-148216242	153171501	21	T	C	0.294	-0.04725173	0.01006762	172.0913	0.1487688	1e+05	4.722308e-06	3.293296e-05	6.454923e-05
8	8-148216407	153171666	14	G	A	0.287	-0.04601921	0.01015305	171.6837	0.1896305	1e+05	9.565055e-06	5.060314e-05	9.36117e-05
8	8-148216643	153171902	21	T	C	0.299	-0.04809752	0.01010299	172.8436	0.2005692	1e+05	3.496277e-06	1.494011e-05	3.278433e-05
8	8-148216683	153171942	14	A	C	0.287	-0.04713227	0.01016028	172.3336	0.1908863	1e+05	6.011784e-06	2.552473e-05	5.183628e-05
8	8-148216770	153172029	14	A	G	0.287	-0.0467079	0.01010134	171.9241	0.1906514	1e+05	6.420439e-06	3.927534e-05	7.515412e-05
8	8-148216772	153172031	14	A	G	0.289	-0.0495299	0.01006193	172.9073	0.1614121	1e+05	1.675346e-06	1.397572e-05	3.097387e-05
8	8-148305305	153254275	6	T	C	0.151	-0.08039245	0.01768051	171.7325	0.2427893	1e+05	8.986135e-06	4.806509e-05	8.952253e-05
8	8-148305318	153254288	6	T	C	0.142	-0.0849484	0.01772744	172.5982	0.2162413	1e+05	3.038174e-06	1.932922e-05	4.084505e-05
8	8-148305490	153254460	46	T	C	0.265	-0.06001097	0.01224242	172.2762	0.09383219	1e+05	1.841839e-06	2.711228e-05	5.459521e-05
8	8-148308657	153257627	42	A	G	0.216	-0.06535976	0.01432458	171.8555	0.2133735	1e+05	8.389259e-06	4.222046e-05	8.000703e-05
8	8-148324389	153272326	24	T	C	0.289	-0.05121438	0.01027625	172.886	0.132479	1e+05	1.262087e-06	1.429077e-05	3.156709e-05
8	8-148324561	153272498	11	A	G	0.294	-0.04633738	0.009810774	172.4896	0.1970057	1e+05	4.137612e-06	2.166412e-05	4.503339e-05
8	8-148324862	153272799	13	C	T	0.281	-0.05022455	0.01001284	174.0117	0.1905262	1e+05	1.086113e-06	4.402033e-06	1.169395e-05
8	8-148324984	153272921	9	T	C	0.292	-0.04643445	0.009800437	172.2827	0.170622	1e+05	3.871231e-06	2.692719e-05	5.427461e-05
8	8-148325525	153273462	20	G	A	0.3	-0.0479882	0.01005594	172.3815	0.1568257	1e+05	3.321594e-06	2.426948e-05	4.963963e-05
8	8-148325812	153273749	28	A	G	0.289	-0.0475983	0.01036806	171.5178	0.1476255	1e+05	7.421925e-06	6.029036e-05	0.0001090128
8	8-148325907	153273844	10	A	C	0.295	-0.04644079	0.009869314	172.1394	0.1626876	1e+05	4.474118e-06	3.130742e-05	6.179291e-05
8	8-148330462	153278399	23	G	A	0.29	-0.04905257	0.0100833	171.8015	0.1025674	1e-05	2.183209e-06	4.469356e-05	8.860267e-05
8	8-148425129	153281157	9	G	T	0.278	-0.04855387	0.01001488	173.4933	0.2205665	1e+05	2.354379e-06	7.565838e-06	1.842122e-05
8	8-148424268	153282018	13	T	C	0.276	-0.04993479	0.01015017	172.4525	0.1269672	1e+05	1.697877e-06	2.252515e-05	4.656307e-05
8	8-148424230	153282056	19	C	G	0.286	-0.04933166	0.01006832	172.9247	0.1615707	1e+05	1.8605e-06	1.372339e-05	3.049747e-05
8	8-148423576	153282710	8	C	T	0.272	-0.05011733	0.009938706	172.5453	0.08967434	1e-05	9.589551e-07	2.043253e-05	4.530653e-05
8	8-148423514	153282772	8	A	C	0.253	-0.0480371	0.01030217	170.6643	0.06410472	1e-05	5.409019e-06	0.0001488688	0.0003321936
8	8-148423414	153282872	9	T	C	0.273	-0.04528053	0.0100021	171.9125	0.2171717	1e+05	9.793331e-06	3.97603e-05	7.595612e-05
8	8-148423368	153282918	8	T	C	0.281	-0.04946588	0.009844536	173.7098	0.1775048	1e+05	1.042911e-06	6.03372e-06	1.522841e-05
8	8-148423361	153282925	9	A	G	0.285	-0.04848349	0.009884743	173.2747	0.1925915	1e+05	1.816713e-06	9.510411e-06	2.234512e-05
8	8-148423332	153282954	8	A	G	0.283	-0.04809548	0.009822856	173.2685	0.1792874	1e+05	1.889822e-06	9.572045e-06	2.246753e-05
8	8-148423203	153283083	7	A	G	0.275	-0.04589834	0.01002841	171.9966	0.1995908	1e+05	7.89076e-06	3.638838e-05	7.035471e-05
8	8-148421527	153284759	4	T	C	0.276	-0.04695274	0.01014965	172.7087	0.254104	1e+05	6.361001e-06	1.721219e-05	3.699078e-05
8	8-148421490	153284796	6	T	C	0.285	-0.04612381	0.009970913	172.5626	0.236787	1e+05	6.366888e-06	2.006612e-05	4.217356e-05
8	8-148421399	153284887	5	T	C	0.291	-0.04637326	0.009967518	172.2149	0.192993	1e+05	5.662746e-06	2.891825e-05	5.770947e-05
8	8-148421275	153285011	6	G	A	0.288	-0.04865313	0.009803033	173.6977	0.2003518	1e+05	1.389202e-06	6.110432e-06	1.539084e-05
8	8-148342088	153364343	16	T	C	0.299	-0.04596496	0.01007432	172.0545	0.209881	1e+05	8.395897e-06	3.423399e-05	6.674337e-05
8	8-148342009	153364422	22	C	T	0.315	-0.05247487	0.009869155	174.8631	0.1594555	1e+05	2.585567e-07	1.812516e-06	5.600295e-06
8	8-151788976	156913699	23	G	A	0.087	0.07234858	0.01589372	174.4412	1.341097	1e+05	8.790476e-06	2.812608e-06	8.053547e-06
8	8-160392107	165816269	9	T	C	0.032	0.1107393	0.02240489	175.6521	0.5975699	1e+05	1.526825e-06	7.982481e-07	2.861814e-06
8	8-160525560	165934262	5	T	C	0.052	0.09417986	0.01784986	177.2982	0.6669277	1e+05	3.15231e-07	1.450457e-07	7.279791e-07
8	8-162764633	168216429	5	T	C	0.448	-0.04022471	0.008430812	173.2464	0.2610384	1e+05	3.336109e-06	9.796286e-06	2.2912e-05
8	8-162764635	168216431	5	A	C	0.445	-0.03990742	0.00847652	172.9494	0.2568366	1e+05	4.426148e-06	1.337263e-05	2.983326e-05
9	9-5068790	4678633	12	T	C	0.305	0.04309618	0.009458769	171.3119	0.1655362	1e+05	8.631879e-06	7.494641e-05	0.0001317981
9	9-76322841	78373036	11	A	G	0.019	0.188196	0.03997449	175.3503	1.297921	1e+05	4.427997e-06	1.092131e-06	3.695327e-06
9	9-87968393	90293126	38	T	C	0.444	-0.0517389	0.01136509	174.64	1.764293	1e+05	8.774575e-06	2.286449e-06	6.783953e-06
9	9-108929177	111576727	6	G	C	0.046	0.1019175	0.02147783	174.6982	0.5174548	1e+05	3.747727e-06	2.152147e-06	6.452864e-06
10	10-42431271	43603955	20	T	C	0.012	0.2020051	0.043471	174.6016	0.9272648	1e+05	5.803027e-06	2.379722e-06	7.012085e-06
10	10-72538033	71666170	30	C	T	0.279	0.06565553	0.01208834	178.1939	0.940454	1e+05	1.47648e-07	5.750689e-08	3.516627e-07
10	10-91145452	91363788	15	T	C	0.124	0.0579453	0.01251057	173.787	0.5104398	1e+05	6.204537e-06	5.566e-06	1.423146e-05
10	10-112328564	113221094	38	C	T	0.193	0.05147564	0.01106259	170.4367	0.04325021	1e-05	5.645574e-06	0.0001896247	0.000428111
10	10-121871879	122920066	12	G	C	0.113	0.06512832	0.01434164	169.8233	0.03264449	1e-05	9.21306e-06	0.0003647738	0.0009687091
10	10-125327564	126295045	47	T	C	0.084	0.07727427	0.01646754	172.4984	0.254521	1e+05	4.741597e-06	2.146558e-05	4.46796e-05
10	10-140502956	141807423	31	A	T	0.082	0.08015206	0.01750829	171.146	0.1198715	1e+05	7.852441e-06	8.93246e-05	0.000153674
10	10-140501787	141808592	6	A	G	0.066	0.07914737	0.01705023	170.55	0.05719975	1e-05	5.929265e-06	0.0001680897	0.0002958458
10	10-143986762	145259737	4	G	A	0.342	0.04279826	0.008767252	175.46	0.7269075	1e+05	2.02123e-06	9.745302e-07	3.366994e-06
