chr	rs	ps	n_miss	allele1	allele0	af	beta	se	logl_H1	l_remle	l_mle	p_wald	p_lrt	p_score
1	1-3044546	3146493	6	C	T	0.304	0.102746	0.02235391	36.80905	1.379885	1e+05	7.198613e-06	7.960405e-06	1.902114e-05
1	1-12666533	12855498	8	G	A	0.182	-0.101602	0.02195889	37.3137	2.392485	1e+05	6.293868e-06	4.697906e-06	1.220267e-05
1	1-13896533	14114521	14	A	G	0.019	0.3514294	0.07621728	36.4913	0.9010812	1e+05	6.753422e-06	1.110143e-05	2.521362e-05
1	1-23262214	23647924	42	C	T	0.304	0.08431171	0.01862318	36.03873	0.957567	1e+05	9.726125e-06	1.784273e-05	3.778913e-05
1	1-23285837	23671543	33	A	G	0.108	0.1217866	0.02584819	37.77209	2.825256	1e+05	4.324006e-06	2.91236e-06	8.185076e-06
1	1-23333091	23718797	8	A	G	0.282	0.0923224	0.01976532	37.63495	3.713423	1e+05	5.181732e-06	3.35998e-06	9.220307e-06
1	1-23394590	23784228	11	T	C	0.115	0.1244758	0.02721767	37.06272	2.0737	1e+05	7.959698e-06	6.105952e-06	1.520853e-05
1	1-34630540	34929947	13	G	A	0.447	-0.07523641	0.01636477	37.19939	2.436936	1e+05	7.163051e-06	5.293545e-06	1.348819e-05
1	1-34633111	34932506	6	C	T	0.18	-0.09286786	0.02014184	36.65004	1.118559	1e+05	6.759195e-06	9.401416e-06	2.189714e-05
1	1-34633127	34932522	5	G	A	0.182	-0.09046913	0.0199706	36.31778	1.125572	1e+05	9.605913e-06	1.331506e-05	2.943177e-05
1	1-39693515	40049251	6	T	C	0.081	0.1651673	0.03332194	38.00964	0.9579555	1e+05	1.418311e-06	2.273852e-06	6.664383e-06
1	1-40192608	40560786	24	G	A	0.012	0.3389828	0.07272904	36.89881	1.170669	1e+05	5.417131e-06	7.247102e-06	1.757126e-05
1	1-44355760	44538123	25	A	C	0.254	0.1053248	0.02194519	38.21655	6.934598	1e+05	2.913993e-06	1.833213e-06	5.576311e-06
1	1-56039971	56699765	12	T	A	0.016	0.2964698	0.06533671	33.93078	0.3717094	1e+05	9.300474e-06	0.0001651749	0.000262487
1	1-94941272	97156157	9	A	T	0.021	0.2652027	0.0575251	36.73085	1.056841	1e+05	6.77364e-06	8.639028e-06	2.038379e-05
1	1-94996042	97211647	27	C	T	0.025	0.2460581	0.0493986	37.69594	0.7269583	1e+05	1.266688e-06	3.152993e-06	8.744376e-06
1	1-124983558	127107488	18	C	T	0.021	0.271442	0.06003753	36.44744	1.412268	1e+05	9.983779e-06	1.162341e-05	2.621768e-05
1	1-128021759	130332956	15	C	G	0.016	0.2961151	0.0653977	36.98381	2.892424	1e+05	9.69804e-06	6.630853e-06	1.630246e-05
1	1-129593476	131862690	8	T	A	0.02	0.3189405	0.05954824	40.56273	1.882384	1e+05	2.113756e-07	1.608166e-07	7.752256e-07
1	1-129945067	132259219	12	T	C	0.016	0.2961457	0.06549483	36.95448	2.856742	1e+05	9.963921e-06	6.837298e-06	1.672929e-05
1	1-130517970	132754287	22	T	C	0.017	0.2959053	0.06539862	36.95939	2.774549	1e+05	9.836427e-06	6.802285e-06	1.665703e-05
1	1-131208488	133577336	13	A	T	0.023	0.2961822	0.06141136	38.32954	3.644045	1e+05	2.619874e-06	1.629877e-06	5.060632e-06
1	1-135451273	137615849	21	T	C	0.024	-0.2362318	0.05178519	37.1136	3.055577	1e+05	8.371983e-06	5.78979e-06	1.454319e-05
1	1-136030687	138195469	12	A	C	0.028	0.2280804	0.05008757	37.15104	3.980773	1e+05	8.673569e-06	5.567734e-06	1.407279e-05
1	1-138485333	140702555	14	A	G	0.019	0.323571	0.06449169	39.02807	1e+05	1e+05	1.070106e-06	7.886407e-07	2.790452e-06
1	1-145538299	147757499	24	T	C	0.015	0.3120751	0.06892159	37.03294	3.614416	1e+05	9.695492e-06	6.298994e-06	1.561234e-05
1	1-155205704	157118338	3	C	G	0.1	0.1613839	0.02639388	43.88436	1.045582	1e+05	4.289983e-09	5.240543e-09	5.45274e-08
1	1-155206057	157118691	7	C	G	0.102	0.1545785	0.02656509	42.38044	1.08851	1e+05	2.043677e-08	2.463207e-08	1.7794e-07
1	1-155206168	157118802	3	A	T	0.096	0.1515115	0.02654693	40.83029	0.5498802	1e+05	3.633186e-08	1.219542e-07	6.223556e-07
1	1-155206362	157118996	2	T	C	0.095	0.1491563	0.02693441	40.85263	0.9598866	1e+05	8.583048e-08	1.191705e-07	6.110746e-07
1	1-155206640	157119274	7	G	A	0.095	0.1609549	0.02676429	43.14491	0.8809878	1e+05	7.342696e-09	1.121087e-08	9.716451e-08
1	1-155206764	157119398	13	A	T	0.1	0.1412893	0.02665508	38.9354	0.5811945	1e+05	2.769532e-07	8.682985e-07	3.018396e-06
1	1-155206790	157119424	13	G	C	0.093	0.1527739	0.02730412	40.45918	0.6285347	1e+05	6.425139e-08	1.789956e-07	8.442442e-07
1	1-155207190	157119824	19	G	A	0.139	0.1153176	0.02279805	38.65206	1.035638	1e+05	8.83088e-07	1.165485e-06	3.840701e-06
1	1-155207564	157120198	6	T	C	0.092	0.1636325	0.02734498	43.0481	0.9267861	1e+05	8.598619e-09	1.238533e-08	1.048557e-07
1	1-155207625	157120259	8	C	T	0.095	0.1520263	0.02631155	40.57651	0.4034539	1e+05	2.526289e-08	1.585409e-07	7.664845e-07
1	1-155207702	157120336	8	T	C	0.095	0.1475823	0.027754	40.07086	1.226882	1e+05	2.551182e-07	2.675264e-07	1.164118e-06
1	1-155207914	157120548	20	A	G	0.082	0.143145	0.02847329	38.18267	0.7868342	1e+05	1.020771e-06	1.899007e-06	5.741184e-06
1	1-155209084	157121718	22	A	G	0.102	0.1379907	0.02714325	38.43441	0.8049122	1e+05	7.828784e-07	1.461438e-06	4.625637e-06
1	1-155210121	157122755	13	A	G	0.102	0.1486392	0.02678839	40.95231	0.9782533	1e+05	8.12669e-08	1.075067e-07	5.632362e-07
1	1-155210587	157123221	7	A	G	0.09	0.1328974	0.02724731	36.43018	0.4315106	1e+05	2.04319e-06	1.183554e-05	2.662398e-05
1	1-155210978	157123612	17	A	G	0.095	0.1416154	0.02710689	38.73581	0.640376	1e+05	4.006607e-07	1.068341e-06	3.576222e-06
1	1-155211268	157123902	23	A	C	0.1	0.1372845	0.02805036	38.01415	1.124875	1e+05	1.892058e-06	2.263213e-06	6.638526e-06
1	1-155211423	157124057	19	A	T	0.093	0.1600994	0.02737636	42.31172	0.8634486	1e+05	1.755429e-08	2.643932e-08	1.879589e-07
1	1-155211695	157124329	11	A	G	0.099	0.1518957	0.0262024	41.35782	0.5819192	1e+05	2.288778e-08	7.071982e-08	4.048609e-07
1	1-155212391	157125025	12	A	T	0.093	0.1511168	0.02837543	39.75914	0.9541006	1e+05	2.452291e-07	3.694766e-07	1.50913e-06
1	1-155212448	157125082	9	C	T	0.089	0.1369367	0.02729636	36.4269	0.2900786	1e+05	1.073041e-06	1.187629e-05	2.670191e-05
1	1-155212462	157125096	11	A	G	0.09	0.1366838	0.02731552	36.41657	0.2975126	1e+05	1.139004e-06	1.200554e-05	2.694889e-05
1	1-155212558	157125192	14	A	G	0.103	0.1570603	0.02692176	42.19524	0.9050126	1e+05	1.889474e-08	2.98116e-08	2.062794e-07
1	1-155212625	157125259	23	A	G	0.093	0.1810435	0.028737	45.04615	1.19849	1e+05	1.568345e-09	1.589357e-09	2.232218e-08
1	1-155213063	157125697	13	T	C	0.121	0.1261809	0.02613618	37.50729	0.9846227	1e+05	2.562192e-06	3.838536e-06	1.030435e-05
1	1-155213158	157125792	21	G	C	0.101	0.1626457	0.02734774	42.99136	1.033508	1e+05	1.043685e-08	1.313009e-08	1.096494e-07
1	1-155213173	157125807	18	T	G	0.114	0.1410582	0.02637503	39.38005	0.7461547	1e+05	2.196385e-07	5.473393e-07	2.073453e-06
1	1-155213261	157125895	14	C	T	0.091	0.1434665	0.027059	39.27656	0.6911593	1e+05	2.751594e-07	6.093672e-07	2.262188e-06
1	1-155213325	157125959	13	A	C	0.095	0.1546532	0.02676495	40.8314	0.4306271	1e+05	2.522754e-08	1.218138e-07	6.217876e-07
1	1-155213400	157126034	8	T	G	0.089	0.1393244	0.02787472	37.9155	0.7436711	1e+05	1.169432e-06	2.508112e-06	7.22911e-06
1	1-155213829	157126463	8	A	C	0.091	0.1575229	0.02689961	42.55304	1.033873	1e+05	1.684909e-08	2.061932e-08	1.551101e-07
1	1-155214064	157126698	9	A	T	0.091	0.1707357	0.02787575	44.24044	1.340755	1e+05	4.056103e-09	3.63477e-09	4.139285e-08
1	1-155214095	157126729	8	T	A	0.093	0.1636589	0.02732163	42.38458	0.6516947	1e+05	8.326237e-09	2.452713e-08	1.773535e-07
1	1-155214112	157126746	8	T	A	0.091	0.1615302	0.02768297	41.41654	0.5930755	1e+05	1.879212e-08	6.65608e-08	3.860398e-07
1	1-156961434	158835530	18	T	C	0.019	0.2914373	0.06410659	37.03304	2.555396	1e+05	8.960897e-06	6.298309e-06	1.561091e-05
1	1-163130901	164764325	6	A	T	0.495	-0.08613215	0.01890254	36.82597	1.526881	1e+05	8.560643e-06	7.820771e-06	1.87388e-05
1	1-171088740	172973136	48	A	G	0.136	0.1099684	0.02371441	37.51041	3.594965	1e+05	6.01517e-06	3.826048e-06	1.027633e-05
1	1-171353349	173241627	37	A	G	0.06	0.1727639	0.03773336	37.16713	2.284092	1e+05	7.781075e-06	5.474937e-06	1.387541e-05
1	1-183416757	185409715	8	T	C	0.02	0.2731648	0.05668635	37.61641	1.100289	1e+05	2.668358e-06	3.425579e-06	9.370205e-06
1	1-188012103	190181036	10	T	C	0.147	-0.1082538	0.0216972	37.73717	0.6881088	1e+05	1.219155e-06	3.020341e-06	8.436892e-06
1	1-192848541	195177848	7	C	A	0.02	0.3801868	0.08055861	37.57007	1.956888	1e+05	4.17657e-06	3.595209e-06	9.755853e-06
1	1-198485459	200925211	12	T	G	0.014	0.3243208	0.06901856	37.11279	1.232131	1e+05	4.573303e-06	5.794734e-06	1.455364e-05
1	1-198500054	200939205	30	T	C	0.01	0.3553251	0.07730569	36.67363	1.230857	1e+05	7.197607e-06	9.172124e-06	2.144383e-05
1	1-198500938	200940223	28	A	T	0.013	0.3522109	0.07111059	38.56661	1.536717	1e+05	1.442896e-06	1.273734e-06	4.131192e-06
1	1-198768124	201191202	6	C	A	0.032	0.1989453	0.04341445	36.41332	1.024065	1e+05	7.648888e-06	1.204647e-05	2.702702e-05
1	1-198771449	201194805	28	T	C	0.033	0.21692	0.04620192	37.30011	1.462935	1e+05	4.65535e-06	4.765064e-06	1.234875e-05
1	1-200472032	202923572	5	T	G	0.029	0.2403673	0.05222479	36.77844	1.083942	1e+05	7.005045e-06	8.219429e-06	1.954308e-05
1	1-205484744	208270830	26	T	C	0.493	0.08958936	0.01803177	38.36704	1.251516	1e+05	1.343388e-06	1.567513e-06	4.90046e-06
1	1-205537346	208319438	22	A	G	0.481	0.0831086	0.01813791	36.09768	0.8123015	1e+05	7.663189e-06	1.677241e-05	3.58413e-05
1	1-205556772	208338916	3	T	C	0.429	0.07816352	0.01657354	37.41295	1.501178	1e+05	4.237032e-06	4.23558e-06	1.118844e-05
1	1-206168132	208950038	5	T	C	0.045	0.1974052	0.04363981	36.29052	1.210765	1e+05	9.884582e-06	1.370115e-05	3.015749e-05
1	1-207425579	210198044	30	T	C	0.063	-0.1844462	0.04019391	37.17153	2.313014	1e+05	7.436438e-06	5.449832e-06	1.382193e-05
1	1-209731559	212718420	35	T	A	0.142	0.1248794	0.02732638	36.9357	1.808219	1e+05	8.079578e-06	6.972927e-06	1.700872e-05
1	1-209754892	212742024	33	A	C	0.126	0.1460713	0.03203973	36.87529	1.612577	1e+05	8.470804e-06	7.427582e-06	1.793992e-05
1	1-210010867	212998012	20	T	C	0.084	0.1663201	0.03624996	37.0488	1.871172	1e+05	7.461296e-06	6.195432e-06	1.539593e-05
1	1-211038188	214036098	12	A	G	0.095	0.1381289	0.02913519	37.88433	2.603406	1e+05	3.792001e-06	2.590904e-06	7.426713e-06
1	1-211040332	214038242	5	T	C	0.078	0.1408466	0.03102902	36.41165	1.196324	1e+05	9.235361e-06	1.206751e-05	2.706716e-05
1	1-211112814	214117395	3	C	T	0.036	0.2801901	0.05820437	37.7821	1.391129	1e+05	2.729325e-06	2.882143e-06	8.114358e-06
1	1-211376450	214384881	15	C	A	0.033	-0.193528	0.04273709	36.78813	1.929615	1e+05	9.680171e-06	8.136501e-06	1.937623e-05
1	1-215951593	219083353	20	T	C	0.072	0.1939749	0.04258032	36.59905	1.362364	1e+05	8.603186e-06	9.916924e-06	2.291083e-05
1	1-217543966	220682245	5	A	G	0.036	0.2153847	0.0424293	38.14712	0.7932598	1e+05	8.109666e-07	1.970593e-06	5.91955e-06
1	1-217550932	220689211	15	G	A	0.019	0.2824018	0.05878676	37.03815	0.8110364	1e+05	2.856703e-06	6.264766e-06	1.554087e-05
1	1-217561901	220700180	12	A	G	0.035	0.2313789	0.04295128	40.12221	1.118624	1e+05	1.815261e-07	2.536766e-07	1.115554e-06
1	1-217565191	220703470	16	C	T	0.033	0.2274559	0.04394168	39.06185	1.062682	1e+05	5.044569e-07	7.614643e-07	2.71181e-06
1	1-218774625	221948146	22	T	C	0.017	0.2766842	0.06078879	35.55696	0.5658908	1e+05	8.751905e-06	2.960241e-05	5.838371e-05
1	1-218774888	221948409	32	T	C	0.023	0.2451179	0.05373669	35.81477	0.685433	1e+05	8.382934e-06	2.257389e-05	4.623296e-05
1	1-218776937	221950458	16	A	C	0.021	0.2484972	0.05359024	36.07253	0.6593482	1e+05	6.02077e-06	1.722092e-05	3.665942e-05
1	1-218783083	221956604	15	C	A	0.021	0.2606685	0.05261212	37.61862	0.6748769	1e+05	1.43271e-06	3.417694e-06	9.352211e-06
1	1-219638597	222815383	32	A	G	0.015	0.3156781	0.06897823	36.36085	0.9871846	1e+05	7.851264e-06	1.272743e-05	2.832183e-05
1	1-219666277	222843057	43	C	T	0.014	0.3324175	0.07323895	36.5486	1.366668	1e+05	9.250627e-06	1.045481e-05	2.39609e-05
1	1-220030457	223210448	30	A	C	0.01	0.3553821	0.07735031	36.68832	1.24854	1e+05	7.258206e-06	9.032204e-06	2.116645e-05
1	1-222176691	225503860	17	C	G	0.055	0.1616903	0.03569803	36.76422	1.930956	1e+05	9.636182e-06	8.34257e-06	1.979041e-05
1	1-229249544	232681505	12	A	T	0.046	0.1851315	0.0401027	36.2733	0.8571161	1e+05	6.590898e-06	1.39507e-05	3.062513e-05
1	1-229249643	232681604	19	C	G	0.057	0.1674915	0.0367095	36.12824	0.9128279	1e+05	8.340797e-06	1.62431e-05	3.487217e-05
1	1-229251655	232683616	10	A	G	0.053	0.1871142	0.03911351	37.85366	1.816579	1e+05	3.126379e-06	2.675048e-06	7.626547e-06
1	1-229253457	232685418	25	A	T	0.052	0.1787638	0.03849987	37.26109	1.87914	1e+05	5.857119e-06	4.963202e-06	1.2778e-05
1	1-229254052	232686013	20	A	G	0.053	0.1855566	0.03929837	37.56846	1.828273	1e+05	4.132826e-06	3.601253e-06	9.769543e-06
1	1-229255370	232687331	24	A	G	0.054	0.1865452	0.03937507	37.62099	1.786424	1e+05	3.848798e-06	3.409257e-06	9.332949e-06
1	1-229255793	232687754	30	G	A	0.045	0.1815796	0.04009585	35.90298	0.8407612	1e+05	9.667599e-06	2.057595e-05	4.269763e-05
1	1-229261628	232693588	26	G	A	0.054	0.1831339	0.03937159	37.21787	1.724841	1e+05	5.649068e-06	5.192322e-06	1.327128e-05
1	1-229262394	232694354	22	C	T	0.053	0.1871321	0.03918109	37.73427	1.666558	1e+05	3.238241e-06	3.029484e-06	8.458148e-06
1	1-229263023	232694983	18	A	G	0.052	0.1847905	0.03917313	37.4878	1.673122	1e+05	4.215998e-06	3.917372e-06	1.048093e-05
1	1-229264166	232696126	25	T	C	0.057	0.1923584	0.03878427	38.53299	1.60946	1e+05	1.398809e-06	1.31905e-06	4.251585e-06
1	1-229264804	232696764	15	G	A	0.054	0.1788897	0.03906117	36.94643	1.797287	1e+05	7.740797e-06	6.895083e-06	1.684843e-05
1	1-229268365	232700325	22	C	G	0.083	0.1521367	0.02940821	39.42804	1.319045	1e+05	5.118364e-07	5.207642e-07	1.991472e-06
1	1-229929411	233409582	1	C	T	0.099	-0.1542642	0.03411249	36.89842	2.268766	1e+05	9.94009e-06	7.25005e-06	1.757729e-05
1	1-229965848	233446017	24	G	A	0.012	0.3791396	0.08256394	36.33383	0.9407338	1e+05	7.334169e-06	1.309298e-05	2.901307e-05
1	1-244386235	247998413	27	A	G	0.035	0.1921307	0.04238067	35.87762	0.7855649	1e+05	9.468079e-06	2.113154e-05	4.368493e-05
1	1-248198887	252128336	31	C	A	0.226	-0.09021662	0.01994741	36.23452	1.101097	1e+05	9.918428e-06	1.45297e-05	3.17059e-05
1	1-248198888	252128337	31	T	C	0.226	-0.09021662	0.01994741	36.23452	1.101097	1e+05	9.918428e-06	1.45297e-05	3.17059e-05
1	1-252584544	256730713	35	A	C	0.332	0.08105898	0.01758152	36.78706	1.142293	1e+05	6.765979e-06	8.145592e-06	1.939454e-05
1	1-252584545	256730714	35	G	C	0.329	0.07958711	0.01756901	36.52946	1.253933	1e+05	9.611964e-06	1.066649e-05	2.437213e-05
1	1-252585180	256731349	34	T	C	0.34	0.08676882	0.01758105	38.62042	1.977838	1e+05	1.56554e-06	1.204444e-06	3.945737e-06
1	1-265760422	270502764	15	A	G	0.016	0.3662373	0.08052089	35.75861	0.8270531	1e+05	8.875055e-06	2.394625e-05	4.863847e-05
1	1-277572184	282512705	20	A	G	0.019	0.2736474	0.0602802	37.09174	4.717944	1e+05	9.219294e-06	5.92359e-06	1.482538e-05
1	1-278745896	283750119	42	A	G	0.011	0.3536613	0.07748156	36.54687	1.243112	1e+05	8.274316e-06	1.047387e-05	2.399797e-05
1	1-285783498	290865298	35	A	G	0.031	0.3358918	0.07266256	37.32408	35.35579	1e+05	6.413876e-06	4.647272e-06	1.209233e-05
2	2-23739463	24415385	41	T	C	0.035	0.229902	0.04977793	37.21748	2.123938	1e+05	6.529777e-06	5.194427e-06	1.327579e-05
2	2-31979691	32865757	9	G	C	0.429	0.07212134	0.01585992	36.48232	1.430846	1e+05	8.911999e-06	1.120634e-05	2.541592e-05
2	2-31980000	32866066	12	T	C	0.481	0.07842369	0.01605749	37.93079	1.34353	1e+05	1.983438e-06	2.468501e-06	7.134214e-06
2	2-33424775	34288746	7	T	C	0.446	0.1239181	0.02550517	37.32901	0.841734	1e+05	2.227624e-06	4.623447e-06	1.204035e-05
2	2-37999265	38770817	30	T	C	0.015	0.3442008	0.07495976	36.73234	1.342756	1e+05	7.342686e-06	8.625535e-06	2.035685e-05
2	2-48010250	49350770	20	A	G	0.031	0.2324534	0.05110191	36.95086	1e+05	1e+05	8.857008e-06	6.863227e-06	1.678277e-05
2	2-54304175	55718988	17	A	G	0.026	0.2914268	0.06222141	36.51181	0.8383811	1e+05	4.896041e-06	1.086553e-05	2.475777e-05
2	2-69393651	70620815	32	T	C	0.01	0.4076599	0.08975718	36.10847	0.9203415	1e+05	9.130927e-06	1.658363e-05	3.549612e-05
2	2-103566898	105863668	34	A	G	0.384	-0.08625433	0.01816888	37.14939	1.082772	1e+05	3.684693e-06	5.577351e-06	1.409321e-05
2	2-114986962	117615289	39	T	C	0.053	-0.1793407	0.03791593	37.73441	1e+05	1e+05	3.983685e-06	3.029034e-06	8.457103e-06
2	2-151910611	155939563	44	T	C	0.016	0.3241062	0.07049243	37.17658	2.294292	1e+05	7.154222e-06	5.421147e-06	1.376078e-05
2	2-160076850	164110290	37	A	G	0.018	0.3483788	0.07318678	37.799	2.085662	1e+05	3.479326e-06	2.831826e-06	7.996344e-06
2	2-191074338	196151646	1	T	G	0.037	0.2918551	0.06323855	37.18085	2.138673	1e+05	6.628339e-06	5.397038e-06	1.370935e-05
2	2-191235329	196301964	6	T	C	0.029	0.2914742	0.06329083	37.36532	3.832496	1e+05	6.920659e-06	4.451475e-06	1.166398e-05
2	2-191280765	196347400	11	A	C	0.039	0.3383581	0.06970626	38.24621	2.251216	1e+05	2.273747e-06	1.777489e-06	5.435937e-06
2	2-191289196	196355831	31	T	C	0.043	0.3265737	0.05760284	42.34458	8.895563	1e+05	4.409971e-08	2.555907e-08	1.830977e-07
2	2-191294896	196361530	10	A	G	0.039	0.3298339	0.06235044	40.0928	1.709932	1e+05	2.916659e-07	2.615175e-07	1.143106e-06
2	2-191297684	196364317	10	A	G	0.044	0.2898764	0.06050916	38.02033	2.501335	1e+05	3.032627e-06	2.248678e-06	6.603172e-06
2	2-191298407	196365040	3	T	C	0.022	0.4480385	0.09366405	37.70142	1.421861	1e+05	3.132221e-06	3.13501e-06	8.702808e-06
2	2-191341353	196407938	18	A	C	0.048	0.2723458	0.06003515	36.96469	2.782999	1e+05	9.346176e-06	6.764728e-06	1.657946e-05
2	2-191345717	196412302	9	T	C	0.037	0.3084348	0.05974174	39.83542	12.64574	1e+05	5.380832e-07	3.413982e-07	1.416051e-06
2	2-191351679	196418264	20	A	G	0.046	0.2713271	0.049862	41.04859	1e+05	1e+05	1.386614e-07	9.732731e-08	5.206584e-07
2	2-191420561	196502521	2	A	G	0.044	0.2778671	0.06015795	37.32258	2.862174	1e+05	6.518121e-06	4.654554e-06	1.210821e-05
2	2-191462742	196544714	15	T	C	0.049	0.267617	0.05789257	37.37889	3.314913	1e+05	6.413213e-06	4.388848e-06	1.15264e-05
2	2-191764010	196818730	15	A	G	0.035	0.2842269	0.06158222	37.41989	4.536525	1e+05	6.620747e-06	4.205011e-06	1.112083e-05
2	2-191763354	196819386	14	T	C	0.04	0.289674	0.06313775	36.94022	1.725383	1e+05	7.467068e-06	6.940008e-06	1.694097e-05
2	2-191761842	196820898	33	A	G	0.033	0.2841461	0.05608036	39.45401	6.35688	1e+05	8.483033e-07	5.06926e-07	1.948495e-06
2	2-191761830	196820910	35	T	C	0.036	0.26065	0.05432651	38.17954	11.32201	1e+05	2.935207e-06	1.905199e-06	5.756654e-06
2	2-199446293	205327816	45	T	G	0.025	0.29697	0.0623187	38.05213	3.681667	1e+05	3.398715e-06	2.17545e-06	6.424507e-06
2	2-201696378	207649897	6	A	G	0.034	0.3152602	0.06351966	38.91074	12.46746	1e+05	1.376365e-06	8.908185e-07	3.082188e-06
2	2-203073002	208993508	34	C	T	0.041	0.2441782	0.04798272	39.36011	1e+05	1e+05	7.643088e-07	5.587795e-07	2.10853e-06
2	2-217950086	224066614	14	T	C	0.012	0.3267529	0.07151124	36.95198	1.735791	1e+05	8.103147e-06	6.855215e-06	1.676625e-05
2	2-217954545	224070903	9	T	G	0.018	0.269062	0.05912218	36.78959	1.719591	1e+05	8.775442e-06	8.124095e-06	1.935125e-05
2	2-217955360	224071718	37	T	C	0.01	0.3594221	0.07732175	36.90319	1.229211	1e+05	5.725076e-06	7.214001e-06	1.75035e-05
2	2-218017863	224126651	12	A	G	0.086	0.1546089	0.03370117	36.84573	1.580143	1e+05	7.477751e-06	7.660725e-06	1.841431e-05
2	2-220605854	226723597	34	T	C	0.075	0.204488	0.03947341	39.80539	2.556361	1e+05	4.946941e-07	3.521899e-07	1.451981e-06
2	2-222833053	229148355	16	T	C	0.031	0.3119239	0.05787038	40.44286	1.094741	1e+05	1.788347e-07	1.820432e-07	8.556825e-07
2	2-227063738	233420882	4	A	C	0.069	0.1752872	0.03552224	38.40817	1.574084	1e+05	1.571223e-06	1.501869e-06	4.730751e-06
2	2-232836047	239076211	14	C	T	0.294	-0.08333057	0.01815133	35.8921	0.6686741	1e+05	7.372568e-06	2.081243e-05	4.311827e-05
2	2-232936807	239169196	30	G	A	0.035	0.2116921	0.04448558	36.06805	0.4831687	1e+05	3.502307e-06	1.730203e-05	3.680708e-05
3	3-1550577	836789	13	T	C	0.014	0.311318	0.06883886	36.95071	15.8335	1e+05	9.931571e-06	6.864298e-06	1.678498e-05
3	3-5991234	5153635	20	G	A	0.012	0.3354002	0.07236589	37.21021	1.834185	1e+05	6.079525e-06	5.234029e-06	1.336072e-05
3	3-10947293	10278747	15	T	C	0.016	0.2809733	0.06001064	37.28025	1.546741	1e+05	4.932057e-06	4.86488e-06	1.256531e-05
3	3-19254224	18635461	24	G	A	0.343	0.08176331	0.01805686	36.89929	2.371825	1e+05	9.690035e-06	7.24347e-06	1.756383e-05
3	3-19255018	18636255	25	T	A	0.278	0.0961556	0.02034371	37.63996	1.850186	1e+05	4.044808e-06	3.342498e-06	9.180284e-06
3	3-22153224	21606885	44	T	C	0.204	0.1043005	0.02250597	37.34119	2.296278	1e+05	6.09119e-06	4.564998e-06	1.191267e-05
3	3-22155346	21609008	27	G	A	0.132	0.1401143	0.02792439	39.0837	2.442329	1e+05	1.06821e-06	7.443914e-07	2.662163e-06
3	3-30633999	30220050	17	A	G	0.026	0.2793533	0.05759011	38.04129	1.482896	1e+05	2.30865e-06	2.200131e-06	6.484829e-06
3	3-30662192	30258927	37	A	G	0.037	0.2270005	0.04766197	37.02919	0.8601301	1e+05	3.439094e-06	6.323726e-06	1.566394e-05
3	3-30784618	30379879	39	T	C	0.053	0.1872944	0.03688359	39.31474	1.975689	1e+05	8.046201e-07	5.857063e-07	2.190605e-06
3	3-32554707	32161761	21	C	T	0.483	-0.08479386	0.01843244	37.35076	4.306022	1e+05	7.076067e-06	4.519647e-06	1.181343e-05
3	3-66740500	66938155	5	A	G	0.13	0.1198867	0.02648343	36.58102	1.430285	1e+05	9.742506e-06	1.01059e-05	2.328061e-05
3	3-70334392	70570125	7	G	A	0.02	0.3121078	0.065777	37.80034	1e+05	1e+05	3.725043e-06	2.827866e-06	7.987043e-06
3	3-73509293	73721724	7	T	C	0.011	0.4479666	0.09753703	36.77767	1.243796	1e+05	7.311318e-06	8.226059e-06	1.955641e-05
3	3-96491993	102620734	41	A	C	0.08	0.1506247	0.03295518	37.0437	1e+05	1e+05	8.055964e-06	6.228513e-06	1.546511e-05
3	3-116483405	116779738	30	G	A	0.015	0.4021575	0.08700175	37.44803	4.071365	1e+05	6.420063e-06	4.083368e-06	1.085103e-05
3	3-128753211	129252327	29	A	G	0.095	0.1290669	0.02792311	36.56233	0.9134692	1e+05	6.425153e-06	1.030565e-05	2.367046e-05
3	3-131054095	131566007	35	A	G	0.135	0.1141391	0.02419591	37.42838	1.458136	1e+05	4.215764e-06	4.167949e-06	1.103875e-05
3	3-131054101	131566013	39	G	C	0.116	0.1191646	0.0258512	36.83435	1.267687	1e+05	6.790657e-06	7.752516e-06	1.860053e-05
3	3-155646155	157110870	21	A	C	0.123	-0.1146919	0.02460258	37.37162	1.930618	1e+05	5.396018e-06	4.422279e-06	1.159988e-05
3	3-158627662	160181939	17	A	G	0.012	0.3372559	0.07285062	36.81194	1.217703	1e+05	6.224979e-06	7.936353e-06	1.897256e-05
3	3-162322181	163945601	14	T	G	0.1	0.1478349	0.02624517	42.02748	2.077959	1e+05	5.311686e-08	3.543985e-08	2.359263e-07
3	3-162357163	163980579	16	T	A	0.108	0.1213587	0.026703	36.72994	1.648789	1e+05	9.014621e-06	8.647281e-06	2.040027e-05
3	3-205250688	208492670	31	G	A	0.01	0.4902966	0.1067323	37.06353	1.918373	1e+05	7.281981e-06	6.100813e-06	1.519775e-05
3	3-207851142	211321489	8	A	G	0.025	0.2206418	0.04721871	37.5627	2.41304	1e+05	5.139776e-06	3.622952e-06	9.818664e-06
3	3-227573349	231400588	20	G	A	0.332	0.07904366	0.0174812	36.92455	3.015609	1e+05	9.965126e-06	7.054619e-06	1.717665e-05
3	3-227573359	231400598	18	G	T	0.324	0.07906464	0.01743426	37.04844	3.886994	1e+05	9.404044e-06	6.197751e-06	1.540078e-05
3	3-229396683	233218366	31	T	C	0.259	-0.08829708	0.0192774	36.53565	1.172627	1e+05	7.720216e-06	1.05976e-05	2.423842e-05
4	4-3583791	4301290	17	C	T	0.142	0.1268696	0.02759795	36.86299	1.446531	1e+05	7.175566e-06	7.523708e-06	1.813577e-05
4	4-3584827	4302326	31	T	A	0.19	0.09833142	0.02127099	36.82186	1.267097	1e+05	6.409121e-06	7.854405e-06	1.880687e-05
4	4-3584828	4302327	30	C	T	0.189	0.09786562	0.02125537	36.74387	1.267615	1e+05	6.95225e-06	8.522141e-06	2.015018e-05
4	4-3584898	4302397	23	G	A	0.183	0.09731848	0.02095155	37.11169	1.410765	1e+05	5.813374e-06	5.801351e-06	1.456761e-05
4	4-4753929	5538106	3	A	T	0.096	0.1490795	0.0323301	36.50512	0.9922827	1e+05	6.745164e-06	1.094198e-05	2.490565e-05
4	4-4769530	5553704	28	A	G	0.087	0.1557721	0.03388061	37.11558	2.079892	1e+05	7.156357e-06	5.777823e-06	1.451791e-05
4	4-5797972	6577727	25	T	C	0.057	0.2170386	0.04777677	37.01168	2.805026	1e+05	9.093073e-06	6.440485e-06	1.590719e-05
4	4-9414784	10272229	6	T	C	0.074	0.1707099	0.03585492	37.56563	1.43452	1e+05	3.463751e-06	3.611887e-06	9.79362e-06
4	4-10485919	11357474	28	G	C	0.01	0.3551521	0.07731396	36.70798	1.269443	1e+05	7.284172e-06	8.848235e-06	2.080084e-05
4	4-12999251	13893824	27	A	G	0.087	-0.1362509	0.03000936	36.32088	1.117951	1e+05	9.191705e-06	1.327195e-05	2.935057e-05
4	4-16205648	17335654	15	T	C	0.108	0.1471047	0.03126484	36.97956	1.125889	1e+05	4.45113e-06	6.660415e-06	1.636369e-05
4	4-16205824	17335830	23	A	G	0.11	0.1572645	0.03139757	38.4127	1.2414	1e+05	1.113139e-06	1.494805e-06	4.712419e-06
4	4-77648667	80444774	15	T	A	0.019	0.2731212	0.06026387	36.96194	2.383176	1e+05	9.524143e-06	6.784216e-06	1.661972e-05
4	4-77749482	80458124	35	C	A	0.018	0.2777485	0.06119841	36.58751	1.424995	1e+05	9.263284e-06	1.003743e-05	2.314675e-05
4	4-81844707	84801671	25	C	G	0.012	0.465536	0.09876149	37.30218	1.415145	1e+05	4.283121e-06	4.754779e-06	1.23264e-05
4	4-119657777	123382157	24	A	G	0.017	0.3129245	0.06825085	37.27179	3.762431	1e+05	7.567398e-06	4.908061e-06	1.265879e-05
4	4-170216788	173176057	18	T	C	0.012	0.3260417	0.07176049	36.06782	0.8630815	1e+05	9.065221e-06	1.730618e-05	3.681463e-05
4	4-229184124	233621454	10	C	T	0.087	-0.1291759	0.02764944	36.89459	1.074636	1e+05	5.159004e-06	7.279117e-06	1.763675e-05
5	5-34499294	35664056	23	A	G	0.02	0.2658586	0.05735913	37.10222	1.594556	1e+05	6.074181e-06	5.859079e-06	1.468944e-05
5	5-55120012	56801407	37	A	T	0.031	0.2933752	0.06081304	37.12611	0.7747736	1e+05	2.604526e-06	5.714631e-06	1.438427e-05
5	5-174358422	178410513	32	T	C	0.023	0.3368388	0.06962358	37.46393	1.02506	1e+05	2.446335e-06	4.01617e-06	1.070148e-05
5	5-187251031	192250918	5	A	G	0.013	0.364585	0.0684895	39.51208	0.8611933	1e+05	2.481143e-07	4.77306e-07	1.855807e-06
5	5-200653346	206061825	6	A	G	0.025	0.2255614	0.04918259	35.84511	0.6689523	1e+05	7.524883e-06	2.186557e-05	4.49843e-05
5	5-200653432	206061911	1	G	A	0.026	0.2091228	0.04589234	35.45756	0.5657131	1e+05	8.554365e-06	3.28668e-05	6.390213e-05
5	5-210497822	216287929	17	A	G	0.097	0.1454453	0.02724917	39.8948	1.034034	1e+05	2.312885e-07	3.210317e-07	1.347677e-06
5	5-210650843	216308425	42	T	A	0.126	0.1242588	0.02506955	36.18235	0.2998154	1e+05	1.4193e-06	1.53468e-05	3.32216e-05
5	5-210650673	216308595	21	A	G	0.111	0.1258681	0.02636017	36.81877	0.7388606	1e+05	3.255025e-06	7.879867e-06	1.885838e-05
5	5-214556861	220380467	9	A	G	0.034	0.198013	0.04157247	36.76359	0.778597	1e+05	3.433505e-06	8.348132e-06	1.980157e-05
5	5-214559181	220382787	20	T	C	0.034	0.1976338	0.04238443	36.41734	0.8282706	1e+05	5.369662e-06	1.199586e-05	2.693041e-05
5	5-214559857	220383463	23	T	C	0.034	0.1965884	0.04241886	36.34584	0.8434065	1e+05	6.088253e-06	1.292916e-05	2.870361e-05
5	5-214560511	220384117	25	A	G	0.034	0.1945787	0.04243935	36.02829	0.7961396	1e+05	7.569136e-06	1.803941e-05	3.814539e-05
5	5-214562912	220386518	17	A	T	0.028	0.2111432	0.04543451	36.33717	0.803582	1e+05	5.75547e-06	1.304721e-05	2.892666e-05
5	5-214563149	220386755	6	A	G	0.032	0.1936765	0.04241677	35.99037	0.8156625	1e+05	8.217608e-06	1.877192e-05	3.946793e-05
5	5-214563432	220387038	11	T	C	0.03	0.2150292	0.04441408	37.23779	0.8088942	1e+05	2.408048e-06	5.085448e-06	1.304159e-05
5	5-214563784	220387390	3	T	G	0.024	0.23341	0.05121885	35.90969	0.7848905	1e+05	8.543261e-06	2.043158e-05	4.244054e-05
6	6-774329	791294	15	A	G	0.171	-0.1151955	0.02403322	37.84032	1.555409	1e+05	2.997792e-06	2.71248e-06	7.715135e-06
6	6-774335	791300	14	A	G	0.173	-0.1133654	0.02397796	37.57447	1.604363	1e+05	4.020499e-06	3.578747e-06	9.718549e-06
6	6-774480	791445	17	G	A	0.171	-0.1137387	0.02468933	36.99341	1.481744	1e+05	6.87583e-06	6.564653e-06	1.616519e-05
6	6-774482	791447	15	G	A	0.164	-0.1144591	0.02445287	37.34312	1.530452	1e+05	4.959552e-06	4.555842e-06	1.189265e-05
6	6-774494	791459	14	C	T	0.168	-0.1201739	0.02388074	38.85047	1.41118	1e+05	9.975726e-07	9.483626e-07	3.243986e-06
6	6-774595	791560	12	T	C	0.144	-0.123603	0.02544928	38.47545	2.750768	1e+05	2.245067e-06	1.400371e-06	4.465971e-06
6	6-774619	791584	10	C	T	0.144	-0.1365042	0.02598602	40.31862	7.003065	1e+05	3.489471e-07	2.070126e-07	9.481115e-07
6	6-774642	791607	11	T	C	0.141	-0.121053	0.02458319	38.14669	1.247361	1e+05	1.648122e-06	1.971486e-06	5.921768e-06
6	6-774684	791649	12	T	C	0.157	-0.110902	0.0234944	36.63048	0.845067	1e+05	4.158406e-06	9.595903e-06	2.228045e-05
6	6-778913	797908	14	G	T	0.161	-0.1255615	0.02537432	38.48564	1.511208	1e+05	1.474164e-06	1.385617e-06	4.427229e-06
6	6-2429559	2451238	43	A	T	0.162	-0.09892373	0.02186749	36.94262	2.512984	1e+05	9.873134e-06	6.922653e-06	1.690523e-05
6	6-29739550	31217931	44	A	G	0.041	0.2184751	0.04715889	37.27775	2.142659	1e+05	6.134391e-06	4.877621e-06	1.259291e-05
6	6-30010796	31488390	8	A	G	0.03	0.2786513	0.05645583	38.5742	1.615784	1e+05	1.562802e-06	1.263733e-06	4.104526e-06
6	6-38136753	39894878	48	A	G	0.119	0.1239787	0.02736404	36.30068	1.050789	1e+05	9.580965e-06	1.355593e-05	2.988486e-05
6	6-70853245	73601009	6	T	C	0.02	0.2594242	0.05730056	36.68412	1.720156	1e+05	9.718406e-06	9.072048e-06	2.124549e-05
6	6-70883256	73631014	10	T	C	0.018	0.2950701	0.06400839	37.03502	1.724261	1e+05	6.783802e-06	6.285274e-06	1.55837e-05
6	6-79551955	82406403	35	T	C	0.016	0.4235991	0.08889529	38.06509	3.888875	1e+05	3.401719e-06	2.14628e-06	6.353077e-06
6	6-91058793	93438496	17	T	A	0.028	0.3053304	0.06354777	38.02094	1.739276	1e+05	2.845025e-06	2.247252e-06	6.5997e-06
6	6-97483208	100158593	17	A	G	0.028	0.2367151	0.04589779	38.92064	1.009359	1e+05	5.520297e-07	8.817123e-07	3.056426e-06
6	6-98043590	100744031	41	A	C	0.104	0.1352877	0.02797748	38.35695	3.722335	1e+05	2.47328e-06	1.584056e-06	4.943045e-06
6	6-102842643	105939305	3	A	G	0.02	0.3027997	0.06689172	36.55221	1.480185	1e+05	9.748497e-06	1.041538e-05	2.388419e-05
6	6-167922534	171942138	24	T	C	0.051	0.1626296	0.03561477	35.74546	0.6291015	1e+05	8.206225e-06	2.42795e-05	4.921996e-05
7	7-1906762	2033591	31	A	G	0.069	0.1519755	0.0332927	37.12156	17.01602	1e+05	8.260906e-06	5.741851e-06	1.444186e-05
7	7-1995262	2122092	15	G	A	0.319	0.1027414	0.02079257	38.85996	7.494281	1e+05	1.523464e-06	9.390649e-07	3.217957e-06
7	7-17879163	18509512	19	A	G	0.017	0.5019865	0.10819	37.36797	83.26653	1e+05	5.944897e-06	4.439182e-06	1.1637e-05
7	7-72548026	74901243	15	T	C	0.026	-0.22129	0.04766728	37.05454	1.444746	1e+05	5.879032e-06	6.158346e-06	1.53183e-05
7	7-79487848	82292033	13	A	G	0.158	0.1541064	0.02610245	43.54543	8.239649	1e+05	1.31124e-08	7.425176e-09	7.099357e-08
7	7-84381472	87240809	38	T	C	0.224	0.1096251	0.0225446	38.32398	1e+05	1e+05	2.186898e-06	1.639319e-06	5.084796e-06
7	7-106538174	109783371	30	T	C	0.02	0.2935709	0.06201412	36.8492	0.8816526	1e+05	3.913308e-06	7.633012e-06	1.835803e-05
7	7-111216355	114445435	3	T	C	0.062	-0.1628791	0.03559956	37.18221	3.050583	1e+05	7.891708e-06	5.389375e-06	1.369299e-05
7	7-122335590	126225381	33	G	T	0.026	0.3068055	0.06426056	38.04815	3.343358	1e+05	3.26292e-06	2.184486e-06	6.446602e-06
7	7-125133868	129161779	32	C	T	0.258	0.09291137	0.01850801	39.20702	4.008458	1e+05	1.056133e-06	6.54963e-07	2.398804e-06
7	7-125134578	129162489	5	A	G	0.209	0.1000058	0.02072279	38.2413	2.497732	1e+05	2.584829e-06	1.786601e-06	5.45894e-06
7	7-127629064	131565391	19	T	G	0.069	-0.1365393	0.03005769	36.21794	0.966398	1e+05	9.100553e-06	1.478445e-05	3.217963e-05
7	7-127629577	131565904	25	T	A	0.081	-0.1324913	0.0288834	37.20277	2.101618	1e+05	7.495226e-06	5.274886e-06	1.344825e-05
7	7-127643088	131579211	20	C	T	0.07	-0.1345725	0.02951389	36.4338	1.077673	1e+05	8.450058e-06	1.179077e-05	2.653831e-05
7	7-127645502	131581625	15	A	T	0.167	-0.09678378	0.02074565	36.90576	1.089413	1e+05	5.313612e-06	7.194594e-06	1.746376e-05
7	7-127645522	131581645	12	G	T	0.167	-0.1032922	0.02030414	38.73073	1.014889	1e+05	7.702215e-07	1.07399e-06	3.591707e-06
7	7-127645528	131581651	11	T	C	0.143	-0.1052415	0.02172475	38.28426	2.135359	1e+05	2.376995e-06	1.708484e-06	5.261136e-06
7	7-134157208	138248765	14	T	A	0.012	0.37547	0.08121847	36.16017	0.7602829	1e+05	6.404342e-06	1.570796e-05	3.388815e-05
7	7-134163211	138254768	33	T	G	0.046	0.3208842	0.06416103	38.47107	1.259045	1e+05	1.153199e-06	1.406767e-06	4.482748e-06
7	7-150578384	155778123	14	A	G	0.086	0.17085	0.03402276	36.54088	0.3278487	1e+05	1.04838e-06	1.053976e-05	2.412607e-05
7	7-150724231	155952566	18	T	C	0.038	0.3533999	0.07720969	37.10623	61.56467	1e+05	7.828811e-06	5.834574e-06	1.463775e-05
7	7-166779214	172368186	37	C	G	0.026	0.2441329	0.04870341	39.16295	3.58514	1e+05	1.093381e-06	6.856101e-07	2.48971e-06
7	7-169832359	175414494	19	C	T	0.014	0.3921938	0.07613521	38.46245	0.7706945	1e+05	5.68477e-07	1.419431e-06	4.515925e-06
8	8-4908393	5163970	22	T	C	0.16	-0.1064746	0.02279155	37.63681	8.430097	1e+05	5.164743e-06	3.353477e-06	9.205422e-06
8	8-4909788	5165365	22	T	C	0.167	-0.1053853	0.02322993	37.06931	6.741694	1e+05	9.339038e-06	6.064067e-06	1.512067e-05
8	8-4912617	5168194	10	G	T	0.131	-0.1173757	0.02567409	37.21328	7.67352	1e+05	8.015084e-06	5.217294e-06	1.332484e-05
8	8-4916308	5171886	22	T	A	0.158	-0.1037491	0.02278309	37.15551	5.036311	1e+05	8.668184e-06	5.541788e-06	1.401765e-05
8	8-5904265	6163560	18	T	G	0.121	0.1243089	0.02697814	37.03919	1.593778	1e+05	6.846697e-06	6.257956e-06	1.552664e-05
8	8-5907780	6167075	14	T	C	0.058	0.1745284	0.03718435	36.90965	0.9996957	1e+05	4.68537e-06	7.165445e-06	1.740403e-05
8	8-5907869	6167164	13	T	C	0.07	0.1469079	0.031892	37.14722	1.973106	1e+05	6.887185e-06	5.589964e-06	1.412e-05
8	8-6197924	6456924	16	C	T	0.125	0.1196264	0.02448741	38.5618	3.118917	1e+05	1.97174e-06	1.280122e-06	4.148204e-06
8	8-6553242	6867809	31	G	A	0.119	0.1147703	0.02524508	36.74177	1.547707	1e+05	8.956646e-06	8.540885e-06	2.018767e-05
8	8-6553263	6867830	27	C	A	0.112	0.1241627	0.02559746	37.99588	1.427149	1e+05	2.310001e-06	2.306689e-06	6.744066e-06
8	8-6859793	7176246	14	A	T	0.294	0.0842021	0.01724197	38.5483	3.755812	1e+05	1.986864e-06	1.298215e-06	4.196315e-06
8	8-13585091	13954124	25	A	G	0.015	0.3000258	0.06234625	37.52287	1.018429	1e+05	2.749831e-06	3.776658e-06	1.016537e-05
8	8-72232599	73895629	40	T	C	0.024	0.3830054	0.0823997	37.37738	1e+05	1e+05	5.73155e-06	4.395793e-06	1.154167e-05
8	1-131909652	81911017	28	A	G	0.022	0.2930231	0.05952527	38.70195	2.754775	1e+05	1.659964e-06	1.106599e-06	3.680835e-06
8	8-81899911	83965226	14	G	A	0.019	0.267311	0.058408	36.02124	0.7844675	1e+05	7.846848e-06	1.817332e-05	3.838768e-05
8	8-81964877	84030171	12	G	A	0.014	0.30949	0.06736994	36.85755	1.287315	1e+05	7.276085e-06	7.566679e-06	1.82232e-05
8	8-81972725	84038019	11	T	A	0.012	0.3768413	0.08323967	36.17527	1.029509	1e+05	9.728722e-06	1.546125e-05	3.343304e-05
8	8-81987184	84052478	19	A	C	0.019	0.2761798	0.05826293	36.8945	0.8697229	1e+05	3.804486e-06	7.279862e-06	1.763827e-05
8	8-82003360	84068654	19	A	G	0.019	0.2818337	0.0585205	37.34427	0.9861875	1e+05	2.703691e-06	4.550347e-06	1.188063e-05
8	8-116309547	119596356	4	A	G	0.027	0.228779	0.04880893	35.97474	0.5751256	1e+05	4.819857e-06	1.908253e-05	4.002672e-05
8	8-138253330	142805290	28	A	G	0.383	-0.09152499	0.02017275	37.05922	7.110544	1e+05	9.320998e-06	6.128347e-06	1.525547e-05
8	8-147417125	152292433	37	A	T	0.013	0.4584012	0.09576714	37.26989	0.9434007	1e+05	3.08785e-06	4.917803e-06	1.267987e-05
8	8-168170847	173873049	6	T	C	0.052	-0.2054903	0.0448296	37.13217	65.2172	1e+05	7.604157e-06	5.678584e-06	1.430794e-05
8	8-171224536	176917217	46	A	G	0.049	0.2162446	0.04751869	36.97452	2.38219	1e+05	8.78387e-06	6.695606e-06	1.643653e-05
9	9-3561568	3179079	42	G	A	0.013	0.3572797	0.07256379	38.1737	1.299927	1e+05	1.652363e-06	1.916814e-06	5.785651e-06
9	9-3561770	3179281	39	T	C	0.011	0.3574432	0.0773333	36.79678	1.237238	1e+05	6.428385e-06	8.063181e-06	1.922852e-05
9	9-3563718	3181229	31	A	G	0.01	0.3558312	0.07732341	36.69276	1.216026	1e+05	7.02643e-06	8.990346e-06	2.108335e-05
9	9-3570393	3187904	32	T	C	0.01	0.360172	0.07723221	36.94627	1.201904	1e+05	5.355258e-06	6.896266e-06	1.685087e-05
9	9-3570394	3187905	33	C	T	0.013	0.3390276	0.07232789	36.42371	0.7548371	1e+05	4.816967e-06	1.191607e-05	2.677797e-05
9	9-23813695	23681817	41	T	C	0.067	0.1880084	0.04138769	36.92448	1e+05	1e+05	9.098915e-06	7.055176e-06	1.717779e-05
9	9-30636596	30795308	26	T	C	0.012	0.5006063	0.1005191	38.4138	1.290225	1e+05	1.271791e-06	1.493096e-06	4.707984e-06
9	9-38416930	38917904	21	C	T	0.051	0.1709663	0.03586369	36.98572	0.8435449	1e+05	3.371724e-06	6.61765e-06	1.627509e-05
9	9-38421383	38922356	39	A	G	0.019	0.4009269	0.08470746	36.01775	0.5354321	1e+05	3.928407e-06	1.824002e-05	3.850827e-05
9	9-38444962	38973465	9	G	C	0.048	0.1693901	0.03688325	36.0287	0.7463715	1e+05	7.317166e-06	1.803156e-05	3.813118e-05
9	9-38446329	38974832	7	G	C	0.048	0.1737725	0.03560079	37.20721	0.7155857	1e+05	2.008943e-06	5.250463e-06	1.339594e-05
9	9-38464218	38992714	11	T	A	0.055	0.1546925	0.03397508	35.93467	0.7973641	1e+05	8.69312e-06	1.99025e-05	4.149636e-05
9	9-38493875	39015427	42	A	G	0.048	0.2016505	0.04094838	37.39576	0.7207467	1e+05	1.645962e-06	4.31226e-06	1.135774e-05
9	9-38499160	39020712	35	T	C	0.057	0.1775843	0.03454753	39.1311	1.018112	1e+05	5.990125e-07	7.086494e-07	2.557592e-06
9	9-38509383	39040507	9	T	C	0.041	0.1726898	0.03729842	36.14447	0.7233948	1e+05	6.210419e-06	1.596887e-05	3.436845e-05
9	9-38509424	39040548	7	T	C	0.048	0.1670584	0.03581067	36.31912	0.7298294	1e+05	5.318585e-06	1.329644e-05	2.939669e-05
9	9-38518035	39049155	23	C	T	0.039	0.187111	0.04102491	35.57094	0.63012	1e+05	8.403062e-06	2.917012e-05	5.764755e-05
9	9-38698667	39139085	41	G	A	0.07	0.1493554	0.03227458	36.67219	1.03152	1e+05	6.273688e-06	9.185994e-06	2.147129e-05
9	9-53139572	54390659	21	A	G	0.017	0.3243157	0.06499089	38.41507	1.204879	1e+05	1.214191e-06	1.491123e-06	4.70286e-06
9	9-52842791	54693570	7	C	G	0.016	0.2904643	0.06069587	37.29413	1.035921	1e+05	3.102589e-06	4.794902e-06	1.241355e-05
9	9-54854384	56056861	17	A	G	0.014	0.3345287	0.06900914	37.66459	1.130757	1e+05	2.341675e-06	3.257728e-06	8.985768e-06
9	9-55126390	56338032	12	A	G	0.012	0.3385659	0.07305636	36.51101	0.9474063	1e+05	6.092203e-06	1.087468e-05	2.477548e-05
9	9-55230529	56449856	9	G	C	0.014	0.3054922	0.06284847	37.53247	0.9735364	1e+05	2.20509e-06	3.739001e-06	1.008063e-05
9	9-55478107	56696788	11	A	G	0.014	0.3145525	0.06925065	36.31809	1.031399	1e+05	9.114161e-06	1.331079e-05	2.942373e-05
9	9-72688551	58189445	18	A	G	0.012	0.3428029	0.0728352	36.64571	0.8224022	1e+05	4.422644e-06	9.444131e-06	2.198142e-05
9	9-72267026	58722774	8	T	C	0.011	0.3360076	0.07306934	36.67099	1.144832	1e+05	7.131349e-06	9.1975e-06	2.149407e-05
9	9-72203967	58787898	32	T	C	0.015	0.3047225	0.06608453	37.36553	3.384847	1e+05	6.747093e-06	4.450517e-06	1.166188e-05
9	9-71929267	58998610	41	A	G	0.016	0.325521	0.06906728	36.85622	0.9402157	1e+05	4.295378e-06	7.57721e-06	1.824462e-05
9	9-71927388	59000489	29	A	G	0.01	0.4279275	0.08902563	37.61938	1.179124	1e+05	2.818713e-06	3.414983e-06	9.346023e-06
9	9-71664582	59263475	10	T	C	0.011	0.3416168	0.07279106	36.55589	0.8042675	1e+05	4.695492e-06	1.037536e-05	2.380627e-05
9	9-71449702	59463639	10	A	G	0.011	0.3341167	0.07314002	36.50459	1.177262	1e+05	8.14112e-06	1.094798e-05	2.491726e-05
9	9-71290921	59626213	21	G	A	0.014	0.3209918	0.0685111	37.19478	1.214673	1e+05	4.862541e-06	5.319065e-06	1.354278e-05
9	9-71149586	59767451	31	C	T	0.015	0.3153481	0.06954012	36.40174	1.229032	1e+05	9.414293e-06	1.21935e-05	2.730739e-05
9	9-68546908	62540212	33	T	C	0.01	0.4207007	0.08869545	37.1722	1.112016	1e+05	3.754095e-06	5.445992e-06	1.381374e-05
9	9-76787179	78830476	11	T	C	0.012	0.3353152	0.07299558	36.73849	1.313833	1e+05	7.284069e-06	8.570227e-06	2.024634e-05
9	9-76925408	78981468	33	T	C	0.01	0.3538439	0.07737238	36.58523	1.234468	1e+05	7.962731e-06	1.006144e-05	2.31937e-05
9	9-77034642	79087563	47	A	G	0.011	0.3562875	0.07742102	36.71664	1.244725	1e+05	7.023628e-06	8.768476e-06	2.0642e-05
9	9-77189219	79186866	32	G	C	0.01	0.3580589	0.07731415	36.83973	1.244219	1e+05	6.175725e-06	7.709e-06	1.851229e-05
9	9-77369287	79440448	10	A	G	0.011	0.3420708	0.07257034	37.21864	1.285569	1e+05	4.284957e-06	5.188185e-06	1.32624e-05
9	9-79881957	82012023	8	C	T	0.377	-0.08211907	0.01687604	37.76124	1.193515	1e+05	2.152926e-06	2.945505e-06	8.26252e-06
9	9-80967183	83140742	45	A	G	0.495	0.08909006	0.01858195	38.18153	3.099673	1e+05	2.980704e-06	1.901255e-06	5.746802e-06
9	9-84530058	86821488	16	C	A	0.45	-0.08286897	0.01735599	37.93165	1e+05	1e+05	3.259062e-06	2.466282e-06	7.128893e-06
9	9-89486757	91838519	16	T	A	0.163	0.1226455	0.02596991	37.59683	2.04297	1e+05	4.116884e-06	3.496247e-06	9.531208e-06
9	9-109546689	112188363	21	G	T	0.196	0.1018712	0.02196739	37.32118	1.910206	1e+05	6.010269e-06	4.661381e-06	1.212309e-05
9	9-109704483	112337916	20	A	G	0.019	0.2665631	0.05859526	36.54952	1.305962	1e+05	8.84136e-06	1.044477e-05	2.394137e-05
9	9-130226657	132162964	11	A	C	0.025	0.2371136	0.05076873	36.72058	0.9637995	1e+05	5.192369e-06	8.732413e-06	2.057012e-05
9	9-130333213	132350689	45	A	G	0.036	0.2185624	0.04410758	37.9306	0.9174242	1e+05	1.428209e-06	2.468982e-06	7.135369e-06
9	9-140713612	143134078	4	C	G	0.217	0.09306499	0.01995332	34.94076	0.3833294	1e+05	5.340069e-06	5.667079e-05	0.0001025255
9	9-144118913	146641286	23	G	A	0.141	-0.1073349	0.02286497	36.80524	1.041295	1e+05	4.670885e-06	7.992192e-06	1.908532e-05
9	9-153017334	155894587	25	A	T	0.03	0.2406027	0.05047406	37.82806	1.732444	1e+05	3.375637e-06	2.747355e-06	7.797502e-06
9	9-153704548	156594789	26	C	A	0.03	0.2525521	0.05023859	38.34682	1.075656	1e+05	1.022141e-06	1.600839e-06	4.986175e-06
9	9-153748571	156639885	44	A	G	0.027	0.238367	0.05072783	37.19477	1.229403	1e+05	4.575322e-06	5.319102e-06	1.354286e-05
9	9-154672246	157572534	21	T	C	0.22	0.08916433	0.01880362	37.03554	0.9366566	1e+05	3.776615e-06	6.281852e-06	1.557655e-05
10	10-23650812	24124022	25	A	C	0.015	0.4198209	0.08924018	37.31077	1.550336	1e+05	4.465456e-06	4.712337e-06	1.223408e-05
10	10-35980464	37026423	32	A	T	0.033	0.2597438	0.0564923	37.16051	1e+05	1e+05	7.150557e-06	5.51291e-06	1.395623e-05
10	10-54346186	55148823	17	A	G	0.055	-0.1575161	0.03438189	37.0898	1e+05	1e+05	7.685683e-06	5.935613e-06	1.485069e-05
10	6-85059492	81646443	33	G	A	0.01	0.4183224	0.08899507	37.2855	1.451289	1e+05	4.543367e-06	4.83828e-06	1.250766e-05
10	10-83000074	82813484	22	T	C	0.408	0.08880592	0.01870333	37.60231	1.478158	1e+05	3.671991e-06	3.476343e-06	9.48591e-06
10	10-101485679	102002498	15	T	C	0.016	0.3981015	0.07943085	38.0104	0.8117882	1e+05	1.097066e-06	2.272067e-06	6.660045e-06
10	10-129547581	130678350	6	T	C	0.05	0.1705717	0.03732123	37.01329	2.221563	1e+05	8.063885e-06	6.429633e-06	1.588461e-05
10	10-135520412	136636508	21	T	C	0.014	0.369124	0.07900637	37.63178	3.441163	1e+05	5.155354e-06	3.371129e-06	9.245813e-06
10	10-139692589	140946342	19	G	A	0.031	0.2019602	0.04328375	37.54579	2.859741	1e+05	5.297119e-06	3.687431e-06	9.964366e-06
10	10-142387590	143755681	33	T	C	0.023	0.2589846	0.05401177	35.47109	0.2961613	1e+05	2.973651e-06	3.240218e-05	6.312089e-05
