chr	rs	ps	n_miss	allele1	allele0	af	beta	se	logl_H1	l_remle	l_mle	p_wald	p_lrt	p_score
1	1-188150530	190318838	9	A	G	0.248	0.03058372	0.00658426	272.2381	1e-05	1e-05	5.748227e-06	4.434633e-06	1.140579e-05
1	1-188150531	190318839	9	T	G	0.248	0.03058372	0.00658426	272.2381	1e-05	1e-05	5.748227e-06	4.434633e-06	1.140579e-05
1	1-188150533	190318841	9	C	G	0.248	0.03058372	0.00658426	272.2381	1e-05	1e-05	5.748227e-06	4.434633e-06	1.140579e-05
1	1-285977371	291040325	1	T	C	0.44	0.06691031	0.01465624	271.8952	1e-05	1e-05	8.158172e-06	6.345109e-06	1.542654e-05
1	1-286625176	291707400	14	T	C	0.224	0.0387878	0.008220133	272.5597	1e-05	1e-05	4.141689e-06	3.171029e-06	8.609817e-06
2	2-2801847	2793531	33	A	G	0.035	-0.09504684	0.01924007	273.5509	1e-05	1e-05	1.51099e-06	1.130083e-06	3.657282e-06
3	3-86788046	112492855	15	C	A	0.294	-0.02864441	0.005908308	273.1351	1e-05	1e-05	2.305735e-06	1.741509e-06	5.227611e-06
3	3-130821333	131358232	44	A	G	0.148	-0.05303926	0.01116927	272.692	1e-05	1e-05	3.619372e-06	2.762469e-06	7.672679e-06
3	3-131050011	131561923	25	G	A	0.084	-0.05458599	0.01118609	273.2776	1e-05	1e-05	1.994684e-06	1.501508e-06	4.623731e-06
3	3-131050048	131561960	14	A	C	0.128	-0.04282139	0.00929008	272.0842	1e-05	1e-05	6.725815e-06	5.20774e-06	1.305767e-05
3	3-131050066	131561978	13	C	A	0.132	-0.04356904	0.008998524	273.1065	1e-05	1e-05	2.373672e-06	1.794032e-06	5.357971e-06
3	3-131050068	131561980	14	A	G	0.139	-0.04254345	0.008850154	272.9512	1e-05	1e-05	2.779888e-06	2.108776e-06	6.127419e-06
3	3-202383937	205523255	25	T	A	0.3	-0.02771448	0.005954483	272.279	1e-05	1e-05	5.513568e-06	4.249492e-06	1.100427e-05
3	3-202484271	205623869	9	A	G	0.109	-0.05736285	0.01224681	272.4075	1e-05	1e-05	4.836299e-06	3.716188e-06	9.832991e-06
4	4-201636411	205814269	10	G	A	0.312	-0.03470777	0.007531691	272.0793	1e-05	1e-05	6.759524e-06	5.234447e-06	1.311408e-05
5	5-180796214	185276185	28	T	A	0.12	0.05621807	0.01183983	272.6252	0.01133283	1e-05	3.626895e-06	2.961491e-06	8.1316e-06
6	6-39027151	40803181	28	T	C	0.017	0.1208348	0.02596738	272.2744	1e-05	1e-05	5.539468e-06	4.269918e-06	1.104869e-05
6	6-80343312	83166485	27	T	C	0.17	-0.05276531	0.01096491	272.974	1e-05	1e-05	2.716105e-06	2.059282e-06	6.007665e-06
6	6-106233265	109437270	23	T	C	0.024	-0.08408191	0.01829795	272.0231	1e-05	1e-05	7.15918e-06	5.551315e-06	1.37803e-05
6	6-128242394	132061088	33	A	G	0.092	0.0491932	0.00992712	273.6212	1e-05	1e-05	1.406933e-06	1.050512e-06	3.444017e-06
6	6-162832385	166840360	15	A	C	0.03	0.1067961	0.01994113	275.509	1e-05	1e-05	2.079535e-07	1.485022e-07	7.055051e-07
7	7-12203535	12611865	42	T	G	0.058	0.06246485	0.01370742	271.7381	0.01889365	1e-05	8.45912e-06	7.47766e-06	1.772683e-05
7	7-12204032	12612361	19	G	T	0.044	0.06855801	0.01474765	272.0809	0.02561534	1e-05	5.653167e-06	5.225821e-06	1.309586e-05
7	7-147109723	152298771	39	G	A	0.222	-0.03542463	0.007537778	272.4762	1e-05	1e-05	4.509226e-06	3.459245e-06	9.26004e-06
7	7-147370889	152566959	7	C	A	0.064	-0.05469803	0.01106798	273.4589	0.01598765	1e-05	1.497332e-06	1.243464e-06	3.957043e-06
7	7-147370900	152566970	7	A	T	0.066	-0.05074971	0.01082006	272.2992	0.02066478	1e-05	4.699697e-06	4.161014e-06	1.08115e-05
7	7-147370919	152566989	7	T	G	0.066	-0.05060373	0.0108384	272.1923	0.02207908	1e-05	5.169167e-06	4.651889e-06	1.187388e-05
7	7-147370926	152566996	7	A	G	0.071	-0.05149934	0.01061627	273.0952	0.009473538	1e-05	2.276173e-06	1.81534e-06	5.410688e-06
7	7-147370929	152566999	7	T	C	0.075	-0.04949467	0.01009272	273.2715	0.01791982	1e-05	1.784753e-06	1.511134e-06	4.64823e-06
7	7-172325624	178538020	34	A	G	0.05	0.09178189	0.01791575	274.3975	1e-05	1e-05	6.40223e-07	4.693484e-07	1.782538e-06
8	8-10601285	10963055	5	A	G	0.248	-0.0274771	0.005957106	272.0977	1e-05	1e-05	6.634024e-06	5.135032e-06	1.290389e-05
9	9-3934893	3523111	14	C	T	0.361	-0.02600195	0.00542382	272.893	1e-05	1e-05	2.949415e-06	2.240455e-06	6.443952e-06
9	9-3936716	3524934	14	A	T	0.356	-0.02517215	0.005486409	271.9927	1e-05	1e-05	7.384318e-06	5.729997e-06	1.41536e-05
9	9-3941900	3530117	5	A	G	0.368	-0.02608319	0.005327513	273.3505	1e-05	1e-05	1.852176e-06	1.391834e-06	4.342801e-06
9	9-3943804	3532021	6	T	C	0.366	-0.02536864	0.005400021	272.4686	1e-05	1e-05	4.544239e-06	3.48673e-06	9.32162e-06
9	9-3944908	3533125	12	A	G	0.373	-0.0253952	0.005410994	272.4484	1e-05	1e-05	4.638822e-06	3.561003e-06	9.487672e-06
9	9-3945242	3533459	11	C	T	0.363	-0.02549788	0.005447223	272.3944	1e-05	1e-05	4.901429e-06	3.767402e-06	9.946485e-06
9	9-3945250	3533467	10	T	C	0.368	-0.02640154	0.005416807	273.2514	1e-05	1e-05	2.048519e-06	1.542987e-06	4.729124e-06
9	9-3946040	3534257	10	G	A	0.298	-0.03115118	0.006150562	274.1255	1e-05	1e-05	8.434646e-07	6.223307e-07	2.242848e-06
9	9-3946901	3535118	12	A	G	0.357	-0.0250147	0.005443327	272.0245	1e-05	1e-05	7.148944e-06	5.543194e-06	1.37633e-05
9	9-3946969	3535186	16	T	A	0.38	-0.02626261	0.005424473	273.1052	1e-05	1e-05	2.376861e-06	1.796498e-06	5.364077e-06
9	9-3991179	3576885	28	T	G	0.4	-0.02585016	0.005554472	272.277	1e-05	1e-05	5.524646e-06	4.258228e-06	1.102327e-05
9	9-3996145	3581851	40	T	C	0.326	-0.03122803	0.006755905	272.1402	1e-05	1e-05	6.352657e-06	4.912307e-06	1.243087e-05
9	9-3996240	3581946	22	T	C	0.261	-0.03560991	0.007462232	272.7953	1e-05	1e-05	3.258061e-06	2.480637e-06	7.014148e-06
9	9-4007211	3592917	19	T	C	0.343	-0.02669706	0.005710557	272.3689	1e-05	1e-05	5.030817e-06	3.869191e-06	1.017139e-05
9	9-4007295	3593001	16	A	G	0.359	-0.0266576	0.005520559	273.0482	1e-05	1e-05	2.518722e-06	1.906286e-06	5.634623e-06
9	9-4007693	3593399	21	A	G	0.375	-0.02552214	0.005505123	272.1996	1e-05	1e-05	5.978998e-06	4.616878e-06	1.179867e-05
9	9-113363780	116737433	38	T	C	0.156	-0.05050832	0.01105381	270.864	0.1027066	0.04155324	8.0168e-06	1.868449e-05	4.25976e-05
10	10-24365540	24970156	34	T	C	0.427	-0.03298633	0.006944842	272.6968	1e-05	1e-05	3.601817e-06	2.74876e-06	7.64089e-06
10	10-69260233	68486982	38	T	C	0.146	-0.03554119	0.007779882	271.9081	1e-05	1e-05	8.050799e-06	6.259678e-06	1.525081e-05
10	10-133729703	134956430	14	C	T	0.098	-0.04099579	0.008693949	272.5456	1e-05	1e-05	4.201339e-06	3.217766e-06	8.715833e-06
