chr	rs	ps	n_miss	allele1	allele0	af	beta	se	logl_H1	l_remle	l_mle	p_wald	p_lrt	p_score
1	1-7236358	7237794	18	T	C	0.05	0.1660664	0.03643494	32.63998	1e-05	1e-05	8.664797e-06	6.647228e-06	1.683958e-05
1	1-12250739	12447258	19	G	T	0.02	0.2629388	0.05778527	32.60763	1e-05	1e-05	8.955629e-06	6.87591e-06	1.732371e-05
1	1-18585901	18910948	23	A	G	0.015	0.2900181	0.06212733	33.05766	0.03631046	1e-05	5.347535e-06	4.29711e-06	1.169937e-05
1	1-23230987	23616653	9	G	T	0.187	0.09124706	0.02010567	32.55714	1e-05	1e-05	9.429134e-06	7.248616e-06	1.810777e-05
1	1-23309118	23694823	13	A	G	0.097	0.1258028	0.0266857	33.83798	0.1344715	1e+05	4.358831e-06	1.905391e-06	1.420451e-05
1	1-27102605	27287586	9	T	C	0.012	0.3710055	0.08108797	32.71435	1e-05	1e-05	8.031782e-06	6.150143e-06	1.577867e-05
1	1-32412229	32695976	2	T	C	0.039	0.2454116	0.05091721	33.40591	0.09399151	0.005897854	2.714509e-06	2.988367e-06	8.664004e-06
1	1-53078845	53681168	40	A	G	0.197	0.1007818	0.02178425	32.81407	0.1245844	1e+05	6.42692e-06	5.54162e-06	1.920269e-05
1	1-66395507	67229272	21	G	A	0.015	0.2863354	0.06160722	33.00649	0.02095117	1e-05	5.850047e-06	4.532874e-06	1.223118e-05
1	1-68136571	69316635	25	T	C	0.087	0.1550685	0.0304616	34.5725	0.2071517	1e+05	7.780266e-07	8.87832e-07	6.128316e-06
1	1-68136601	69316665	25	T	A	0.09	0.1512327	0.02984514	34.15389	0.1795945	1e+05	8.68321e-07	1.37168e-06	5.711749e-06
1	1-68375109	69555353	21	T	G	0.229	0.09212368	0.02015302	32.69671	1e-05	1e-05	8.177578e-06	6.26455e-06	1.602392e-05
1	1-79331344	80851727	5	T	C	0.049	0.2368742	0.0493971	33.52483	0.05394367	1e-05	3.032093e-06	2.640042e-06	7.813526e-06
1	1-87289746	89082698	40	A	G	0.047	0.1782534	0.03818156	33.11541	1e-05	1e-05	5.336942e-06	4.045798e-06	1.112756e-05
1	1-91495084	93451311	12	C	G	0.017	0.2959878	0.06457187	32.62199	0.06061061	1e-05	7.739753e-06	6.773454e-06	1.71071e-05
1	1-91501808	93458034	10	T	C	0.014	0.3110013	0.06786919	32.45225	0.08963497	1e-05	7.790075e-06	8.089067e-06	1.985498e-05
1	1-98406378	100685743	28	A	G	0.195	0.1045068	0.02210012	33.3575	0.02951228	1e-05	4.085301e-06	3.143045e-06	9.025097e-06
1	1-98406599	100685963	18	A	C	0.198	0.1136226	0.02178109	35.42571	0.07914986	1e-05	4.278838e-07	3.664089e-07	1.570324e-06
1	1-98406607	100685971	20	A	G	0.203	0.1102524	0.02135704	35.31833	0.0349262	1e-05	5.542176e-07	4.095392e-07	1.716633e-06
1	1-108279504	110792228	27	A	T	0.264	-0.1091722	0.02187839	34.548	1e-05	1e-05	1.245215e-06	9.107202e-07	3.270001e-06
1	1-108512099	110963645	22	G	A	0.051	-0.2056675	0.04390933	33.18203	1e-05	1e-05	4.986912e-06	3.774149e-06	1.050334e-05
1	1-124306188	126294150	7	T	C	0.014	0.4003664	0.08765025	32.49306	0.07077839	1e-05	8.300716e-06	7.750992e-06	1.915546e-05
1	1-126237528	128399147	40	A	G	0.039	0.2241383	0.04876974	33.54687	0.1014879	1e+05	7.345137e-06	2.580105e-06	1.889401e-05
1	1-133753529	136163002	5	C	T	0.016	0.2936336	0.06487643	32.82626	0.1380915	1e+05	9.945053e-06	5.4715e-06	3.123938e-05
1	1-138296141	140517160	6	T	A	0.016	0.3314277	0.07192756	32.57537	0.08243696	1e-05	6.971372e-06	7.11176e-06	1.782057e-05
1	1-144052281	146235596	41	A	G	0.031	0.2301745	0.04986436	32.59466	0.09022803	1e-05	6.725177e-06	6.969722e-06	1.752163e-05
1	1-170076432	171932313	7	T	C	0.174	0.1014793	0.02208193	32.80083	1e-05	1e-05	7.353764e-06	5.618785e-06	1.463051e-05
1	1-171088740	172973136	45	A	G	0.14	0.1084625	0.02349175	32.89293	1e-05	1e-05	6.694738e-06	5.103459e-06	1.350148e-05
1	1-202314084	204776442	27	T	G	0.01	0.4014738	0.08690289	32.80364	0.0476629	1e-05	6.614526e-06	5.602294e-06	1.459462e-05
1	1-208323558	211230435	10	C	A	0.281	0.0840113	0.01825474	32.82904	1e-05	1e-05	7.145236e-06	5.455599e-06	1.427472e-05
1	1-211057158	214055068	18	G	A	0.03	0.2403501	0.05124383	33.20993	1e-05	1e-05	4.847264e-06	3.6659e-06	1.025269e-05
1	1-211057192	214055102	46	T	C	0.04	0.2081362	0.04458911	33.11237	1e-05	1e-05	5.353522e-06	4.058676e-06	1.115699e-05
1	1-211073332	214079660	17	T	C	0.044	0.1706815	0.03710204	32.82116	1e-05	1e-05	7.202884e-06	5.500701e-06	1.437321e-05
1	1-211074526	214080854	5	A	G	0.049	0.1636008	0.0358423	32.66796	1e-05	1e-05	8.420934e-06	6.455622e-06	1.643207e-05
1	1-211109946	214114527	8	T	C	0.047	0.1656132	0.03603333	32.8031	1e-05	1e-05	7.336752e-06	5.605468e-06	1.460153e-05
1	1-211111852	214116433	5	T	C	0.019	0.3962601	0.07695424	35.2863	1e-05	1e-05	5.896446e-07	4.23361e-07	1.76291e-06
1	1-211112120	214116701	5	A	G	0.03	0.2601941	0.05326118	34.07286	1e-05	1e-05	2.016257e-06	1.492278e-06	4.889577e-06
1	1-211112505	214117086	7	A	G	0.021	0.3480972	0.07387002	33.30577	1e-05	1e-05	4.396738e-06	3.317207e-06	9.437293e-06
1	1-211112579	214117160	2	T	G	0.023	0.3018698	0.06359683	33.45622	1e-05	1e-05	3.772709e-06	2.835696e-06	8.28877e-06
1	1-211112814	214117395	3	C	T	0.037	0.2538984	0.05525022	32.80018	1e-05	1e-05	7.35864e-06	5.622602e-06	1.463881e-05
1	1-211127874	214132455	3	A	G	0.025	0.299987	0.06135347	34.09194	1e-05	1e-05	1.977587e-06	1.462958e-06	4.810872e-06
1	1-211155064	214159640	9	T	C	0.052	0.1655916	0.03542667	33.13987	1e-05	1e-05	5.205672e-06	3.94387e-06	1.089412e-05
1	1-219900732	223070945	5	A	G	0.023	0.2456237	0.05196598	33.36848	1e-05	1e-05	4.124921e-06	3.107247e-06	8.939936e-06
1	1-222284407	225628491	35	C	T	0.07	0.1464118	0.03032022	33.82027	1e-05	1e-05	2.605788e-06	1.940832e-06	6.064894e-06
1	1-229590113	233053939	47	C	T	0.014	0.3800032	0.08067402	33.28478	0.01523329	1e-05	4.434816e-06	3.390599e-06	9.609976e-06
1	1-248905774	252780297	41	G	T	0.011	0.6143708	0.1049625	38.71654	0.09848405	1e+05	1.783541e-08	1.225961e-08	1.413116e-07
1	1-255892430	260369430	31	C	A	0.011	0.3466439	0.07567878	32.72539	0.01690344	1e-05	7.854812e-06	6.07959e-06	1.562709e-05
1	1-270450677	275131740	43	A	G	0.014	0.374349	0.08066244	32.94638	0.03314544	1e-05	6.02838e-06	4.826436e-06	1.288757e-05
1	1-286581013	291666774	19	C	T	0.192	0.08879668	0.01950153	32.62086	0.009059985	1e-05	8.838243e-06	6.7814e-06	1.712392e-05
2	2-2104564	2100558	39	G	A	0.025	0.2571045	0.05170774	34.46715	1e-05	1e-05	1.351556e-06	9.904967e-07	3.50075e-06
2	2-10931226	11012353	17	A	T	0.015	0.34343	0.07580155	32.50308	0.02219015	1e-05	9.749422e-06	7.670253e-06	1.898776e-05
2	2-11961556	12245403	28	C	A	0.339	0.07771778	0.01690354	32.81001	1e-05	1e-05	7.285268e-06	5.56517e-06	1.451378e-05
2	2-21681719	22344369	25	G	C	0.015	0.3215864	0.06723292	33.34124	0.08272694	1e-05	3.20234e-06	3.196775e-06	9.152632e-06
2	2-21924134	22605788	4	A	C	0.014	0.3313449	0.06703577	33.98969	0.09237391	1e-05	1.548427e-06	1.62713e-06	5.248362e-06
2	2-23505719	24146601	1	G	C	0.495	0.2567948	0.04923354	35.60005	1e-05	1e-05	4.293603e-07	3.058686e-07	1.35941e-06
2	2-23505737	24146619	1	A	C	0.498	0.2310117	0.04841997	33.52965	0.03465565	1e-05	3.382278e-06	2.626806e-06	7.781177e-06
2	2-23852005	24528038	8	A	C	0.099	0.1383011	0.02890319	33.62541	1e-05	1e-05	3.176407e-06	2.377405e-06	7.166639e-06
2	2-23938037	24666674	24	G	A	0.232	-0.09271503	0.02004282	33.12161	0.1603605	1e+05	6.441405e-06	4.019735e-06	2.356484e-05
2	2-25813974	26526760	5	T	C	0.019	0.2840795	0.05737916	34.32687	0.03256638	1e-05	1.491605e-06	1.145927e-06	3.941487e-06
2	2-26185925	26931959	11	T	A	0.014	0.3107967	0.06809706	32.6497	0.02069803	1e-05	8.436935e-06	6.58004e-06	1.669688e-05
2	2-27973153	28709878	21	A	G	0.01	0.4195353	0.08652409	33.90921	1e-05	1e-05	2.380708e-06	1.769246e-06	5.621202e-06
2	2-37999265	38770817	25	T	C	0.015	0.3447391	0.07577705	32.60386	1e-05	1e-05	8.990121e-06	6.903044e-06	1.7381e-05
2	2-45346295	46607601	28	C	T	0.01	0.3531849	0.07502379	33.2232	0.03602565	1e-05	4.4887e-06	3.615512e-06	1.013563e-05
2	2-45346836	46608142	6	G	C	0.012	0.3315809	0.07082889	33.17132	0.0002009141	1e-05	5.041891e-06	3.816561e-06	1.060124e-05
2	2-45421803	46655348	26	G	A	0.01	0.3594004	0.0748788	33.63267	0.03476743	1e-05	2.971796e-06	2.3595e-06	7.122135e-06
2	2-45422106	46655651	16	A	C	0.012	0.3729495	0.06995899	36.09654	0.03283341	1e-05	2.463479e-07	1.82959e-07	9.038303e-07
2	2-45422229	46655774	18	A	G	0.015	0.3079296	0.06740511	32.68449	1e-05	1e-05	8.280166e-06	6.34508e-06	1.619616e-05
2	2-45422586	46656131	28	T	C	0.01	0.351598	0.07508034	33.10962	0.03790797	1e-05	5.008057e-06	4.070335e-06	1.118362e-05
2	2-45423063	46656608	26	A	G	0.01	0.3542153	0.07501929	33.27079	0.0399182	1e-05	4.217292e-06	3.440452e-06	9.726944e-06
2	2-45425057	46658602	9	T	G	0.012	0.3396847	0.0706257	33.69208	0.02960687	1e-05	2.842154e-06	2.217931e-06	6.768311e-06
2	2-102686344	104978801	9	T	C	0.358	0.07550738	0.01638798	32.66493	0.06776726	1e-05	6.980973e-06	6.476095e-06	1.64757e-05
2	2-113507957	116155685	9	C	A	0.014	0.3863804	0.07502776	35.25673	0.02639579	1e-05	5.881448e-07	4.36539e-07	1.806776e-06
2	2-132721927	136253299	5	T	G	0.012	0.3265349	0.0710254	32.72738	0.04244728	1e-05	7.2943e-06	6.066929e-06	1.559986e-05
2	2-132723318	136254690	5	T	G	0.016	0.3162813	0.06473434	34.22097	0.1086406	1e+05	2.010859e-06	1.27927e-06	6.772598e-06
2	2-140502318	144640094	28	A	G	0.01	0.401185	0.08668432	32.94055	1e-05	1e-05	6.377598e-06	4.855907e-06	1.295312e-05
2	2-145514717	149440597	14	A	C	0.024	0.2612908	0.05088977	35.06593	0.1963958	1e+05	6.326371e-07	5.320314e-07	4.121031e-06
2	2-180260208	185012225	40	T	C	0.019	0.3284444	0.07180993	33.02707	0.110846	1e+05	8.085914e-06	4.436544e-06	2.268106e-05
2	2-196946083	202582387	10	C	A	0.271	-0.08619395	0.01752399	34.22344	1e-05	1e-05	1.730528e-06	1.275986e-06	4.302486e-06
2	2-203806820	209775586	25	A	G	0.015	0.2985529	0.06117932	34.04909	1e-05	1e-05	2.065497e-06	1.529631e-06	4.989475e-06
2	2-204264517	210181088	21	G	A	0.05	0.1692772	0.03420654	34.35974	1e-05	1e-05	1.507079e-06	1.107446e-06	3.833373e-06
2	2-223322056	229700877	43	T	A	0.011	0.379786	0.07475187	34.87217	0.04607428	1e-05	8.154765e-07	6.504776e-07	2.490377e-06
2	2-223502326	229882123	4	T	C	0.016	0.3426464	0.07326514	33.01897	0.07061184	1e+05	5.146371e-06	4.474198e-06	1.252532e-05
2	2-232937800	239170189	8	T	C	0.054	0.1572733	0.03282013	33.65642	1e-05	1e-05	3.077868e-06	2.301865e-06	6.978512e-06
2	2-237307146	240681975	20	T	C	0.013	0.3859117	0.08038176	33.69635	1e-05	1e-05	2.955435e-06	2.208092e-06	6.74359e-06
2	2-236635599	243870820	21	T	C	0.01	0.3457756	0.07564628	32.68494	0.01676971	1e-05	8.186697e-06	6.342097e-06	1.618979e-05
2	2-236664474	243893581	13	G	T	0.022	0.2522309	0.05174418	33.9272	0.04738797	1e-05	2.116902e-06	1.73643e-06	5.53556e-06
3	3-4751938	4031909	23	C	T	0.018	0.269346	0.05937712	32.5409	0.01296994	1e-05	9.518498e-06	7.372793e-06	1.836769e-05
3	3-23953334	23429122	27	A	G	0.212	-0.111911	0.02436216	32.77558	0.02002931	1e-05	7.416294e-06	5.76896e-06	1.495657e-05
3	3-45652877	45226834	24	A	G	0.01	0.3595006	0.07482795	33.71134	1e-05	1e-05	2.910763e-06	2.173901e-06	6.657537e-06
3	3-78604011	78850242	10	T	C	0.021	0.2751196	0.06059095	33.22127	0.1737719	1e+05	9.338543e-06	3.622806e-06	3.382021e-05
3	3-79789154	80068694	9	A	C	0.014	0.3533185	0.07633286	32.94288	1e-05	1e-05	6.36249e-06	4.844121e-06	1.292691e-05
3	3-111423126	97346439	4	T	C	0.426	0.07957326	0.0174245	32.67768	1e-05	1e-05	8.337849e-06	6.390372e-06	1.629289e-05
3	3-94022163	105161075	25	A	G	0.018	0.3371367	0.07173879	33.11278	0.05936175	1e-05	4.653857e-06	4.056937e-06	1.115302e-05
3	3-93231262	105935044	7	C	T	0.378	-0.07588808	0.01675663	32.51677	1e-05	1e-05	9.825767e-06	7.561168e-06	1.876078e-05
3	3-88613328	110583189	15	A	G	0.015	0.4235334	0.08841092	33.59352	0.03373303	1e-05	3.098278e-06	2.457713e-06	7.365597e-06
3	3-142901638	143773627	34	A	C	0.048	0.1950483	0.04203266	32.99351	1e-05	1e-05	6.042548e-06	4.594703e-06	1.236994e-05
3	3-158483507	160017692	0	T	C	0.016	0.4199528	0.08040789	35.62606	0.01758481	1e-05	4.153382e-07	2.977391e-07	1.330523e-06
3	3-172834071	175207448	29	T	C	0.01	0.4008142	0.0871321	32.55261	0.08397962	1e-05	7.210789e-06	7.283013e-06	1.817983e-05
3	3-173460622	175848637	36	T	C	0.111	0.1336932	0.0278279	33.711	1e-05	1e-05	2.911775e-06	2.174676e-06	6.65949e-06
3	3-175347301	177858415	17	A	C	0.015	0.3574753	0.07730655	32.92338	1e-05	1e-05	6.490156e-06	4.943733e-06	1.314814e-05
3	3-182982411	185912082	25	T	C	0.015	0.3807227	0.07584951	34.5707	0.04987172	1e-05	1.085697e-06	8.894974e-07	3.208039e-06
3	3-184289278	187210140	14	A	C	0.063	0.1545949	0.03151894	34.16108	1e-05	1e-05	1.843565e-06	1.361455e-06	4.536326e-06
3	3-186168226	189043155	16	T	C	0.015	0.2953921	0.06179754	33.55526	0.03367513	1e-05	3.248326e-06	2.557653e-06	7.611751e-06
3	3-203562276	206744021	5	A	G	0.488	0.1603013	0.03390454	33.59257	0.02875142	1e+05	4.099388e-06	2.460148e-06	9.086667e-06
3	3-203562283	206744028	5	C	T	0.491	0.1603539	0.03539054	32.78661	0.05216734	1e+05	9.735269e-06	5.702866e-06	2.010823e-05
3	3-203562291	206744036	5	T	A	0.484	0.1633568	0.03496655	33.23672	0.04824981	1e+05	5.261369e-06	3.564899e-06	1.174896e-05
3	3-207380994	210829498	31	G	A	0.249	0.08959124	0.01865493	33.70329	1e-05	1e-05	2.934665e-06	2.192194e-06	6.703604e-06
3	3-210743781	214290497	31	T	C	0.021	0.2607716	0.05736903	32.58741	1e-05	1e-05	9.142277e-06	7.022769e-06	1.763338e-05
3	3-212488952	216109421	7	T	C	0.031	0.255586	0.0561262	32.62182	0.006934896	1e-05	8.820811e-06	6.774651e-06	1.710964e-05
3	3-214739170	218303997	13	T	C	0.012	0.3861327	0.0811981	33.46267	0.02728456	1e-05	3.626647e-06	2.816693e-06	8.242846e-06
3	3-227572681	231399920	14	A	T	0.311	0.08006267	0.0174215	32.36988	0.1413727	1e+05	7.352308e-06	8.817166e-06	2.653462e-05
4	4-2594408	3164834	26	T	C	0.018	0.3182962	0.06417406	34.1899	0.07258797	1e-05	1.431113e-06	1.321274e-06	4.426708e-06
4	4-2594465	3164891	35	T	C	0.022	0.2964976	0.05663723	35.49576	0.0678474	1e-05	3.91637e-07	3.407609e-07	1.481826e-06
4	4-9261485	10105827	9	T	C	0.014	0.4087279	0.08722494	33.19071	1e-05	1e-05	4.943061e-06	3.74015e-06	1.042473e-05
4	4-12337301	13254516	15	T	C	0.059	0.1730575	0.03748015	32.89406	1e-05	1e-05	6.687063e-06	5.097465e-06	1.348825e-05
4	4-15019552	16120282	0	G	C	0.018	0.3589857	0.07651199	32.65895	0.1386499	1e+05	4.813754e-06	6.516711e-06	1.675754e-05
4	4-27551538	29040488	7	A	G	0.047	0.2292806	0.04705837	34.01447	1e-05	1e-05	2.139369e-06	1.585711e-06	5.138704e-06
4	4-50769133	52892394	36	A	G	0.022	0.2545193	0.05386654	33.27657	0.04439356	1e-05	4.154933e-06	3.419749e-06	9.678402e-06
4	4-50804537	52927607	11	A	G	0.029	0.2079366	0.04366353	33.52504	1.383235e-05	1e-05	3.517687e-06	2.639456e-06	7.812094e-06
4	4-50804654	52927724	8	C	T	0.021	0.2436216	0.05239417	32.98144	0.03504575	1e-05	5.79808e-06	4.652974e-06	1.250047e-05
4	4-50736389	52969618	30	T	C	0.018	0.2700029	0.05943902	32.5731	0.009032758	1e-05	9.261547e-06	7.128634e-06	1.785602e-05
4	4-54518487	56748218	3	T	C	0.164	-0.1180338	0.02468896	33.6071	1e-05	1e-05	3.236102e-06	2.423195e-06	7.280209e-06
4	4-56447497	58753882	19	A	C	0.012	0.3807607	0.08089105	33.283	1e-05	1e-05	4.499833e-06	3.396925e-06	9.624832e-06
4	4-64277957	66707317	24	T	C	0.015	0.2872982	0.0622445	32.87841	0.01463193	1e-05	6.736163e-06	5.181446e-06	1.367339e-05
4	4-71246856	73918546	22	G	A	0.035	0.1878904	0.04115993	32.60607	0.03808017	1e-05	8.4054e-06	6.887089e-06	1.734732e-05
4	4-73211231	75910335	7	A	G	0.016	0.3784419	0.07052173	38.01361	0.3566285	1e+05	2.073629e-07	2.528416e-08	3.127548e-06
4	4-73806084	76520353	3	T	C	0.028	0.271152	0.05818685	33.07835	1e-05	1e-05	5.542263e-06	4.205347e-06	1.149119e-05
4	4-73869223	76615516	11	T	C	0.026	0.2752986	0.05601497	34.07964	0.05459824	1e-05	1.76172e-06	1.481795e-06	4.861465e-06
4	4-73869312	76615605	15	T	C	0.027	0.2606312	0.05626871	32.957	0.005233466	1e-05	6.272441e-06	4.773194e-06	1.276898e-05
4	4-79464175	82294112	9	A	T	0.509	0.07493736	0.0159566	33.23606	1e-05	1e-05	4.720015e-06	3.56733e-06	1.002346e-05
4	4-113255845	116829836	36	G	C	0.283	-0.08785828	0.01843725	34.01086	0.2425661	1e+05	3.470517e-06	1.591679e-06	2.486588e-05
4	4-118238650	121921793	40	G	A	0.075	0.1696603	0.03495113	33.93357	1e-05	1e-05	2.322519e-06	1.724951e-06	5.50554e-06
4	4-127184435	130176634	24	T	C	0.013	0.4420728	0.07912966	37.40454	1e-05	1e-05	6.957274e-08	4.737647e-08	3.139392e-07
4	4-130624632	133667901	23	A	C	0.015	0.3110925	0.06778279	32.40845	0.09993884	1e-05	7.549839e-06	8.468315e-06	2.063471e-05
4	4-130638989	133684115	15	G	C	0.012	0.322935	0.07109709	32.51394	0.03681581	1e-05	9.275535e-06	7.583561e-06	1.880741e-05
4	4-130638995	133684121	16	T	G	0.012	0.3957314	0.06972059	38.18615	0.1530758	1e+05	4.431478e-08	2.116638e-08	3.780641e-07
4	4-130884182	133925891	35	A	G	0.014	0.3302858	0.07124549	32.75378	0.07459228	1e-05	6.163692e-06	5.901882e-06	1.524413e-05
4	4-130884231	133925940	29	C	A	0.013	0.3295874	0.07126053	32.6997	0.07600834	1e-05	6.462408e-06	6.245013e-06	1.598209e-05
4	4-131059403	134081300	37	A	G	0.011	0.3687212	0.07487215	34.01919	0.07590548	1e-05	1.683093e-06	1.577953e-06	5.118113e-06
4	4-131075214	134097111	2	T	C	0.011	0.3926738	0.08058597	33.57614	0.1112545	0.0001803037	2.134765e-06	2.5026e-06	7.476351e-06
4	4-131165592	134183561	41	A	G	0.014	0.3248817	0.07149	32.31345	0.0833345	1e-05	9.184998e-06	9.35356e-06	2.243587e-05
4	4-131172401	134191235	25	C	T	0.013	0.3248616	0.07139627	32.35507	0.07997783	1e-05	8.961586e-06	8.954853e-06	2.162779e-05
4	4-131172452	134191286	25	T	C	0.015	0.3516293	0.06680106	35.61551	0.08011191	1e-05	3.40976e-07	3.010111e-07	1.342167e-06
4	4-131174647	134192653	21	A	G	0.013	0.3227277	0.07109136	32.48391	0.04060149	1e-05	9.378494e-06	7.825595e-06	1.93102e-05
4	4-131185891	134203897	30	A	C	0.013	0.3238082	0.07142198	32.29084	0.07943789	1e-05	9.620209e-06	9.577503e-06	2.28876e-05
4	4-131190870	134209738	22	T	C	0.018	0.2768403	0.05934026	32.85313	0.07944348	1e-05	5.41457e-06	5.320058e-06	1.3978e-05
4	4-131195332	134214201	22	A	G	0.025	0.2460505	0.05416142	32.35964	0.07466783	1e-05	9.245816e-06	8.912145e-06	2.154093e-05
4	4-131207909	134226777	29	T	C	0.013	0.4032948	0.06955826	38.84777	0.1604433	1e+05	2.3739e-08	1.071099e-08	2.390624e-07
4	4-131212598	134231466	14	G	A	0.017	0.2741245	0.05959087	33.2977	0.1379671	1e+05	7.209712e-06	3.345233e-06	2.32406e-05
4	4-131241923	134260204	24	A	G	0.013	0.3287303	0.07129912	32.62297	0.0780689	1e-05	6.887044e-06	6.766481e-06	1.709235e-05
4	4-131243033	134261314	19	T	C	0.027	0.2345231	0.04687098	34.46812	0.05769512	1e-05	1.168838e-06	9.895083e-07	3.497911e-06
4	4-131248378	134266659	5	A	G	0.014	0.3081629	0.06769806	32.37625	0.0780609	1e-05	8.888141e-06	8.758504e-06	2.122797e-05
4	4-131372152	134389638	10	T	C	0.012	0.3449139	0.0706499	33.85619	0.07027222	1e-05	2.046235e-06	1.869616e-06	5.881551e-06
4	4-131372659	134390145	6	A	G	0.014	0.3312129	0.06710624	34.12176	0.0667213	1e-05	1.6003e-06	1.418279e-06	4.690428e-06
4	4-131428320	134441311	11	A	C	0.014	0.3436432	0.06693787	35.00103	0.07266854	1e-05	6.346859e-07	5.690799e-07	2.235905e-06
4	4-131466615	134477960	4	A	G	0.021	0.3207971	0.05901293	36.65892	0.007002743	1e-05	1.472634e-07	1.022966e-07	5.718414e-07
4	4-134381954	137572030	16	T	C	0.025	0.3018568	0.05712133	35.92687	1e-05	1e-05	3.086225e-07	2.180678e-07	1.038668e-06
4	4-134958700	138160662	5	T	G	0.014	0.3097794	0.06810785	32.52102	0.04291506	1e-05	9.029998e-06	7.527675e-06	1.869099e-05
4	4-136291707	139434192	31	T	C	0.011	0.3997653	0.08717289	32.75938	1e-05	1e-05	7.671276e-06	5.867474e-06	1.516979e-05
4	4-161016304	164010219	43	C	T	0.04	0.2908939	0.0571925	34.73685	0.078495	1e-05	7.942815e-07	7.485576e-07	2.789653e-06
4	4-171407569	174432480	13	C	T	0.466	0.0753761	0.01592873	33.39241	1e-05	1e-05	4.025719e-06	3.030703e-06	8.757327e-06
4	4-178419703	181355641	15	A	G	0.02	0.2736359	0.05303572	35.33404	1e-05	1e-05	5.618508e-07	4.029238e-07	1.694383e-06
4	4-178441821	181402495	24	A	G	0.018	0.3464519	0.06369608	36.6753	1e-05	1e-05	1.45035e-07	1.0058e-07	5.643075e-07
4	4-178522118	181461268	37	A	C	0.033	0.2110635	0.04610613	32.72472	1e-05	1e-05	7.947276e-06	6.083855e-06	1.563626e-05
4	4-178522596	181461746	23	A	T	0.025	0.275867	0.04953418	37.31747	1e-05	1e-05	7.594628e-08	5.182927e-08	3.365695e-07
4	4-179339504	182288657	25	T	A	0.01	0.4341703	0.0897071	33.73748	0.05378524	1e-05	2.478884e-06	2.115518e-06	6.510092e-06
4	4-185682717	188942160	41	C	G	0.031	0.2837063	0.06037201	33.0871	0.06238564	1e-05	4.658007e-06	4.167095e-06	1.14042e-05
4	4-185682716	188942161	41	A	G	0.031	0.2746306	0.06026563	32.45636	0.06651161	1e-05	8.698121e-06	8.054337e-06	1.978331e-05
4	4-191713597	195790080	31	G	T	0.013	0.3384136	0.07075926	33.61179	0.01114844	1e-05	3.210478e-06	2.411368e-06	7.250908e-06
4	4-191819857	195896003	3	T	G	0.032	0.1959646	0.04069637	33.61499	0.05801616	1e-05	2.770708e-06	2.403344e-06	7.231016e-06
4	4-212953508	216418615	18	T	G	0.012	0.4501212	0.09641385	33.11569	1e-05	1e-05	5.335459e-06	4.044646e-06	1.112493e-05
4	4-217909266	221508386	24	A	T	0.031	0.2240784	0.04899179	32.70773	1e-05	1e-05	8.086145e-06	6.192796e-06	1.587018e-05
4	4-224871241	228681941	7	A	C	0.014	0.4014172	0.07495741	36.06059	0.06779591	1e-05	2.188521e-07	1.898903e-07	9.30818e-07
4	4-228862440	233308855	33	G	A	0.011	0.3800956	0.07470637	34.91144	0.04473218	1e-05	7.881928e-07	6.245055e-07	2.409831e-06
4	4-233129580	237733759	4	A	T	0.012	0.478995	0.09621226	35.19481	0.04681149	1e+05	1.312961e-06	4.654771e-07	3.644148e-06
4	4-236304180	241016458	21	T	G	0.01	0.4418161	0.08600669	35.22756	0.008085033	1e-05	6.250422e-07	4.499406e-07	1.85114e-06
4	4-236951418	241638673	19	C	G	0.124	0.1084975	0.02368473	32.72892	0.01610097	1e-05	7.839741e-06	6.057229e-06	1.557899e-05
4	4-239963338	244809215	27	T	G	0.316	0.09327309	0.01958451	33.52656	1e-05	1e-05	3.512251e-06	2.635283e-06	7.801897e-06
5	5-1360696	1395285	22	T	A	0.124	-0.12331	0.02517469	34.13108	1e-05	1e-05	1.900565e-06	1.404603e-06	4.653436e-06
5	5-1362704	1397293	10	C	T	0.126	-0.1157399	0.02438108	33.45843	1e-05	1e-05	3.764224e-06	2.829161e-06	8.272983e-06
5	5-1364927	1399516	9	T	C	0.076	-0.2089671	0.0454206	32.82282	1e-05	1e-05	7.190729e-06	5.49119e-06	1.435245e-05
5	5-1365076	1399665	22	C	T	0.159	-0.1111703	0.02308426	33.76237	1e-05	1e-05	2.763677e-06	2.061416e-06	6.372868e-06
5	5-1365149	1399738	14	C	T	0.143	-0.112737	0.02400121	33.23962	1e-05	1e-05	4.702934e-06	3.554103e-06	9.992621e-06
5	5-1365493	1400082	26	T	C	0.085	-0.1815835	0.03894453	33.08959	1e-05	1e-05	5.479146e-06	4.156285e-06	1.13796e-05
5	5-1367485	1402074	21	A	G	0.078	-0.2079449	0.0457167	32.60033	1e-05	1e-05	9.022553e-06	6.928559e-06	1.743484e-05
5	5-2767943	2850166	38	T	C	0.069	0.1587865	0.03195074	34.45558	1e-05	1e-05	1.367509e-06	1.002478e-06	3.535125e-06
5	5-10007356	10349892	14	T	C	0.024	0.2186673	0.04806378	32.53982	0.03846565	1e-05	8.984778e-06	7.381127e-06	1.838511e-05
5	5-16075333	16627690	37	C	T	0.044	0.225155	0.04667065	33.36341	0.1159313	1e+05	2.659554e-06	3.123726e-06	9.177817e-06
5	5-25501221	26099326	29	C	G	0.013	0.3763547	0.08180579	32.58579	0.08209841	1e-05	7.194654e-06	7.034708e-06	1.765851e-05
5	5-43414524	44725589	14	G	A	0.012	0.3447843	0.07073625	33.84585	0.06332153	1e-05	2.120291e-06	1.889845e-06	5.933743e-06
5	5-44745924	46042841	26	T	C	0.01	0.4066322	0.08738222	33.04304	0.1059114	1e+05	5.704205e-06	4.363199e-06	1.648215e-05
5	5-47172610	48650636	28	T	C	0.018	0.3142963	0.06464544	33.96417	0.01018739	1e-05	2.243252e-06	1.670912e-06	5.363774e-06
5	5-55266368	56947714	30	G	A	0.032	0.2097718	0.04602279	32.64045	1e-05	1e-05	8.660642e-06	6.643962e-06	1.683265e-05
5	5-55437263	57168057	32	A	C	0.037	0.2144715	0.04409405	34.54475	1e-05	1e+05	2.221831e-06	9.138004e-07	5.304408e-06
5	5-61803813	63561303	15	A	C	0.195	0.09500928	0.02099306	32.50489	0.005620702	1e-05	9.957877e-06	7.655712e-06	1.895753e-05
5	5-62516257	64316344	14	A	T	0.056	0.2041134	0.04348695	33.22451	1e-05	1e-05	4.775871e-06	3.610589e-06	1.012418e-05
5	5-66718519	68604309	45	G	T	0.111	0.1276645	0.02762089	32.91434	1e-05	1e-05	6.550227e-06	4.990621e-06	1.325204e-05
5	5-72471390	74569264	9	A	G	0.147	0.1394467	0.02980276	33.9426	0.3495738	1e+05	5.096862e-06	1.708833e-06	5.987189e-05
5	5-79266897	81489162	4	A	G	0.019	0.360833	0.0759664	33.47067	1e-05	1e-05	3.717658e-06	2.793307e-06	8.186259e-06
5	5-93074255	95421720	41	T	C	0.02	0.3460276	0.07143217	33.69722	0.07313899	1e+05	2.431247e-06	2.206088e-06	6.855547e-06
5	5-98458233	100918582	14	G	T	0.019	0.3491067	0.07692822	32.55591	1e-05	1e-05	9.440952e-06	7.257924e-06	1.812728e-05
5	5-109765045	112427334	5	T	C	0.014	0.3488941	0.0679916	35.13755	0.03979711	1e-05	6.41737e-07	4.939506e-07	1.995188e-06
5	5-110180236	112835016	4	G	A	0.014	0.2979562	0.06215834	33.58788	0.04216435	1e-05	3.0568e-06	2.472192e-06	7.401354e-06
5	5-110185952	112840731	6	T	C	0.026	0.2653107	0.05616855	33.17347	0.07648676	1e-05	4.183272e-06	3.807991e-06	1.058147e-05
5	5-114989326	117841091	5	T	C	0.014	0.361532	0.07558177	33.12862	0.1232397	1e-05	3.200126e-06	3.990444e-06	1.10009e-05
5	5-121666304	124774650	46	T	C	0.034	0.2259989	0.04491018	34.99621	0.1030963	1e+05	1.022831e-06	5.719299e-07	3.715419e-06
5	5-162730307	166576001	24	T	C	0.071	0.1465848	0.03035307	33.73619	0.05588952	1e-05	2.600187e-06	2.118381e-06	6.517336e-06
5	5-162730390	166576084	21	C	T	0.078	0.1437191	0.02950558	34.94721	0.1482635	1e+05	2.152547e-06	6.017532e-07	7.363807e-06
5	5-162744638	166590332	37	A	G	0.06	0.1802062	0.03941546	32.70205	0.1528409	1e+05	8.150621e-06	6.229712e-06	2.590368e-05
5	5-162792231	166637917	4	T	C	0.051	0.1876649	0.04034268	33.63396	0.1238648	1e+05	5.747567e-06	2.356327e-06	1.53879e-05
5	5-162891102	166738767	38	A	G	0.016	0.3658699	0.07612395	33.71967	1e-05	1e-05	2.886224e-06	2.155125e-06	6.610188e-06
5	5-163853930	167675881	17	G	C	0.251	0.09365427	0.02029164	32.8859	1e-05	1e-05	6.742892e-06	5.141073e-06	1.358444e-05
5	5-163853956	167675907	21	T	C	0.249	0.1003186	0.01978416	34.91964	1e-05	1e-05	8.545531e-07	6.192161e-07	2.393355e-06
5	5-163853978	167675929	24	C	G	0.454	0.07978126	0.0172802	32.89238	1e-05	1e-05	6.698526e-06	5.106418e-06	1.350801e-05
5	5-163855583	167677534	19	A	T	0.413	0.0730735	0.01614355	32.50681	1e-05	1e-05	9.926227e-06	7.640381e-06	1.892565e-05
5	5-163855586	167677537	19	C	T	0.423	0.07305576	0.01610301	32.55037	1e-05	1e-05	9.49449e-06	7.300096e-06	1.82156e-05
5	5-216035897	221867301	18	A	T	0.012	0.4524934	0.09601014	33.29637	0.01716121	1e-05	4.383438e-06	3.349892e-06	9.51427e-06
6	6-5643702	6133764	9	G	A	0.024	0.2236554	0.04785788	33.03813	0.04667667	1e-05	5.226054e-06	4.385592e-06	1.189946e-05
6	6-8848246	9260359	10	G	A	0.012	0.3896606	0.08120493	33.66012	0.02458774	1e-05	2.98896e-06	2.293012e-06	6.956399e-06
6	6-26612831	28015580	21	A	C	0.065	0.1675014	0.03581339	32.60658	0.1783732	1e+05	5.140413e-06	6.883423e-06	2.384957e-05
6	6-32941203	34477075	9	T	C	0.095	0.1588627	0.033783	33.26277	1e-05	1e-05	4.593447e-06	3.469351e-06	9.794626e-06
6	6-33228069	34713975	19	A	G	0.221	0.09165484	0.01965269	33.09441	1e-05	1e-05	5.452308e-06	4.135428e-06	1.13321e-05
6	6-37314443	39064412	18	G	A	0.045	0.244452	0.04698037	35.54055	1e-05	1e-05	4.559709e-07	3.253091e-07	1.427918e-06
6	6-37315775	39065744	9	C	T	0.038	0.2327396	0.05070936	32.77557	1e-05	1e-05	7.545613e-06	5.769018e-06	1.49567e-05
6	6-37491891	39234013	11	A	G	0.041	0.2260445	0.04670548	33.86906	1e-05	1e-05	2.479789e-06	1.844733e-06	5.817224e-06
6	6-37705607	39448012	24	A	C	0.02	0.3707624	0.07729951	35.18423	0.1777806	1e+05	3.016636e-06	4.706149e-07	1.194591e-05
6	6-37901754	39660871	31	A	C	0.077	0.159948	0.03123083	35.15609	1e-05	1e-05	6.726635e-07	4.845432e-07	1.9646e-06
6	6-40008877	41654679	38	A	G	0.014	0.3302855	0.07189287	32.71393	0.04368641	1e-05	7.400287e-06	6.152798e-06	1.578437e-05
6	6-52708882	55154036	10	G	A	0.014	0.3978607	0.08744552	32.59535	0.01727113	1e-05	8.973543e-06	6.964692e-06	1.751103e-05
6	6-96512200	99195301	22	G	T	0.013	0.3391875	0.07116875	33.51053	0.02648219	1e-05	3.45962e-06	2.679672e-06	7.910226e-06
6	6-100290498	103315152	9	T	G	0.095	0.1282286	0.02665221	33.42773	0.08629662	1e-05	2.822565e-06	2.921148e-06	8.494696e-06
6	6-100290529	103315183	8	T	G	0.094	0.1234028	0.02713821	32.36115	0.0731056	1e-05	9.075748e-06	8.898056e-06	2.151226e-05
6	6-100379083	103337899	21	A	G	0.083	0.1343073	0.02859553	33.02087	0.07025906	1e-05	4.710128e-06	4.465354e-06	1.207931e-05
6	6-100379067	103337915	20	T	C	0.09	0.1289065	0.02696776	33.4588	0.05488873	1e-05	3.247958e-06	2.828077e-06	8.270363e-06
6	6-106391778	109618897	27	A	G	0.021	0.2725577	0.05354396	35.00105	0.01602386	1e-05	7.790022e-07	5.690651e-07	2.235858e-06
6	6-115385001	119185240	10	T	A	0.033	0.2253968	0.04905822	32.66497	0.09629814	1e+05	7.389278e-06	6.475841e-06	1.948924e-05
6	6-131169361	135081757	28	A	T	0.013	0.3917258	0.08034661	34.52921	0.08053688	1e+05	2.10847e-06	9.286671e-07	6.132777e-06
6	6-135970175	139901603	37	T	A	0.014	0.3785338	0.08066926	33.02033	0.0697211	1e-05	4.802473e-06	4.46785e-06	1.208493e-05
6	6-153222361	157204366	31	G	C	0.013	0.4032684	0.0806671	35.1057	0.1536107	1e+05	1.193092e-06	5.105353e-07	5.539808e-06
7	7-32194089	33411507	7	A	G	0.014	0.4248618	0.07417837	37.99532	0.08813994	1e+05	3.406712e-08	2.576502e-08	2.237142e-07
7	7-36936639	38201358	40	A	G	0.011	0.4924044	0.1062431	33.71681	0.184783	1e+05	6.19596e-06	2.161562e-06	2.492964e-05
7	7-53620923	55491876	10	T	G	0.012	0.372901	0.08048483	32.96239	1e-05	1e-05	6.237243e-06	4.746444e-06	1.270932e-05
7	7-95345485	98319484	44	T	G	0.054	0.2136413	0.04374418	34.19542	0.08914114	1e+05	2.028903e-06	1.313705e-06	5.905463e-06
7	7-115579239	118966112	30	G	C	0.05	0.1658198	0.03585148	32.92794	1e-05	1e-05	6.460055e-06	4.920243e-06	1.309603e-05
7	7-123808519	127780684	7	A	C	0.012	0.3342156	0.07113327	33.17613	0.04130801	1e-05	4.675819e-06	3.797441e-06	1.055712e-05
7	7-132049580	136051967	24	T	A	0.02	0.2993723	0.06155507	33.97512	1e-05	1e-05	2.226585e-06	1.651981e-06	5.313932e-06
7	7-132118266	136136662	20	C	T	0.217	0.09127793	0.01853605	34.24934	1e-05	1e-05	1.685655e-06	1.242094e-06	4.209039e-06
7	7-142805307	147720620	34	T	C	0.03	0.3061919	0.06714243	33.36224	0.02676485	1e+05	8.573294e-06	3.12754e-06	1.705304e-05
7	7-157608834	162969958	1	T	C	0.475	0.2305833	0.04975903	32.9659	1e-05	1e-05	6.214945e-06	4.72906e-06	1.267052e-05
7	7-159981450	165378705	28	T	C	0.036	0.2089281	0.04044473	35.35436	0.01494032	1e-05	5.452648e-07	3.945257e-07	1.66604e-06
7	7-175710932	181209528	4	A	G	0.023	0.2688855	0.05488267	34.70993	0.09832125	1e+05	1.890986e-06	7.697734e-07	6.008099e-06
8	8-6567487	6891018	28	G	A	0.031	0.2082827	0.04589241	32.55767	1e-05	1e-05	9.424034e-06	7.244599e-06	1.809935e-05
8	8-20734202	21419391	25	C	T	0.01	0.4157947	0.08665269	33.5951	0.04343554	1e-05	2.990034e-06	2.453669e-06	7.355604e-06
8	8-48957507	50208825	43	G	C	0.161	-0.1084971	0.02393348	32.48864	0.0359011	1e-05	9.63928e-06	7.786946e-06	1.923006e-05
8	8-58518244	59787917	20	T	A	0.018	0.3431909	0.07149726	34.35414	0.1140118	1e+05	2.967843e-06	1.113905e-06	9.387793e-06
8	8-72948517	74656200	29	G	A	0.018	0.3603534	0.07118156	34.84695	0.02878858	1e-05	8.880561e-07	6.677252e-07	2.543552e-06
8	8-79018556	80922053	9	A	G	0.1	0.1373817	0.03012442	32.64458	0.01897458	1e-05	8.567888e-06	6.615363e-06	1.677193e-05
8	8-91702956	93989235	4	T	C	0.014	0.3189323	0.06709708	33.4856	1e-05	1e-05	3.661624e-06	2.750176e-06	8.081702e-06
8	8-95019688	97303737	22	C	T	0.015	0.4014364	0.08801947	32.65224	1e-05	1e-05	8.557121e-06	6.562609e-06	1.665983e-05
8	8-102643231	105329394	19	A	C	0.012	0.4926889	0.1057584	33.0144	0.03182028	1e-05	5.576524e-06	4.495599e-06	1.214738e-05
8	8-114937718	118132263	6	A	G	0.042	0.1888258	0.04127044	32.71427	1e-05	1e-05	8.0324e-06	6.150628e-06	1.577971e-05
8	8-115186566	118437979	31	A	G	0.037	0.2099475	0.04458623	33.29049	1e-05	1e-05	4.465636e-06	3.370477e-06	9.562689e-06
8	8-127219108	131496804	4	A	C	0.014	0.3971229	0.08771555	32.51066	1e-05	1e-05	9.887283e-06	7.609671e-06	1.886176e-05
8	8-128079399	132440647	17	G	A	0.325	-0.08211091	0.01713614	33.65509	1e-05	1e-05	3.08202e-06	2.305048e-06	6.986457e-06
8	8-129384915	133737332	39	G	C	0.019	0.2900613	0.06025877	34.46808	1e-05	1e+05	2.791931e-06	9.895448e-07	6.427713e-06
8	8-130865996	135266244	38	A	G	0.104	0.125735	0.02664397	33.33544	1e-05	1e-05	4.265973e-06	3.216159e-06	9.198561e-06
8	8-130866015	135266263	39	G	T	0.099	0.1278156	0.02692334	33.45962	1e-05	1e-05	3.759674e-06	2.825658e-06	8.264517e-06
8	8-167562989	173262006	15	C	T	0.061	0.1516969	0.03233191	33.21664	1e-05	1e-05	4.814261e-06	3.640329e-06	1.019331e-05
8	8-172755177	178523244	25	G	A	0.013	0.3794426	0.06987981	36.57377	0.03476849	1e-05	1.517693e-07	1.117047e-07	6.126953e-07
9	9-5418253	5025303	25	A	T	0.01	0.401868	0.08682727	32.87077	0.03869995	1e-05	6.370696e-06	5.222959e-06	1.376475e-05
9	9-7644162	7226256	31	A	G	0.011	0.4195055	0.08662117	33.79424	0.04340662	1e-05	2.443984e-06	1.994138e-06	6.201411e-06
9	9-11706334	11143715	39	G	A	0.014	0.3255925	0.07144207	32.63806	1e-05	1e-05	8.681843e-06	6.660626e-06	1.686801e-05
9	9-19683107	19609958	4	T	C	0.023	0.3332444	0.07254241	34.14276	0.4130849	1e+05	7.4115e-06	1.387641e-06	0.000102348
9	9-24356242	24234994	23	T	A	0.01	0.3462454	0.07538478	32.77315	0.01882773	1e-05	7.435677e-06	5.783634e-06	1.498836e-05
9	9-24358325	24237077	5	G	A	0.012	0.3290769	0.07104838	32.94483	0.01593491	1e-05	6.277207e-06	4.834258e-06	1.290497e-05
9	9-101657982	104105834	32	T	G	0.051	0.2049334	0.04047577	34.88471	1e-05	1e-05	8.853203e-07	6.420711e-07	2.46437e-06
9	9-106140786	108487728	9	T	C	0.021	0.3302811	0.06468354	35.12522	0.1258223	1e+05	7.232863e-07	5.003052e-07	3.195652e-06
9	9-108965014	111604351	21	T	A	0.038	0.2109282	0.04517203	33.17175	0.08055484	1e+05	5.3165e-06	3.814858e-06	1.26322e-05
9	9-109546689	112188363	19	G	T	0.197	0.09506543	0.02088332	32.61589	1e-05	1e-05	8.880442e-06	6.816773e-06	1.719875e-05
9	9-119724304	121264971	11	G	A	0.012	0.3375653	0.07080541	33.47345	0.03911066	1e-05	3.435713e-06	2.78524e-06	8.166723e-06
9	9-140815016	143243610	43	T	C	0.034	0.2344625	0.04796686	34.41748	0.1837695	1e+05	1.990978e-06	1.042952e-06	9.97704e-06
10	10-9424604	9388413	24	T	G	0.023	0.2456306	0.05214044	33.29987	1e-05	1e-05	4.423235e-06	3.337691e-06	9.485549e-06
10	10-19191975	19621700	28	C	T	0.031	0.2605249	0.05392512	33.64214	0.06461049	1e-05	2.577804e-06	2.336352e-06	7.06452e-06
10	10-19463180	19891759	32	A	G	0.016	0.4221636	0.09225421	33.47071	0.1344783	1e+05	8.005788e-06	2.793192e-06	2.47114e-05
10	10-26608491	27361903	18	T	C	0.027	0.2967043	0.06084924	33.90053	0.1063269	1e+05	2.102645e-06	1.785299e-06	7.015892e-06
10	10-28590630	29342697	22	G	A	0.01	0.4950293	0.1077848	32.81003	0.04010064	1e+05	7.444992e-06	5.565066e-06	1.570533e-05
10	10-38680835	39863191	43	T	C	0.059	0.1959245	0.04012432	34.3195	0.1183538	1e+05	2.037665e-06	1.154737e-06	7.056811e-06
10	10-46983926	48325254	25	T	G	0.013	0.3365514	0.07082315	33.47988	1e-05	1e-05	3.682984e-06	2.766616e-06	8.121585e-06
10	10-50165757	51475414	22	T	C	0.018	0.2976429	0.06431554	32.93942	1e-05	1e-05	6.384933e-06	4.861629e-06	1.296584e-05
10	10-50629542	51957585	10	T	C	0.021	0.3218153	0.06685955	33.59796	0.05648777	1e-05	2.795613e-06	2.44637e-06	7.337557e-06
10	10-66607553	65840842	35	T	C	0.157	0.1024718	0.02194095	32.89707	0.07348483	1e-05	5.295319e-06	5.081458e-06	1.345291e-05
10	10-66607562	65840851	37	C	T	0.164	0.1025001	0.02210653	32.84085	0.05460343	1e-05	6.143167e-06	5.388755e-06	1.412853e-05
10	10-66607564	65840853	37	G	A	0.148	0.1053378	0.0226649	32.81341	0.0682255	1e-05	5.853654e-06	5.545409e-06	1.447072e-05
10	10-66792203	66035159	10	T	C	0.133	0.1309806	0.02815437	33.04462	1e-05	1e-05	5.73595e-06	4.355989e-06	1.183258e-05
10	10-67082257	66290818	17	A	G	0.296	0.08934527	0.01767931	34.841	1e-05	1e-05	9.253852e-07	6.71862e-07	2.556269e-06
10	10-67081825	66291250	15	G	T	0.246	0.09801621	0.02028112	33.83824	1e-05	1e-05	2.558659e-06	1.904873e-06	5.972459e-06
10	10-67161651	66349389	12	T	A	0.274	0.0844536	0.01838571	32.79166	1e-05	1e-05	7.422851e-06	5.672875e-06	1.47481e-05
10	10-67218905	66448582	28	A	G	0.271	0.09490299	0.02046208	32.98313	1e-05	1e-05	6.106774e-06	4.644746e-06	1.248205e-05
10	10-67218909	66448586	27	T	C	0.272	0.0941585	0.02044104	32.84698	1e-05	1e-05	7.015806e-06	5.35437e-06	1.405322e-05
10	10-67218941	66448618	19	T	C	0.234	0.1272091	0.0226734	37.52358	1e-05	1e-05	6.171706e-08	4.190222e-08	2.854924e-07
10	10-67415112	66662930	9	T	C	0.23	0.1017385	0.02147608	33.41527	1e-05	1e-05	3.933175e-06	2.959339e-06	8.586421e-06
10	10-96674763	96921550	32	A	T	0.013	0.3681457	0.08090364	32.52911	0.04151933	1e-05	8.9499e-06	7.464233e-06	1.855868e-05
10	10-109599597	110441865	27	C	T	0.016	0.3729389	0.07538355	34.08429	0.08106033	1e-05	1.517267e-06	1.474642e-06	4.842267e-06
10	10-116258478	117306297	2	G	C	0.33	-0.1298549	0.02688164	33.82815	1e-05	1e-05	2.58502e-06	1.924984e-06	6.024191e-06
10	10-116258481	117306300	2	C	G	0.328	-0.1297147	0.0273238	33.4593	1e-05	1e-05	3.760899e-06	2.826601e-06	8.266796e-06
10	10-140501421	141808958	17	C	T	0.18	0.1044193	0.01953638	36.2171	1e-05	1e-05	2.302421e-07	1.615093e-07	8.19012e-07
