chr	rs	ps	n_miss	allele1	allele0	af	beta	se	logl_H1	l_remle	l_mle	p_wald	p_lrt	p_score
1	1-2687447	2777810	10	T	C	0.03	0.0895972	0.01878479	229.2032	1e-05	1e-05	3.367123e-06	2.537105e-06	7.426518e-06
1	1-22875273	23252779	7	T	C	0.136	-0.0434982	0.009227299	228.9587	1e-05	1e-05	4.318398e-06	3.273505e-06	9.174202e-06
1	1-45224487	45372188	30	C	T	0.387	0.03306035	0.00700606	228.9795	1e-05	1e-05	4.228015e-06	3.203354e-06	9.010561e-06
1	1-45226663	45374364	39	C	T	0.157	0.04285727	0.009390069	228.3108	1e-05	1e-05	8.358908e-06	6.438136e-06	1.614259e-05
1	1-58510387	59168490	19	T	C	0.295	0.0347476	0.007622033	228.0321	0.05951159	1e-05	8.552679e-06	8.616435e-06	2.063112e-05
1	1-64393347	65306309	16	T	C	0.014	0.1799946	0.03642065	229.9764	1e-05	1e-05	1.53508e-06	1.134899e-06	3.832191e-06
1	1-71154918	72426541	18	A	C	0.405	-0.0336779	0.006800534	230.0013	0.01392159	1e-05	1.464849e-06	1.105885e-06	3.751955e-06
1	1-119423062	121215307	16	A	G	0.048	0.06866039	0.01501945	228.342	1e-05	1e-05	8.096563e-06	6.231283e-06	1.570595e-05
1	1-119429994	121222239	24	T	A	0.037	0.08333591	0.0182375	228.3337	1e-05	1e-05	8.165618e-06	6.285717e-06	1.582105e-05
1	1-119456896	121249141	17	C	A	0.051	0.06889024	0.01484728	228.6362	1e-05	1e-05	5.998021e-06	4.582924e-06	1.214287e-05
1	1-125458309	127611241	7	A	G	0.035	0.07772863	0.01676889	228.6162	1e-05	1e-05	6.121717e-06	4.679741e-06	1.235684e-05
1	1-125643540	127808835	1	T	C	0.038	0.07805082	0.01627426	229.3197	1e-05	1e-05	2.99092e-06	2.247194e-06	6.717565e-06
1	1-125634591	127817783	10	A	G	0.04	0.07280742	0.01602671	228.2205	1e-05	1e-05	9.16604e-06	7.075499e-06	1.74756e-05
1	1-126038187	128188120	16	A	G	0.017	0.142343	0.02981941	229.2202	1e-05	1e-05	3.309543e-06	2.49268e-06	7.318743e-06
1	1-126466657	128647490	19	A	G	0.037	0.08115792	0.01751777	228.6058	1e-05	1e-05	6.186577e-06	4.730526e-06	1.246881e-05
1	1-126496046	128676714	14	T	A	0.031	0.08852895	0.01894921	228.7748	1e-05	1e-05	5.208022e-06	3.965768e-06	1.076231e-05
1	1-126558183	128738291	11	A	G	0.04	0.07690327	0.01693661	228.211	1e-05	1e-05	9.254991e-06	7.145825e-06	1.762161e-05
1	1-150768750	152724250	16	A	G	0.017	0.12565	0.02480608	230.5422	1e-05	1e-05	8.650054e-07	6.306777e-07	2.376245e-06
1	1-150812615	152767432	14	A	G	0.017	0.1244525	0.02708409	228.443	1e-05	1e-05	7.303763e-06	5.607181e-06	1.437543e-05
1	1-168544149	170280390	7	T	C	0.482	0.04199131	0.008989016	228.4769	0.07414397	1e-05	5.219646e-06	5.412168e-06	1.395535e-05
1	1-197858975	200281033	30	A	T	0.064	0.0716728	0.01577885	228.2182	1e-05	1e-05	9.187825e-06	7.092721e-06	1.751138e-05
1	1-229078279	232510659	13	A	G	0.073	-0.05561912	0.01189848	228.7859	1e-05	1e-05	5.149215e-06	3.919914e-06	1.065849e-05
1	1-272518970	277212067	11	G	C	0.192	-0.03630012	0.008022802	228.1431	1e-05	1e-05	9.920076e-06	7.672156e-06	1.870797e-05
2	2-3913101	3924564	34	T	C	0.416	0.03776463	0.007267928	231.1548	1e-05	1e-05	4.652932e-07	3.341796e-07	1.424475e-06
2	2-30160365	30977449	28	T	A	0.013	0.1827009	0.04021073	228.2235	1e-05	1e-05	9.138102e-06	7.053414e-06	1.742971e-05
2	2-71378836	72609085	7	A	G	0.016	0.1198588	0.02470931	229.564	1e-05	1e-05	2.333225e-06	1.742545e-06	5.446918e-06
2	2-71938883	73189561	21	T	C	0.022	0.09954348	0.02198875	228.1532	1e-05	1e-05	9.817722e-06	7.5911e-06	1.854137e-05
2	2-73464336	74800027	12	A	C	0.031	0.114226	0.02364804	229.4724	1e-05	1e-05	2.56104e-06	1.917002e-06	5.892102e-06
2	2-87569216	89324510	18	A	T	0.039	-0.07996271	0.01704081	228.8641	1e-05	1e-05	4.755119e-06	3.61295e-06	9.958696e-06
2	2-128264742	131809366	32	A	G	0.013	0.1390832	0.02992287	228.6714	1e-05	1e-05	5.786803e-06	4.417715e-06	1.177619e-05
2	2-128302223	131850734	11	A	G	0.019	0.1428955	0.02539186	233.2615	1e-05	1e-05	5.5552e-08	3.788708e-08	2.560727e-07
2	2-128346483	131894992	33	T	C	0.013	0.1374047	0.02996591	228.4016	1e-05	1e-05	7.619201e-06	5.855312e-06	1.490687e-05
2	2-164827120	168886572	38	T	C	0.433	-0.03305076	0.007260483	227.7214	0.1211669	1e-05	8.805008e-06	1.19299e-05	2.716845e-05
2	2-177612874	182241961	20	A	G	0.039	0.07592872	0.01595753	229.1525	1e-05	1e-05	3.545506e-06	2.67485e-06	7.758837e-06
2	2-177612898	182241985	18	T	C	0.039	0.07604196	0.01595116	229.1922	1e-05	1e-05	3.405047e-06	2.566376e-06	7.497365e-06
2	2-182526805	187351998	13	T	A	0.047	0.06947961	0.01476825	228.9175	1e-05	1e-05	4.503345e-06	3.41716e-06	9.50765e-06
2	2-182528257	187353450	12	T	C	0.021	0.1037434	0.02195094	229.0116	1e-05	1e-05	4.091985e-06	3.097844e-06	8.763391e-06
2	2-202712327	208638729	29	G	C	0.069	0.08243927	0.01786349	228.5285	1e-05	1e-05	6.693719e-06	5.128045e-06	1.33393e-05
2	2-221098473	227191954	22	T	C	0.101	0.04922972	0.01056153	228.7284	1e-05	1e-05	5.459844e-06	4.162264e-06	1.120514e-05
2	2-222754688	229068015	33	C	T	0.055	0.07907501	0.01540438	230.8471	0.008156345	1e-05	6.275238e-07	4.59675e-07	1.840542e-06
2	2-222754719	229068046	23	A	G	0.057	0.06597185	0.01442569	228.2273	0.04286929	1e-05	8.033646e-06	7.025062e-06	1.737076e-05
2	2-222754750	229068077	23	T	C	0.072	0.06238206	0.01311686	228.9473	0.06151451	1e-05	3.582376e-06	3.312547e-06	9.265043e-06
2	2-222754786	229068113	33	C	G	0.079	0.06040229	0.01221564	229.9373	0.02477694	1e-05	1.517004e-06	1.181918e-06	3.961498e-06
2	2-222754846	229068173	39	A	G	0.13	0.04871629	0.01050865	228.5692	0.02509717	1e-05	6.107194e-06	4.91496e-06	1.287398e-05
2	2-222757093	229070420	37	C	T	0.078	0.05866386	0.01222441	229.3328	1e-05	1e-05	2.951416e-06	2.2168e-06	6.642432e-06
2	2-222757359	229070686	31	G	A	0.091	0.05520089	0.01160095	228.9948	0.05550616	1e-05	3.543394e-06	3.152694e-06	8.892044e-06
2	2-222758123	229071450	34	C	G	0.089	0.05322907	0.0113696	228.7897	0.01666694	1e-05	4.986831e-06	3.904571e-06	1.062372e-05
2	2-222758357	229071684	25	G	T	0.085	0.05322484	0.0115116	228.5622	0.003197109	1e-05	6.445033e-06	4.951222e-06	1.295337e-05
2	2-222791066	229104333	6	A	G	0.069	0.06100146	0.01313734	228.1682	0.1076214	1e-05	5.907731e-06	7.473022e-06	1.829824e-05
2	2-222791469	229104736	6	T	C	0.069	0.0621612	0.01346864	228.08	0.1019157	1e-05	6.684965e-06	8.194861e-06	1.977641e-05
2	2-222791537	229104804	5	A	G	0.071	0.06177215	0.01338019	228.0663	0.1054064	1e-05	6.64312e-06	8.313337e-06	2.001722e-05
2	2-222791950	229105217	6	G	A	0.106	0.05915606	0.01166003	230.4055	0.05401861	1e-05	8.326422e-07	7.267581e-07	2.665701e-06
2	2-222827921	229143226	16	T	C	0.197	0.03727791	0.008181921	227.7459	0.1176852	1e-05	8.653779e-06	1.162745e-05	2.658325e-05
2	2-222830585	229145889	9	T	C	0.207	0.03620391	0.007979591	227.5453	0.1345069	1e-05	9.40005e-06	1.434751e-05	3.177858e-05
2	2-222873206	229188487	39	A	G	0.219	0.03847722	0.008364766	227.7787	0.1400785	1e-05	7.149727e-06	1.123381e-05	2.581848e-05
2	2-230484846	236921327	30	A	G	0.322	-0.0343903	0.006968941	229.9432	1e-05	1e-05	1.58769e-06	1.174752e-06	3.941848e-06
2	2-230491934	236928415	18	T	C	0.265	-0.03431393	0.007227369	229.1067	1e-05	1e-05	3.71472e-06	2.80567e-06	8.071984e-06
2	2-230491939	236928420	19	G	A	0.256	-0.03536266	0.007293264	229.5547	1e-05	1e-05	2.355396e-06	1.759506e-06	5.490503e-06
2	2-232990441	239222531	38	A	G	0.134	-0.05304916	0.01103334	229.3735	1e-05	1e-05	2.83167e-06	2.124731e-06	6.413827e-06
3	3-3479398	2712758	6	A	G	0.016	0.1600144	0.03395322	228.9531	1e-05	1e-05	4.343216e-06	3.292773e-06	9.219056e-06
3	3-6706490	5872436	23	C	T	0.015	0.148047	0.03191723	228.6299	1e-05	1e-05	6.036593e-06	4.613109e-06	1.220965e-05
3	3-9137879	8357078	31	T	C	0.026	0.09143916	0.02019161	228.1598	1e-05	1e-05	9.75193e-06	7.539008e-06	1.843418e-05
3	3-49948175	49746319	9	T	G	0.012	0.1608352	0.03417846	228.8149	0.03866669	1e-05	4.481589e-06	3.8034e-06	1.039389e-05
3	3-52393107	52253019	8	A	G	0.019	0.1201889	0.02580729	228.7108	1e-05	1e-05	5.558708e-06	4.239468e-06	1.137827e-05
3	3-54195027	54080271	36	T	C	0.069	-0.06458153	0.01360427	229.1039	1e-05	1e-05	3.725098e-06	2.813698e-06	8.091126e-06
3	3-54195807	54081051	39	C	T	0.062	-0.06914355	0.01507442	228.4078	1e-05	1e-05	7.571219e-06	5.817552e-06	1.482622e-05
3	3-138421116	139093454	21	C	T	0.015	0.1737944	0.03703935	228.8629	1e-05	1e-05	4.760771e-06	3.617349e-06	9.968786e-06
3	3-143157354	143956439	33	A	G	0.476	-0.0356885	0.007746112	228.3997	0.0359265	1e-05	6.922882e-06	5.867015e-06	1.493186e-05
3	3-150482095	151754548	29	T	C	0.013	0.1931441	0.03995035	229.4918	1e-05	1e-05	2.510985e-06	1.878637e-06	5.794781e-06
3	3-178829660	181602061	3	C	A	0.054	0.06446726	0.01421465	228.1882	1e-05	1e-05	9.473424e-06	7.31859e-06	1.797942e-05
3	3-186455806	189329235	22	C	T	0.027	0.1151173	0.02521764	228.2825	0.01700763	1e-05	8.328278e-06	6.631513e-06	1.654895e-05
3	3-190627826	193476216	2	G	C	0.309	0.03349797	0.00702711	228.6433	0.09846482	0.03423086	3.408294e-06	4.548963e-06	1.269311e-05
3	3-205843891	209227030	37	A	G	0.174	0.04093784	0.008942111	228.3705	1e-05	1e-05	7.864759e-06	6.048645e-06	1.531868e-05
3	3-216025565	219556922	14	C	T	0.245	-0.03882847	0.007895862	229.8651	1e-05	1e-05	1.718706e-06	1.274137e-06	4.212669e-06
3	3-216026131	219557488	33	C	T	0.236	-0.03580552	0.007819265	228.375	1e-05	1e-05	7.828995e-06	6.020479e-06	1.52588e-05
3	3-216026218	219557575	32	C	T	0.263	-0.03481692	0.007531562	228.5623	1e-05	1e-05	6.467152e-06	4.950359e-06	1.295148e-05
3	3-224675463	228342487	17	T	C	0.022	0.1109067	0.02186388	230.5139	0.02529099	1e-05	8.358039e-07	6.494306e-07	2.433311e-06
3	3-229619453	233455705	6	T	C	0.016	0.1124076	0.0247674	228.202	1e-05	1e-05	9.340486e-06	7.213434e-06	1.776178e-05
4	4-27587869	29075324	22	T	C	0.022	0.1132089	0.02325881	229.6385	1e-05	1e-05	2.163196e-06	1.612606e-06	5.110662e-06
4	4-30468162	31980540	22	G	A	0.114	0.04697275	0.01023382	228.4212	1e-05	1e-05	7.468121e-06	5.736437e-06	1.465269e-05
4	4-76000105	78793081	18	T	C	0.036	0.07650794	0.01680064	228.2672	1e-05	1e-05	8.739211e-06	6.738271e-06	1.677256e-05
4	4-75997692	78795494	14	T	A	0.036	0.07586858	0.01676689	228.1443	1e-05	1e-05	9.907871e-06	7.66249e-06	1.868811e-05
4	4-76041815	78843373	11	A	G	0.026	0.09225422	0.01952662	229.0045	1e-05	1e-05	4.12159e-06	3.120799e-06	8.817276e-06
4	4-76041826	78843384	11	T	C	0.026	0.09201853	0.01953147	228.9465	1e-05	1e-05	4.372258e-06	3.315325e-06	9.271501e-06
4	4-101616358	99164496	12	A	T	0.014	0.1491181	0.03149297	229.0503	1e-05	1e-05	3.933969e-06	2.975385e-06	8.474887e-06
4	4-99581905	104618721	1	A	G	0.011	0.1927113	0.03996961	229.4331	1e-05	1e-05	2.665393e-06	1.997041e-06	6.094144e-06
4	4-170159728	173119681	40	G	A	0.022	0.1153931	0.02404383	229.3344	1e-05	1e-05	2.946508e-06	2.213025e-06	6.633087e-06
4	4-190515213	194505619	6	T	G	0.03	0.08715709	0.01878249	228.638	1e-05	1e-05	5.987115e-06	4.57439e-06	1.212398e-05
4	4-190842969	194855591	21	T	C	0.079	0.05489789	0.01210193	228.1925	1e-05	1e-05	9.431564e-06	7.285475e-06	1.791093e-05
4	4-190842667	194855893	9	A	G	0.077	0.05496976	0.01175939	228.7862	1e-05	1e-05	5.147603e-06	3.918657e-06	1.065565e-05
4	4-190882635	194871134	8	T	C	0.079	0.05475819	0.01165734	228.8854	1e-05	1e-05	4.65292e-06	3.533446e-06	9.776e-06
4	4-190895462	194883961	28	T	G	0.077	0.05969087	0.01243535	229.338	1e-05	1e-05	2.93569e-06	2.204704e-06	6.612485e-06
4	4-201296556	205512115	9	A	G	0.012	0.1915377	0.04014332	229.2106	1e-05	1e-05	3.341788e-06	2.517556e-06	7.379129e-06
4	4-204254876	208606456	5	C	T	0.135	0.05583376	0.01176974	229.0893	1e-05	1e-05	3.780773e-06	2.856776e-06	8.193696e-06
4	4-223739501	227580523	7	T	A	0.016	0.1574921	0.0342556	228.4538	1e-05	1e-05	7.22392e-06	5.544414e-06	1.424046e-05
4	4-239684565	244567689	30	T	C	0.121	0.04776905	0.01000541	229.2238	1e-05	1e-05	3.297347e-06	2.483272e-06	7.295881e-06
5	5-13412176	13754472	20	T	G	0.059	0.06552022	0.01352018	229.5432	1e-05	1e-05	2.383078e-06	1.780688e-06	5.544841e-06
5	5-13417019	13759315	32	G	A	0.148	0.04418627	0.00914933	229.3342	0.04629287	1e-05	2.570349e-06	2.213673e-06	6.634693e-06
5	5-13418394	13760690	22	T	C	0.151	0.04271202	0.008881511	229.1252	0.06971186	1e-05	2.818686e-06	2.751902e-06	7.943558e-06
5	5-13627100	13969236	4	A	C	0.045	0.06954272	0.01527841	228.2579	1e-05	1e-05	8.822036e-06	6.803679e-06	1.690931e-05
5	5-13731445	14083569	27	A	G	0.043	0.07925182	0.01575335	230.3826	1e-05	1e-05	1.016801e-06	7.442642e-07	2.717703e-06
5	5-13731491	14083615	33	T	G	0.055	0.0658648	0.01443641	228.3035	1e-05	1e-05	8.420835e-06	6.486987e-06	1.624541e-05
5	5-13731573	14083697	41	C	A	0.071	0.05942403	0.0129487	228.418	1e-05	1e-05	7.493033e-06	5.756035e-06	1.469465e-05
5	5-14323452	14748866	9	A	G	0.184	0.05001118	0.008552215	234.2788	0.04040566	1e-05	1.795785e-08	1.328417e-08	1.144076e-07
5	5-117829854	120618468	19	G	A	0.034	0.08840371	0.01705447	230.8691	0.06174996	1e-05	4.938431e-07	4.493045e-07	1.807018e-06
5	5-128171568	131499018	14	A	T	0.021	0.1211075	0.02494427	229.5836	1e-05	1e-05	2.287281e-06	1.70741e-06	5.35641e-06
5	5-135798605	139102676	44	A	G	0.064	0.07110444	0.0149025	229.2105	1e-05	1e-05	3.34237e-06	2.518005e-06	7.380218e-06
5	5-188579741	193552997	26	T	G	0.071	0.06059091	0.01313439	228.5208	1e-05	1e-05	6.74706e-06	5.1699e-06	1.343036e-05
6	6-17360124	17503056	37	T	C	0.019	0.1209475	0.02477759	229.7014	1e-05	1e-05	2.029466e-06	1.510579e-06	4.84355e-06
6	6-22164056	20518286	5	C	T	0.153	0.04357378	0.009505751	228.3955	1e-05	1e-05	7.666809e-06	5.892783e-06	1.498684e-05
6	6-22489371	20853684	22	G	C	0.458	0.03121357	0.006725891	228.64	1e-05	1e-05	5.974688e-06	4.564667e-06	1.210245e-05
6	6-13328237	23136743	46	T	C	0.07	0.07481972	0.01576969	229.0923	1e-05	1e-05	3.769192e-06	2.847814e-06	8.172377e-06
6	6-27839944	29275773	21	A	T	0.081	0.05577598	0.01212598	228.463	1e-05	1e-05	7.156166e-06	5.491165e-06	1.412578e-05
6	6-116757517	120515418	41	A	G	0.036	0.09270315	0.01985935	228.7577	1e-05	1e-05	5.299204e-06	4.036891e-06	1.092297e-05
6	6-116794782	120518000	14	C	G	0.074	0.06351096	0.01340485	229.0328	0.01611913	1e-05	3.882451e-06	3.03008e-06	8.603967e-06
6	6-119832593	123564687	16	T	C	0.026	0.1307713	0.0279753	228.6973	0.03436575	1e-05	5.147924e-06	4.299711e-06	1.151303e-05
6	6-165408386	169375760	23	T	C	0.211	0.03959279	0.008548128	228.6009	1e-05	1e-05	6.217745e-06	4.754935e-06	1.252257e-05
7	7-91396677	94293447	19	G	C	0.195	0.0393166	0.008623971	228.289	1e-05	1e-05	8.546935e-06	6.586487e-06	1.645449e-05
7	7-91404512	94301283	5	C	T	0.194	0.046185	0.01001346	228.5143	0.002374005	1e-05	6.772475e-06	5.204672e-06	1.350593e-05
7	7-91404538	94301309	4	C	T	0.409	0.03187913	0.006638996	229.2474	0.03301537	1e-05	2.913188e-06	2.422867e-06	7.148766e-06
7	7-91404559	94301330	6	C	T	0.346	0.03785091	0.007607563	229.7376	0.08001353	0.005431103	1.315757e-06	1.454669e-06	4.701727e-06
7	7-91404574	94301345	6	G	A	0.413	0.0325705	0.006707276	229.4783	0.0350388	1e-05	2.278179e-06	1.905277e-06	5.862392e-06
7	7-91462750	94349621	3	G	A	0.432	0.03090697	0.006800256	228.1564	0.02766067	1e-05	9.083348e-06	7.565513e-06	1.848873e-05
7	7-91462586	94349785	5	A	G	0.363	0.03046239	0.0066926	228.1217	0.04135579	1e-05	8.8238e-06	7.84552e-06	1.906344e-05
7	7-91461201	94351169	14	G	A	0.193	0.04122688	0.008383363	229.8592	0.004962643	1e-05	1.717685e-06	1.281971e-06	4.233866e-06
7	7-91471634	94368718	20	C	T	0.453	0.03343801	0.007050236	229.0545	0.01522358	1e-05	3.79807e-06	2.962413e-06	8.44422e-06
7	7-140900457	145619068	17	G	T	0.017	0.1238853	0.02710513	228.3383	1e-05	1e-05	8.127708e-06	6.255832e-06	1.575788e-05
7	7-143222259	148137108	22	A	G	0.047	-0.07040463	0.01545813	228.27	1e-05	1e-05	8.713967e-06	6.718339e-06	1.673085e-05
7	7-161885635	167318113	17	T	G	0.022	0.09875744	0.02176063	228.2013	1e-05	1e-05	9.347657e-06	7.219106e-06	1.777353e-05
8	8-70487813	72074805	13	T	C	0.026	0.08949492	0.01961814	228.3011	1e-05	1e-05	8.441476e-06	6.503271e-06	1.627966e-05
8	8-85103037	87236933	43	A	G	0.017	0.1593693	0.03164135	230.4101	1e-05	1e-05	9.888946e-07	7.233496e-07	2.655551e-06
8	8-92568765	94871115	21	G	A	0.116	0.04706026	0.009865515	229.2055	1e-05	1e-05	3.359406e-06	2.53115e-06	7.412088e-06
8	8-92588795	94891037	12	C	T	0.083	0.05688882	0.01200129	229.0734	1e-05	1e-05	3.842443e-06	2.904509e-06	8.307071e-06
8	8-122843719	126694320	12	A	G	0.172	0.0390274	0.008350097	228.7834	1e-05	1e-05	5.162584e-06	3.930337e-06	1.068211e-05
8	8-123073293	126922756	27	G	T	0.096	-0.0633537	0.01148214	232.7122	1e-05	1e-05	9.659079e-08	6.677001e-08	3.980381e-07
8	8-123073305	126922768	27	A	G	0.107	-0.05630655	0.01093391	230.9363	1e-05	1e-05	5.804142e-07	4.191045e-07	1.708586e-06
8	8-123073388	126922851	33	C	T	0.065	-0.06585371	0.01383826	229.1553	1e-05	1e-05	3.535339e-06	2.666995e-06	7.739958e-06
8	8-123074578	126924099	15	G	T	0.091	-0.05289399	0.01165704	228.1977	1e-05	1e-05	9.381694e-06	7.246027e-06	1.782928e-05
8	8-123129406	126968582	22	T	A	0.097	-0.0531261	0.01164977	228.2944	1e-05	1e-05	8.499517e-06	6.549067e-06	1.637591e-05
8	8-148202886	153158147	40	C	T	0.293	-0.03772696	0.007874271	229.2984	1e-05	1e-05	3.056399e-06	2.297594e-06	6.841802e-06
8	8-148216772	153172031	14	A	G	0.298	-0.03436304	0.007521056	228.3313	1e-05	1e-05	8.185876e-06	6.301686e-06	1.585479e-05
8	8-157227530	162509208	15	G	A	0.263	0.03595638	0.007524551	229.2425	1e-05	1e-05	3.235344e-06	2.435459e-06	7.179481e-06
8	8-158638133	163950205	14	G	C	0.312	0.03298396	0.007239339	228.2772	1e-05	1e-05	8.650756e-06	6.668435e-06	1.662634e-05
8	8-168614007	174302056	13	C	T	0.076	0.05789006	0.01222293	229.0557	1e-05	1e-05	3.91254e-06	2.958787e-06	8.435643e-06
9	9-95437808	97862366	34	T	C	0.013	0.1836434	0.04011031	228.372	1e-05	1e-05	7.852306e-06	6.038838e-06	1.529783e-05
10	10-8937935	8868714	13	G	C	0.021	0.1058398	0.02184301	229.5404	1e-05	1e-05	2.389914e-06	1.785919e-06	5.558246e-06
10	10-15041458	15335586	10	T	C	0.091	-0.04995885	0.01081681	228.5444	1e-05	1e-05	6.586692e-06	5.044091e-06	1.315631e-05
10	10-15041974	15336102	6	A	G	0.087	-0.05054721	0.01097615	228.4866	1e-05	1e-05	6.986632e-06	5.357977e-06	1.383822e-05
10	10-18564847	18865769	11	G	T	0.509	0.03412274	0.007266272	228.7009	0.05243817	1e-05	4.679233e-06	4.283542e-06	1.147689e-05
10	10-64568517	63743809	34	T	C	0.411	-0.03271429	0.007212441	228.1905	1e-05	1e-05	9.451104e-06	7.300932e-06	1.79429e-05
10	10-71714487	70825776	25	C	T	0.045	0.0749154	0.01606353	228.7391	1e-05	1e-05	5.400721e-06	4.116111e-06	1.110141e-05
10	10-71778139	70842651	16	T	A	0.043	0.07330887	0.0161141	228.248	1e-05	1e-05	8.91201e-06	6.87475e-06	1.705768e-05
10	10-71763448	70857341	10	G	A	0.098	0.05651475	0.01227403	228.4833	1e-05	1e-05	7.010198e-06	5.376486e-06	1.387825e-05
10	10-71748674	70872113	20	C	T	0.044	0.07162654	0.01553366	228.5118	1e-05	1e-05	6.809286e-06	5.218735e-06	1.353647e-05
10	10-71793628	70909128	8	T	C	0.051	0.06995989	0.01529969	228.3472	1e-05	1e-05	8.054159e-06	6.197864e-06	1.563521e-05
10	10-72363847	71461780	35	A	T	0.087	0.05609709	0.01189528	228.9667	1e-05	1e-05	4.283221e-06	3.246198e-06	9.110567e-06
10	10-72418256	71546287	39	T	C	0.035	0.08724628	0.0187804	228.6607	1e-05	1e-05	5.849799e-06	4.466974e-06	1.188573e-05
10	10-72538033	71666170	30	C	T	0.284	0.05372668	0.009028044	234.8803	0.02123429	1e-05	1.046194e-08	7.154366e-09	7.152821e-08
10	10-72644004	71772137	42	T	G	0.027	0.1117012	0.02410209	228.6128	1e-05	1e-05	6.14293e-06	4.696349e-06	1.239348e-05
10	10-72701471	71831019	12	T	A	0.042	0.07287043	0.01554091	228.8489	1e-05	1e-05	4.829188e-06	3.670598e-06	1.009078e-05
10	10-72832346	71969693	34	T	C	0.042	0.07521889	0.01653207	228.2502	1e-05	1e-05	8.892066e-06	6.858994e-06	1.702481e-05
10	10-74870293	74103056	39	G	A	0.019	0.1202081	0.02474677	229.5944	1e-05	1e-05	2.262326e-06	1.688334e-06	5.307142e-06
10	10-132692183	133866993	32	C	T	0.044	0.09815302	0.02005597	229.6844	0.03005196	1e-05	1.915475e-06	1.53751e-06	4.914336e-06
10	10-133326402	134547450	21	A	T	0.438	0.03330415	0.006896813	229.4664	1e-05	1e-05	2.576604e-06	1.928935e-06	5.922308e-06
