chr	rs	ps	n_miss	allele1	allele0	af	beta	se	logl_H1	l_remle	l_mle	p_wald	p_lrt	p_score
1	1-2388799	2429702	24	A	G	0.234	0.1347834	0.02783721	-21.19807	1e-05	1e-05	2.6971e-06	1.920442e-06	7.036703e-06
1	1-2388770	2429731	19	C	T	0.23	0.1290097	0.02797965	-22.19895	1e-05	1e-05	7.440179e-06	5.452788e-06	1.63116e-05
1	1-34832816	35137687	8	T	C	0.38	-0.1044643	0.02238594	-21.96124	1e-05	1e-05	5.844871e-06	4.254351e-06	1.333609e-05
1	1-34877829	35182139	22	C	A	0.361	-0.1102712	0.02312691	-21.5218	1e-05	1e-05	3.743345e-06	2.690396e-06	9.216492e-06
1	1-34877764	35182204	30	C	T	0.363	-0.1117309	0.02423575	-22.2018	1e-05	1e-05	7.461726e-06	5.469028e-06	1.635111e-05
1	1-34877602	35182366	28	T	A	0.359	-0.113682	0.02420381	-21.83073	1e-05	1e-05	5.11999e-06	3.712729e-06	1.194551e-05
1	1-34877461	35182507	32	G	C	0.374	-0.1137983	0.0242491	-21.84786	1e-05	1e-05	5.20972e-06	3.779662e-06	1.211917e-05
1	1-34930257	35232621	26	C	T	0.024	-0.3278079	0.06992948	-21.87024	1e-05	1e-05	5.329364e-06	3.86896e-06	1.235003e-05
1	1-36355197	35370000	30	T	C	0.317	0.1198945	0.02628727	-22.41008	1e-05	1e-05	9.220537e-06	6.798856e-06	1.952483e-05
1	1-39803481	40159206	23	T	C	0.304	-0.122219	0.02325132	-19.3079	1e-05	1e-05	4.003758e-07	2.699765e-07	1.511501e-06
1	1-61454459	62217619	12	G	C	0.045	0.2540851	0.0529769	-21.39908	1e-05	1e-05	3.305789e-06	2.367529e-06	8.318396e-06
1	1-61464490	62227650	6	T	G	0.019	0.5339755	0.1083298	-20.80981	1e-05	1e-05	1.821179e-06	1.282324e-06	5.10404e-06
1	1-61511804	62274970	37	A	G	0.039	0.3053117	0.06557601	-22.00697	1e-05	1e-05	6.122524e-06	4.462328e-06	1.386177e-05
1	1-101710366	104042886	11	A	G	0.033	0.3066002	0.06667294	-22.25103	1e-05	1e-05	7.844375e-06	5.757657e-06	1.704996e-05
1	1-121084253	122931728	14	A	G	0.025	0.3411534	0.07288953	-21.90154	1e-05	1e-05	5.501285e-06	3.997375e-06	1.26804e-05
1	1-122832982	124740643	8	T	C	0.03	0.3380523	0.07361284	-22.2776	1e-05	1e-05	8.058992e-06	5.919717e-06	1.743977e-05
1	1-137975580	140181098	10	C	T	0.019	0.3923483	0.08409155	-21.96462	1e-05	1e-05	5.864949e-06	4.269381e-06	1.337423e-05
1	1-138004534	140217992	2	T	C	0.016	0.4747647	0.09813248	-21.21504	1e-05	1e-05	2.743805e-06	1.954653e-06	7.136568e-06
1	1-138150217	140369785	5	C	T	0.016	0.4066982	0.08837585	-22.23684	1e-05	1e-05	7.732112e-06	5.672936e-06	1.684545e-05
1	1-138187738	140412025	13	A	G	0.014	0.4496185	0.09232795	-21.07435	1e-05	1e-05	2.379741e-06	1.688439e-06	6.350409e-06
1	1-138270546	140491568	14	T	C	0.02	0.3854408	0.08435069	-22.37396	1e-05	1e-05	8.88813e-06	6.546928e-06	1.893217e-05
1	1-138608894	140836704	16	A	G	0.014	0.4346977	0.09279823	-21.8847	1e-05	1e-05	5.408119e-06	3.927771e-06	1.250156e-05
1	1-138915493	141160750	16	T	C	0.014	0.4255675	0.09303677	-22.3542	1e-05	1e-05	8.711367e-06	6.41307e-06	1.861573e-05
1	1-139085105	141312229	20	T	G	0.015	0.4514646	0.09228339	-20.97502	1e-05	1e-05	2.152266e-06	1.52268e-06	5.84936e-06
1	1-167309055	168999994	10	T	C	0.011	0.6551461	0.139139	-21.78018	1e-05	1e-05	4.864135e-06	3.522061e-06	1.144779e-05
1	1-197863779	200285838	14	G	A	0.056	0.2172881	0.04657203	-21.96502	1e-05	1e-05	5.867285e-06	4.27113e-06	1.337867e-05
1	1-197897272	200321409	28	A	G	0.064	0.2139876	0.04491572	-21.53874	1e-05	1e-05	3.808151e-06	2.73831e-06	9.348071e-06
1	1-197898016	200322153	16	A	G	0.051	0.234542	0.04939722	-21.23252	0.02781011	1e+05	4.088938e-06	1.990559e-06	1.060984e-05
1	1-197900961	200325098	26	T	C	0.055	0.2605539	0.04971244	-19.37932	1e-05	1e-05	4.302189e-07	2.90697e-07	1.600131e-06
1	1-197901430	200325567	24	T	C	0.063	0.2311484	0.04699504	-20.79786	0.001212241	1e+05	1.910555e-06	1.266483e-06	5.321256e-06
1	1-197920417	200344893	28	A	G	0.067	0.2056863	0.04463711	-22.19177	1e-05	1e+05	7.532948e-06	5.412043e-06	1.648157e-05
1	1-197931065	200355891	32	A	G	0.063	0.2146685	0.04550181	-21.648	0.009325932	1e+05	4.671283e-06	3.06861e-06	1.130678e-05
1	1-197952461	200377285	13	C	T	0.048	0.2460208	0.05290842	-21.15252	0.09898506	1e+05	6.281701e-06	1.831506e-06	1.890439e-05
1	1-197960917	200385741	24	A	G	0.057	0.2179318	0.0470873	-22.12486	1e-05	1e-05	6.90086e-06	5.046734e-06	1.531725e-05
1	1-197964040	200388864	23	T	C	0.057	0.2311432	0.04745719	-20.80059	0.03663561	1e+05	2.37159e-06	1.270093e-06	6.938555e-06
1	1-197967582	200392404	25	A	G	0.051	0.2319419	0.04946969	-21.86647	1e-05	1e-05	5.309028e-06	3.853778e-06	1.231085e-05
1	1-197969062	200393885	13	G	A	0.051	0.2423469	0.04935992	-20.54933	0.04210823	1e+05	1.987806e-06	9.782168e-07	6.092268e-06
1	1-197970217	200395040	13	T	C	0.048	0.2572821	0.05310746	-21.18608	1e-05	1e-05	2.66455e-06	1.896609e-06	6.966937e-06
1	1-197992517	200417337	23	T	C	0.122	0.15519	0.03333566	-22.00899	1e-05	1e-05	6.135045e-06	4.471713e-06	1.388539e-05
1	1-198003036	200427856	13	A	G	0.053	0.2220671	0.04695946	-21.69218	1e-05	1e-05	4.448897e-06	3.213229e-06	1.063141e-05
1	1-198008044	200432864	35	A	G	0.064	0.2157242	0.04539852	-21.38484	0.009082478	1e+05	4.022639e-06	2.332674e-06	9.984701e-06
1	1-198016881	200441701	34	T	C	0.051	0.2341395	0.050296	-21.76216	0.005776873	1e+05	6.1389e-06	3.456485e-06	1.40729e-05
1	1-198017919	200442739	40	A	G	0.083	0.1932536	0.04224351	-22.35181	1e-05	1e-05	8.690267e-06	6.397096e-06	1.85779e-05
1	1-200665407	203128766	8	C	A	0.036	-0.2742642	0.05916263	-22.0928	1e-05	1e-05	6.679895e-06	4.880625e-06	1.490662e-05
1	1-236451846	239877515	12	G	A	0.011	0.6891392	0.14251	-20.63229	1e-05	1e+05	2.77178e-06	1.066278e-06	7.196256e-06
1	1-240637773	244198937	13	T	G	0.025	-0.3729379	0.07844151	-21.58169	1e-05	1e-05	3.977578e-06	2.863682e-06	9.690446e-06
1	1-241358188	244941140	14	G	C	0.034	-0.2723723	0.05859251	-22.03804	1e-05	1e-05	6.31867e-06	4.609414e-06	1.4231e-05
1	1-241358219	244941171	18	G	A	0.032	-0.3146579	0.06177539	-20.06439	1e-05	1e-05	8.580035e-07	5.913003e-07	2.776336e-06
1	1-241358223	244941175	14	A	G	0.037	-0.2654514	0.05742541	-22.14917	1e-05	1e-05	7.073346e-06	5.176505e-06	1.563646e-05
1	1-255296566	259741703	21	C	T	0.118	0.1532889	0.03331065	-22.23733	1e-05	1e-05	7.735976e-06	5.675851e-06	1.68525e-05
1	1-255299884	259745021	24	T	C	0.084	0.1788155	0.03899888	-22.30788	1e-05	1e-05	8.310846e-06	6.11005e-06	1.789531e-05
1	1-271481911	276149906	10	T	C	0.011	0.6892242	0.1383741	-20.57737	1e-05	1e-05	1.439966e-06	1.007138e-06	4.216915e-06
2	2-4519161	4481006	12	T	C	0.087	0.1929784	0.03782292	-20.025	1e-05	1e-05	8.245928e-07	5.676308e-07	2.689176e-06
2	2-4519175	4481020	12	G	A	0.089	0.193575	0.03760109	-19.81301	1e-05	1e-05	6.659169e-07	4.556117e-07	2.265962e-06
2	2-16131677	16544944	1	T	C	0.2	0.1674825	0.03673908	-21.55386	0.0566669	1e+05	9.30913e-06	2.781803e-06	2.310034e-05
2	2-63959401	64916403	10	C	T	0.05	0.2968235	0.06202767	-20.49615	0.1103282	1e+05	3.468149e-06	9.256522e-07	1.248712e-05
2	2-66155400	67325832	23	T	C	0.018	-0.4167704	0.08869237	-21.82127	1e-05	1e-05	5.071097e-06	3.676271e-06	1.18507e-05
2	2-114132135	116794211	33	A	C	0.063	0.2710106	0.05697918	-21.57313	1e-05	1e-05	3.94322e-06	2.838246e-06	9.621201e-06
2	2-175259985	179464694	26	T	C	0.155	-0.1545682	0.03387826	-22.40366	1e-05	1e-05	9.160494e-06	6.753331e-06	1.9418e-05
2	2-221098473	227191954	18	T	C	0.101	0.1766196	0.03553363	-20.6242	1e-05	1e-05	1.509717e-06	1.057348e-06	4.381935e-06
2	2-223389080	229767996	28	T	C	0.015	0.4309529	0.09278157	-22.05418	1e-05	1e-05	6.423003e-06	4.687704e-06	1.442671e-05
2	2-223921487	230305932	9	T	A	0.453	0.1106508	0.02155015	-19.87566	1e-05	1e-05	7.093196e-07	4.861836e-07	2.383374e-06
2	2-223921556	230306001	14	C	G	0.395	0.1029568	0.02235332	-22.22	1e-05	1e-05	7.600939e-06	5.573988e-06	1.660595e-05
2	2-223921557	230306002	14	T	C	0.395	0.1029568	0.02235332	-22.22	1e-05	1e-05	7.600939e-06	5.573988e-06	1.660595e-05
2	2-223921558	230306003	14	G	T	0.398	0.1033866	0.02222465	-22.02392	1e-05	1e-05	6.228749e-06	4.541968e-06	1.406195e-05
2	2-223922841	230307286	23	A	C	0.408	0.1056456	0.02287712	-21.78741	1e-05	1e+05	7.214904e-06	3.548715e-06	1.589758e-05
2	2-223922881	230307326	30	T	C	0.416	0.1098429	0.02351564	-21.94175	1e-05	1e-05	5.730391e-06	4.168679e-06	1.311828e-05
2	2-223922887	230307332	30	A	T	0.416	0.1077694	0.02370205	-22.16686	1e-05	1e+05	9.793556e-06	5.273056e-06	2.053948e-05
2	2-223923205	230307650	30	G	C	0.401	0.1189289	0.02405659	-20.7446	1e-05	1e-05	1.70501e-06	1.198274e-06	4.837343e-06
2	2-223923257	230307702	24	T	C	0.383	0.1153256	0.02376377	-21.14875	1e-05	1e-05	2.565775e-06	1.824338e-06	6.754385e-06
2	2-223923339	230307784	25	G	C	0.398	0.1093596	0.0233059	-21.63199	1e-05	1e+05	5.221847e-06	3.017804e-06	1.214261e-05
2	2-223923362	230307807	24	T	C	0.395	0.1073646	0.02327685	-21.91703	1e-05	1e+05	7.386849e-06	4.062528e-06	1.621376e-05
2	2-223923484	230307929	18	A	G	0.393	0.1056925	0.02270559	-22.01098	1e-05	1e-05	6.147486e-06	4.481039e-06	1.390886e-05
2	2-223923492	230307937	18	T	C	0.396	0.1075	0.02266806	-21.63382	1e-05	1e-05	4.193373e-06	3.023586e-06	1.012328e-05
2	2-223923544	230307989	18	T	C	0.387	0.107645	0.0228513	-21.77112	1e-05	1e-05	4.819612e-06	3.48891e-06	1.136078e-05
2	2-223923643	230308088	31	A	G	0.409	0.1068821	0.02351543	-22.47632	1e-05	1e-05	9.862877e-06	7.286399e-06	2.066166e-05
2	2-223923729	230308174	21	G	A	0.391	0.1060205	0.02288545	-22.10607	1e-05	1e-05	6.770476e-06	4.948701e-06	1.507519e-05
2	2-223924070	230308515	18	T	C	0.225	0.1995645	0.04099331	-21.08134	1e-05	1e-05	2.396627e-06	1.700763e-06	6.387283e-06
2	2-223924142	230308587	17	A	G	0.218	0.2173533	0.04072766	-18.90792	1e-05	1e+05	2.73282e-07	1.784669e-07	1.118139e-06
2	2-223924161	230308606	18	C	T	0.225	0.1895455	0.03940889	-21.27171	1e-05	1e+05	3.112444e-06	2.073449e-06	7.915695e-06
2	2-223924167	230308612	19	T	C	0.221	0.2134811	0.04089656	-19.25137	1e-05	1e+05	4.754321e-07	2.546287e-07	1.732247e-06
2	2-223924203	230308648	38	A	G	0.248	0.2135309	0.04570823	-21.51766	1e-05	1e+05	5.716716e-06	2.678828e-06	1.309221e-05
2	2-223924282	230308727	16	G	A	0.194	0.2029444	0.04400396	-22.1942	1e-05	1e-05	7.404352e-06	5.425787e-06	1.624588e-05
2	2-223924541	230308986	20	G	A	0.471	0.1062708	0.02246802	-21.68802	1e-05	1e-05	4.43019e-06	3.199334e-06	1.059436e-05
2	2-223924648	230309093	19	T	C	0.456	0.1022904	0.02213901	-22.15843	1e-05	1e-05	7.140177e-06	5.226809e-06	1.575983e-05
2	2-223930144	230314589	18	A	G	0.448	0.104572	0.02221584	-21.78658	1e-05	1e-05	4.895806e-06	3.545648e-06	1.150961e-05
2	2-223930504	230314949	26	T	C	0.291	0.1254095	0.02688226	-21.87398	1e-05	1e+05	5.880022e-06	3.884061e-06	1.340285e-05
2	2-223930713	230315158	37	T	C	0.39	0.1129852	0.0241358	-21.33137	1e-05	1e+05	5.481839e-06	2.206331e-06	1.264311e-05
2	2-223932766	230317211	21	T	C	0.397	0.1105838	0.02300117	-20.78656	1e-05	1e+05	3.139765e-06	1.251694e-06	7.972835e-06
2	2-223933033	230317478	23	T	A	0.372	0.1088157	0.02367109	-22.25775	1e-05	1e-05	7.898089e-06	5.798205e-06	1.714766e-05
2	2-223933082	230317527	32	C	T	0.44	0.112604	0.02296968	-20.21623	1e-05	1e+05	2.056225e-06	6.922006e-07	5.635246e-06
2	2-223934903	230319348	28	T	G	0.411	0.1075152	0.02340744	-22.27376	1e-05	1e-05	8.027612e-06	5.896013e-06	1.738287e-05
2	2-223935571	230320016	22	C	G	0.249	0.1721541	0.03220363	-18.6866	1e-05	1e+05	2.617083e-07	1.419576e-07	1.080737e-06
2	2-223935592	230320037	22	T	G	0.24	0.1681544	0.03234516	-19.57789	1e-05	1e-05	5.254543e-07	3.570831e-07	1.875709e-06
2	2-223936098	230320543	37	T	C	0.347	0.1165722	0.02471079	-21.74176	1e-05	1e-05	4.678242e-06	3.383707e-06	1.108368e-05
2	2-223936118	230320563	34	G	A	0.347	0.1223852	0.02368341	-19.7255	0.00957151	1e+05	6.081627e-07	4.161015e-07	2.154406e-06
3	3-53234882	53187497	28	G	A	0.028	0.3813475	0.07971783	-21.45352	1e-05	1e-05	3.493183e-06	2.505665e-06	8.705173e-06
3	3-57091609	57051909	26	A	C	0.167	0.1493634	0.03119052	-21.43152	1e-05	1e-05	3.416204e-06	2.448894e-06	8.546694e-06
3	3-57137968	57097932	5	C	G	0.094	0.2661155	0.05194319	-19.92811	1e-05	1e-05	7.478373e-07	5.133594e-07	2.486485e-06
3	3-57179145	57148598	8	T	C	0.178	0.1378508	0.02931129	-21.80428	1e-05	1e-05	4.984446e-06	3.611684e-06	1.168231e-05
3	3-57261765	57231204	5	A	G	0.142	0.1588481	0.03448375	-22.21754	1e-05	1e-05	7.581959e-06	5.559675e-06	1.657124e-05
3	3-57544505	57504291	5	A	G	0.137	0.1524313	0.03320467	-22.28455	1e-05	1e-05	8.116109e-06	5.962867e-06	1.754326e-05
3	3-57551819	57511604	8	A	G	0.139	0.1382595	0.03042966	-22.4831	1e-05	1e-05	9.931051e-06	7.338198e-06	2.078169e-05
3	3-58090207	58068112	9	A	G	0.071	0.2231703	0.04564268	-20.98679	1e-05	1e-05	2.178029e-06	1.541429e-06	5.906525e-06
3	3-58090386	58068291	8	A	G	0.117	0.1706793	0.03623333	-21.7716	1e-05	1e-05	4.822e-06	3.490688e-06	1.136545e-05
3	3-58090534	58068439	7	A	G	0.09	0.1703648	0.03733543	-22.40102	1e-05	1e-05	9.136009e-06	6.734769e-06	1.937441e-05
3	3-58097640	58075545	17	A	G	0.103	0.1673961	0.03419316	-20.95967	1e-05	1e-05	2.119108e-06	1.498558e-06	5.775619e-06
3	3-58097679	58075584	18	A	G	0.098	0.1701436	0.03588528	-21.63833	1e-05	1e-05	4.212584e-06	3.037833e-06	1.016165e-05
3	3-58100543	58078448	27	T	C	0.098	0.1734415	0.03650963	-21.66306	0.02183349	1e-05	4.044356e-06	3.117157e-06	1.037468e-05
3	3-58109569	58087473	24	T	A	0.108	0.1688618	0.03465882	-21.05524	0.0332323	1e+05	2.355124e-06	1.655186e-06	6.863155e-06
3	3-58111898	58089802	28	T	G	0.11	0.1622428	0.03517335	-22.1912	1e-05	1e-05	7.381797e-06	5.40879e-06	1.620448e-05
3	3-58116890	58094794	14	A	G	0.073	0.2129546	0.04464257	-21.51252	1e-05	1e-05	3.708335e-06	2.664521e-06	9.145261e-06
3	3-58116913	58094817	14	G	A	0.068	0.2147351	0.0455828	-21.77022	1e-05	1e-05	4.815233e-06	3.48565e-06	1.135221e-05
3	3-58603217	58601251	40	A	G	0.103	0.1808836	0.03954241	-22.35321	1e-05	1e-05	8.702625e-06	6.406451e-06	1.860006e-05
3	3-62194582	62241931	23	T	C	0.012	0.6788623	0.1395404	-21.09568	1e-05	1e-05	2.431649e-06	1.726329e-06	6.463627e-06
3	3-65507850	65647872	7	G	A	0.011	0.6532094	0.1430318	-22.38502	1e-05	1e-05	8.988622e-06	6.623062e-06	1.911166e-05
3	3-65508274	65648296	6	T	C	0.011	0.6588594	0.1429798	-22.21076	1e-05	1e-05	7.529954e-06	5.520462e-06	1.647609e-05
3	3-65508828	65648850	7	A	C	0.011	0.6576407	0.1429173	-22.2384	1e-05	1e-05	7.744327e-06	5.682153e-06	1.686772e-05
3	3-108264879	94154451	14	T	C	0.014	0.5883122	0.1252503	-21.82974	1e-05	1e-05	5.114871e-06	3.708911e-06	1.193559e-05
3	3-90982284	108218047	9	T	G	0.022	0.380616	0.08103492	-21.8304	1e-05	1e-05	5.118304e-06	3.711471e-06	1.194225e-05
3	3-89805000	109398300	14	G	A	0.017	0.4153932	0.088101	-21.75256	1e-05	1e-05	4.729757e-06	3.422033e-06	1.11848e-05
3	3-89799437	109403864	23	A	G	0.018	0.4097781	0.08824022	-22.05811	1e-05	1e-05	6.448686e-06	4.706982e-06	1.447482e-05
3	3-114061464	114387850	37	A	G	0.026	0.3469125	0.07494895	-22.12315	1e-05	1e-05	6.888925e-06	5.037758e-06	1.529512e-05
3	3-128332691	128846211	4	G	A	0.019	0.4404775	0.09309698	-21.68145	1e-05	1e-05	4.400796e-06	3.177506e-06	1.05361e-05
3	3-159749158	161319760	41	A	T	0.013	0.6591293	0.1409154	-21.93901	0.008520494	1e-05	5.572188e-06	4.156767e-06	1.308793e-05
3	3-172418254	174787534	13	T	C	0.244	0.1217898	0.02560191	-21.27781	1e-05	1e+05	3.930217e-06	2.086647e-06	9.594972e-06
3	3-195167193	198071488	14	C	T	0.325	0.1085519	0.02366863	-22.3109	0.06759091	1e+05	8.269094e-06	6.129349e-06	2.210254e-05
3	3-216215424	219699373	27	G	A	0.378	-0.1073025	0.02353929	-22.42058	1e-05	1e-05	9.319442e-06	6.873865e-06	1.970058e-05
4	4-55708218	57997386	3	A	G	0.021	0.4845556	0.09993568	-20.2412	1e-05	1e+05	2.615943e-06	7.103749e-07	6.862502e-06
4	4-63056505	65562014	4	T	C	0.171	-0.1897083	0.03888605	-21.03542	1e-05	1e-05	2.287847e-06	1.62142e-06	6.148983e-06
4	4-66286662	68712892	18	A	C	0.04	0.2461528	0.05392625	-22.39456	1e-05	1e-05	9.076187e-06	6.689423e-06	1.926784e-05
4	4-167987569	170875753	5	C	T	0.043	0.3086199	0.06771779	-22.4248	1e-05	1e-05	9.35947e-06	6.904229e-06	1.977164e-05
4	4-169360823	172304964	26	C	A	0.018	0.4090426	0.07950267	-19.82738	1e-05	1e-05	6.756307e-07	4.624491e-07	2.292357e-06
4	4-196755627	200885635	13	C	A	0.135	0.1838523	0.0365941	-20.38168	1e-05	1e-05	1.18177e-06	8.219041e-07	3.593436e-06
4	4-200284130	204411026	24	T	C	0.018	0.4562141	0.09931815	-22.27268	1e-05	1e-05	8.018825e-06	5.889377e-06	1.736693e-05
4	4-203040413	207291750	32	T	C	0.05	-0.2761769	0.05813909	-21.59938	1e-05	1e-05	4.049519e-06	2.916964e-06	9.835137e-06
4	4-204155982	208462315	32	C	T	0.123	-0.1618226	0.03491306	-22.09601	1e-05	1e-05	6.701692e-06	4.897004e-06	1.494722e-05
4	4-204243892	208595480	14	A	G	0.011	0.6624281	0.13889	-21.51588	1e-05	1e-05	3.720989e-06	2.673872e-06	9.171018e-06
4	4-239684565	244567689	25	T	C	0.13	0.1521729	0.03309907	-22.25557	1e-05	1e-05	7.88062e-06	5.785017e-06	1.71159e-05
5	5-2248290	2328502	28	A	G	0.012	0.5286397	0.1136073	-22.01822	1e-05	1e-05	6.192834e-06	4.515037e-06	1.399433e-05
5	5-24730755	25228772	20	G	A	0.146	-0.1426313	0.03016091	-21.69174	1e-05	1e-05	4.446937e-06	3.211773e-06	1.062753e-05
5	5-62479943	64279210	19	A	G	0.017	0.4160136	0.08869538	-21.85874	1e-05	1e-05	5.267521e-06	3.822796e-06	1.22308e-05
5	5-62585927	64386834	10	T	C	0.017	0.4059406	0.08812712	-22.2182	1e-05	1e-05	7.587083e-06	5.563539e-06	1.658061e-05
5	5-85066670	87284785	7	A	G	0.228	0.1210636	0.02633186	-22.2551	1e-05	1e-05	7.876836e-06	5.78216e-06	1.710902e-05
5	5-85109316	87327417	18	T	G	0.179	0.140905	0.03023077	-21.98498	1e-05	1e-05	5.987344e-06	4.361037e-06	1.360629e-05
5	5-91139263	93366147	6	G	A	0.341	-0.1316873	0.02766136	-21.55402	1e-05	1e-05	3.867598e-06	2.782282e-06	9.468465e-06
5	5-92838622	95180710	25	A	G	0.151	-0.1602109	0.03486052	-22.2629	1e-05	1e-05	7.93953e-06	5.829495e-06	1.722298e-05
5	5-118025152	120747615	19	A	G	0.017	0.5319301	0.115879	-22.28567	1e-05	1e-05	8.125358e-06	5.969855e-06	1.756e-05
5	5-118025156	120747619	17	A	G	0.014	0.5807935	0.1262558	-22.2444	1e-05	1e-05	7.791698e-06	5.717899e-06	1.695405e-05
5	5-122266753	125456042	23	A	T	0.024	0.3706627	0.08106073	-22.36067	1e-05	1e-05	8.768817e-06	6.456567e-06	1.871868e-05
5	5-161550646	165352317	14	A	G	0.028	0.3587205	0.07596227	-21.7206	1e-05	1e-05	4.578955e-06	3.309875e-06	1.088831e-05
5	5-161621961	165422790	4	G	A	0.011	0.6510566	0.1419569	-22.30301	1e-05	1e-05	8.269791e-06	6.079012e-06	1.782119e-05
5	5-173428221	177534003	26	A	T	0.127	0.1645685	0.03287418	-20.46373	1e-05	1e-05	1.283829e-06	8.949979e-07	3.84243e-06
5	5-173428224	177534006	26	T	C	0.127	0.1547049	0.03266456	-21.6607	1e-05	1e-05	4.30916e-06	3.10948e-06	1.03541e-05
5	5-173428225	177534007	26	T	C	0.127	0.1547049	0.03266456	-21.6607	1e-05	1e-05	4.30916e-06	3.10948e-06	1.03541e-05
5	5-173428372	177534154	13	C	G	0.14	0.1403506	0.03044386	-22.2019	1e-05	1e-05	7.46249e-06	5.469604e-06	1.635251e-05
5	5-173431026	177536808	16	C	T	0.14	0.154901	0.03069207	-20.27774	1e-05	1e-05	1.064067e-06	7.37831e-07	3.301583e-06
5	5-173431102	177536884	16	T	A	0.134	0.148394	0.03116276	-21.54877	1e-05	1e-05	3.847073e-06	2.767097e-06	9.426929e-06
5	5-173431141	177536923	14	G	T	0.136	0.1482476	0.03039346	-21.03966	1e-05	1e-05	2.297675e-06	1.628584e-06	6.170587e-06
5	5-173431178	177536960	16	A	G	0.131	0.1620498	0.03072849	-19.22713	1e-05	1e-05	3.691153e-07	2.483191e-07	1.417306e-06
5	5-173431227	177537009	15	A	T	0.148	0.1374456	0.03003395	-22.3451	1e-05	1e-05	8.631173e-06	6.352366e-06	1.847187e-05
5	5-173431231	177537013	13	T	C	0.143	0.1382941	0.03001292	-22.21178	1e-05	1e-05	7.537782e-06	5.526364e-06	1.649042e-05
5	5-188506048	193493511	7	C	G	0.038	0.2570982	0.05521896	-22.00641	1e-05	1e-05	6.119036e-06	4.459714e-06	1.385519e-05
5	5-188544905	193532367	12	A	C	0.087	0.1889681	0.0393536	-21.37431	1e-05	1e-05	3.223898e-06	2.307233e-06	8.1483e-06
5	5-188544947	193532409	12	G	A	0.087	0.1959237	0.03966397	-20.76311	1e-05	1e-05	1.737209e-06	1.221554e-06	4.91156e-06
5	5-188544994	193532456	11	A	C	0.081	0.1997429	0.04051308	-20.499	1e-05	1e+05	1.811578e-06	9.283935e-07	5.082109e-06
5	5-188545952	193533414	7	A	C	0.073	0.2135284	0.04068486	-19.34587	1e-05	1e-05	4.159744e-07	2.808015e-07	1.557977e-06
5	5-188552099	193539561	3	G	A	0.08	0.2032365	0.03897087	-19.50165	1e-05	1e-05	4.866152e-07	3.29964e-07	1.764554e-06
5	5-188552103	193539565	3	C	G	0.08	0.2035751	0.03894041	-19.44191	1e-05	1e-05	4.582049e-07	3.101655e-07	1.682198e-06
5	5-188579128	193552384	12	C	T	0.081	0.1993835	0.04050932	-20.84224	1e-05	1e-05	1.881869e-06	1.326296e-06	5.242237e-06
5	5-188579381	193552637	11	T	C	0.086	0.2061868	0.0380424	-18.5308	1e-05	1e-05	1.83262e-07	1.208411e-07	8.175327e-07
5	5-188579715	193552971	20	G	A	0.073	0.2289465	0.04197828	-18.24765	1e-05	1e+05	1.554544e-07	9.019027e-08	7.191012e-07
5	5-188579721	193552977	20	T	C	0.073	0.2275756	0.04200599	-18.41685	1e-05	1e+05	1.852429e-07	1.07417e-07	8.244245e-07
5	5-188579741	193552997	23	T	G	0.074	0.2281933	0.04257431	-18.81821	1e-05	1e-05	2.446392e-07	1.626528e-07	1.024978e-06
5	5-188579771	193553027	34	T	C	0.08	0.2319442	0.04259914	-18.41097	1e-05	1e-05	1.624772e-07	1.06767e-07	7.442742e-07
5	5-188585819	193559075	24	G	C	0.069	0.2253988	0.04379771	-19.82117	1e-05	1e-05	6.714154e-07	4.594817e-07	2.280912e-06
5	5-188659872	193619507	19	G	A	0.081	0.2082932	0.04072449	-19.96732	1e-05	1e-05	7.779992e-07	5.346678e-07	2.56656e-06
5	5-188660647	193620282	9	A	T	0.08	0.2148078	0.04006048	-18.8077	1e-05	1e-05	2.420671e-07	1.60894e-07	1.01651e-06
5	5-188660904	193620539	9	A	G	0.091	0.1948662	0.03697635	-19.24398	1e-05	1e-05	3.754267e-07	2.526876e-07	1.436442e-06
5	5-188660990	193620625	14	C	T	0.088	0.2005908	0.03814232	-19.2958	1e-05	1e-05	3.955286e-07	2.666151e-07	1.49699e-06
5	5-188661077	193620712	12	T	C	0.075	0.2190123	0.04026168	-18.15958	1e-05	1e+05	1.665313e-07	8.234908e-08	7.587049e-07
5	5-188662203	193621838	12	C	T	0.081	0.1892255	0.03983225	-21.59816	1e-05	1e-05	4.044517e-06	2.913258e-06	9.825089e-06
5	5-188663744	193623379	18	G	T	0.084	0.1869612	0.03995387	-21.9058	1e-05	1e-05	5.525131e-06	4.015195e-06	1.27261e-05
5	5-188664443	193624078	27	C	T	0.091	0.2177319	0.03901461	-17.74937	1e-05	1e-05	8.363397e-08	5.392108e-08	4.450651e-07
5	5-188664643	193624278	11	T	C	0.061	0.2209953	0.04788835	-21.87751	1e-05	1e+05	7.313916e-06	3.89842e-06	1.607978e-05
5	5-188664725	193624360	15	A	T	0.088	0.2164404	0.03833614	-17.30499	1e-05	1e+05	6.062934e-08	3.409607e-08	3.477222e-07
5	5-188664801	193624436	13	C	A	0.079	0.2278358	0.03975335	-16.20638	1e-05	1e+05	3.96107e-08	1.099755e-08	2.513911e-07
5	5-188664863	193624498	13	G	A	0.076	0.1962521	0.04127671	-20.89141	1e-05	1e+05	3.973999e-06	1.395859e-06	9.683238e-06
5	5-188664869	193624504	14	T	C	0.076	0.2050932	0.04172565	-19.57117	1e-05	1e+05	1.939174e-06	3.546049e-07	5.372045e-06
5	5-188665128	193624763	19	T	G	0.084	0.217707	0.03916407	-17.85688	1e-05	1e-05	9.315837e-08	6.024781e-08	4.836208e-07
5	5-188665306	193624941	23	T	C	0.092	0.2122701	0.03792338	-17.51214	1e-05	1e+05	7.707721e-08	4.221585e-08	4.179823e-07
5	5-188665308	193624943	25	A	G	0.09	0.2219526	0.0380023	-16.4507	1e-05	1e+05	2.2835e-08	1.414171e-08	1.658346e-07
5	5-188665426	193625061	26	T	G	0.088	0.2026927	0.03974121	-20.03346	1e-05	1e-05	8.316541e-07	5.726311e-07	2.707649e-06
5	5-188665535	193625170	30	T	C	0.084	0.2202918	0.04023624	-18.26528	1e-05	1e-05	1.403605e-07	9.184771e-08	6.641937e-07
5	5-188665646	193625281	29	A	G	0.08	0.2330981	0.03998723	-16.51026	1e-05	1e-05	2.416752e-08	1.503581e-08	1.730594e-07
5	5-188665676	193625311	29	T	A	0.08	0.2305885	0.04122158	-17.68502	1e-05	1e-05	7.840607e-08	5.045699e-08	4.235096e-07
5	5-188665827	193625462	21	A	G	0.076	0.1986993	0.04255104	-21.94771	1e-05	1e-05	5.765146e-06	4.194683e-06	1.318447e-05
5	5-188665846	193625481	21	G	C	0.082	0.213827	0.04038703	-19.12878	1e-05	1e-05	3.343347e-07	2.242848e-07	1.310693e-06
5	5-188665926	193625561	26	T	C	0.073	0.2453954	0.04443117	-18.03172	1e-05	1e-05	1.110242e-07	7.216426e-08	5.538006e-07
5	5-188666126	193625761	19	G	A	0.081	0.1941852	0.04022349	-20.98998	1e-05	1e+05	2.873396e-06	1.546552e-06	7.412259e-06
5	5-188666156	193625791	22	G	A	0.089	0.2156701	0.03808787	-17.34645	1e-05	1e-05	5.583775e-08	3.558516e-08	3.265121e-07
5	5-188688504	193656298	23	G	A	0.092	0.2039877	0.03810209	-18.84761	1e-05	1e-05	2.519785e-07	1.676743e-07	1.049043e-06
5	5-188690861	193658655	10	G	A	0.086	0.205281	0.03794766	-18.58046	1e-05	1e-05	1.926378e-07	1.272052e-07	8.500237e-07
5	5-188690879	193658673	10	T	C	0.086	0.2143328	0.03815104	-17.37599	1e-05	1e+05	6.959874e-08	3.668564e-08	3.864829e-07
5	5-188691286	193659080	6	A	T	0.081	0.1979896	0.04016291	-20.71924	1e-05	1e+05	1.81708e-06	1.1671e-06	5.09468e-06
5	5-188691783	193659577	11	C	T	0.075	0.2173348	0.04056126	-18.82629	1e-05	1e-05	2.466349e-07	1.640178e-07	1.031535e-06
5	5-188691990	193659784	12	A	G	0.073	0.2304048	0.04160231	-17.95258	1e-05	1e+05	1.030524e-07	6.650251e-08	5.228028e-07
5	5-188692757	193660551	7	A	G	0.084	0.2038147	0.03907063	-19.49472	1e-05	1e-05	4.832309e-07	3.276038e-07	1.754792e-06
5	5-188692886	193660680	8	T	C	0.093	0.202643	0.0358627	-17.40549	1e-05	1e-05	5.924203e-08	3.781888e-08	3.4162e-07
5	5-188693600	193661394	14	C	G	0.079	0.2051278	0.03972704	-19.74211	1e-05	1e-05	6.199933e-07	4.233262e-07	2.140202e-06
5	5-188693635	193661429	11	C	T	0.083	0.2092257	0.03973071	-19.26247	1e-05	1e-05	3.824783e-07	2.575709e-07	1.45775e-06
5	5-188693650	193661444	16	C	T	0.086	0.2076884	0.03929373	-19.17086	1e-05	1e-05	3.487932e-07	2.342677e-07	1.355259e-06
5	5-188693882	193661676	5	A	G	0.075	0.1910399	0.04089222	-21.93861	1e-05	1e-05	5.712152e-06	4.155035e-06	1.308351e-05
5	5-188695666	193663460	21	T	C	0.053	0.250642	0.04707911	-18.891	1e-05	1e+05	2.906473e-07	1.753696e-07	1.173685e-06
5	5-188707447	193675241	18	G	A	0.289	0.1139915	0.02366841	-21.31111	1e-05	1e-05	3.024045e-06	2.160266e-06	7.730268e-06
5	5-188707503	193675297	23	T	A	0.295	0.1200049	0.02368811	-20.19056	1e-05	1e-05	9.744591e-07	6.740016e-07	3.075608e-06
5	5-188707744	193675538	28	C	T	0.193	0.1364813	0.02850086	-20.63276	1e-05	1e+05	3.417302e-06	1.066792e-06	8.548958e-06
5	5-188707756	193675550	24	G	A	0.32	0.114951	0.02305724	-20.55667	1e-05	1e-05	1.410169e-06	9.857091e-07	4.146007e-06
5	5-188707790	193675584	13	A	C	0.287	0.1139102	0.02323298	-20.92692	1e-05	1e-05	2.05007e-06	1.448369e-06	5.62147e-06
5	5-188707802	193675596	10	T	C	0.287	0.1112075	0.02304951	-21.27354	1e-05	1e-05	2.911207e-06	2.077408e-06	7.49232e-06
5	5-188707926	193675720	15	T	C	0.304	0.1056885	0.0230896	-22.34096	1e-05	1e-05	8.59497e-06	6.324967e-06	1.840687e-05
5	5-188709047	193676841	23	A	G	0.182	0.1385228	0.02848638	-21.1055	1e-05	1e-05	2.455925e-06	1.744057e-06	6.516441e-06
5	5-188709490	193677284	38	C	T	0.212	0.1430873	0.02807093	-20.04709	1e-05	1e-05	8.431656e-07	5.807852e-07	2.737703e-06
5	5-188709491	193677285	38	A	G	0.304	0.1194516	0.02448919	-21.03916	1e-05	1e-05	2.296511e-06	1.627735e-06	6.168029e-06
5	5-188709496	193677290	34	A	C	0.325	0.114172	0.02366031	-21.27028	1e-05	1e-05	2.901596e-06	2.070355e-06	7.471987e-06
5	5-200993793	206414418	11	G	C	0.025	0.3307419	0.06754435	-20.95495	1e-05	1e-05	2.109008e-06	1.491213e-06	5.75312e-06
5	5-216278992	222135440	19	C	T	0.262	-0.1161616	0.02529532	-22.27795	1e-05	1e-05	8.0619e-06	5.921913e-06	1.744504e-05
6	6-18053185	16770192	20	T	C	0.015	0.4369269	0.09275595	-21.77186	1e-05	1e-05	4.823268e-06	3.491632e-06	1.136793e-05
6	6-33612068	35139517	14	T	C	0.023	0.3708754	0.08144921	-22.44157	1e-05	1e-05	9.52046e-06	7.026385e-06	2.005698e-05
6	6-82412464	85293968	13	A	G	0.031	0.3432085	0.0694908	-20.76617	1e-05	1e-05	1.742591e-06	1.225447e-06	4.923943e-06
6	6-95665355	98315309	34	A	G	0.354	0.1084578	0.02381664	-22.51401	0.02234986	1e-05	9.503689e-06	7.579268e-06	2.133852e-05
6	6-105921519	109126086	7	G	A	0.389	-0.1077496	0.02368551	-22.45956	1e-05	1e-05	9.696171e-06	7.159779e-06	2.036764e-05
6	6-105921552	109126119	8	C	T	0.391	-0.1095666	0.02366971	-22.12176	1e-05	1e-05	6.879189e-06	5.030436e-06	1.527707e-05
7	7-2148757	2261744	29	G	A	0.46	0.1026236	0.02251717	-22.42425	1e-05	1e-05	9.354256e-06	6.900273e-06	1.976238e-05
7	7-26982019	27985725	32	T	G	0.031	0.3361276	0.07012475	-21.41166	1e-05	1e-05	3.348163e-06	2.398746e-06	8.40615e-06
7	7-41114285	42600509	21	A	G	0.012	0.5307202	0.1135305	-21.92614	1e-05	1e-05	5.640333e-06	4.101319e-06	1.294647e-05
7	7-82424851	85291595	9	T	G	0.016	0.4146598	0.0887638	-21.93986	1e-05	1e-05	5.719428e-06	4.160478e-06	1.309738e-05
7	7-105760435	109001213	11	T	C	0.017	0.5391997	0.1144729	-21.7728	1e-05	1e-05	4.827871e-06	3.495059e-06	1.137693e-05
7	7-134034369	138110874	28	C	T	0.19	0.164115	0.03323339	-20.76908	1e-05	1e-05	1.747722e-06	1.229158e-06	4.935741e-06
7	7-134035047	138111552	31	G	A	0.222	0.1667874	0.03206985	-19.56854	1e-05	1e-05	5.205286e-07	3.536405e-07	1.861699e-06
7	7-134437330	138529424	0	T	G	0.202	-0.1830586	0.03938696	-22.04184	1e-05	1e-05	6.343107e-06	4.627748e-06	1.427689e-05
7	7-174597353	180113288	18	A	G	0.026	0.4383805	0.08462346	-19.66347	1e-05	1e-05	5.727608e-07	3.901915e-07	2.009065e-06
8	8-9794351	10169505	4	G	A	0.481	0.1355496	0.02931629	-21.93646	1e-05	1e+05	7.038164e-06	4.145716e-06	1.557144e-05
8	8-21831811	22504343	32	T	C	0.041	0.2678615	0.05660536	-21.6784	1e-05	1e-05	4.387204e-06	3.167413e-06	1.050915e-05
8	8-21834953	22507485	18	A	G	0.052	0.2209469	0.04752988	-22.03802	1e-05	1e-05	6.318548e-06	4.609323e-06	1.423078e-05
8	8-29475588	30434294	12	A	G	0.031	-0.3677438	0.0795942	-21.95982	1e-05	1e+05	7.144319e-06	4.248042e-06	1.576747e-05
8	8-161453162	166905232	6	G	C	0.086	0.1762394	0.0372676	-21.69169	1e-05	1e-05	4.446688e-06	3.211588e-06	1.062703e-05
8	8-162382688	167839588	5	T	G	0.191	-0.1483349	0.03256562	-22.43526	1e-05	1e-05	9.459577e-06	6.980181e-06	1.994915e-05
8	8-170945988	176635847	30	G	A	0.028	0.3373615	0.06847409	-20.82018	1e-05	1e-05	1.840361e-06	1.296218e-06	5.147803e-06
9	9-16375927	16128549	12	T	C	0.02	0.5455401	0.1080074	-19.12606	0.08742182	1e+05	1.044606e-06	2.236539e-07	4.300401e-06
9	9-63460914	68063387	24	T	C	0.018	0.4259037	0.08806345	-21.22241	1e-05	1e-05	2.764352e-06	1.969709e-06	7.180417e-06
9	9-146140723	148722513	33	A	T	0.016	0.5834515	0.1258225	-22.08711	1e-05	1e-05	6.64141e-06	4.85171e-06	1.48349e-05
9	9-153934626	156826428	17	A	G	0.046	0.2517507	0.05140548	-20.95188	1e-05	1e-05	2.102488e-06	1.486471e-06	5.738584e-06
10	10-8101803	8030549	30	T	C	0.239	0.1256228	0.02590412	-21.1641	1e-05	1e-05	2.60595e-06	1.853724e-06	6.840993e-06
10	10-76890939	76239105	35	T	A	0.022	0.5249667	0.1065989	-20.82983	1e-05	1e-05	1.858411e-06	1.309295e-06	5.18891e-06
10	10-119999758	121031960	11	C	T	0.108	0.1545571	0.03325696	-22.04328	1e-05	1e-05	6.352329e-06	4.634667e-06	1.429419e-05
10	10-119999794	121031996	11	G	A	0.1	0.1591726	0.0342484	-22.0423	1e-05	1e-05	6.346009e-06	4.629926e-06	1.428233e-05
10	10-119999847	121032049	14	C	G	0.102	0.1588051	0.03484012	-22.42199	1e-05	1e-05	9.332788e-06	6.883989e-06	1.972428e-05
10	10-119999926	121032128	13	T	C	0.107	0.1561	0.03401436	-22.29057	1e-05	1e-05	8.165928e-06	6.000511e-06	1.763344e-05
10	10-120238961	121270113	24	A	G	0.042	0.2535538	0.05561742	-22.29722	1e-05	1e+05	9.301583e-06	6.042316e-06	1.966887e-05
10	10-125327564	126295045	37	T	C	0.084	0.198085	0.0426345	-22.04858	1e-05	1e-05	6.386636e-06	4.660411e-06	1.435855e-05
