chr	rs	ps	n_miss	allele1	allele0	af	beta	se	logl_H1	l_remle	l_mle	p_wald	p_lrt	p_score
1	1-3428145	3528394	27	A	G	0.224	14.76617	3.021216	-1091.941	0.5965836	1e+05	1.940844e-06	5.702031e-05	0.0001025755
1	1-3544650	3647585	19	T	C	0.149	18.5633	4.078163	-1089.91	1e+05	1e+05	8.703673e-06	6.756961e-06	1.644364e-05
1	1-4599359	4723533	41	G	A	0.053	24.0615	5.124812	-1089.589	3.882977	1e+05	4.632564e-06	4.829767e-06	1.239377e-05
1	1-22889621	23267124	21	T	C	0.222	12.92424	2.828218	-1089.834	1e+05	1e+05	8.051564e-06	6.239298e-06	1.537417e-05
1	1-22891350	23268853	27	T	C	0.202	13.55678	2.913435	-1089.474	1e+05	1e+05	5.579719e-06	4.286757e-06	1.121346e-05
1	1-22891351	23268854	26	A	G	0.203	13.46841	2.879399	-1089.369	1e+05	1e+05	5.009574e-06	3.838996e-06	1.022369e-05
1	1-22907308	23289847	21	G	C	0.211	12.98275	2.870341	-1090.032	1e+05	1e+05	9.86332e-06	7.679728e-06	1.832229e-05
1	1-22909970	23292509	24	T	C	0.153	14.21207	3.055745	-1089.484	1e+05	1e+05	5.635763e-06	4.330831e-06	1.131004e-05
1	1-22910161	23292700	13	A	G	0.203	13.69338	2.937169	-1089.436	1e+05	1e+05	5.363932e-06	4.117157e-06	1.084044e-05
1	1-22939702	23325577	8	A	C	0.218	12.74645	2.765631	-1089.666	1e+05	1e+05	6.783714e-06	5.235723e-06	1.326356e-05
1	1-22939719	23325594	8	T	C	0.214	13.74002	2.760741	-1088.03	1e+05	1e+05	1.283906e-06	9.528639e-07	3.224807e-06
1	1-22939726	23325601	10	T	C	0.216	12.9996	2.797811	-1089.504	1e+05	1e+05	5.751309e-06	4.42173e-06	1.150878e-05
1	1-28596256	28788973	27	T	C	0.032	34.07248	6.796058	-1088.019	5.346034	1e+05	1.082287e-06	9.421226e-07	3.195e-06
1	1-28596713	28789430	28	T	C	0.027	32.99528	7.287731	-1091.182	1.600235	1e+05	9.675274e-06	2.564336e-05	5.12956e-05
1	1-28603278	28795995	34	T	A	0.033	31.90515	6.722114	-1090.106	1.73945	1e+05	3.684491e-06	8.296497e-06	1.956034e-05
1	1-28608521	28801238	11	T	G	0.025	36.82765	7.291375	-1089.44	1.202198	1e+05	9.086993e-07	4.135035e-06	1.087986e-05
1	1-31776310	32075782	25	G	T	0.144	16.23461	3.155187	-1087.467	4.959029	1e+05	5.809255e-07	5.314458e-07	2.00312e-06
1	1-33363440	33688307	30	T	C	0.025	45.30314	9.368262	-1088.669	1e+05	1e+05	2.458041e-06	1.852393e-06	5.574618e-06
1	1-44191861	44373983	17	C	T	0.04	26.8768	5.859919	-1090.797	1.710438	1e+05	7.481425e-06	1.710687e-05	3.622757e-05
1	1-82923769	84584930	11	A	T	0.073	-21.99916	4.314254	-1087.464	1e+05	1e+05	7.234337e-07	5.29684e-07	1.997727e-06
1	1-92131726	94133074	8	T	C	0.061	22.7474	4.755051	-1089.103	5.184389	1e+05	3.111362e-06	2.910489e-06	8.112986e-06
1	1-92313273	94417029	31	A	G	0.028	30.16183	6.605112	-1090.855	1.794436	1e+05	8.168625e-06	1.817862e-05	3.816382e-05
1	1-92818210	94921738	17	A	G	0.148	-15.21193	3.352405	-1090.114	6.269562	1e+05	9.260292e-06	8.359719e-06	1.968651e-05
1	1-93223318	95364815	39	A	G	0.199	15.03029	3.290777	-1090.309	3.118233	1e+05	8.134538e-06	1.025363e-05	2.341029e-05
1	1-106123410	108648706	40	T	C	0.029	40.71057	8.7692	-1089.918	3.262274	1e+05	5.851138e-06	6.814552e-06	1.656189e-05
1	1-119661558	121460068	13	C	T	0.09	18.11904	3.761249	-1089.744	1.80264	1e+05	2.673961e-06	5.681287e-06	1.420715e-05
1	1-120524562	122407687	10	T	C	0.455	-11.34152	2.409843	-1089.243	1e+05	1e+05	4.406286e-06	3.36651e-06	9.160511e-06
1	1-120715364	122557591	45	T	G	0.435	11.15615	2.462281	-1090.277	4.150179	1e+05	9.537536e-06	9.922047e-06	2.276561e-05
1	1-120901058	122741201	6	A	G	0.033	28.48935	6.115424	-1090.37	1.907152	1e+05	5.447637e-06	1.092948e-05	2.471575e-05
1	1-121281598	123135198	9	A	G	0.032	30.48831	6.535712	-1090.93	1.307227	1e+05	5.298325e-06	1.967551e-05	4.084414e-05
1	1-147808671	149427243	7	C	T	0.022	40.72678	8.375928	-1088.702	5.398259	1e+05	2.177622e-06	1.917468e-06	5.736252e-06
1	1-171302808	173191097	27	T	C	0.025	35.57696	7.060289	-1089.034	1.520844	1e+05	9.606164e-07	2.709331e-06	7.643183e-06
1	1-171302833	173191122	28	C	T	0.03	30.4507	6.560791	-1090.547	1.773051	1e+05	5.880518e-06	1.316287e-05	2.895708e-05
1	1-171303915	173192204	8	A	C	0.02	45.21395	8.805101	-1088.545	1.538939	1e+05	6.104162e-07	1.627513e-06	5.008915e-06
1	1-171308259	173196548	12	T	G	0.023	35.97675	7.438092	-1089.573	1.940486	1e+05	2.446705e-06	4.750357e-06	1.222242e-05
1	1-171309737	173198026	22	A	G	0.029	30.13782	6.579556	-1090.816	1.760867	1e+05	7.681199e-06	1.744456e-05	3.683926e-05
1	1-171309776	173198065	21	A	C	0.031	30.41923	6.551158	-1091.209	1.232099	1e+05	5.82828e-06	2.637255e-05	5.255053e-05
1	1-171326463	173214747	34	T	C	0.031	30.00492	6.592507	-1090.819	1.926145	1e+05	8.723002e-06	1.750062e-05	3.694067e-05
1	1-171328784	173217067	37	T	C	0.034	29.34464	6.42173	-1090.559	2.233555	1e+05	8.057228e-06	1.332881e-05	2.926821e-05
1	1-171328788	173217071	36	G	A	0.031	30.65592	6.558262	-1090.31	1.887053	1e+05	5.079285e-06	1.027178e-05	2.34455e-05
1	1-171332931	173221213	25	T	C	0.029	30.09467	6.575375	-1090.771	1.840853	1e+05	7.804741e-06	1.664002e-05	3.537931e-05
1	1-171334489	173222771	34	G	A	0.033	30.5716	6.38998	-1089.966	1.708356	1e+05	3.104848e-06	7.162523e-06	1.727346e-05
1	1-171334510	173222792	37	C	T	0.036	27.63777	6.082111	-1090.833	1.922083	1e+05	9.002835e-06	1.777252e-05	3.743191e-05
1	1-171423566	173311174	12	T	G	0.025	31.92077	7.044194	-1090.948	1.884067	1e+05	9.509336e-06	2.005527e-05	4.151996e-05
1	1-171423572	173311180	12	G	T	0.041	28.4574	5.660405	-1089.144	1.515927	1e+05	1.014189e-06	3.038979e-06	8.410488e-06
1	1-171425094	173312702	8	A	G	0.029	29.08774	6.425014	-1090.907	1.943969	1e+05	9.68559e-06	1.920012e-05	3.99958e-05
1	1-171425161	173312769	10	T	C	0.03	30.67117	6.394331	-1089.925	1.703866	1e+05	2.93667e-06	6.86206e-06	1.665933e-05
1	1-171425239	173312847	10	A	T	0.027	30.32998	6.566975	-1090.588	1.842612	1e+05	6.500882e-06	1.373741e-05	3.003217e-05
1	1-171433863	173321471	10	A	G	0.034	28.10761	5.944966	-1090.147	1.81294	1e+05	4.000077e-06	8.655733e-06	2.027555e-05
1	1-171434097	173321705	11	A	T	0.025	32.59728	6.954452	-1090.09	2.189369	1e+05	4.797189e-06	8.155861e-06	1.927919e-05
1	1-171434123	173321731	14	T	C	0.023	35.4632	7.070128	-1089.089	1.564603	1e+05	1.070427e-06	2.868989e-06	8.016478e-06
1	1-171434539	173322147	3	T	C	0.044	26.94483	5.760029	-1090.505	1.698237	1e+05	5.000887e-06	1.259764e-05	2.789338e-05
1	1-171435460	173323068	8	T	G	0.023	32.61358	7.146426	-1090.968	1.655981	1e+05	8.269581e-06	2.046753e-05	4.22518e-05
1	1-171435483	173323091	9	G	A	0.027	30.68981	6.561042	-1090.396	1.761362	1e+05	5.007949e-06	1.123898e-05	2.530993e-05
1	1-171435503	173323111	10	G	T	0.03	29.17317	6.426409	-1090.886	1.897403	1e+05	9.181817e-06	1.879262e-05	3.92665e-05
1	1-171435658	173323266	10	C	A	0.03	29.12647	6.422999	-1090.894	1.915374	1e+05	9.37766e-06	1.893523e-05	3.952195e-05
1	1-171436176	173323784	7	T	C	0.027	32.64316	6.667985	-1089.541	1.627873	1e+05	1.870717e-06	4.596277e-06	1.188874e-05
1	1-171436226	173323834	6	A	G	0.027	35.13611	6.6581	-1089.084	0.9242946	1e+05	3.081679e-07	2.853821e-06	7.98115e-06
1	1-171437027	173324635	7	T	C	0.034	28.2193	5.982176	-1089.929	2.222914	1e+05	4.196943e-06	6.889297e-06	1.671516e-05
1	1-171437738	173325346	5	G	A	0.016	50.00648	10.45404	-1089.954	1.737694	1e+05	3.116678e-06	7.078746e-06	1.710259e-05
1	1-171437962	173325570	11	A	G	0.016	50.01029	10.81332	-1090.453	2.006257	1e+05	6.322607e-06	1.192769e-05	2.662439e-05
1	1-171439450	173327058	42	T	C	0.032	30.32463	6.577486	-1090.668	1.789746	1e+05	6.739414e-06	1.494048e-05	3.226466e-05
1	1-171439458	173327066	37	G	A	0.031	30.35062	6.577989	-1090.635	1.810931	1e+05	6.633652e-06	1.443967e-05	3.133829e-05
1	1-171439495	173327103	30	A	G	0.03	30.48443	6.567706	-1090.527	1.79147	1e+05	5.874081e-06	1.28858e-05	2.843644e-05
1	1-174405767	176358652	10	A	G	0.061	20.94738	4.543051	-1090.641	1.77809	1e+05	6.724743e-06	1.452618e-05	3.14986e-05
1	1-174512326	176465927	22	T	G	0.062	21.71541	4.587769	-1090.138	1.738021	1e+05	3.905219e-06	8.574127e-06	2.011344e-05
1	1-174540276	176494275	13	T	C	0.06	21.57754	4.579525	-1090.356	1.594461	1e+05	4.301122e-06	1.077993e-05	2.442784e-05
1	1-174540414	176494413	7	A	G	0.065	22.01733	4.420141	-1089.187	1.575759	1e+05	1.259034e-06	3.177139e-06	8.728273e-06
1	1-174540769	176494768	7	A	G	0.058	21.60805	4.573857	-1090.287	1.618633	1e+05	4.067212e-06	1.00219e-05	2.296006e-05
1	1-183129236	185126342	29	T	C	0.047	24.79271	5.417748	-1090.952	1.647362	1e+05	7.827717e-06	2.014183e-05	4.167377e-05
1	1-183136707	185133813	11	A	G	0.05	22.29517	4.91012	-1090.89	1.906328	1e+05	9.138803e-06	1.886666e-05	3.939916e-05
1	1-183151802	185148907	21	T	C	0.036	26.70937	5.729251	-1092.689	0.7177061	1e+05	5.368001e-06	0.0001258462	0.000205538
1	1-183163583	185160685	11	C	G	0.037	29.52416	6.408769	-1091.002	1.462871	1e+05	6.84471e-06	2.12284e-05	4.359765e-05
1	1-183165853	185164993	11	A	G	0.048	23.98222	5.023444	-1090.175	1.546394	1e+05	3.251773e-06	8.916292e-06	2.079175e-05
1	1-183176468	185175610	12	A	G	0.05	21.99494	4.819674	-1090.996	1.646339	1e+05	8.271325e-06	2.108107e-05	4.333753e-05
1	1-183224909	185224618	16	A	G	0.04	31.18634	6.186981	-1089.454	1.207882	1e+05	9.533544e-07	4.198726e-06	1.102012e-05
1	1-183234060	185233612	8	T	G	0.038	27.46387	6.027053	-1090.726	2.056107	1e+05	8.520366e-06	1.588397e-05	3.399908e-05
1	1-183236057	185235610	25	T	C	0.054	22.09261	4.82647	-1090.967	1.612554	1e+05	7.787404e-06	2.044537e-05	4.22125e-05
1	1-183238152	185237705	9	C	G	0.038	31.77545	6.933596	-1089.816	11.17604	1e+05	7.604374e-06	6.126443e-06	1.513938e-05
1	1-188124757	190293065	21	C	T	0.278	11.3408	2.398108	-1089.143	163.9895	1e+05	3.980588e-06	3.033424e-06	8.397666e-06
1	1-188124806	190293114	34	C	T	0.286	11.70549	2.502564	-1089.369	92.70639	1e+05	5.012041e-06	3.841274e-06	1.022876e-05
1	1-198021448	200446268	41	T	C	0.048	25.83715	5.208191	-1088.292	5.239062	1e+05	1.383377e-06	1.250895e-06	4.032049e-06
1	1-201827289	204292486	6	A	G	0.027	28.44604	6.162174	-1090.837	1.599407	1e+05	6.567814e-06	1.78504e-05	3.757243e-05
1	1-201870676	204336309	11	T	C	0.023	32.52259	7.038736	-1090.497	1.973034	1e+05	6.445233e-06	1.249386e-05	2.76974e-05
1	1-212205255	215211888	20	T	C	0.031	30.31533	6.28102	-1089.289	2.614164	1e+05	2.564425e-06	3.534151e-06	9.540123e-06
1	1-217332921	220469858	12	G	A	0.158	14.83409	3.094113	-1089.278	3.276815	1e+05	2.967721e-06	3.494177e-06	9.449852e-06
1	1-217334879	220471816	22	A	G	0.118	17.60039	3.879405	-1090.03	10.24009	1e+05	9.289995e-06	7.661719e-06	1.828594e-05
1	1-226608978	230132529	28	A	G	0.104	17.00259	3.649099	-1089.447	1e+05	1e+05	5.428709e-06	4.168053e-06	1.095261e-05
1	1-243661696	247266503	13	T	C	0.039	26.16445	5.726071	-1090.649	2.101385	1e+05	8.065323e-06	1.464877e-05	3.172558e-05
1	1-243680754	247285557	39	C	T	0.037	28.18665	6.204635	-1090.491	2.797404	1e+05	9.052622e-06	1.240908e-05	2.753714e-05
1	1-254870561	259338439	31	T	C	0.04	25.24511	5.390663	-1089.344	1e+05	1e+05	4.886254e-06	3.7423e-06	1.000776e-05
1	1-264395818	269180599	38	T	C	0.094	19.4891	3.940659	-1090.001	1.128281	1e+05	1.484502e-06	7.432536e-06	1.782228e-05
1	1-264405317	269190098	31	A	G	0.111	16.84501	3.51569	-1090.715	1.125672	1e+05	3.007064e-06	1.569787e-05	3.365806e-05
1	1-264497616	269267520	16	C	T	0.129	19.45288	3.776641	-1087.816	2.484784	1e+05	5.659741e-07	7.633357e-07	2.689908e-06
1	1-272520303	277213400	12	G	A	0.06	22.0985	4.824665	-1090.077	4.030857	1e+05	7.6882e-06	8.042709e-06	1.90525e-05
1	1-292683745	298136279	3	T	G	0.026	43.11035	9.479899	-1090.303	3.392246	1e+05	8.868914e-06	1.019165e-05	2.329e-05
1	1-292688254	298140788	20	A	G	0.038	26.65552	5.811019	-1090.25	2.889556	1e+05	7.464547e-06	9.647511e-06	2.222963e-05
1	1-292714858	298167769	26	A	G	0.042	26.93001	5.665446	-1089.701	2.39354	1e+05	3.569109e-06	5.432703e-06	1.368208e-05
1	1-292723198	298176108	9	T	C	0.05	23.95236	4.971445	-1089.094	3.592596	1e+05	2.665541e-06	2.884611e-06	8.052831e-06
1	1-292764480	298217449	10	A	G	0.036	31.53516	6.829423	-1089.906	4.092732	1e+05	6.530079e-06	6.728405e-06	1.638495e-05
1	1-292764828	298217797	5	T	C	0.031	34.91859	7.23906	-1089.047	3.732627	1e+05	2.59801e-06	2.746674e-06	7.730786e-06
1	1-292767236	298220205	5	T	C	0.036	26.73452	5.811284	-1090.219	2.812864	1e+05	7.039325e-06	9.337775e-06	2.162244e-05
1	1-292782578	298235438	22	A	G	0.048	26.91621	5.188138	-1087.497	3.055649	1e+05	4.7378e-07	5.479256e-07	2.053418e-06
1	1-292891917	298329154	4	T	C	0.051	22.13544	4.853802	-1090.196	3.733496	1e+05	8.3853e-06	9.11092e-06	2.117599e-05
1	1-292891934	298329171	4	A	G	0.051	22.2086	4.85205	-1090.128	3.711825	1e+05	7.795106e-06	8.483164e-06	1.99325e-05
1	1-292892009	298329246	6	A	G	0.051	22.32331	4.857931	-1090.039	3.786302	1e+05	7.202295e-06	7.734385e-06	1.843254e-05
1	1-292892024	298329261	7	A	G	0.043	27.1691	5.434619	-1088.344	3.207924	1e+05	1.157042e-06	1.320931e-06	4.216932e-06
1	1-292893065	298330302	8	A	G	0.054	22.5416	4.670676	-1089.076	3.483057	1e+05	2.567956e-06	2.828849e-06	7.922929e-06
1	1-292893095	298330332	12	A	G	0.055	22.46497	4.677965	-1089.171	3.546389	1e+05	2.862157e-06	3.124994e-06	8.608582e-06
1	1-292893333	298330570	8	T	C	0.047	26.09958	5.104468	-1087.882	2.929326	1e+05	6.77306e-07	8.176403e-07	2.84523e-06
1	1-292893404	298330641	7	A	G	0.056	21.33943	4.639287	-1090.057	3.548613	1e+05	7.061863e-06	7.883648e-06	1.873309e-05
1	1-292894687	298331924	29	T	C	0.05	23.58687	5.150522	-1090.543	2.282875	1e+05	7.715334e-06	1.310747e-05	2.88531e-05
1	1-292895059	298332296	7	T	C	0.054	22.57041	4.671019	-1089.073	3.352	1e+05	2.500928e-06	2.820829e-06	7.904215e-06
1	1-292896411	298333648	32	T	C	0.058	21.92812	4.720241	-1090.027	2.860766	1e+05	5.771531e-06	7.63987e-06	1.824182e-05
1	1-292896615	298333852	7	A	G	0.054	21.7965	4.750663	-1090.27	2.837548	1e+05	7.430938e-06	9.848045e-06	2.262133e-05
1	1-292896618	298333855	7	T	A	0.056	23.21404	4.608893	-1088.027	4.143278	1e+05	9.70723e-07	9.496905e-07	3.216007e-06
1	1-292896861	298334098	12	T	C	0.046	26.02034	5.429039	-1089.415	2.66851	1e+05	2.987737e-06	4.030072e-06	1.064803e-05
1	1-292897841	298335078	10	T	C	0.057	22.77314	4.627405	-1088.622	3.647112	1e+05	1.66078e-06	1.763266e-06	5.351787e-06
1	1-292899191	298336428	5	A	G	0.051	23.24843	4.806681	-1089.021	3.532293	1e+05	2.448213e-06	2.671804e-06	7.554961e-06
1	1-292899293	298336530	8	T	C	0.041	27.81417	5.421979	-1088.19	2.082272	1e+05	6.253433e-07	1.125119e-06	3.695711e-06
1	1-292899476	298336713	6	T	C	0.049	23.99705	4.905992	-1088.878	3.022433	1e+05	1.906543e-06	2.301785e-06	6.674419e-06
1	1-292899652	298336889	4	A	G	0.053	22.32275	4.672249	-1089.298	3.441319	1e+05	3.198344e-06	3.564981e-06	9.60964e-06
1	1-292899936	298337173	10	T	C	0.05	24.85336	4.89161	-1087.946	3.307058	1e+05	7.890609e-07	8.731351e-07	3.002181e-06
1	1-292899942	298337179	10	A	G	0.05	24.85336	4.89161	-1087.946	3.307058	1e+05	7.890609e-07	8.731351e-07	3.002181e-06
1	1-292900592	298337829	7	A	G	0.034	27.95826	6.011903	-1090.366	2.032172	1e+05	5.64699e-06	1.089085e-05	2.464143e-05
1	1-292900620	298337857	11	T	C	0.053	22.72305	4.88169	-1090.003	2.782356	1e+05	5.541416e-06	7.450696e-06	1.785909e-05
1	1-292901009	298338246	9	A	G	0.054	22.35676	4.674616	-1089.261	3.529668	1e+05	3.128995e-06	3.43175e-06	9.308569e-06
1	1-292901838	298339074	4	A	G	0.04	25.19379	5.529974	-1090.249	3.521798	1e+05	8.55402e-06	9.63011e-06	2.219559e-05
1	1-292901883	298339119	3	T	C	0.053	22.74414	4.66426	-1088.831	3.581453	1e+05	2.043424e-06	2.192292e-06	6.4098e-06
1	1-292901997	298339233	8	A	G	0.059	20.97304	4.60806	-1090.092	5.227196	1e+05	8.722468e-06	8.17208e-06	1.931165e-05
1	1-292902058	298339294	6	A	G	0.056	22.97454	4.646316	-1088.575	3.272934	1e+05	1.491156e-06	1.679587e-06	5.140954e-06
1	1-292903028	298340264	11	A	G	0.057	21.15872	4.656768	-1090.294	3.568537	1e+05	9.02082e-06	1.009421e-05	2.310069e-05
1	1-292903230	298340466	8	T	C	0.054	22.71783	4.814099	-1089.62	3.12936	1e+05	4.163498e-06	4.988941e-06	1.273602e-05
1	1-292903952	298341188	3	T	C	0.055	22.71701	4.613545	-1088.606	3.637773	1e+05	1.640838e-06	1.734369e-06	5.279162e-06
1	1-292879103	298371295	5	A	G	0.049	24.27213	4.952144	-1088.977	2.546239	1e+05	1.821234e-06	2.552694e-06	7.273684e-06
1	1-292925901	298381634	10	T	C	0.066	21.10185	4.33982	-1088.917	3.469243	1e+05	2.177427e-06	2.398623e-06	6.906838e-06
1	1-292927740	298383469	12	T	C	0.06	22.41086	4.580095	-1088.834	3.207593	1e+05	1.891511e-06	2.19879e-06	6.42556e-06
1	1-292930449	298386178	19	C	T	0.055	22.89906	4.84236	-1089.436	3.966529	1e+05	3.983341e-06	4.116812e-06	1.083967e-05
1	1-292931696	298387425	12	G	A	0.055	21.81638	4.776421	-1090.148	3.859167	1e+05	8.13034e-06	8.669717e-06	2.030331e-05
1	1-292932345	298388074	3	T	C	0.051	22.52483	4.952032	-1090.241	3.769978	1e+05	8.828544e-06	9.552837e-06	2.204432e-05
1	1-292932354	298388083	5	T	C	0.056	21.32587	4.588117	-1090.321	2.073558	1e+05	5.70769e-06	1.038591e-05	2.366669e-05
1	1-292932541	298388270	9	C	G	0.05	24.22796	5.027529	-1089.111	3.465865	1e+05	2.652603e-06	2.934973e-06	8.169825e-06
1	1-292934311	298390039	24	A	C	0.061	22.32105	4.70667	-1089.672	2.589551	1e+05	3.749022e-06	5.271794e-06	1.334037e-05
1	1-292935853	298391581	7	C	T	0.045	26.83135	5.406182	-1088.482	3.356975	1e+05	1.369207e-06	1.524774e-06	4.746414e-06
1	1-292936603	298392331	9	T	C	0.052	23.60236	4.821453	-1088.747	3.582649	1e+05	1.872668e-06	2.00948e-06	5.963335e-06
1	1-292947787	298403516	39	T	C	0.063	22.74663	4.710275	-1089.038	3.639448	1e+05	2.533688e-06	2.720756e-06	7.670005e-06
1	1-292948290	298404018	42	A	T	0.061	22.41197	4.755556	-1089.846	2.547679	1e+05	4.280899e-06	6.318078e-06	1.553771e-05
1	1-292948944	298404672	41	A	G	0.061	23.63872	4.885446	-1089.11	3.058258	1e+05	2.426998e-06	2.930976e-06	8.16055e-06
1	1-292949914	298405642	10	A	G	0.05	24.1234	4.907124	-1088.765	3.028054	1e+05	1.702391e-06	2.046616e-06	6.054523e-06
1	1-292950253	298405981	11	A	G	0.046	23.58364	5.060271	-1089.789	3.586962	1e+05	5.40099e-06	5.955556e-06	1.478269e-05
1	1-292950349	298406077	43	T	C	0.061	22.2338	4.825089	-1090.235	2.68628	1e+05	6.811165e-06	9.496896e-06	2.193471e-05
1	1-292951749	298407477	21	G	A	0.05	24.09472	4.942738	-1089.143	2.509789	1e+05	2.057396e-06	3.034863e-06	8.400988e-06
1	1-292951811	298407539	34	A	G	0.064	22.49103	4.567288	-1089.08	2.108615	1e+05	1.637883e-06	2.841706e-06	7.952915e-06
2	2-4316793	4288939	13	G	T	0.037	23.92098	5.272932	-1089.975	1e+05	1e+05	9.302771e-06	7.233346e-06	1.741769e-05
2	2-6539274	6478866	12	T	C	0.064	26.42252	5.310833	-1088.038	246.7398	1e+05	1.29422e-06	9.605283e-07	3.246042e-06
2	2-16545089	16960971	5	T	A	0.022	39.17379	8.135732	-1089.649	1.989433	1e+05	2.701569e-06	5.142851e-06	1.306546e-05
2	2-75162806	76545475	22	A	T	0.012	66.34658	12.77731	-1087.025	885.7208	1e+05	4.636627e-07	3.359042e-07	1.381999e-06
2	2-75449584	76869374	7	T	C	0.016	44.61414	9.593284	-1089.486	1e+05	1e+05	5.645115e-06	4.338186e-06	1.132614e-05
2	2-85123006	86770305	21	A	G	0.132	-15.78055	3.251255	-1088.593	33.8049	1e+05	2.265714e-06	1.711292e-06	5.221029e-06
2	2-87482403	89237560	9	T	C	0.029	33.38375	6.371581	-1089.987	0.6834882	1e+05	3.698999e-07	7.32451e-06	1.760305e-05
2	2-100992233	103241274	27	A	G	0.158	-16.71032	3.645456	-1089.773	1e+05	1e+05	7.569407e-06	5.857173e-06	1.457668e-05
2	2-121561155	124944093	42	T	C	0.016	55.30841	11.88202	-1089.467	1e+05	1e+05	5.540283e-06	4.255751e-06	1.114542e-05
2	2-130984385	134516840	11	A	G	0.075	-18.08236	3.945409	-1089.776	1e+05	1e+05	7.593865e-06	5.876543e-06	1.461728e-05
2	2-134880654	138282075	4	G	A	0.117	-17.86803	3.801555	-1089.27	1e+05	1e+05	4.528671e-06	3.462243e-06	9.37763e-06
2	2-134901974	138303217	27	A	G	0.131	-15.41313	3.405452	-1090.02	1e+05	1e+05	9.738201e-06	7.58004e-06	1.812092e-05
2	2-134973392	138374617	22	A	G	0.154	-15.21285	3.200088	-1089.034	1e+05	1e+05	3.560997e-06	2.707097e-06	7.637936e-06
2	2-134992539	138393761	11	T	C	0.142	-16.33218	3.523898	-1089.554	1e+05	1e+05	6.054977e-06	4.660825e-06	1.202872e-05
2	2-134992541	138393763	11	A	G	0.135	-16.15043	3.52724	-1089.795	1e+05	1e+05	7.740276e-06	5.992528e-06	1.485999e-05
2	2-167115931	171260208	31	T	C	0.113	-15.80763	3.459627	-1089.836	1e+05	1e+05	8.071758e-06	6.255314e-06	1.540744e-05
2	2-176246483	180810464	37	G	A	0.023	38.14752	8.425125	-1090.691	2.388505	1e+05	9.66199e-06	1.531464e-05	3.295414e-05
2	2-198402251	204237328	23	G	A	0.068	21.93784	4.539937	-1088.872	4.792199	1e+05	2.498879e-06	2.288901e-06	6.643385e-06
2	2-203909867	209824885	8	T	C	0.259	-11.55109	2.50361	-1089.646	65.89689	1e+05	6.639269e-06	5.126528e-06	1.303059e-05
2	2-204769712	210663415	44	T	C	0.016	39.12861	8.615971	-1090.639	2.362744	1e+05	9.109187e-06	1.448986e-05	3.143132e-05
2	2-204771628	210665331	40	A	G	0.018	38.17256	7.739253	-1088.234	1e+05	1e+05	1.578779e-06	1.177432e-06	3.836308e-06
2	2-211742417	217885557	41	T	C	0.029	28.71972	6.203285	-1089.576	1e+05	1e+05	6.188091e-06	4.765723e-06	1.225561e-05
2	2-223136111	229496902	43	G	A	0.166	14.43733	3.082423	-1089.412	8.650314	1e+05	4.872329e-06	4.017606e-06	1.062043e-05
2	2-223136667	229497458	31	T	C	0.108	16.00603	3.460437	-1089.61	18.06191	1e+05	6.307063e-06	4.941327e-06	1.263381e-05
2	2-226395668	232738905	28	A	G	0.022	41.09344	8.513766	-1088.71	1e+05	1e+05	2.562022e-06	1.932637e-06	5.773804e-06
3	3-6955284	6122219	15	A	G	0.019	37.95444	8.088332	-1089.57	4.355376	1e+05	4.686625e-06	4.738537e-06	1.219688e-05
3	3-26444240	25949800	9	A	G	0.106	16.47387	3.496427	-1089.607	3.555827	1e+05	4.303274e-06	4.923758e-06	1.259606e-05
3	3-26444702	25950262	14	T	C	0.1	16.79793	3.673485	-1090.16	3.722564	1e+05	7.946695e-06	8.780549e-06	2.052309e-05
3	3-27538289	27173440	42	T	C	0.013	65.65253	13.48047	-1090.652	1.044174	1e+05	2.100948e-06	1.469143e-05	3.180449e-05
3	3-53747963	53635327	29	A	G	0.04	29.36835	6.426577	-1089.833	1e+05	1e+05	8.048711e-06	6.237035e-06	1.536946e-05
3	3-54192485	54077729	30	T	C	0.068	22.24512	4.710689	-1089.412	4.418211	1e+05	4.103509e-06	4.015419e-06	1.061559e-05
3	3-54470260	54361245	15	A	G	0.219	12.09525	2.661675	-1090.11	5.442405	1e+05	8.998317e-06	8.326693e-06	1.962062e-05
3	3-54470273	54361258	14	G	A	0.231	13.25539	2.560628	-1087.335	4.541445	1e+05	5.003958e-07	4.632029e-07	1.791833e-06
3	3-57527870	57487131	1	T	C	0.055	31.99663	6.323521	-1087.647	1e+05	1e+05	8.706712e-07	6.402829e-07	2.330739e-06
3	3-78885496	79133808	2	T	C	0.033	37.31896	8.003499	-1089.704	4.218558	1e+05	5.346642e-06	5.451114e-06	1.372108e-05
3	3-78885501	79133813	2	A	T	0.031	39.68781	8.252878	-1089.076	4.101715	1e+05	2.776918e-06	2.83098e-06	7.9279e-06
3	3-149972473	151252472	37	C	A	0.016	43.2993	9.562407	-1090.286	4.214645	1e+05	9.651608e-06	1.001582e-05	2.294822e-05
3	3-150157259	151424670	42	T	A	0.04	36.32499	7.090945	-1087.353	194.0714	1e+05	6.469983e-07	4.722039e-07	1.819996e-06
3	3-154056119	155431227	9	G	T	0.038	26.48454	5.293574	-1088.697	2.196033	1e+05	1.136266e-06	1.907656e-06	5.711936e-06
3	3-154061903	155437057	16	G	A	0.026	30.80285	6.584138	-1089.888	2.807842	1e+05	4.991051e-06	6.602146e-06	1.612504e-05
3	3-154091745	155466899	8	A	G	0.034	31.05169	5.601072	-1086.226	1.997653	1e+05	8.253216e-08	1.469054e-07	7.124387e-07
3	3-154093022	155468176	6	T	C	0.042	25.24439	5.282524	-1090.447	1.410155	1e+05	3.182221e-06	1.185673e-05	2.648942e-05
3	3-154131391	155500215	6	A	G	0.033	28.14692	5.643528	-1088.869	2.022265	1e+05	1.222463e-06	2.280932e-06	6.624174e-06
3	3-154143134	155515106	47	T	A	0.03	36.76971	6.569059	-1086.387	1.511892	1e+05	6.300674e-08	1.73669e-07	8.141182e-07
3	3-154146284	155518254	12	T	C	0.032	31.1457	5.704063	-1086.578	2.100391	1e+05	1.253647e-07	2.114847e-07	9.529669e-07
3	3-154152866	155524833	20	C	A	0.029	32.08033	6.194126	-1087.923	2.112344	1e+05	4.943583e-07	8.530618e-07	2.945608e-06
3	3-155185143	156573731	27	A	T	0.039	23.98824	5.291543	-1089.989	1e+05	1e+05	9.434701e-06	7.338351e-06	1.763116e-05
3	3-155778347	157317153	7	C	G	0.054	20.9547	4.58667	-1090.479	2.456971	1e+05	8.091617e-06	1.225755e-05	2.725035e-05
3	3-155779382	157318188	12	T	C	0.062	20.20534	4.451375	-1090.501	2.772817	1e+05	9.199858e-06	1.253988e-05	2.778432e-05
3	3-155779383	157318189	12	G	A	0.062	20.20534	4.451375	-1090.501	2.772817	1e+05	9.199858e-06	1.253988e-05	2.778432e-05
3	3-155780015	157318821	44	A	G	0.065	21.87575	4.604337	-1089.709	2.392565	1e+05	3.605554e-06	5.475882e-06	1.377352e-05
3	3-155780019	157318825	44	A	G	0.065	21.87575	4.604337	-1089.709	2.392565	1e+05	3.605554e-06	5.475882e-06	1.377352e-05
3	3-155803646	157343193	26	T	C	0.059	21.34617	4.599646	-1090.304	2.161545	1e+05	5.893168e-06	1.020655e-05	2.331893e-05
3	3-155803744	157343291	32	A	G	0.061	21.24703	4.614611	-1090.417	2.253628	1e+05	6.921559e-06	1.148961e-05	2.578948e-05
3	3-155804005	157343552	20	C	T	0.06	23.55177	4.58788	-1088.233	1.911359	1e+05	6.147778e-07	1.176857e-06	3.834767e-06
3	3-155804006	157343553	20	A	G	0.06	23.55177	4.58788	-1088.233	1.911359	1e+05	6.147778e-07	1.176857e-06	3.834767e-06
3	3-155804014	157343561	25	A	C	0.066	21.09698	4.4348	-1089.775	2.199257	1e+05	3.5092e-06	5.866851e-06	1.459697e-05
3	3-155804021	157343568	26	T	C	0.064	21.71838	4.484137	-1089.401	2.17815	1e+05	2.374737e-06	3.972307e-06	1.052006e-05
3	3-155804759	157344306	34	A	C	0.061	21.90933	4.670507	-1090.253	1.893336	1e+05	4.717962e-06	9.676283e-06	2.22859e-05
3	3-155805001	157344548	35	C	G	0.064	22.30046	4.626264	-1089.475	2.23488	1e+05	2.636433e-06	4.291612e-06	1.12241e-05
3	3-155805430	157344977	39	A	G	0.052	23.07512	4.981353	-1090.25	2.312483	1e+05	6.119197e-06	9.640731e-06	2.221637e-05
3	3-156835952	158426809	18	T	G	0.071	20.28704	4.36158	-1091.263	1.187966	1e+05	5.626529e-06	2.791476e-05	5.519089e-05
3	3-159425679	161011624	16	T	A	0.395	12.43203	2.730938	-1090.811	2.016133	1e+05	8.687924e-06	1.735618e-05	3.667933e-05
3	3-159425974	161011919	30	C	T	0.427	12.72376	2.729785	-1090.331	1.990329	1e+05	5.388135e-06	1.049709e-05	2.388184e-05
3	3-159425980	161011925	27	G	A	0.419	13.52116	2.711238	-1088.555	2.655051	1e+05	1.224688e-06	1.644299e-06	5.051551e-06
3	3-159426084	161012029	17	T	C	0.399	13.50924	2.722814	-1088.938	2.159538	1e+05	1.379334e-06	2.449501e-06	7.028367e-06
3	3-159426086	161012031	17	C	A	0.397	13.24646	2.740539	-1089.544	2.113904	1e+05	2.483781e-06	4.608304e-06	1.191485e-05
3	3-159426095	161012040	15	A	C	0.393	12.72494	2.722469	-1090.082	2.411264	1e+05	5.087269e-06	8.089401e-06	1.91461e-05
3	3-159426098	161012043	15	G	C	0.391	12.81314	2.693782	-1090.091	1.871301	1e+05	3.51839e-06	8.164721e-06	1.929692e-05
3	3-159427031	161012976	26	C	T	0.402	12.67088	2.783123	-1090.12	4.775662	1e+05	8.670412e-06	8.414246e-06	1.979523e-05
3	3-161692406	163305819	16	G	A	0.381	10.16432	2.234368	-1089.922	1e+05	1e+05	8.810277e-06	6.841675e-06	1.661753e-05
3	3-161692425	163305838	18	C	T	0.356	10.69699	2.291051	-1089.406	1e+05	1e+05	5.201703e-06	3.989757e-06	1.055875e-05
3	3-161692435	163305848	18	T	C	0.356	10.65673	2.291848	-1089.489	1e+05	1e+05	5.663107e-06	4.352338e-06	1.135711e-05
3	3-161745602	163356878	8	A	C	0.322	10.7843	2.380362	-1090.001	1e+05	1e+05	9.549474e-06	7.429728e-06	1.781659e-05
3	3-162020441	163639143	45	A	C	0.022	51.77273	9.452449	-1086.149	2.833878	1e+05	1.152431e-07	1.356804e-07	6.687765e-07
3	3-167093045	169690727	10	T	C	0.03	28.71939	6.232165	-1089.791	6.678074	1e+05	6.802309e-06	5.96444e-06	1.480127e-05
3	3-173740973	176161413	17	T	C	0.244	12.19762	2.661915	-1089.78	1e+05	1e+05	7.622698e-06	5.89938e-06	1.466512e-05
3	3-205183858	208418360	46	T	G	0.014	39.85876	8.777876	-1089.957	1e+05	1e+05	9.132331e-06	7.097742e-06	1.714136e-05
3	3-208088355	211564347	9	T	C	0.029	31.95841	6.855409	-1089.437	1e+05	1e+05	5.371589e-06	4.123172e-06	1.08537e-05
3	3-208093009	211569001	8	A	T	0.018	37.20223	7.877574	-1089.172	1e+05	1e+05	4.098287e-06	3.125862e-06	8.610576e-06
3	3-221330702	225017414	33	A	G	0.051	22.627	4.987573	-1090.691	2.307262	1e+05	9.298162e-06	1.530685e-05	3.293979e-05
3	3-232127032	234629870	33	T	G	0.056	25.56368	4.960807	-1087.679	3.091006	1e+05	5.598338e-07	6.621208e-07	2.395278e-06
3	3-232117153	234639747	7	G	A	0.027	51.86318	9.649676	-1086.461	3.978636	1e+05	1.914855e-07	1.874025e-07	8.65136e-07
3	3-232107628	234649273	15	T	C	0.058	28.15907	4.69294	-1083.294	3.898521	1e+05	7.799626e-09	7.149267e-09	6.778925e-08
3	3-232105822	234651079	12	T	C	0.053	24.44841	4.900714	-1088.147	5.552657	1e+05	1.215218e-06	1.07664e-06	3.564461e-06
3	3-232105514	234651387	9	T	C	0.063	24.50172	4.51321	-1086.422	2.867678	1e+05	1.464858e-07	1.799356e-07	8.374875e-07
3	3-232105237	234651664	22	T	C	0.046	24.90129	4.960315	-1088.493	2.520813	1e+05	1.049685e-06	1.541783e-06	4.790063e-06
3	3-232105037	234651864	15	G	A	0.056	23.93242	4.729565	-1088.057	3.338973	1e+05	8.697068e-07	9.805646e-07	3.301422e-06
3	3-232104983	234651918	17	G	A	0.042	27.68866	5.540701	-1088.529	2.591393	1e+05	1.167588e-06	1.60082e-06	4.940974e-06
3	3-232104954	234651947	15	T	G	0.1	16.7896	3.655437	-1090.592	2.114696	1e+05	7.271485e-06	1.37968e-05	3.014296e-05
3	3-232104779	234652122	14	C	G	0.051	22.23498	4.693533	-1090.136	1.972243	1e+05	3.835165e-06	8.562984e-06	2.009129e-05
3	3-232103432	234653469	23	G	A	0.048	23.99475	4.955211	-1089.005	3.639753	1e+05	2.386145e-06	2.626778e-06	7.448862e-06
3	3-232092977	234663904	16	A	T	0.047	25.61301	4.738502	-1086.655	2.563176	1e+05	1.646107e-07	2.28997e-07	1.015674e-06
3	3-232092672	234664209	13	C	T	0.051	25.34646	5.107193	-1088.659	2.737241	1e+05	1.370432e-06	1.83253e-06	5.525106e-06
4	4-10252684	11115473	29	T	C	0.015	65.67466	12.40719	-1091.05	0.5331835	1e+05	2.850147e-07	2.232596e-05	4.55285e-05
4	4-34832741	36426166	8	T	C	0.041	24.94632	5.247491	-1089.748	2.298794	1e+05	3.559904e-06	5.701951e-06	1.425065e-05
4	4-39623623	41315842	13	A	G	0.032	31.70051	6.781476	-1089.847	2.994992	1e+05	5.075288e-06	6.32658e-06	1.555534e-05
4	4-46535159	48569493	5	A	G	0.016	40.35031	8.851836	-1089.889	25.27152	1e+05	8.45952e-06	6.61025e-06	1.614175e-05
4	4-61024181	63413283	16	A	C	0.019	41.68931	9.103803	-1090.759	1.858131	1e+05	7.721464e-06	1.643274e-05	3.500173e-05
4	4-63381482	65900417	34	A	G	0.018	41.1618	8.898639	-1090.844	1.545262	1e+05	6.301757e-06	1.797047e-05	3.778893e-05
4	4-64217139	66623836	25	T	A	0.017	46.58339	9.448693	-1089.113	2.011222	1e+05	1.594835e-06	2.942111e-06	8.186382e-06
4	4-64276978	66706338	13	T	C	0.016	40.41417	8.849819	-1089.851	30.54072	1e+05	8.160518e-06	6.355143e-06	1.561455e-05
4	4-64684458	67122597	12	A	C	0.016	42.34398	8.879271	-1090.164	1.594373	1e+05	3.328912e-06	8.811803e-06	2.0585e-05
4	4-64878616	67324132	8	G	A	0.016	40.98478	8.959653	-1090.706	1.965167	1e+05	7.890592e-06	1.555108e-05	3.33887e-05
4	4-65067397	67514811	27	G	T	0.022	37.18415	8.122384	-1090.732	1.893188	1e+05	7.767003e-06	1.597703e-05	3.416942e-05
4	4-65121832	67541661	29	A	G	0.015	53.83373	11.88536	-1090.816	2.103506	1e+05	9.595721e-06	1.745233e-05	3.685332e-05
4	4-65257130	67575417	12	A	G	0.014	52.47623	10.6518	-1088.274	18.03836	1e+05	1.621779e-06	1.228477e-06	3.972521e-06
4	4-65134658	67669543	8	A	G	0.018	48.43553	9.426514	-1087.281	1e+05	1e+05	6.01044e-07	4.381503e-07	1.712937e-06
4	4-66887895	69359061	11	A	G	0.023	35.20419	7.632372	-1090.161	2.798313	1e+05	6.677016e-06	8.790187e-06	2.054218e-05
4	4-67847533	70416466	41	T	C	0.016	46.72784	9.985876	-1090.195	2.062507	1e+05	4.967806e-06	9.104128e-06	2.11626e-05
4	4-69312780	71985509	21	C	G	0.017	40.77972	8.90374	-1090.497	2.318601	1e+05	7.696627e-06	1.249712e-05	2.770355e-05
4	4-71324571	73996519	35	A	G	0.021	38.56195	8.413338	-1089.954	5.142858	1e+05	7.584218e-06	7.073342e-06	1.709156e-05
4	4-71422011	74123427	47	A	G	0.055	24.53859	5.138516	-1089.578	2.475636	1e+05	3.231815e-06	4.779082e-06	1.228445e-05
4	4-71422191	74123607	15	T	C	0.019	40.38941	8.557771	-1089.93	2.24117	1e+05	4.152367e-06	6.898103e-06	1.67332e-05
4	4-71424685	74126101	19	A	G	0.028	29.70261	6.510317	-1090.794	1.90699	1e+05	8.314106e-06	1.706218e-05	3.614649e-05
4	4-71424728	74126144	14	G	A	0.028	30.52348	6.472626	-1090.216	1.803978	1e+05	4.224215e-06	9.306286e-06	2.156056e-05
4	4-71427308	74128724	18	A	G	0.026	32.28251	6.921477	-1090.498	1.731839	1e+05	5.316468e-06	1.250284e-05	2.771436e-05
4	4-71519513	74223459	7	T	C	0.027	29.97469	6.482764	-1090.548	1.890906	1e+05	6.354092e-06	1.318051e-05	2.899017e-05
4	4-71666790	74343364	29	G	A	0.02	39.22272	8.552457	-1090.429	2.397713	1e+05	7.495019e-06	1.162843e-05	2.60545e-05
4	4-71733115	74417167	11	T	C	0.027	29.44191	6.495706	-1090.916	1.922609	1e+05	9.46742e-06	1.937798e-05	4.031349e-05
4	4-71733867	74417919	13	C	T	0.023	34.57031	7.505916	-1090.709	1.780319	1e+05	6.877732e-06	1.559392e-05	3.346733e-05
4	4-71734565	74418617	13	A	G	0.028	29.58485	6.491401	-1090.835	1.885058	1e+05	8.491532e-06	1.781232e-05	3.750373e-05
4	4-71734856	74418908	13	T	C	0.03	31.05862	6.365731	-1089.499	1.799423	1e+05	2.0176e-06	4.397738e-06	1.145638e-05
4	4-71739315	74423361	27	T	C	0.017	41.36177	8.948202	-1090.533	1.924515	1e+05	6.393245e-06	1.29757e-05	2.860553e-05
4	4-71740191	74424237	7	A	G	0.027	31.54766	6.744578	-1090.173	2.09371	1e+05	5.010087e-06	8.893807e-06	2.074729e-05
4	4-71740398	74424444	10	C	T	0.027	29.72938	6.4938	-1090.731	1.908115	1e+05	7.76248e-06	1.596998e-05	3.415653e-05
4	4-71740510	74424556	5	A	G	0.024	35.04251	7.289542	-1089.981	1.617762	1e+05	2.79885e-06	7.280166e-06	1.751293e-05
4	4-71740512	74424558	5	A	G	0.024	32.21841	6.969975	-1090.615	1.805378	1e+05	6.390406e-06	1.413053e-05	3.076436e-05
4	4-71759712	74443758	13	C	T	0.03	29.68732	6.314974	-1090.13	2.010459	1e+05	4.510318e-06	8.508977e-06	1.998387e-05
4	4-71921342	74600390	35	T	C	0.018	40.9965	8.911372	-1090.477	2.181429	1e+05	7.038702e-06	1.222693e-05	2.719233e-05
4	4-72436961	75129962	5	T	C	0.02	36.58016	8.089069	-1090.72	2.361468	1e+05	9.901659e-06	1.578875e-05	3.382465e-05
4	4-72817442	75511273	28	A	G	0.022	37.26952	7.598838	-1089.51	1.652016	1e+05	1.793832e-06	4.448177e-06	1.156649e-05
4	4-72869359	75563332	11	T	C	0.016	40.85598	8.903924	-1090.424	2.391494	1e+05	7.416631e-06	1.157448e-05	2.595155e-05
4	4-72928926	75625858	17	T	C	0.019	46.37938	9.933898	-1089.976	2.654195	1e+05	5.206996e-06	7.242801e-06	1.743693e-05
4	4-72933948	75630880	30	C	T	0.022	37.21815	8.125047	-1090.968	1.59157	1e+05	7.676363e-06	2.047314e-05	4.226175e-05
4	4-72934772	75631704	27	T	C	0.017	41.36219	8.635654	-1089.717	2.059458	1e+05	3.030023e-06	5.523258e-06	1.387374e-05
4	4-72959668	75656598	40	A	G	0.018	40.49814	8.914438	-1090.665	2.295014	1e+05	9.046925e-06	1.489317e-05	3.217732e-05
4	4-73074764	75775960	31	A	G	0.033	29.29833	6.264252	-1090.7	1.498562	1e+05	5.019387e-06	1.545423e-05	3.32108e-05
4	4-73120493	75830978	13	A	G	0.016	40.70108	8.973166	-1090.815	2.050053	1e+05	9.330907e-06	1.742719e-05	3.680785e-05
4	4-73091096	75860000	17	A	G	0.016	41.65779	8.885955	-1090.404	1.720741	1e+05	4.780247e-06	1.132994e-05	2.548413e-05
4	4-73341635	76056158	19	G	A	0.017	40.72948	8.905841	-1090.524	2.323562	1e+05	7.926038e-06	1.285236e-05	2.83735e-05
4	4-73460708	76167208	17	T	C	0.019	40.06822	8.670754	-1090.417	2.114309	1e+05	6.429343e-06	1.148044e-05	2.577197e-05
4	4-73463839	76170339	21	C	T	0.017	40.86003	8.969752	-1090.769	1.994304	1e+05	8.574448e-06	1.660654e-05	3.531837e-05
4	4-73465590	76172090	41	C	T	0.021	39.97989	8.53635	-1090.352	1.812324	1e+05	4.878197e-06	1.072662e-05	2.432507e-05
4	4-73682412	76346103	16	C	A	0.019	40.41357	8.502369	-1089.049	19.44624	1e+05	3.571772e-06	2.750331e-06	7.739355e-06
4	4-73680057	76348458	30	A	T	0.018	41.96359	8.892748	-1090.413	1.563053	1e+05	4.166568e-06	1.1435e-05	2.568511e-05
4	4-73675903	76352612	12	A	T	0.023	38.95865	7.72052	-1089.31	1.34177	1e+05	9.291398e-07	3.613165e-06	9.718111e-06
4	4-92497438	95994490	43	A	T	0.045	-28.99109	6.404268	-1090.016	1e+05	1e+05	9.703475e-06	7.552377e-06	1.806498e-05
4	4-114141211	117781035	31	C	T	0.201	-14.54822	3.054524	-1088.994	1e+05	1e+05	3.420326e-06	2.597694e-06	7.380182e-06
4	4-171814596	174856143	10	G	C	0.032	30.23657	6.010461	-1088.222	3.167725	1e+05	9.990548e-07	1.163871e-06	3.79996e-06
4	4-202870047	207020034	29	A	G	0.03	33.21212	7.152583	-1089.517	1e+05	1e+05	5.827283e-06	4.481522e-06	1.163918e-05
4	4-205373901	209726396	12	T	G	0.016	59.84591	12.40886	-1090.129	1.394215	1e+05	2.607458e-06	8.494137e-06	1.995434e-05
4	4-232127064	236642854	18	A	G	0.012	46.08558	10.04408	-1089.953	5.141191	1e+05	7.423305e-06	7.067702e-06	1.708005e-05
4	4-232122842	236647076	40	T	C	0.016	44.41629	9.478665	-1089.465	6.414556	1e+05	4.825676e-06	4.247083e-06	1.112639e-05
5	5-4948771	5081488	11	G	A	0.021	36.87574	7.538405	-1089.16	2.245146	1e+05	1.903561e-06	3.089714e-06	8.527432e-06
5	5-5625566	5804309	16	T	C	0.369	-10.55258	2.186604	-1088.903	5.233541	1e+05	2.570051e-06	2.363051e-06	6.821634e-06
5	5-20196078	20651627	23	C	T	0.126	18.55698	3.394774	-1085.735	13.08766	1e+05	1.216351e-07	8.851336e-08	4.767036e-07
5	5-21275024	21766169	26	A	G	0.015	43.67862	9.435233	-1090.08	2.935842	1e+05	6.200373e-06	8.06841e-06	1.910403e-05
5	5-22122847	22611197	2	T	G	0.018	56.83015	11.35197	-1088.948	1.785667	1e+05	1.120219e-06	2.476417e-06	7.092503e-06
5	5-22122897	22611247	4	T	C	0.018	56.73853	11.35635	-1088.988	1.793019	1e+05	1.173751e-06	2.581194e-06	7.341165e-06
5	5-22122928	22611278	1	T	G	0.02	52.18152	10.67594	-1089.251	2.130772	1e+05	1.93836e-06	3.394132e-06	9.223249e-06
5	5-22123417	22611767	0	A	G	0.017	49.55836	10.23577	-1089.612	1.868395	1e+05	2.393165e-06	4.94822e-06	1.264862e-05
5	5-63548027	65394764	22	A	G	0.014	39.23549	8.605091	-1090.581	2.325624	1e+05	8.417027e-06	1.363637e-05	2.984353e-05
5	5-73168781	75281253	17	G	C	0.192	12.50967	2.750012	-1090.105	5.276159	1e+05	8.815142e-06	8.284245e-06	1.953587e-05
5	5-93491061	95883287	17	T	C	0.049	24.13713	5.064712	-1088.981	1e+05	1e+05	3.375907e-06	2.56317e-06	7.298501e-06
5	5-93616991	96007337	16	A	C	0.154	15.26187	3.163652	-1088.826	6.624057	1e+05	2.592158e-06	2.180682e-06	6.381621e-06
5	5-93617068	96007414	12	T	C	0.144	15.39367	3.266792	-1089.315	6.854282	1e+05	4.292993e-06	3.630243e-06	9.756504e-06
5	5-93838817	96229431	29	C	T	0.05	22.94929	4.919044	-1089.421	1e+05	1e+05	5.286174e-06	4.056082e-06	1.070556e-05
5	5-98635062	101083913	10	T	C	0.018	35.78075	7.581561	-1089.185	1e+05	1e+05	4.155622e-06	3.170628e-06	8.713343e-06
5	5-98635075	101083926	8	A	C	0.025	36.20771	6.560648	-1085.44	1e+05	1e+05	9.354533e-08	6.525553e-08	3.748842e-07
5	5-151997472	155665504	27	C	T	0.389	-12.0837	2.6462	-1089.848	1e+05	1e+05	8.168779e-06	6.332276e-06	1.556715e-05
5	5-152009550	155677578	40	C	T	0.447	-11.41368	2.467332	-1089.602	23.58076	1e+05	6.293706e-06	4.8981e-06	1.25409e-05
5	5-152707990	156394065	16	T	C	0.306	-11.92925	2.623923	-1089.934	1e+05	1e+05	8.91587e-06	6.925609e-06	1.678953e-05
5	5-154904365	158658947	11	G	C	0.18	14.40936	3.068475	-1089.288	1e+05	1e+05	4.615316e-06	3.530057e-06	9.530884e-06
5	5-154904375	158658957	11	T	C	0.189	14.94355	3.16672	-1089.187	1e+05	1e+05	4.165021e-06	3.177968e-06	8.730173e-06
5	5-155003556	158759265	43	T	G	0.23	12.83679	2.779078	-1089.622	1e+05	1e+05	6.48602e-06	5.000689e-06	1.276122e-05
5	5-189941279	195005180	10	T	G	0.03	30.51247	6.396555	-1092.612	0.6272008	1e+05	3.309723e-06	0.0001159797	0.0001912449
5	5-198765020	204017431	17	C	T	0.146	15.16097	3.151297	-1089.726	1.955692	1e+05	2.751093e-06	5.574854e-06	1.398275e-05
5	5-210466940	216256743	7	A	T	0.285	-12.20718	2.472244	-1088.233	14.98638	1e+05	1.540132e-06	1.177339e-06	3.836059e-06
6	6-55797616	58272520	25	G	A	0.02	36.28173	7.553497	-1089.91	1.71854	1e+05	2.849123e-06	6.753654e-06	1.643684e-05
6	6-55842312	58317211	16	A	C	0.131	-14.93027	3.09857	-1088.747	1e+05	1e+05	2.6601e-06	2.008397e-06	5.960672e-06
6	6-55911856	58386009	4	G	A	0.095	-17.58483	3.82339	-1089.707	1e+05	1e+05	7.075591e-06	5.466398e-06	1.375345e-05
6	6-55914864	58389018	5	T	C	0.016	44.55489	9.038698	-1090.231	1.184702	1e+05	1.600687e-06	9.449884e-06	2.184252e-05
6	6-55939116	58413518	34	A	T	0.02	38.41551	8.030212	-1089.951	1.821554	1e+05	3.110885e-06	7.051462e-06	1.704689e-05
6	6-55980932	58454286	14	A	G	0.016	40.4904	8.331046	-1088.56	1e+05	1e+05	2.199412e-06	1.653155e-06	5.074017e-06
6	6-55994811	58468165	8	A	C	0.018	36.79798	7.536245	-1089.542	1.726752	1e+05	1.983068e-06	4.602729e-06	1.190275e-05
6	6-105361123	108544166	9	T	C	0.059	-24.40136	4.781223	-1087.444	1e+05	1e+05	7.085151e-07	5.185057e-07	1.963437e-06
6	6-116712190	120442392	13	A	G	0.035	-27.88363	5.708502	-1088.45	1e+05	1e+05	1.966949e-06	1.474543e-06	4.617053e-06
6	6-117987876	121774163	27	T	G	0.012	42.40015	8.74366	-1088.609	1e+05	1e+05	2.312052e-06	1.739864e-06	5.292988e-06
6	6-134003127	137846432	13	T	G	0.021	35.26423	7.32348	-1090.12	1.452827	1e+05	2.69914e-06	8.413611e-06	1.979396e-05
6	6-140867429	144766478	10	A	T	0.036	25.85057	5.713896	-1090.678	2.434959	1e+05	9.816828e-06	1.509423e-05	3.254825e-05
6	6-140869210	144768259	5	A	G	0.036	27.05713	5.647976	-1089.476	2.576743	1e+05	3.01788e-06	4.294271e-06	1.122993e-05
6	6-140869438	144768487	6	A	G	0.031	29.44991	6.36492	-1090.289	2.326098	1e+05	6.266307e-06	1.004067e-05	2.299657e-05
6	6-140882940	144781989	5	T	C	0.031	31.23139	6.037919	-1088.152	1.780623	1e+05	5.102495e-07	1.081771e-06	3.578398e-06
6	6-144168335	148075658	31	C	G	0.043	24.13171	5.30061	-1090.23	3.738857	1e+05	8.675278e-06	9.446429e-06	2.183575e-05
6	6-147214607	151067642	24	G	C	0.058	21.12647	4.59061	-1089.827	6.153761	1e+05	6.988408e-06	6.198573e-06	1.528951e-05
6	6-155446349	159388495	38	G	A	0.013	61.58436	13.13815	-1090.456	1.705616	1e+05	4.793091e-06	1.196731e-05	2.669969e-05
7	7-7064014	7446750	13	A	G	0.065	-21.26414	4.650799	-1089.823	1e+05	1e+05	7.967577e-06	6.172695e-06	1.523568e-05
7	7-21147711	22116605	17	A	G	0.385	-10.82029	2.382847	-1090.024	9.202703	1e+05	9.128939e-06	7.610726e-06	1.818295e-05
7	7-59712824	59459848	2	C	T	0.033	36.01975	7.762646	-1090.118	2.636911	1e+05	5.911167e-06	8.395437e-06	1.975774e-05
7	7-56143293	63150223	40	G	C	0.079	20.79597	4.398932	-1089.436	4.074647	1e+05	4.008419e-06	4.118412e-06	1.08432e-05
7	7-64359822	68089140	20	A	G	0.029	30.95763	6.716833	-1089.668	41.37061	1e+05	6.781147e-06	5.246524e-06	1.328657e-05
7	7-62957884	69562066	21	T	C	0.065	22.19279	4.850578	-1090.269	3.056639	1e+05	7.859069e-06	9.840998e-06	2.260759e-05
7	7-105395732	108632807	16	T	C	0.04	27.53061	5.74586	-1089.517	2.50068	1e+05	3.007079e-06	4.482598e-06	1.164152e-05
7	7-105399049	108636124	22	G	A	0.065	20.97055	4.50448	-1089.702	4.560687	1e+05	5.523359e-06	5.434656e-06	1.368622e-05
7	7-105414679	108651586	10	A	C	0.068	20.34016	4.479846	-1090.319	3.477991	1e+05	9.150193e-06	1.03669e-05	2.362987e-05
7	7-105414751	108651658	1	G	C	0.052	24.73592	5.393979	-1089.9	6.185218	1e+05	7.504735e-06	6.687606e-06	1.630104e-05
7	7-105419041	108655948	21	T	C	0.065	19.83273	4.282372	-1089.844	4.203275	1e+05	6.1476e-06	6.309145e-06	1.551918e-05
7	7-105421448	108658355	18	A	G	0.073	18.15034	3.996723	-1090.144	5.205643	1e+05	9.113149e-06	8.62708e-06	2.021866e-05
7	7-105421727	108658634	18	T	A	0.075	18.86237	4.00078	-1089.51	3.926459	1e+05	4.245187e-06	4.449234e-06	1.156879e-05
7	7-105465208	108702473	10	T	C	0.073	18.78063	4.017946	-1089.722	3.699337	1e+05	5.083998e-06	5.554716e-06	1.394022e-05
7	7-105467326	108704591	20	A	G	0.067	19.0939	4.176224	-1090.134	3.878806	1e+05	7.971018e-06	8.54333e-06	2.005221e-05
7	7-105470977	108708242	15	A	G	0.074	17.96342	3.912779	-1089.966	4.741058	1e+05	7.338297e-06	7.168127e-06	1.728488e-05
7	7-105487519	108736730	5	T	C	0.058	20.65562	4.554758	-1090.127	6.026321	1e+05	9.367887e-06	8.480346e-06	1.992689e-05
7	7-105476229	108748019	16	A	G	0.072	19.12158	4.036949	-1089.41	3.983791	1e+05	3.847616e-06	4.007979e-06	1.059912e-05
7	7-105524136	108762192	13	T	C	0.071	18.35062	3.992478	-1089.998	4.17047	1e+05	7.168663e-06	7.405401e-06	1.776726e-05
7	7-105524923	108762979	23	C	T	0.07	18.8295	4.129786	-1090.247	3.50603	1e+05	8.421851e-06	9.618182e-06	2.217225e-05
7	7-105524937	108762993	23	A	G	0.065	19.8429	4.278698	-1089.773	4.66452	1e+05	5.977701e-06	5.856752e-06	1.45758e-05
7	7-105525077	108763133	14	A	C	0.079	17.45898	3.839835	-1090.286	3.60213	1e+05	8.897865e-06	1.00088e-05	2.293456e-05
7	7-105525469	108763525	30	A	G	0.083	18.16651	3.870427	-1089.528	4.674982	1e+05	4.66213e-06	4.531663e-06	1.174834e-05
7	7-105527214	108765270	23	C	T	0.068	20.60315	4.194931	-1088.791	3.040857	1e+05	1.738504e-06	2.103652e-06	6.194075e-06
7	7-105531249	108769305	9	A	G	0.077	18.26153	3.982246	-1090.024	4.400742	1e+05	7.508115e-06	7.610414e-06	1.818232e-05
7	7-105533124	108771180	13	C	G	0.067	18.55864	4.104594	-1090.33	4.045664	1e+05	9.933414e-06	1.048603e-05	2.386046e-05
7	7-105533874	108771930	10	T	C	0.07	19.45226	4.022238	-1089.018	3.631088	1e+05	2.453914e-06	2.664059e-06	7.536732e-06
7	7-105535140	108773196	20	T	C	0.064	19.33612	4.272365	-1090.245	4.694803	1e+05	9.744783e-06	9.592641e-06	2.212226e-05
7	7-105537634	108775690	7	A	C	0.047	26.54681	5.554506	-1089.022	7.138239	1e+05	3.175363e-06	2.675399e-06	7.563422e-06
7	7-143091159	148005336	18	T	C	0.038	30.69503	5.295546	-1084.035	1e+05	1e+05	2.273617e-08	1.533667e-08	1.215421e-07
7	7-143146769	148062558	35	C	T	0.033	30.13555	5.908699	-1087.459	1e+05	1e+05	7.199511e-07	5.270741e-07	1.989732e-06
7	7-143199262	148115070	19	G	A	0.062	24.82015	4.738827	-1087.7	2.039156	1e+05	3.732388e-07	6.764022e-07	2.437289e-06
7	7-143214383	148130051	31	T	C	0.035	32.84844	6.958821	-1090.022	2.052701	1e+05	4.137816e-06	7.599695e-06	1.816065e-05
7	7-143219888	148134737	18	A	G	0.05	24.7866	5.153023	-1089.515	2.279501	1e+05	2.762556e-06	4.471883e-06	1.161817e-05
7	7-143222259	148137108	22	A	G	0.046	28.5689	5.426077	-1087.563	1.970131	1e+05	3.267689e-07	5.869131e-07	2.171392e-06
7	7-153440666	158731255	46	C	T	0.315	-11.38646	2.484123	-1089.774	1e+05	1e+05	7.575404e-06	5.861922e-06	1.458664e-05
7	7-161313472	166788038	15	C	T	0.13	14.62746	3.171708	-1089.653	1e+05	1e+05	6.695439e-06	5.166003e-06	1.311489e-05
7	7-161313197	166788313	23	A	G	0.109	15.35182	3.389967	-1090.009	1e+05	1e+05	9.629448e-06	7.493415e-06	1.794564e-05
7	7-161313119	166788391	17	C	T	0.148	14.26363	3.049944	-1089.372	1e+05	1e+05	5.027922e-06	3.853388e-06	1.025575e-05
7	7-161312245	166789265	20	G	A	0.131	14.34389	3.142447	-1089.856	1e+05	1e+05	8.235876e-06	6.385514e-06	1.567747e-05
7	7-161312232	166789278	22	T	C	0.132	15.18259	3.16228	-1088.824	1e+05	1e+05	2.876999e-06	2.176168e-06	6.370661e-06
7	7-161375639	166827884	16	T	G	0.114	16.1469	3.496135	-1089.624	1e+05	1e+05	6.502702e-06	5.013853e-06	1.278945e-05
7	7-162221707	167697662	38	T	C	0.206	16.12854	3.330601	-1088.663	15.7556	1e+05	2.383927e-06	1.839884e-06	5.543447e-06
7	7-165540141	171095542	17	T	G	0.045	24.52396	5.407472	-1090.142	5.773845	1e+05	9.358005e-06	8.610538e-06	2.01858e-05
7	7-172603848	178270348	29	T	C	0.02	40.66578	8.688502	-1090.867	1.32724	1e+05	4.945337e-06	1.841955e-05	3.859706e-05
8	8-66173743	67749912	39	T	C	0.026	32.18085	6.957419	-1089.856	4.329299	1e+05	6.308115e-06	6.38794e-06	1.568249e-05
8	8-66173816	67749985	34	C	A	0.026	31.60777	6.937144	-1090.177	4.120616	1e+05	8.537361e-06	8.93721e-06	2.08331e-05
8	8-66303200	67881374	23	A	G	0.017	39.63165	8.756198	-1090.387	3.523925	1e+05	9.733556e-06	1.113052e-05	2.510196e-05
8	8-103631281	106348589	9	T	C	0.011	46.9606	9.789699	-1088.855	20.01696	1e+05	2.932392e-06	2.248291e-06	6.545386e-06
8	8-136867956	141444876	40	G	C	0.026	34.19601	6.695165	-1088.382	1.901212	1e+05	6.952582e-07	1.374312e-06	4.356783e-06
8	8-136867806	141445026	20	T	C	0.019	37.52109	7.999285	-1090.024	2.286175	1e+05	4.727224e-06	7.615161e-06	1.819191e-05
8	8-136822031	141480900	23	A	G	0.017	38.03463	8.355364	-1090.694	2.1472	1e+05	8.694418e-06	1.536397e-05	3.304486e-05
8	8-136822166	141481035	20	C	A	0.014	39.38795	8.69636	-1090.824	2.08792	1e+05	9.6028e-06	1.760762e-05	3.71341e-05
8	8-136822527	141481396	39	A	G	0.018	37.87996	8.367506	-1090.821	2.105971	1e+05	9.695405e-06	1.755307e-05	3.70355e-05
8	8-136822692	141481561	26	A	G	0.022	33.89852	7.316406	-1090.398	2.062768	1e+05	6.094404e-06	1.12614e-05	2.535288e-05
8	8-136822772	141481641	22	T	A	0.017	37.89903	8.359613	-1090.809	2.083313	1e+05	9.423668e-06	1.732901e-05	3.663014e-05
8	8-136994756	141512772	44	T	C	0.024	34.7903	7.529417	-1090.444	2.058474	1e+05	6.443307e-06	1.18179e-05	2.641553e-05
8	8-137087067	141605587	16	T	G	0.016	42.89254	8.260919	-1088.26	1.583364	1e+05	4.643444e-07	1.210288e-06	3.924091e-06
8	8-137159661	141679711	39	A	G	0.018	43.0646	9.015016	-1089.801	2.010521	1e+05	3.209115e-06	6.029697e-06	1.493762e-05
8	8-137304370	141823397	23	T	G	0.029	28.78459	6.355768	-1090.76	2.291673	1e+05	9.617492e-06	1.645406e-05	3.504059e-05
8	8-137304477	141823504	7	A	G	0.027	29.56987	6.415701	-1090.101	3.184968	1e+05	6.780462e-06	8.25374e-06	1.947493e-05
8	8-137306114	141825141	15	G	A	0.023	35.78461	6.719295	-1087.45	1.787869	1e+05	2.434071e-07	5.222432e-07	1.974916e-06
8	8-150922123	155989706	20	A	G	0.055	23.84288	5.040834	-1089.326	4.932655	1e+05	3.964812e-06	3.672283e-06	9.850901e-06
8	8-150927627	155995212	10	T	C	0.034	30.38713	6.608454	-1089.712	1e+05	1e+05	7.108481e-06	5.492406e-06	1.380849e-05
9	9-1000924	669922	31	T	C	0.123	14.99736	3.305505	-1090.056	8.069868	1e+05	9.281599e-06	7.87429e-06	1.871427e-05
9	9-14805725	14509835	14	C	T	0.451	11.61155	2.530963	-1089.758	53.73703	1e+05	7.440635e-06	5.764478e-06	1.438213e-05
9	9-14826096	14537574	12	C	T	0.385	12.87867	2.823701	-1089.871	1e+05	1e+05	8.36762e-06	6.490074e-06	1.589376e-05
9	9-54356615	55532791	42	C	T	0.016	37.21315	8.143722	-1089.835	1e+05	1e+05	8.058416e-06	6.244732e-06	1.538546e-05
9	9-76188923	78250558	36	A	C	0.028	-33.07485	6.895298	-1088.844	1e+05	1e+05	2.935252e-06	2.221279e-06	6.480049e-06
9	9-76204597	78266228	18	A	G	0.028	-36.46894	7.99087	-1089.861	42.93803	1e+05	8.262203e-06	6.418172e-06	1.574508e-05
9	9-94475775	96897298	19	C	T	0.026	30.52615	6.527514	-1089.442	9.032694	1e+05	5.031253e-06	4.145653e-06	1.090326e-05
9	9-94562383	96986079	6	A	G	0.025	32.79391	6.98866	-1089.341	12.62651	1e+05	4.687592e-06	3.730573e-06	9.981522e-06
9	9-94584701	97007856	33	A	G	0.015	39.47273	8.658205	-1089.993	6.999016	1e+05	8.437999e-06	7.37053e-06	1.76965e-05
9	9-94684261	97101338	14	A	T	0.025	30.0535	6.64805	-1090.085	11.85916	1e+05	9.967186e-06	8.110473e-06	1.918831e-05
9	9-94685143	97102220	7	G	C	0.031	27.25813	6.015153	-1090.017	17.08598	1e+05	9.506151e-06	7.555986e-06	1.807228e-05
9	9-94798412	97216581	6	A	G	0.029	29.21419	6.384	-1089.846	12.23306	1e+05	7.829257e-06	6.319932e-06	1.554155e-05
9	9-144260907	146803775	18	A	C	0.028	30.6429	6.757625	-1090.742	2.164097	1e+05	9.383699e-06	1.615315e-05	3.449145e-05
9	9-144870357	147426644	9	T	A	0.018	38.9025	8.517925	-1090.972	1.659862	1e+05	8.143895e-06	2.054963e-05	4.239731e-05
9	9-147221056	149961981	25	C	T	0.273	-11.51665	2.522989	-1090.172	3.764747	1e+05	8.231339e-06	8.888197e-06	2.073619e-05
9	9-147397615	150139820	21	C	T	0.254	-12.40548	2.467543	-1087.852	9.897019	1e+05	1.014139e-06	7.920774e-07	2.772338e-06
10	10-5707322	5379477	35	T	C	0.038	29.75961	6.366148	-1089.885	2.902785	1e+05	5.073217e-06	6.584042e-06	1.608772e-05
10	10-10069510	10088334	38	C	A	0.057	24.94064	5.139284	-1088.592	1e+05	1e+05	2.273383e-06	1.710086e-06	5.217986e-06
10	10-18661628	18978653	5	A	C	0.442	11.9616	2.598465	-1089.734	10.44154	1e+05	6.95081e-06	5.624066e-06	1.408658e-05
10	10-18663884	18980909	33	C	T	0.411	-11.36929	2.369431	-1088.837	81.53794	1e+05	2.914154e-06	2.205351e-06	6.441465e-06
10	10-103801511	104362306	9	G	A	0.066	22.11934	4.795494	-1090.472	2.123236	1e+05	6.675808e-06	1.21631e-05	2.707134e-05
10	10-104134172	104629327	33	C	T	0.079	20.48602	4.399909	-1089.555	6.965014	1e+05	5.510623e-06	4.665534e-06	1.203892e-05
10	10-104064486	104667832	12	G	A	0.062	21.92544	4.704482	-1089.588	5.423916	1e+05	5.401133e-06	4.826479e-06	1.238668e-05
10	10-104205720	104750399	24	C	T	0.056	22.53629	4.937534	-1089.857	1e+05	1e+05	8.245883e-06	6.393455e-06	1.569391e-05
10	10-104220890	104765555	40	A	T	0.066	23.04781	4.755332	-1088.839	4.328196	1e+05	2.33872e-06	2.21117e-06	6.455567e-06
10	10-124119276	125151018	13	T	C	0.041	25.57417	5.486432	-1091.608	0.9798197	1e+05	5.381882e-06	4.014885e-05	7.55896e-05
