chr	rs	ps	n_miss	allele1	allele0	af	beta	se	logl_H1	l_remle	l_mle	p_wald	p_lrt	p_score
1	1-4997000	5117110	11	C	T	0.134	-2.637636	0.5835766	-728.2756	1e-05	1e-05	9.984809e-06	7.901872e-06	2.292082e-05
1	1-12487026	12683153	30	A	G	0.012	9.27277	1.933506	-726.9727	0.0623876	1e-05	2.939836e-06	2.028971e-06	6.076173e-06
1	1-17013486	17360966	25	A	G	0.017	7.828238	1.598656	-726.4727	0.04094615	1e-05	1.854976e-06	1.206169e-06	4.095359e-06
1	1-17013621	17361101	42	T	G	0.016	8.261891	1.647921	-725.9731	0.06195984	1e-05	1.079344e-06	7.178825e-07	2.604163e-06
1	1-17013643	17361123	43	A	G	0.019	7.928485	1.589138	-726.0861	0.06303665	1e-05	1.209322e-06	8.072323e-07	2.865357e-06
1	1-17351071	17642272	5	T	C	0.013	8.345709	1.644068	-725.6657	0.05650895	1e-05	8.037672e-07	5.218578e-07	2.024516e-06
1	1-17423215	17737738	40	T	C	0.01	9.498145	2.03488	-727.5098	0.05373971	1e-05	5.221408e-06	3.551078e-06	9.822892e-06
1	1-28460596	28652246	41	A	T	0.058	4.217256	0.9328097	-728.3635	0.1080722	0.05493132	9.930981e-06	8.662538e-06	2.148048e-05
1	1-38126928	38518222	24	C	G	0.21	2.261128	0.4969969	-727.976	0.03253506	1e-05	8.77299e-06	5.777043e-06	1.55798e-05
1	1-47996664	48336097	25	T	A	0.019	7.909696	1.565546	-725.8314	0.1895486	1e+05	8.995955e-07	6.197067e-07	3.723624e-06
1	1-48525219	48932012	24	A	T	0.012	9.60876	1.939775	-726.6242	0.1561843	0.06980165	1.427181e-06	1.411977e-06	4.703897e-06
1	1-50265343	50643852	10	A	G	0.025	8.188813	1.606481	-726.1137	0.1867407	0.1080444	7.274446e-07	8.306813e-07	3.441044e-06
1	1-50860603	51360598	11	T	C	0.023	6.503765	1.306235	-726.121	0.06349445	1e-05	1.267911e-06	8.369927e-07	2.960205e-06
1	1-51408451	51853520	10	C	G	0.032	5.94484	1.097328	-724.0027	0.04151732	1e-05	1.543368e-07	9.334279e-08	5.215168e-07
1	1-51410127	51855196	24	G	A	0.041	4.914832	1.025204	-726.9757	0.01634799	1e-05	2.964233e-06	2.035387e-06	6.585186e-06
1	1-57686341	58381766	13	C	A	0.011	11.79546	2.590548	-728.4101	0.1594277	0.07339675	8.633375e-06	9.095989e-06	2.256309e-05
1	1-68567493	69748333	37	A	G	0.402	-2.107078	0.454122	-727.5843	0.05620168	1e-05	5.904507e-06	3.838051e-06	1.071695e-05
1	1-72054940	73405837	28	A	G	0.039	5.384878	1.11558	-726.7779	0.03709786	1e-05	2.552354e-06	1.656658e-06	5.376175e-06
1	1-74103782	75516420	43	T	A	0.016	11.28791	2.378039	-727.5073	0.1430751	0.0651831	3.668486e-06	3.54169e-06	1.008014e-05
1	1-75095991	76541839	42	A	G	0.032	5.520902	1.191744	-727.7606	0.08343204	0.01551203	6.097036e-06	4.613418e-06	1.188398e-05
1	1-85844836	87592074	38	C	T	0.207	-2.472518	0.5446809	-728.1924	1e-05	1e-05	9.170606e-06	7.243087e-06	1.979558e-05
1	1-90928972	92863778	24	A	G	0.014	10.78699	2.385884	-728.25	0.08745012	0.01751875	9.924705e-06	7.692933e-06	1.828516e-05
1	1-97534580	99796416	31	T	A	0.02	8.463798	1.657714	-725.5658	0.05871727	0.002852735	6.992482e-07	4.705243e-07	1.824591e-06
1	1-120822554	122663842	27	T	C	0.012	12.62224	2.587038	-726.776	0.1107535	0.03572089	2.01231e-06	1.653473e-06	5.095783e-06
1	1-142795594	144970878	36	A	C	0.01	10.74037	2.372844	-728.206	0.08286075	0.01167695	9.703705e-06	7.347151e-06	1.761385e-05
1	1-154685354	156586064	42	A	G	0.021	6.717427	1.447955	-727.6219	0.04804182	1e-05	5.921314e-06	3.991573e-06	1.09283e-05
1	1-161125931	162549762	40	C	A	0.021	9.006584	1.8379	-726.5621	0.0920241	0.002241419	1.823556e-06	1.323623e-06	4.232861e-06
1	1-161600201	162829478	14	T	G	0.016	7.388409	1.607455	-727.8645	0.07139885	0.002121174	7.152058e-06	5.141862e-06	1.314046e-05
1	1-162650800	164245264	6	C	T	0.022	8.910649	1.881198	-727.2573	0.01111247	1e-05	3.837697e-06	2.729056e-06	8.479193e-06
1	1-166766920	168435123	7	A	G	0.031	5.606245	1.147058	-726.5271	0.02603479	1e-05	1.935631e-06	1.276386e-06	4.390019e-06
1	1-204108950	206929633	9	A	C	0.295	-2.411733	0.4999848	-726.9527	1e-05	1e-05	2.591711e-06	1.987214e-06	6.685284e-06
1	1-204108932	206929651	14	A	C	0.281	-2.491216	0.5095162	-726.6571	1e-05	1e-05	1.919012e-06	1.461066e-06	5.341246e-06
1	1-204108717	206929866	18	G	A	0.279	-2.377394	0.5166952	-727.8454	0.0112141	1e-05	7.002615e-06	5.040097e-06	1.419923e-05
1	1-205672980	208466228	8	A	G	0.496	3.277014	0.6938189	-727.3979	1e-05	1e-05	4.077606e-06	3.15997e-06	1.039575e-05
1	1-205843070	208666334	44	C	T	0.16	-2.856073	0.624407	-728.0445	1e-05	1e-05	7.884905e-06	6.205637e-06	2.008164e-05
1	1-269974446	274647872	22	A	G	0.012	10.64967	2.181534	-726.575	0.05523683	1e-05	1.987521e-06	1.341606e-06	4.341448e-06
1	1-278861928	283851067	43	T	C	0.024	6.868498	1.408069	-726.6541	0.07353492	0.01310725	2.02226e-06	1.456561e-06	4.554887e-06
1	1-278975381	283966176	9	A	G	0.032	5.196425	1.111689	-727.4724	0.04597006	1e-05	5.068759e-06	3.415342e-06	9.58087e-06
1	1-296449367	301838415	24	T	C	0.075	-3.547347	0.7797964	-728.4039	0.1496361	0.08050525	8.792633e-06	9.036783e-06	2.338746e-05
2	2-10504196	10616183	37	C	T	0.041	5.195376	1.085164	-727.0498	0.08371956	0.003599867	3.050825e-06	2.198785e-06	6.440529e-06
2	2-16880689	17358184	15	T	C	0.019	7.963054	1.66802	-727.0899	0.06826237	0.003646464	3.245348e-06	2.292332e-06	6.678286e-06
2	2-18149079	18742006	15	T	G	0.019	7.816393	1.687856	-727.6474	0.04120236	1e-05	6.142003e-06	4.099152e-06	1.131402e-05
2	2-19911229	20539884	45	T	C	0.156	-2.721585	0.5881261	-727.8145	1e-05	1e-05	6.234904e-06	4.880127e-06	1.508509e-05
2	2-66131406	67286665	16	A	C	0.021	6.781445	1.500105	-728.2256	0.07227445	0.01716946	9.947248e-06	7.498734e-06	1.789445e-05
2	2-66449643	67624558	17	A	G	0.03	5.541832	1.217605	-728.0016	0.04424967	1e-05	8.703059e-06	5.933726e-06	1.528115e-05
2	2-69373886	70601050	28	A	T	0.015	9.544018	2.054879	-727.5913	0.04867834	1e-05	5.783931e-06	3.865924e-06	1.069035e-05
2	2-81238081	82736655	11	T	C	0.025	5.920419	1.277741	-727.643	0.04513616	1e-05	6.073375e-06	4.080527e-06	1.11717e-05
2	2-81319838	82806574	20	T	A	0.028	5.845786	1.251937	-727.4819	0.03684546	1e-05	5.181631e-06	3.449022e-06	9.843153e-06
2	2-81343851	82830582	10	A	G	0.016	8.108582	1.751207	-727.6514	0.03326254	1e-05	6.160395e-06	4.116244e-06	1.150822e-05
2	2-81916977	83445475	38	C	A	0.026	6.825536	1.464666	-727.5281	0.03867544	1e-05	5.398849e-06	3.619468e-06	1.018153e-05
2	2-82491403	83987825	28	A	G	0.022	6.744179	1.410976	-727.0603	0.06592014	0.003938462	3.160896e-06	2.222877e-06	6.510724e-06
2	2-82569859	84066347	8	A	C	0.022	6.018734	1.307286	-727.7703	0.04602867	1e-05	6.915891e-06	4.660386e-06	1.24804e-05
2	2-82571245	84067733	44	T	C	0.027	6.825618	1.3684	-726.0757	0.05339681	1e-05	1.215799e-06	7.985338e-07	2.856743e-06
2	2-82657624	84154417	24	C	A	0.024	7.453467	1.447731	-725.3308	0.05351834	1e-05	5.708307e-07	3.687982e-07	1.523072e-06
2	2-82663412	84160205	27	A	C	0.029	6.267562	1.316492	-727.1226	0.06239079	1e-05	3.443525e-06	2.371958e-06	6.927773e-06
2	2-82742237	84211636	44	A	G	0.027	6.395115	1.375681	-727.5723	0.03568553	1e-05	5.679322e-06	3.790079e-06	1.067518e-05
2	2-82761756	84230866	4	T	C	0.018	8.194505	1.673207	-726.4705	0.03769958	1e-05	1.848815e-06	1.203438e-06	4.098056e-06
2	2-82824019	84292889	36	A	T	0.023	7.230046	1.399827	-725.2671	0.05858024	1e-05	5.27377e-07	3.452368e-07	1.433097e-06
2	2-85671303	87305873	40	C	G	0.029	5.979412	1.267267	-727.2743	0.04347342	1e-05	4.166188e-06	2.777821e-06	8.114626e-06
2	2-85671311	87305881	43	T	G	0.029	5.95028	1.268298	-727.3963	0.04644784	1e-05	4.695613e-06	3.154741e-06	8.975742e-06
2	2-85671330	87305900	43	A	C	0.032	5.941187	1.239856	-726.9491	0.0417409	1e-05	2.993495e-06	1.979785e-06	6.135504e-06
2	2-115029080	117645117	29	A	G	0.02	7.742776	1.67806	-728.217	0.1725466	0.08936166	6.6147e-06	7.431889e-06	1.988581e-05
2	2-153190929	157275472	11	C	A	0.025	5.827452	1.274985	-728.003	0.0820102	0.006228715	8.004757e-06	5.942362e-06	1.477025e-05
2	2-176273889	180837868	9	A	G	0.014	8.775467	1.82374	-726.9079	0.06129913	0.001639493	2.734613e-06	1.896646e-06	5.727165e-06
2	2-186378295	191322719	12	G	C	0.032	5.087547	1.10801	-727.8229	0.0295055	1e-05	7.30208e-06	4.923143e-06	1.346045e-05
2	2-186379674	191324098	21	A	G	0.031	5.655169	1.165277	-726.6719	0.03357369	1e-05	2.266151e-06	1.483756e-06	4.907249e-06
2	2-193227017	198319153	9	T	G	0.088	3.589272	0.7402312	-727.7606	0.2992906	0.2321292	2.31021e-06	4.613239e-06	3.46808e-05
2	2-204769172	210662875	33	T	A	0.013	9.480479	1.915283	-726.2445	0.04594935	1e-05	1.451424e-06	9.515469e-07	3.322612e-06
2	2-204822069	210696483	13	T	G	0.011	10.2731	1.895438	-724.0711	0.07270111	0.0008228461	1.525566e-07	1.00177e-07	5.275639e-07
2	2-235856612	241806994	17	T	G	0.019	7.565728	1.673411	-728.2452	0.08280566	0.01866248	9.925982e-06	7.654289e-06	1.820697e-05
3	3-9616112	8883369	9	C	T	0.02	9.997395	1.923068	-725.075	0.03388487	1e-05	4.487118e-07	2.829428e-07	1.268859e-06
3	3-10058626	9348832	5	T	C	0.027	5.419504	1.19475	-728.1071	0.06756596	1e-05	9.30257e-06	6.625321e-06	1.635454e-05
3	3-14873482	14146044	14	G	T	0.014	8.343915	1.830037	-728.029	0.06862434	0.00615566	8.404839e-06	6.10575e-06	1.513295e-05
3	3-23741582	23207111	6	T	C	0.042	-4.908046	1.03604	-727.3356	1e-05	1e-05	3.826935e-06	2.961299e-06	1.012118e-05
3	3-33965496	33607175	41	C	T	0.013	12.64212	2.730816	-727.7575	0.07854012	0.01202355	6.183592e-06	4.598131e-06	1.186489e-05
3	3-46888442	43935031	12	T	G	0.014	8.479245	1.843739	-727.9336	0.09371445	0.01928234	7.070987e-06	5.526664e-06	1.382995e-05
3	3-48714101	48538230	32	T	G	0.06	4.266161	0.9256556	-727.7477	0.03383044	1e-05	6.771391e-06	4.551507e-06	1.247387e-05
3	3-48838325	48630495	22	T	G	0.033	6.007026	1.197398	-725.9269	0.04178213	1e-05	1.063268e-06	6.842889e-07	2.56304e-06
3	3-53047103	52937303	37	T	C	0.015	11.2493	2.381612	-727.4405	0.1059338	0.02810578	4.073207e-06	3.303607e-06	9.005758e-06
3	3-62613427	62658790	30	A	T	0.012	11.88323	2.599216	-727.9246	0.05453702	1e-05	7.961267e-06	5.475073e-06	1.411956e-05
3	3-72489548	72827327	6	A	G	0.027	8.608445	1.694515	-725.8035	0.1010191	0.02285	7.890037e-07	6.020601e-07	2.20669e-06
3	3-78561313	78710772	6	A	G	0.029	6.326916	1.354286	-727.4987	0.05589313	1e-05	5.12717e-06	3.510087e-06	9.676901e-06
3	3-79937158	80201442	29	T	C	0.037	6.218183	1.353547	-727.8949	0.07544509	0.007070251	7.226167e-06	5.307758e-06	1.342746e-05
3	3-83908793	84371406	43	A	C	0.013	10.27258	2.189197	-727.7316	0.1427909	0.05697304	4.677891e-06	4.475862e-06	1.199813e-05
3	3-112028406	97944003	31	T	C	0.035	6.855085	1.495052	-727.8837	0.01706781	1e-05	7.510459e-06	5.246068e-06	1.454216e-05
3	3-112845267	98820180	28	T	C	0.012	12.89195	2.590752	-726.1319	0.05286137	1e-05	1.28497e-06	8.465531e-07	2.995299e-06
3	3-97050761	102034325	20	A	C	0.012	12.57396	2.584106	-726.8997	0.1254717	0.04966357	2.137218e-06	1.880542e-06	5.773402e-06
3	3-85716676	113654898	13	T	C	0.021	7.53323	1.624476	-727.7486	0.08245748	0.02026645	5.971758e-06	4.55584e-06	1.175744e-05
3	3-133384333	134011013	40	T	C	0.01	13.22636	2.913556	-728.1726	0.08864026	0.01608525	9.16233e-06	7.094593e-06	1.707707e-05
3	3-137741407	138412240	14	C	T	0.058	4.13276	0.8773477	-727.3449	0.06565427	0.0003573525	4.314692e-06	2.989977e-06	8.378329e-06
3	3-147112416	148213897	40	A	G	0.021	8.276137	1.424021	-722.0354	0.0347006	1e-05	2.088423e-08	1.228061e-08	1.070969e-07
3	3-147944936	149211766	42	T	G	0.016	9.652398	2.058252	-727.415	0.05340469	1e-05	4.736317e-06	3.216633e-06	9.034587e-06
3	3-150641072	151915363	44	A	T	0.013	12.14589	2.597285	-727.5281	0.06838186	0.006567747	5.023363e-06	3.619461e-06	9.747407e-06
3	3-152007780	153383311	8	T	G	0.016	8.062724	1.743777	-727.6792	0.0396551	1e-05	6.341358e-06	4.237365e-06	1.166673e-05
3	3-162570061	164180806	15	A	T	0.014	8.354913	1.838287	-727.2741	0.270414	1e+05	8.951783e-06	2.777451e-06	4.328338e-05
3	3-179461675	182284833	41	T	C	0.061	4.11761	0.9056653	-728.3538	0.1321536	0.07421708	8.891292e-06	8.57572e-06	2.256492e-05
3	3-179461684	182284842	44	G	A	0.053	4.339463	0.9341816	-727.9351	0.1327128	0.07670286	5.767602e-06	5.535586e-06	1.578998e-05
3	3-179461697	182284855	44	G	A	0.059	4.1154	0.8931993	-728.1101	0.1359398	0.07863039	6.810695e-06	6.646096e-06	1.851633e-05
3	3-198883743	201884668	10	T	C	0.061	5.742801	1.103157	-725.0519	0.02373273	1e-05	4.336197e-07	2.762497e-07	1.27068e-06
3	3-206717671	210107836	36	T	A	0.013	9.216702	1.937593	-727.1441	0.06139049	1e-05	3.506474e-06	2.425645e-06	7.052232e-06
3	3-212821553	216438854	15	A	G	0.014	8.329165	1.659548	-726.1164	0.1096889	0.02739084	1.052353e-06	8.330496e-07	2.880892e-06
3	3-214564280	218244484	42	T	A	0.011	14.03096	2.885633	-726.8567	0.1156841	0.03307992	2.17204e-06	1.798372e-06	5.44642e-06
3	3-217312081	220843188	23	C	T	0.053	4.42995	0.9287689	-727.3977	0.1493966	0.04920707	3.308211e-06	3.159287e-06	8.819368e-06
3	3-224358089	228026034	26	T	A	0.061	4.065669	0.8767905	-727.7573	0.09478003	0.0138509	5.980699e-06	4.59738e-06	1.185296e-05
3	3-226250626	229965312	31	T	C	0.013	9.539639	1.929244	-726.3803	0.08803542	0.01501995	1.486502e-06	1.095803e-06	3.600628e-06
3	3-227361963	231181570	41	T	A	0.016	8.207349	1.660304	-726.2654	0.04474497	1e-05	1.496689e-06	9.72489e-07	3.404685e-06
3	3-230268931	234082364	19	G	A	0.184	-2.625091	0.5405193	-726.8048	1e-05	1e-05	2.229808e-06	1.703693e-06	6.547493e-06
3	3-230812316	235047693	13	A	C	0.011	10.45887	2.190613	-727.2507	0.1113857	0.03940039	3.238808e-06	2.710526e-06	7.71875e-06
4	4-456988	698878	47	T	C	0.092	3.72046	0.8138481	-728.0587	0.09646056	0.02242016	7.97547e-06	6.298153e-06	1.544863e-05
4	4-17290385	18405788	37	G	A	0.015	7.695663	1.671131	-727.8009	0.05674015	1e-05	6.883432e-06	4.811268e-06	1.253391e-05
4	4-25770222	27316586	11	C	T	0.473	-1.945079	0.4137362	-727.494	1e-05	1e-05	4.496818e-06	3.492849e-06	1.153313e-05
4	4-25770261	27316625	10	T	G	0.518	1.91514	0.413448	-727.7947	1e-05	1e-05	6.11067e-06	4.780633e-06	1.480877e-05
4	4-25770968	27317332	29	T	C	0.51	2.23983	0.4463407	-726.0687	1e-05	1e-05	1.055951e-06	7.927482e-07	3.355616e-06
4	4-25771026	27317390	18	T	A	0.477	-1.937182	0.4235913	-728.048	1e-05	1e-05	7.91329e-06	6.228501e-06	1.836129e-05
4	4-25771208	27317572	16	C	T	0.407	-2.059209	0.4410608	-727.6358	1e-05	1e-05	5.196064e-06	4.04968e-06	1.28812e-05
4	4-26042608	27595555	18	C	T	0.261	-2.344629	0.5178452	-728.0788	0.02946882	1e-05	9.649368e-06	6.43211e-06	1.706707e-05
4	4-34832741	36426166	8	T	C	0.04	4.678718	0.9963797	-727.3689	0.03487907	1e-05	4.609173e-06	3.065863e-06	8.943415e-06
4	4-37856533	39500371	17	G	A	0.012	10.60583	2.175851	-726.6475	0.06828928	0.00643412	2.056079e-06	1.446591e-06	4.549672e-06
4	4-42431620	44217782	23	T	A	0.017	8.436886	1.736365	-726.7283	0.07614167	0.006721219	2.206215e-06	1.57348e-06	4.87251e-06
4	4-43072882	44834081	25	T	C	0.015	10.80795	2.076697	-725.2064	0.1716782	1e+05	4.365351e-07	3.241826e-07	1.845279e-06
4	4-71952889	74665906	24	A	C	0.394	2.063722	0.4458082	-727.7766	0.003573251	1e-05	6.190626e-06	4.690975e-06	1.360799e-05
4	4-77829059	80795775	0	G	A	0.249	3.327866	0.7078707	-727.3118	0.05386057	1e-05	4.497194e-06	2.888629e-06	8.489202e-06
4	4-100764469	98301165	27	A	G	0.015	12.17254	2.375308	-726.1189	0.2149628	0.1401881	6.392034e-07	8.352216e-07	4.018975e-06
4	4-101752727	99273912	23	T	G	0.017	8.039312	1.752118	-727.8944	0.06556897	0.003261362	7.407293e-06	5.305082e-06	1.348636e-05
4	4-106362950	110530169	12	G	T	0.027	9.721191	1.67135	-722.028	0.06005345	1e-05	2.039457e-08	1.218771e-08	1.037031e-07
4	4-138393067	141520137	4	T	C	0.029	7.044086	1.552732	-728.052	0.05284562	1e-05	9.283276e-06	6.254557e-06	1.597054e-05
4	4-139122182	142266921	42	T	G	0.013	11.43189	2.162186	-724.663	0.05001409	1e-05	2.92535e-07	1.8472e-07	8.785126e-07
4	4-145858908	149189583	38	A	G	0.013	10.67961	2.193456	-726.6734	0.06496519	0.008718266	2.108372e-06	1.486155e-06	4.645079e-06
4	4-171019817	174001234	6	T	C	0.018	10.67317	2.048453	-725.2324	0.1013444	0.04502053	4.242034e-07	3.330467e-07	1.403294e-06
4	4-171195333	174204984	30	T	C	0.137	3.987035	0.7072204	-722.9179	0.03633052	1e-05	5.115509e-08	3.047817e-08	2.166016e-07
4	4-171944231	174985163	25	G	T	0.087	3.495624	0.7389189	-727.2158	0.03185296	1e-05	3.941627e-06	2.613739e-06	7.881169e-06
4	4-175157160	178167058	22	G	A	0.292	-2.181921	0.458069	-727.4278	0.1378632	0.07385775	3.405012e-06	3.260069e-06	9.787068e-06
4	4-175244128	178253973	30	A	G	0.169	-2.603452	0.571185	-727.9629	0.03273155	1e-05	8.457788e-06	5.698373e-06	1.512116e-05
4	4-175244151	178253996	32	T	C	0.158	-2.764198	0.5868785	-727.3146	0.02644319	1e-05	4.32462e-06	2.897186e-06	8.666925e-06
4	4-175244306	178254151	26	A	G	0.171	-2.651341	0.5782622	-727.8586	0.04649566	1e-05	7.515919e-06	5.110192e-06	1.340128e-05
4	4-175244880	178254725	17	G	A	0.206	-2.374036	0.5123076	-727.7306	0.07183247	0.01650687	6.060018e-06	4.470949e-06	1.157363e-05
4	4-206497141	210879200	32	T	A	0.073	4.730684	0.9960883	-727.234	0.00598245	1e-05	3.62704e-06	2.663734e-06	8.398907e-06
4	4-206812944	211202432	42	T	G	0.098	3.383775	0.7306691	-727.6575	0.02510254	1e-05	6.139178e-06	4.1428e-06	1.17679e-05
4	4-207136655	211534934	31	G	T	0.065	3.802085	0.8301859	-727.8999	0.01913892	1e-05	7.689422e-06	5.335583e-06	1.46777e-05
4	4-207139580	211537859	24	A	C	0.077	3.580116	0.7640017	-727.4185	0.0560416	1e-05	4.812876e-06	3.228663e-06	9.118011e-06
4	4-207139625	211537904	21	T	C	0.067	3.658991	0.804045	-728.0218	0.01971344	1e-05	8.729301e-06	6.060296e-06	1.632938e-05
4	4-207168285	211569055	19	A	T	0.061	4.388003	0.8636065	-725.6985	0.01060603	1e-05	7.858848e-07	5.3992e-07	2.231848e-06
4	4-207190403	211591173	7	T	C	0.049	4.386743	0.941068	-727.5218	0.02945576	1e-05	5.367347e-06	3.595747e-06	1.033242e-05
4	4-207195350	211596116	8	A	G	0.047	4.262595	0.9243743	-727.7335	0.03485231	1e-05	6.696492e-06	4.484658e-06	1.232042e-05
4	4-207195353	211596119	9	A	G	0.05	4.151415	0.9147238	-728.0448	0.03681131	1e-05	9.208601e-06	6.207553e-06	1.615077e-05
4	4-207195396	211596162	10	A	G	0.048	4.241616	0.9248125	-727.8422	0.03197169	1e-05	7.468494e-06	5.023336e-06	1.362605e-05
4	4-207199315	211600076	16	C	T	0.07	3.787666	0.8059709	-727.3841	0.01841262	1e-05	4.531977e-06	3.114664e-06	9.353892e-06
4	4-207199487	211600248	12	C	T	0.064	3.672617	0.8033388	-727.9471	0.01605857	1e-05	7.966796e-06	5.605248e-06	1.53911e-05
4	4-207202885	211603646	12	A	G	0.064	3.6526	0.8030957	-728.0299	0.02054911	1e-05	8.827798e-06	6.111487e-06	1.642066e-05
4	4-207206847	211607608	11	G	T	0.066	3.725105	0.8108859	-727.8297	0.02184257	1e-05	7.229943e-06	4.958379e-06	1.373713e-05
4	4-207224588	211626263	17	G	A	0.07	3.648446	0.7763027	-727.4111	0.01246056	1e-05	4.526602e-06	3.203788e-06	9.678815e-06
4	4-207224681	211626356	28	A	C	0.059	4.15223	0.859473	-726.7889	0.02186409	1e-05	2.50451e-06	1.675833e-06	5.551037e-06
4	4-207261344	211662293	18	A	G	0.061	3.764132	0.8308064	-728.112	0.01833671	1e-05	9.523245e-06	6.6594e-06	1.773262e-05
4	4-207342854	211743223	39	C	T	0.068	3.838068	0.8365231	-727.8346	0.03350158	1e-05	7.414448e-06	4.983713e-06	1.34935e-05
4	4-207364197	211764458	16	T	C	0.06	3.968841	0.8239701	-726.8449	0.02554891	1e-05	2.674055e-06	1.776266e-06	5.779975e-06
4	4-217589515	221171537	17	A	G	0.049	4.319189	0.947898	-728.0098	0.06141116	1e-05	8.509068e-06	5.984926e-06	1.504786e-05
4	4-217672572	221260095	18	T	A	0.014	9.134702	1.827194	-726.1987	0.09606196	0.03779602	1.153491e-06	9.073538e-07	3.126505e-06
4	4-219573524	223327858	11	A	G	0.177	2.54193	0.5421354	-727.3763	0.0458982	1e-05	4.754718e-06	3.08948e-06	8.960617e-06
4	4-219668762	223431363	9	A	C	0.16	2.74228	0.5894547	-727.5217	0.05083964	1e-05	5.591047e-06	3.595327e-06	1.020218e-05
4	4-219885723	223653532	15	T	G	0.157	2.780701	0.5992863	-727.6723	0.07324803	0.004096027	5.901213e-06	4.207249e-06	1.108559e-05
4	4-220594699	224349777	18	A	G	0.455	-2.548271	0.5530854	-727.9015	1e-05	1e-05	6.813941e-06	5.344455e-06	1.538983e-05
4	4-232099803	236631828	21	A	G	0.019	7.951369	1.676673	-727.1917	0.05540894	1e-05	3.741415e-06	2.54896e-06	7.408977e-06
5	5-2928513	3000566	7	C	T	0.045	4.47268	0.9584517	-727.5318	0.06185742	1e-05	5.246959e-06	3.633459e-06	9.916812e-06
5	5-10985629	11314571	7	T	G	0.174	2.812858	0.6154726	-727.9977	0.08554776	0.006159383	8.017434e-06	5.909404e-06	1.470332e-05
5	5-11614986	11966330	8	A	T	0.025	8.069473	1.655299	-726.576	0.03379532	1e-05	2.050453e-06	1.343e-06	4.512173e-06
5	5-16236243	16769080	39	A	G	0.359	2.096556	0.4436598	-727.2783	0.0162154	1e-05	4.033331e-06	2.789521e-06	8.57032e-06
5	5-91360645	93656202	35	A	G	0.01	15.19527	2.842321	-724.6965	0.1609465	1e+05	2.194545e-07	1.912391e-07	1.005455e-06
5	5-97380348	99862461	25	A	G	0.015	11.0038	2.382251	-727.9629	0.1227535	0.04120016	6.472181e-06	5.698176e-06	1.438666e-05
5	5-128224223	131552044	24	T	C	0.027	7.068387	1.509648	-727.4373	0.04636581	1e-05	4.896332e-06	3.292271e-06	9.30304e-06
5	5-138506054	141794590	38	A	T	0.013	10.96011	2.174122	-725.9126	0.07523835	0.01362551	9.481823e-07	6.741733e-07	2.420488e-06
5	5-148283124	151774362	8	T	C	0.013	10.83026	2.390391	-728.1096	0.01884244	1e-05	9.521182e-06	6.642593e-06	1.768209e-05
5	5-152473049	156139884	45	T	C	0.022	6.843132	1.433366	-727.3939	0.1450642	0.06551443	3.242234e-06	3.14687e-06	9.084029e-06
5	5-152473684	156140519	18	A	G	0.019	6.985359	1.428499	-726.8617	0.142334	0.0619398	1.913534e-06	1.807719e-06	5.682295e-06
5	5-152530818	156215480	28	C	T	0.022	6.50262	1.396381	-727.8706	0.1376173	0.05533175	5.479946e-06	5.17445e-06	1.35103e-05
5	5-152563997	156233925	17	G	T	0.021	6.631193	1.389903	-727.4139	0.1477241	0.06344029	3.28927e-06	3.2132e-06	9.176582e-06
5	5-152564426	156234354	9	A	G	0.018	6.976215	1.428311	-726.8992	0.1448853	0.06429208	1.964772e-06	1.879563e-06	5.894895e-06
5	5-152565535	156235463	16	A	G	0.016	7.71972	1.595537	-727.1356	0.1520321	0.07074025	2.423886e-06	2.404198e-06	7.33779e-06
5	5-152567311	156237239	30	A	G	0.02	6.92753	1.431055	-727.0641	0.1381445	0.05811413	2.396036e-06	2.231759e-06	6.723842e-06
5	5-152567321	156237249	27	T	C	0.02	6.904001	1.431295	-727.1424	0.1384633	0.05811181	2.591814e-06	2.421222e-06	7.193817e-06
5	5-152604349	156274275	22	T	G	0.022	6.380948	1.394575	-728.4104	0.1764007	0.1024951	7.833571e-06	9.09857e-06	2.490194e-05
5	5-152605037	156274963	26	T	C	0.024	6.623519	1.357286	-726.8167	0.1228342	0.04233748	2.003641e-06	1.725036e-06	5.306806e-06
5	5-174078344	178113366	15	T	C	0.012	13.0972	2.588562	-725.8134	0.07875977	0.005501849	8.692579e-07	6.082518e-07	2.235919e-06
5	5-198826109	204023815	16	G	T	0.209	2.292514	0.5018638	-727.9662	0.01460207	1e-05	8.096191e-06	5.718194e-06	1.574999e-05
5	5-210313667	216103002	2	A	G	0.092	4.165632	0.8951837	-727.6656	0.00430277	1e-05	5.56267e-06	4.177648e-06	1.23389e-05
5	5-210317712	216107047	40	T	C	0.212	2.477044	0.5455948	-728.0297	0.03571588	1e-05	9.143078e-06	6.110185e-06	1.604465e-05
5	5-210317805	216107140	27	A	T	0.179	2.522444	0.5476731	-727.9085	1e-05	1e-05	6.862762e-06	5.383647e-06	1.565966e-05
5	5-210318113	216107448	19	G	C	0.179	2.664904	0.5322013	-726.1188	1e-05	1e-05	1.1111e-06	8.351504e-07	3.397524e-06
5	5-210318174	216107509	15	T	G	0.183	2.607874	0.5367458	-726.7955	1e-05	1e-05	2.208834e-06	1.687293e-06	6.087632e-06
5	5-210323512	216112844	7	A	C	0.156	2.543297	0.5593511	-728.1387	0.002445326	1e-05	8.877084e-06	6.84796e-06	1.878392e-05
6	6-5565106	6212424	14	C	A	0.012	13.07302	2.586948	-725.7909	0.05778399	1e-05	8.949606e-07	5.942258e-07	2.227087e-06
6	6-6363489	6725113	42	T	C	0.013	12.47128	2.591542	-726.8561	0.04318492	1e-05	2.728348e-06	1.797121e-06	5.656925e-06
6	6-20291713	14573698	47	A	G	0.014	10.08357	2.218059	-728.0108	0.0348488	1e-05	8.906063e-06	5.990563e-06	1.574245e-05
6	6-19356738	15545518	25	G	A	0.012	10.10508	2.190001	-727.9521	0.1121164	0.03932817	6.612806e-06	5.634457e-06	1.424118e-05
6	6-17271166	17576061	31	T	G	0.025	6.804216	1.464523	-727.7425	0.09513795	0.02306773	5.746592e-06	4.526785e-06	1.170089e-05
6	6-27008263	28410498	36	C	T	0.067	4.385146	0.9641455	-728.1814	0.09688597	0.03137119	8.825149e-06	7.160058e-06	1.731287e-05
6	6-27682863	29140641	32	A	C	0.01	14.61664	2.883357	-725.9009	0.1090414	0.03635777	8.305312e-07	6.660316e-07	2.416987e-06
6	6-27984583	29412814	36	A	T	0.013	10.1643	2.216378	-728.0895	0.1153642	0.04332507	7.483639e-06	6.504174e-06	1.616949e-05
6	6-38381791	40135933	22	A	G	0.041	5.035821	1.105297	-728.1664	0.1179279	0.01323088	8.528291e-06	7.048971e-06	1.699075e-05
6	6-47073319	48628088	6	T	C	0.024	6.693817	1.325708	-725.8669	0.07242281	0.01251957	9.128719e-07	6.429605e-07	2.329962e-06
6	6-47360179	48917583	10	T	A	0.023	6.295613	1.377633	-728.0918	0.09832161	0.03071541	8.030176e-06	6.520384e-06	1.598207e-05
6	6-50649387	53059272	8	T	C	0.018	8.635283	1.658105	-725.1934	0.09459887	0.02673287	4.291892e-07	3.198781e-07	1.324191e-06
6	6-51409779	53838490	22	G	T	0.017	8.511507	1.74376	-726.7361	0.1038438	0.03046556	1.993079e-06	1.586229e-06	4.903317e-06
6	6-51622463	54041059	14	C	T	0.023	6.325805	1.371538	-727.77	0.05784649	1e-05	6.671003e-06	4.658819e-06	1.220044e-05
6	6-52601692	55040262	7	A	G	0.018	7.335632	1.552863	-727.4455	0.1020205	0.03731392	4.06328e-06	3.320566e-06	9.131132e-06
6	6-53323041	55743114	19	A	G	0.014	10.73645	2.021755	-724.593	0.05968788	0.00275129	2.611947e-07	1.718167e-07	8.106591e-07
6	6-53366996	55822892	20	T	C	0.014	8.36558	1.832349	-728.0325	0.07539743	0.01459177	8.185237e-06	6.128395e-06	1.509713e-05
6	6-54999098	57452650	43	A	C	0.021	7.092442	1.550057	-728.0166	0.08512753	0.01873423	7.831871e-06	6.027182e-06	1.487798e-05
6	6-55941216	58415614	9	A	G	0.104	-3.256659	0.7059841	-727.8373	0.2749522	1e+05	6.6494e-06	4.997607e-06	4.203725e-05
6	6-50025309	60036117	11	A	G	0.018	7.143282	1.561697	-728.0016	0.07625574	0.01623053	7.885052e-06	5.933709e-06	1.468586e-05
6	6-58729451	61333788	12	T	C	0.016	9.289395	1.927302	-726.8414	0.05568618	1e-05	2.635869e-06	1.769966e-06	5.490542e-06
6	6-68947372	71699476	37	C	T	0.01	15.11396	2.857636	-724.6536	0.0456098	1e-05	2.900138e-07	1.829268e-07	8.746337e-07
6	6-74907894	77617358	15	A	G	0.012	13.31552	2.564222	-725.2697	0.09940905	0.02287863	4.615138e-07	3.46184e-07	1.408967e-06
6	6-76258665	79030070	5	C	A	0.035	6.878615	1.500141	-728.3285	0.1868474	1e+05	7.506178e-06	8.350938e-06	2.63918e-05
6	6-82261577	85141284	23	A	C	0.026	7.863865	1.675767	-727.7298	0.1416254	0.05923194	4.671653e-06	4.467306e-06	1.205821e-05
6	6-87279125	89890466	16	A	G	0.012	8.834367	1.922428	-727.8347	0.05721527	1e-05	7.180929e-06	4.98409e-06	1.296352e-05
6	6-90163135	92619377	24	A	T	0.039	6.246749	1.222556	-725.6495	0.08632846	0.03214094	6.865032e-07	5.131633e-07	1.952785e-06
6	6-91825436	94263065	32	T	C	0.025	8.694494	1.680495	-725.2223	0.05130579	1e-05	5.056115e-07	3.295698e-07	1.383573e-06
6	6-97177047	99856252	32	T	A	0.013	12.94788	2.58041	-726.3648	0.1639134	0.07360918	1.058157e-06	1.078283e-06	3.776475e-06
6	6-138518905	142669157	26	A	G	0.041	5.150568	1.093746	-727.3631	0.01394136	1e-05	4.341869e-06	3.047366e-06	9.251782e-06
6	6-159439858	163408803	40	G	A	0.013	9.900441	2.169448	-728.3285	0.1467654	0.07390323	8.254071e-06	8.35111e-06	2.129659e-05
7	7-18639405	19296151	14	T	C	0.21	2.331644	0.5141281	-728.1454	0.007842025	1e-05	9.341297e-06	6.895995e-06	1.873854e-05
7	7-18659256	19316233	8	A	G	0.197	2.347249	0.5169209	-728.1088	0.009732121	1e-05	9.113424e-06	6.637042e-06	1.80751e-05
7	7-18661191	19318168	34	T	C	0.155	2.904836	0.5935775	-726.5907	0.005439852	1e-05	1.8806e-06	1.363578e-06	4.84238e-06
7	7-18663440	19320417	8	A	G	0.191	2.640396	0.526152	-725.9255	0.02315221	1e-05	1.055419e-06	6.832551e-07	2.662691e-06
7	7-18664327	19321304	6	C	T	0.324	2.064946	0.4525156	-728.0907	1e-05	1e-05	8.265509e-06	6.512367e-06	1.857634e-05
7	7-18665206	19322183	1	G	A	0.096	4.761587	1.011681	-727.3497	0.01751333	1e-05	4.390615e-06	3.004946e-06	9.150105e-06
7	7-18665710	19322687	20	T	C	0.168	2.662168	0.5797058	-727.9664	1e-05	1e-05	7.280697e-06	5.71942e-06	1.628436e-05
7	7-18665959	19322936	14	A	G	0.196	2.459884	0.5247852	-727.4374	0.0168383	1e-05	4.782875e-06	3.292688e-06	9.88382e-06
7	7-18666109	19323086	9	T	A	0.191	2.560065	0.534127	-726.9319	0.0285504	1e-05	2.977897e-06	1.944726e-06	6.246442e-06
7	7-18666490	19323467	7	A	G	0.192	2.49377	0.5320359	-727.4049	0.0265761	1e-05	4.786924e-06	3.183133e-06	9.435582e-06
7	7-18666544	19323521	11	T	C	0.195	2.499216	0.5246373	-727.0762	0.02386553	1e-05	3.398854e-06	2.260016e-06	7.122161e-06
7	7-18666549	19323526	10	T	C	0.197	2.468716	0.5245697	-727.3326	0.02284467	1e-05	4.399135e-06	2.952111e-06	8.916509e-06
7	7-18667002	19323978	5	G	C	0.17	2.876064	0.6343318	-728.2153	1e-05	1e-05	9.387465e-06	7.418424e-06	2.121671e-05
7	7-18667835	19324811	7	A	C	0.141	3.237315	0.632872	-725.5958	0.002372092	1e-05	6.682059e-07	4.853556e-07	2.090918e-06
7	7-18668889	19325865	12	A	G	0.174	2.721824	0.5555581	-726.5688	0.00502668	1e-05	1.833786e-06	1.332944e-06	4.761286e-06
7	7-18668992	19325968	12	A	C	0.189	2.503153	0.5260376	-727.1269	0.01622794	1e-05	3.479337e-06	2.382591e-06	7.558169e-06
7	7-18669100	19326076	13	T	C	0.19	2.491627	0.5251082	-727.1618	0.02247611	1e-05	3.697525e-06	2.4706e-06	7.699094e-06
7	7-18669228	19326204	13	A	G	0.197	2.434865	0.517235	-727.345	0.01823826	1e-05	4.373901e-06	2.990455e-06	9.082716e-06
7	7-18669251	19326227	15	G	C	0.199	2.513179	0.5140549	-726.5432	0.0168982	1e-05	1.922928e-06	1.297924e-06	4.551468e-06
7	7-18670018	19326994	11	C	G	0.184	2.432961	0.5358672	-728.0653	0.01804298	1e-05	9.137039e-06	6.342253e-06	1.713695e-05
7	7-18670588	19327563	10	A	G	0.197	2.37528	0.5250265	-728.1305	0.01882703	1e-05	9.798943e-06	6.789274e-06	1.812696e-05
7	7-18671168	19328143	12	T	C	0.199	2.400791	0.5217154	-727.815	0.01549294	1e-05	6.985082e-06	4.883015e-06	1.380035e-05
7	7-18671885	19328859	12	T	G	0.164	2.798956	0.6045877	-727.6947	0.01578848	1e-05	6.180857e-06	4.306488e-06	1.239285e-05
7	7-18672533	19329507	8	A	G	0.186	2.52028	0.5224723	-726.8844	0.008310308	1e-05	2.589993e-06	1.850838e-06	6.209648e-06
7	7-106364516	109605311	35	G	A	0.013	8.883539	1.932173	-727.8324	0.05928466	1e-05	7.10975e-06	4.972425e-06	1.288185e-05
7	7-109918731	113074608	10	A	T	0.011	13.66529	2.825893	-726.7959	0.06747328	1e-05	2.452518e-06	1.688097e-06	5.225239e-06
7	7-115965168	119379392	19	T	C	0.012	9.718771	1.903707	-725.5847	0.06611708	0.006672894	7.009755e-07	4.798088e-07	1.844193e-06
7	7-130558580	134544092	23	A	G	0.019	8.621138	1.837576	-727.4296	0.06144174	1e-05	4.694897e-06	3.266251e-06	9.043453e-06
7	7-135151189	139270338	44	C	T	0.016	8.944466	1.826354	-726.4767	0.04066097	1e-05	1.849179e-06	1.211184e-06	4.088576e-06
7	7-135934684	142072451	43	A	G	0.101	3.304509	0.7311238	-728.324	0.1093896	0.02670957	9.985262e-06	8.312122e-06	1.956252e-05
8	8-4926674	5182249	9	G	A	0.061	4.090012	0.8526601	-727.055	0.08139158	0.02454095	2.927412e-06	2.210675e-06	6.437036e-06
8	8-4931130	5186705	20	A	G	0.043	4.583346	1.010058	-728.2641	0.1043482	0.04174325	9.237816e-06	7.807153e-06	1.888565e-05
8	8-4937528	5193101	13	A	G	0.023	7.653034	1.569887	-726.7296	0.08564642	0.03293894	2.050813e-06	1.57562e-06	4.900751e-06
8	8-4946563	5201607	21	T	C	0.04	4.833242	1.016557	-727.2717	0.09180116	0.0285912	3.542248e-06	2.770322e-06	7.78347e-06
8	8-5255541	5510848	15	A	G	0.014	7.628397	1.671969	-727.9824	0.06097357	1e-05	8.292109e-06	5.815819e-06	1.471229e-05
8	8-10810164	11208703	11	A	C	0.02	6.533486	1.405656	-727.8646	0.1314243	0.03984598	5.696767e-06	5.142636e-06	1.314888e-05
8	8-40575503	41763238	22	A	G	0.084	4.925012	0.8920451	-723.5559	0.0605694	0.001509304	9.218046e-08	5.884949e-08	3.473986e-07
8	8-61304128	62582795	28	T	A	0.015	11.85195	2.369367	-725.9883	0.03484545	1e-05	1.138223e-06	7.292759e-07	2.740352e-06
8	8-84832388	86969357	12	T	G	0.016	9.203908	1.959005	-727.5128	0.09638747	0.02068102	4.557301e-06	3.56204e-06	9.566458e-06
8	8-86609820	88868907	41	C	G	0.016	9.824485	2.054464	-726.9948	0.04710626	1e-05	3.129322e-06	2.076319e-06	6.341739e-06
8	8-99436448	101920556	42	T	C	0.013	9.072875	1.928342	-727.3254	0.04508641	1e-05	4.421999e-06	2.930045e-06	8.509647e-06
8	8-113956443	117176753	22	C	G	0.014	7.524887	1.661549	-728.5891	0.1741077	0.09283846	9.600313e-06	1.09701e-05	2.819103e-05
8	8-114005646	117226662	21	A	G	0.055	5.044721	1.089044	-728.0825	0.1631649	0.07204341	6.107151e-06	6.456799e-06	1.67276e-05
8	8-115413865	118688777	12	A	G	0.023	6.750174	1.365217	-726.3491	0.07288131	0.01232593	1.488974e-06	1.060824e-06	3.509907e-06
8	8-119036675	122546399	5	G	A	0.412	-2.289762	0.4761454	-726.8482	0.0570843	1e-05	2.770099e-06	1.782517e-06	5.636649e-06
8	8-119038925	122548649	17	C	T	0.357	-2.187993	0.4828393	-728.0715	0.04633704	1e-05	9.489522e-06	6.383349e-06	1.635293e-05
8	8-119150269	122665301	21	G	T	0.29	-2.183564	0.4721437	-727.6651	0.04438165	1e-05	6.311414e-06	4.175372e-06	1.150567e-05
8	8-122137528	125710737	38	A	G	0.396	-1.998669	0.4414436	-728.2426	1e-05	1e-05	9.653072e-06	7.633302e-06	2.141719e-05
8	8-122843719	126694320	12	A	G	0.171	-2.65943	0.5321252	-726.0485	0.01793891	1e-05	1.161893e-06	7.763534e-07	2.961616e-06
8	8-122945386	126796781	8	C	T	0.011	12.39534	2.603414	-727.0946	0.04971265	1e-05	3.4376e-06	2.303632e-06	6.874413e-06
8	8-149990598	155024350	8	G	T	0.352	-1.922446	0.4145795	-727.7732	1e-05	1e-05	5.977844e-06	4.67431e-06	1.490906e-05
8	8-150015200	155048948	18	T	C	0.343	-1.976987	0.4195484	-727.4461	1e-05	1e-05	4.282753e-06	3.322773e-06	1.109629e-05
8	8-150016442	155050190	18	A	T	0.263	-2.536604	0.5268603	-726.9931	1e-05	1e-05	2.700444e-06	2.072585e-06	7.763841e-06
8	8-150018659	155052407	40	T	G	0.338	2.160437	0.4752832	-727.9929	0.03482428	1e-05	8.927111e-06	5.879688e-06	1.568973e-05
8	8-150029816	155063527	11	A	G	0.38	-1.92739	0.4041827	-727.1974	1e-05	1e-05	3.32453e-06	2.564055e-06	8.815588e-06
8	8-150029909	155063620	7	T	C	0.366	-1.900086	0.4128824	-727.9246	1e-05	1e-05	6.976559e-06	5.475027e-06	1.657381e-05
8	8-150029916	155063627	7	G	A	0.366	-1.980803	0.4009265	-726.4248	1e-05	1e-05	1.515629e-06	1.147562e-06	4.517974e-06
8	8-150030705	155064417	9	T	C	0.358	-1.997772	0.4064293	-726.5391	1e-05	1e-05	1.702261e-06	1.292394e-06	4.971856e-06
8	8-150030837	155064549	12	T	C	0.434	-1.822255	0.3980268	-727.9322	0.01233665	1e-05	7.742615e-06	5.518622e-06	1.538916e-05
8	8-151097327	156165486	17	A	G	0.014	8.534405	1.829498	-727.8764	0.1487133	0.0609771	5.286205e-06	5.20612e-06	1.370227e-05
8	8-152496767	157636105	25	T	G	0.017	8.207207	1.58888	-725.4948	0.1277703	0.03239966	5.262573e-07	4.370989e-07	1.70768e-06
8	8-159720902	165046040	15	T	A	0.081	3.479733	0.7526014	-727.7542	0.07006159	0.006155604	6.344282e-06	4.582571e-06	1.188378e-05
8	8-159722577	165047715	43	C	T	0.072	4.31679	0.8846457	-726.5732	0.05946569	1e-05	2.006304e-06	1.339071e-06	4.357715e-06
8	8-159722616	165047754	36	A	G	0.079	3.995241	0.8124354	-726.4065	0.06403599	1e-05	1.685176e-06	1.126011e-06	3.769682e-06
8	8-159722807	165047945	31	C	T	0.497	2.019876	0.4396768	-727.959	1e-05	1e-05	7.225823e-06	5.675307e-06	1.62374e-05
8	8-167799750	173498258	35	C	T	0.222	-2.61715	0.516486	-725.8416	1e-05	1e-05	8.387579e-07	6.262881e-07	2.722631e-06
8	8-167799751	173498259	35	A	C	0.179	-2.775669	0.5669017	-726.6262	1e-05	1e-05	1.859698e-06	1.414863e-06	5.559938e-06
8	8-167799793	173498301	36	A	G	0.177	-2.771555	0.5711773	-726.8239	1e-05	1e-05	2.27356e-06	1.737915e-06	6.631658e-06
8	8-169530404	175163266	36	C	G	0.013	8.800956	1.941392	-728.1164	0.06571331	1e-05	9.415398e-06	6.68991e-06	1.64978e-05
8	8-169587942	175269850	22	C	G	0.074	3.531189	0.7755729	-727.9745	0.03859524	1e-05	8.643169e-06	5.767888e-06	1.520285e-05
9	9-14329165	14009549	8	A	C	0.052	4.266285	0.9311079	-727.9387	0.08106833	0.004607305	7.617588e-06	5.556355e-06	1.398056e-05
9	9-14329425	14009809	7	A	G	0.132	3.055057	0.6464177	-727.2234	0.03935865	1e-05	4.023572e-06	2.634393e-06	7.871412e-06
9	9-14329750	14010134	15	C	G	0.069	3.922341	0.8078366	-726.7246	0.0764202	0.002835902	2.242521e-06	1.56731e-06	4.874323e-06
9	9-14330241	14010625	22	A	C	0.077	3.74803	0.7924904	-727.2678	0.07336718	1e-05	3.964571e-06	2.759262e-06	7.846667e-06
9	9-14331391	14011775	8	A	G	0.065	4.192915	0.8304497	-725.9527	0.1039452	0.02726771	9.140346e-07	7.028639e-07	2.507981e-06
9	9-14332217	14012601	17	A	G	0.096	3.180883	0.7008147	-728.0297	0.04253958	1e-05	9.192623e-06	6.110429e-06	1.590199e-05
9	9-19534371	19430357	19	A	G	0.033	5.781264	1.193667	-726.9325	0.109531	0.03691787	2.369696e-06	1.945934e-06	5.841017e-06
9	9-19822685	19712300	5	A	C	0.024	7.18643	1.530034	-727.777	0.1566381	0.07354428	4.58475e-06	4.693038e-06	1.296605e-05
9	9-23977305	23856540	14	A	G	0.014	8.732315	1.83154	-727.0597	0.02996779	1e-05	3.337509e-06	2.22155e-06	6.880058e-06
9	9-43391863	44053578	43	T	C	0.064	4.229124	0.9275021	-728.0573	0.07806376	0.01303158	8.395053e-06	6.289351e-06	1.54389e-05
9	9-75673093	77707300	8	T	C	0.121	-3.377583	0.6308821	-724.4794	1e-05	1e-05	2.113534e-07	1.527689e-07	8.893599e-07
9	9-77408952	79480106	3	T	G	0.053	-4.798988	1.019422	-727.4664	1e-05	1e-05	4.372058e-06	3.393703e-06	1.180013e-05
9	9-92875942	95290740	27	T	C	0.015	9.920644	2.042238	-726.6793	0.05605387	1e-05	2.218394e-06	1.495232e-06	4.757791e-06
9	9-94469666	96891189	27	A	G	0.029	5.656824	1.248521	-728.0796	0.04435433	1e-05	9.518084e-06	6.43742e-06	1.645947e-05
9	9-94561083	96984779	9	T	C	0.034	5.079781	1.086301	-727.467	0.05325568	1e-05	5.026907e-06	3.396098e-06	9.488539e-06
9	9-94673208	97090295	14	C	T	0.032	5.490776	1.142453	-726.9125	0.06421147	1e-05	2.805842e-06	1.9059e-06	5.809528e-06
9	9-94673760	97090847	11	T	C	0.036	4.719472	1.035165	-727.985	0.05813434	1e-05	8.414929e-06	5.831434e-06	1.482966e-05
9	9-94684980	97102057	5	T	C	0.029	5.687902	1.218559	-727.541	0.06504059	2.256504e-05	5.220078e-06	3.66858e-06	9.934663e-06
9	9-94685143	97102220	7	G	C	0.031	5.236522	1.146086	-727.9266	0.05149995	1e-05	8.059233e-06	5.486232e-06	1.422886e-05
9	9-94690104	97107179	32	T	C	0.028	5.910401	1.273343	-727.649	0.06361417	1e-05	5.859137e-06	4.106192e-06	1.094081e-05
9	9-94690107	97107182	30	T	C	0.027	5.936014	1.272713	-727.5508	0.06367281	1e-05	5.30559e-06	3.705989e-06	1.004484e-05
9	9-94739277	97162102	11	A	G	0.034	5.186409	1.08421	-726.9878	0.05038403	1e-05	3.107279e-06	2.061202e-06	6.289688e-06
9	9-94758039	97180860	21	A	G	0.033	5.276617	1.149409	-727.8319	0.0522918	1e-05	7.330344e-06	4.969735e-06	1.309924e-05
9	9-94799259	97217424	14	T	C	0.03	5.763264	1.215211	-727.1639	0.0440314	1e-05	3.737172e-06	2.476238e-06	7.38293e-06
9	9-94805055	97223220	13	T	A	0.034	5.51718	1.118826	-726.3351	0.02339545	1e-05	1.582544e-06	1.045471e-06	3.742901e-06
9	9-94814674	97232839	11	A	G	0.03	5.629943	1.219797	-727.7717	0.07200959	1e-05	6.575554e-06	4.66718e-06	1.216729e-05
9	9-95503377	97925193	21	T	C	0.014	8.286067	1.66061	-726.2687	0.1138979	0.03100681	1.205948e-06	9.757547e-07	3.285822e-06
9	9-95579957	98000610	30	T	C	0.012	8.904829	1.927629	-727.7057	0.04929176	1e-05	6.457912e-06	4.35607e-06	1.175913e-05
9	9-151978336	154863369	10	C	T	0.376	2.013191	0.4126971	-726.6014	0.05939282	0.002326953	2.020617e-06	1.378884e-06	4.403834e-06
10	10-5835840	5504142	30	T	C	0.015	9.628778	2.048769	-727.3559	0.04457869	1e-05	4.52633e-06	3.024505e-06	8.704332e-06
10	10-7866549	7799482	27	G	A	0.088	3.503234	0.7415648	-727.3975	0.1042725	0.009772675	4.060196e-06	3.158767e-06	8.665306e-06
10	10-7912664	7846490	8	A	G	0.076	4.208989	0.8432174	-726.0394	0.06481847	1e-05	1.195816e-06	7.690294e-07	2.793607e-06
10	10-7912710	7846536	14	T	C	0.065	4.129182	0.8992766	-728.0174	0.1138894	0.02203181	7.299975e-06	6.03241e-06	1.489374e-05
10	10-13096157	13248323	27	A	G	0.034	6.923857	1.384844	-726.075	0.06783267	0.00735489	1.151165e-06	7.979824e-07	2.789463e-06
10	10-26968311	27679287	45	T	C	0.024	6.982126	1.51588	-727.0526	0.3115902	1e+05	6.85555e-06	2.20514e-06	4.641214e-05
10	10-39579712	40695214	21	A	C	0.014	9.583242	2.041923	-727.4473	0.06846463	0.003840324	4.660253e-06	3.327119e-06	9.106971e-06
10	10-42522031	43694817	24	A	G	0.014	11.05575	2.394303	-727.8638	0.0884687	0.02961439	6.516543e-06	5.138166e-06	1.307455e-05
10	10-43342549	44574497	28	A	G	0.2	2.977402	0.5663403	-724.7873	0.03770737	1e-05	3.382488e-07	2.100769e-07	9.959112e-07
10	10-44341020	45594826	41	T	A	0.058	4.316992	0.9548568	-728.3494	0.1092832	0.04317829	9.928286e-06	8.536292e-06	2.038921e-05
10	10-44964660	46219714	37	G	A	0.028	7.088035	1.524801	-727.7708	0.1064521	0.02881387	5.68417e-06	4.662406e-06	1.202264e-05
10	10-49302942	50616610	41	A	C	0.011	13.94255	2.910757	-726.9532	0.0427038	1e-05	3.018334e-06	1.988257e-06	6.174291e-06
10	10-63602113	62873358	5	A	G	0.119	-3.211936	0.6703197	-727.0952	1e-05	1e-05	2.996022e-06	2.305055e-06	8.567762e-06
10	10-63663768	62931429	19	A	G	0.106	-3.47936	0.7481191	-727.7138	1e-05	1e-05	5.626336e-06	4.393208e-06	1.454803e-05
10	10-63741104	63008805	10	A	C	0.118	-3.221661	0.684164	-727.4605	1e-05	1e-05	4.345898e-06	3.372922e-06	1.173723e-05
10	10-63820558	63055754	10	T	C	0.124	-3.316664	0.6599325	-726.0338	1e-05	1e-05	1.019236e-06	7.645477e-07	3.464154e-06
10	10-63788953	63103844	5	A	G	0.1	-3.423648	0.7100225	-726.9604	1e-05	1e-05	2.612123e-06	2.003235e-06	7.856455e-06
10	10-63772560	63120237	36	T	C	0.11	-3.341778	0.7138718	-727.5816	1e-05	1e-05	4.91682e-06	3.827085e-06	1.389344e-05
10	10-63863334	63134212	7	G	A	0.094	-3.597563	0.7277611	-726.4121	1e-05	1e-05	1.49635e-06	1.132623e-06	4.760124e-06
10	10-63869512	63140390	32	A	G	0.098	-3.568365	0.7620483	-727.5755	1e-05	1e-05	4.886408e-06	3.80286e-06	1.409109e-05
10	10-63896605	63167480	41	A	G	0.105	-3.704598	0.7848794	-727.412	1e-05	1e-05	4.136357e-06	3.206575e-06	1.205411e-05
10	10-63944030	63214902	32	A	T	0.116	-3.464388	0.7201993	-727.012	1e-05	1e-05	2.753018e-06	2.113892e-06	8.648437e-06
10	10-64013670	63260071	11	A	G	0.107	-3.306883	0.6867677	-726.9905	1e-05	1e-05	2.69342e-06	2.067068e-06	8.297867e-06
10	10-64189748	63356778	16	A	C	0.1	-3.391412	0.7210342	-727.484	1e-05	1e-05	4.451191e-06	3.456581e-06	1.291123e-05
10	10-64195961	63362982	14	A	G	0.092	-3.424326	0.7540993	-728.1858	1e-05	1e-05	9.108646e-06	7.193009e-06	2.357834e-05
10	10-64217640	63384241	24	A	G	0.106	-3.577262	0.709381	-725.955	1e-05	1e-05	9.409559e-07	7.045019e-07	3.235845e-06
10	10-64243039	63419921	18	T	C	0.082	-3.970881	0.8735849	-728.1664	1e-05	1e-05	8.930112e-06	7.048756e-06	2.32878e-05
10	10-64259629	63436511	17	T	C	0.11	-3.460902	0.6990802	-726.3787	1e-05	1e-05	1.446452e-06	1.093982e-06	4.823401e-06
10	10-64259729	63436611	16	A	G	0.098	-3.61962	0.7163447	-725.9081	1e-05	1e-05	8.972823e-07	6.71052e-07	3.280534e-06
10	10-64285997	63462877	16	G	C	0.084	-4.204555	0.8333374	-725.9427	1e-05	1e-05	9.293191e-07	6.955855e-07	3.378845e-06
10	10-64311557	63488013	10	T	C	0.109	-3.020461	0.6675889	-728.2559	1e-05	1e-05	9.785494e-06	7.740484e-06	2.493286e-05
10	10-64329911	63506356	8	C	G	0.096	-3.387496	0.7154734	-727.3475	1e-05	1e-05	3.873429e-06	2.998126e-06	1.106877e-05
10	10-64350220	63525159	8	G	T	0.07	-4.429211	0.9397432	-727.4415	1e-05	1e-05	4.262966e-06	3.307062e-06	1.247164e-05
10	10-64357032	63531966	5	T	C	0.066	-4.714073	0.9706509	-726.8048	1e-05	1e-05	2.229798e-06	1.703685e-06	7.216699e-06
10	10-64357406	63532340	9	T	G	0.101	-3.358925	0.7027153	-727.1472	1e-05	1e-05	3.159084e-06	2.433536e-06	9.40515e-06
10	10-64369876	63544644	12	T	C	0.107	-3.250327	0.6870661	-727.3646	1e-05	1e-05	3.941514e-06	3.052073e-06	1.165439e-05
10	10-64431941	63606700	13	T	G	0.108	-3.163169	0.6924685	-728.0706	1e-05	1e-05	8.097659e-06	6.377055e-06	2.084983e-05
10	10-64440619	63617519	11	A	G	0.105	-3.481817	0.679515	-725.5765	1e-05	1e-05	6.411615e-07	4.757267e-07	2.428527e-06
10	10-64483555	63661252	8	A	G	0.099	-3.421401	0.7066139	-726.8705	1e-05	1e-05	2.38393e-06	1.824313e-06	7.418957e-06
10	10-71061260	70184311	12	C	T	0.011	8.838064	1.931963	-728.0765	0.09836377	0.03304999	7.864322e-06	6.416857e-06	1.580364e-05
10	10-75395495	74648292	3	T	A	0.013	12.80759	2.370552	-724.2582	0.1028444	0.02061963	1.660271e-07	1.215439e-07	6.090104e-07
10	10-90793323	91008693	46	T	C	0.03	9.005578	1.818564	-726.217	0.0445836	1e-05	1.437264e-06	9.247249e-07	3.280736e-06
10	10-102480940	103024218	22	T	C	0.017	10.74674	2.258585	-726.9527	0.1491141	1e+05	3.484504e-06	1.987304e-06	9.32219e-06
10	10-115991442	117040520	46	A	G	0.049	5.739362	1.171334	-726.6908	0.122702	0.02308734	1.82882e-06	1.513232e-06	4.697648e-06
10	10-125242853	126213619	28	A	G	0.015	7.650168	1.670434	-728.2152	0.1381878	0.06416502	7.691139e-06	7.417899e-06	1.875993e-05
10	10-129344079	130470878	28	T	G	0.236	2.32146	0.513057	-728.2545	1e-05	1e-05	9.771592e-06	7.72923e-06	2.12238e-05
10	10-129362139	130488939	45	A	G	0.234	2.851585	0.618055	-727.8738	1e-05	1e-05	6.624028e-06	5.192059e-06	1.518301e-05
10	10-144219572	145502110	4	T	C	0.377	2.965437	0.6241432	-727.2743	1e-05	1e-05	3.595365e-06	2.778038e-06	8.962924e-06
10	10-147556408	148933105	23	A	G	0.019	7.545894	1.545371	-726.7134	0.1053437	0.02138038	1.976889e-06	1.549292e-06	4.788798e-06
