chr	rs	ps	n_miss	allele1	allele0	af	beta	se	logl_H1	l_remle	l_mle	p_wald	p_lrt	p_score
1	1-3828689	3917237	21	C	G	0.045	0.1546221	0.03397679	64.77203	1e+05	1e+05	8.690578e-06	6.769093e-06	1.629385e-05
1	1-3828736	3917284	38	G	A	0.049	0.1573489	0.03407128	65.06119	1e+05	1e+05	6.468643e-06	5.004092e-06	1.262616e-05
1	1-3828739	3917287	38	C	T	0.049	0.1573489	0.03407128	65.06119	1e+05	1e+05	6.468643e-06	5.004092e-06	1.262616e-05
1	1-3828748	3917296	36	T	A	0.046	0.1619406	0.03547439	64.83258	1e+05	1e+05	8.169291e-06	6.353957e-06	1.544472e-05
1	1-3829036	3917584	26	A	G	0.029	0.1944023	0.04088969	65.65565	1e+05	1e+05	3.528777e-06	2.691738e-06	7.508403e-06
1	1-3829058	3917606	27	C	T	0.029	0.1919526	0.04092605	65.37395	1e+05	1e+05	4.701888e-06	3.610546e-06	9.598151e-06
1	1-3830632	3919180	7	A	G	0.038	0.1634377	0.03569835	64.8895	1e+05	1e+05	7.707907e-06	5.987035e-06	1.468774e-05
1	1-3830678	3919226	15	T	C	0.044	0.1706301	0.0343294	66.62836	1e+05	1e+05	1.312547e-06	9.784546e-07	3.248615e-06
1	1-3830693	3919241	13	G	A	0.041	0.1703779	0.03484124	66.26296	1e+05	1e+05	1.902412e-06	1.430474e-06	4.442164e-06
1	1-3830894	3919442	26	T	G	0.034	0.1755355	0.03798649	65.07315	1e+05	1e+05	6.390148e-06	4.941971e-06	1.249404e-05
1	1-3870428	3958596	42	C	A	0.042	0.1693428	0.03623054	65.30326	1e+05	1e+05	5.053257e-06	3.88685e-06	1.021032e-05
1	1-3870919	3959086	19	A	G	0.037	0.1702231	0.03597	65.55881	1e+05	1e+05	3.894566e-06	2.977569e-06	8.168468e-06
1	1-3871508	3959675	29	T	C	0.047	0.1722806	0.03342935	67.48026	1e+05	1e+05	5.533255e-07	4.042665e-07	1.579166e-06
1	1-3892591	3980758	11	T	C	0.365	-0.07237193	0.01547293	65.3176	1e+05	1e+05	4.979896e-06	3.829124e-06	1.008297e-05
1	1-4299162	4417611	16	G	T	0.014	0.3229569	0.0708813	64.79545	1e+05	1e+05	8.48516e-06	6.605434e-06	1.595999e-05
1	1-6771981	6767059	21	T	A	0.149	0.09504416	0.02069604	64.94992	1e+05	1e+05	7.246721e-06	5.620777e-06	1.392562e-05
1	1-13897066	14115054	24	A	T	0.012	0.3789344	0.08353729	64.70942	1e+05	1e+05	9.264771e-06	7.227025e-06	1.722219e-05
1	1-40190695	40558873	13	T	C	0.457	0.103243	0.02133536	66.03297	1e+05	1e+05	2.403552e-06	1.817143e-06	5.415143e-06
1	1-40191158	40559336	21	C	T	0.462	-0.09705545	0.02036051	65.71112	1e+05	1e+05	3.334961e-06	2.540563e-06	7.155077e-06
1	1-166008182	167706168	30	G	T	0.148	-0.09723777	0.02127586	64.85538	1e+05	1e+05	7.981214e-06	6.204327e-06	1.513679e-05
1	1-197427463	199835605	42	C	T	0.06	0.1609508	0.03504937	64.94878	1e+05	1e+05	7.255197e-06	5.627503e-06	1.393968e-05
1	1-197441636	199858283	38	T	C	0.056	0.1628245	0.03541057	64.97487	1e+05	1e+05	7.064448e-06	5.476168e-06	1.36228e-05
1	1-201558140	204029304	21	T	C	0.04	0.1553474	0.03428384	64.6886	1e+05	1e+05	9.464021e-06	7.386087e-06	1.754273e-05
1	1-202613387	205118632	7	C	T	0.033	0.1917865	0.03948543	66.11423	1e+05	1e+05	2.212927e-06	1.669817e-06	5.048676e-06
1	1-212622863	215645606	21	G	A	0.054	-0.1486994	0.03095795	65.87297	1e+05	1e+05	2.82842e-06	2.146455e-06	6.218293e-06
1	1-233620471	237167021	7	G	A	0.217	0.07903366	0.01720857	64.95124	1e+05	1e+05	7.236948e-06	5.613021e-06	1.390941e-05
1	1-233620733	237167283	11	A	G	0.239	0.07578198	0.01653527	64.90987	1e+05	1e+05	7.549239e-06	5.860968e-06	1.442618e-05
1	1-233636936	237237922	14	T	C	0.192	0.08066928	0.01782321	64.66681	1e+05	1e+05	9.67715e-06	7.556314e-06	1.788472e-05
1	1-233992407	237531201	13	A	G	0.264	-0.08585514	0.01787348	65.87397	1e+05	1e+05	2.825561e-06	2.144235e-06	6.212946e-06
1	1-237644244	241005789	40	A	G	0.466	0.08017882	0.01720478	65.24331	1e+05	1e+05	5.371825e-06	4.137747e-06	1.076071e-05
1	1-254164822	258374940	26	T	C	0.031	0.1907847	0.04145195	64.99364	1e+05	1e+05	6.930407e-06	5.36988e-06	1.339951e-05
1	1-254950222	259429565	6	A	G	0.064	0.1473322	0.03192125	65.04939	1e+05	1e+05	6.547006e-06	5.066126e-06	1.275787e-05
1	1-287879094	292998093	19	A	C	0.037	0.1792562	0.03925679	64.83791	1e+05	1e+05	8.124951e-06	6.318674e-06	1.53722e-05
1	1-295710317	301133137	23	C	T	0.119	0.105175	0.0225562	65.25433	1e+05	1e+05	5.311771e-06	4.090423e-06	1.065728e-05
1	1-295710318	301133138	23	T	C	0.121	0.1052508	0.02248337	65.33482	1e+05	1e+05	4.893209e-06	3.760938e-06	9.932172e-06
1	1-295710343	301133163	22	T	C	0.085	0.1261535	0.02686974	65.39482	1e+05	1e+05	4.6029e-06	3.532791e-06	9.424658e-06
1	1-295710450	301133270	31	T	C	0.074	0.1346632	0.02777727	66.07295	1e+05	1e+05	2.307783e-06	1.743092e-06	5.231549e-06
1	1-295710451	301133271	31	T	C	0.074	0.132615	0.0277772	65.74389	1e+05	1e+05	3.225539e-06	2.455303e-06	6.954415e-06
1	1-295710496	301133316	25	A	G	0.18	0.1037455	0.01820703	70.15366	1e+05	1e+05	3.721864e-08	2.552954e-08	1.761498e-07
1	1-295710507	301133327	20	C	T	0.188	0.09172702	0.0178841	67.36442	1e+05	1e+05	6.222107e-07	4.558402e-07	1.740752e-06
1	1-295710538	301133358	21	A	G	0.191	0.08529804	0.01806711	65.5096	1e+05	1e+05	4.094793e-06	3.134296e-06	8.526331e-06
1	1-296853985	302254481	17	G	T	0.037	-0.1885373	0.03973251	65.27582	8.063946	1e+05	3.677015e-06	3.99972e-06	1.045854e-05
2	2-1673657	1664172	27	A	G	0.012	0.3406922	0.07472125	64.80912	1e+05	1e+05	8.367448e-06	6.511693e-06	1.576824e-05
2	2-2801847	2793531	33	A	G	0.035	0.200465	0.04197924	65.74875	1e+05	1e+05	3.209612e-06	2.442899e-06	6.925134e-06
2	2-20814504	21477871	43	G	A	0.021	-0.2440311	0.05326618	64.90258	1e+05	1e+05	7.605622e-06	5.905759e-06	1.45192e-05
2	2-33752856	34661008	25	C	T	0.024	0.2576416	0.05546507	65.17752	1e+05	1e+05	5.744677e-06	4.431831e-06	1.139973e-05
2	2-40552271	41556508	41	A	G	0.029	0.2381864	0.05250865	64.70953	1e+05	1e+05	9.26372e-06	7.226186e-06	1.72205e-05
2	2-40780137	41786565	21	A	G	0.024	-0.1956774	0.04285203	64.83836	1e+05	1e+05	8.121229e-06	6.315713e-06	1.536611e-05
2	2-56416608	57849677	12	T	C	0.285	0.07478264	0.01630591	64.9235	1e+05	1e+05	7.444913e-06	5.77811e-06	1.425384e-05
2	2-100526786	102764784	43	G	T	0.382	-0.0728311	0.01598835	64.79099	1e+05	1e+05	8.523869e-06	6.636267e-06	1.602297e-05
2	2-128089035	131635105	8	T	C	0.156	0.09511607	0.02078353	64.88183	1e+05	1e+05	7.768483e-06	6.03518e-06	1.478743e-05
2	2-153528607	157552304	47	A	G	0.328	0.08256525	0.0178191	65.12731	1e+05	1e+05	6.046589e-06	4.670287e-06	1.191338e-05
2	2-186843796	191793166	24	A	G	0.117	-0.1114676	0.02431864	64.91233	1e+05	1e+05	7.53028e-06	5.845908e-06	1.439488e-05
2	2-187466884	192448766	3	C	T	0.361	-0.06832225	0.0151202	64.63512	1e+05	1e+05	9.995851e-06	7.811023e-06	1.839446e-05
2	2-191109713	196180062	24	T	G	0.022	0.2961983	0.06544056	64.6674	1e+05	1e+05	9.671367e-06	7.551695e-06	1.787545e-05
2	2-193860123	199035201	5	G	A	0.059	0.1305547	0.0280706	65.20279	1e+05	1e+05	5.598439e-06	4.316433e-06	1.114973e-05
2	2-204978921	210879204	15	T	G	0.014	-0.2829529	0.06186852	64.86875	1e+05	1e+05	7.87303e-06	6.118295e-06	1.495926e-05
2	2-205543772	211474575	38	T	C	0.023	-0.2665452	0.05895281	64.64667	1e+05	1e+05	9.878496e-06	7.71721e-06	1.820698e-05
2	2-220061426	226144679	26	T	C	0.039	-0.1847875	0.03920785	65.47378	1e+05	1e+05	4.247001e-06	3.253555e-06	8.796859e-06
2	2-227573775	233907752	2	T	G	0.327	0.1162369	0.02507033	65.1399	1e+05	1e+05	5.969437e-06	4.609324e-06	1.178243e-05
3	3-18036723	17383374	20	A	G	0.014	-0.3670833	0.07888967	65.21227	1e+05	1e+05	5.5446e-06	4.273965e-06	1.105749e-05
3	3-199681722	26979086	23	C	T	0.048	0.1525276	0.03181487	65.83268	1e+05	1e+05	2.946812e-06	2.238432e-06	6.439109e-06
3	3-199681721	26979087	23	C	A	0.048	0.1525276	0.03181487	65.83268	1e+05	1e+05	2.946812e-06	2.238432e-06	6.439109e-06
3	3-44758809	44301081	29	T	C	0.017	-0.263592	0.05678328	65.16432	1e+05	1e+05	5.822532e-06	4.493295e-06	1.15325e-05
3	3-49156312	48949823	19	C	T	0.023	-0.2744856	0.05448602	66.93868	1e+05	1e+05	9.57988e-07	7.089283e-07	2.494665e-06
3	3-58909031	58923365	13	A	C	0.011	0.2972473	0.06384116	65.22496	1e+05	1e+05	5.47327e-06	4.217715e-06	1.093511e-05
3	3-59014127	59039254	10	T	C	0.02	-0.2408971	0.05198974	65.12742	1e+05	1e+05	6.045923e-06	4.669761e-06	1.191225e-05
3	3-73347102	73710118	2	A	G	0.056	0.1798794	0.0391228	64.97327	1e+05	1e+05	7.07602e-06	5.485347e-06	1.364206e-05
3	3-74453846	74693610	16	A	G	0.025	-0.2320994	0.04729554	66.34135	1e+05	1e+05	1.756749e-06	1.318502e-06	4.153007e-06
3	3-75296295	75526400	9	T	C	0.069	0.1568999	0.03130167	66.8221	1e+05	1e+05	1.078256e-06	8.001293e-07	2.754357e-06
3	3-79442734	79728600	23	T	A	0.055	0.1615195	0.0344886	65.34355	1e+05	1e+05	4.849844e-06	3.726838e-06	9.85661e-06
3	3-80687709	80976455	47	C	T	0.237	-0.08900457	0.01958785	64.74242	1e+05	1e+05	8.9576e-06	6.981965e-06	1.672644e-05
3	3-81023880	81325385	7	A	C	0.075	0.1466052	0.03054565	65.85636	1e+05	1e+05	2.876649e-06	2.183913e-06	6.308393e-06
3	3-101087505	87098314	23	T	G	0.017	-0.3158565	0.06646069	65.64778	1e+05	1e+05	3.557172e-06	2.713903e-06	7.559951e-06
3	3-106337816	92234161	27	A	G	0.036	-0.1793495	0.03954881	64.70423	1e+05	1e+05	9.314065e-06	7.26637e-06	1.730157e-05
3	3-148406822	149673731	21	T	C	0.021	-0.2466631	0.05399054	64.84812	1e+05	1e+05	8.040621e-06	6.251581e-06	1.523414e-05
3	3-149831765	151105336	10	A	G	0.02	-0.2576226	0.05289538	66.17398	1e+05	1e+05	2.082484e-06	1.569171e-06	4.795422e-06
3	3-151952385	153327922	27	T	C	0.16	0.107361	0.02272783	65.52099	1e+05	1e+05	4.047539e-06	3.097292e-06	8.442083e-06
3	3-164291146	166928663	13	A	G	0.014	-0.2847845	0.0618608	64.9983	1e+05	1e+05	6.8975e-06	5.343793e-06	1.334461e-05
3	3-165057594	167652970	13	T	C	0.014	-0.2833716	0.06190688	64.88558	1e+05	1e+05	7.738828e-06	6.01161e-06	1.473864e-05
3	3-165058642	167654018	24	A	G	0.014	-0.2869624	0.06180675	65.1679	1e+05	1e+05	5.801289e-06	4.476523e-06	1.149629e-05
3	3-165059119	167654495	24	A	C	0.019	-0.2851465	0.05590254	67.23224	1e+05	1e+05	7.11385e-07	5.228001e-07	1.945925e-06
3	3-165059676	167655052	31	A	C	0.015	-0.2805056	0.06206279	64.63978	1e+05	1e+05	9.948364e-06	7.773059e-06	1.831863e-05
3	3-165059770	167655146	20	T	C	0.014	-0.283205	0.06200039	64.84453	1e+05	1e+05	8.07021e-06	6.27512e-06	1.52826e-05
3	3-165068435	167663812	13	A	G	0.016	-0.271026	0.05958274	64.76315	1e+05	1e+05	8.769792e-06	6.832227e-06	1.642234e-05
3	3-165078670	167674047	9	T	C	0.016	-0.2725586	0.05955282	64.88287	1e+05	1e+05	7.760244e-06	6.028632e-06	1.477388e-05
3	3-165097607	167692983	14	G	C	0.014	-0.2821504	0.06199202	64.77452	1e+05	1e+05	8.668554e-06	6.751542e-06	1.62581e-05
3	3-165098031	167693407	22	C	T	0.017	-0.2664817	0.05894	64.64626	1e+05	1e+05	9.882603e-06	7.720492e-06	1.821355e-05
3	3-165100497	167695873	14	T	C	0.014	-0.2840386	0.06201047	64.8989	1e+05	1e+05	7.634271e-06	5.928521e-06	1.456644e-05
3	3-165103006	167698382	30	A	C	0.017	-0.2979324	0.06311745	65.50568	1e+05	1e+05	4.111196e-06	3.147143e-06	8.555546e-06
3	3-165169242	167751686	12	A	G	0.014	-0.2834331	0.06199888	64.86074	1e+05	1e+05	7.937678e-06	6.169702e-06	1.506538e-05
3	3-165169820	167752264	12	T	C	0.014	-0.2868473	0.06178769	65.16603	1e+05	1e+05	5.812365e-06	4.485268e-06	1.151517e-05
3	3-166045197	168619855	15	G	A	0.266	0.07873125	0.01663443	65.56174	1e+05	1e+05	3.88294e-06	2.968475e-06	8.147617e-06
3	3-167090645	169688236	24	G	C	0.012	-0.3106092	0.06844486	64.71785	1e+05	1e+05	9.185294e-06	7.1636e-06	1.709411e-05
3	3-167396757	170015427	27	T	C	0.15	0.1065521	0.02139388	66.67476	1e+05	1e+05	1.25216e-06	9.324159e-07	3.122545e-06
3	3-169598663	172162712	15	C	T	0.016	0.2508765	0.05383202	65.24371	1e+05	1e+05	5.369608e-06	4.136e-06	1.07569e-05
3	3-169757668	172332902	14	T	C	0.025	0.2053751	0.0421955	66.15961	1e+05	1e+05	2.113144e-06	1.592814e-06	4.855138e-06
3	3-194395207	197314688	18	A	G	0.012	0.3106655	0.06634182	65.34149	1e+05	1e+05	4.860051e-06	3.734863e-06	9.874403e-06
3	3-212639683	216254366	16	G	A	0.03	0.249973	0.04876177	67.35242	1e+05	1e+05	6.298252e-07	4.615496e-07	1.758439e-06
4	4-13964501	14760207	28	A	T	0.029	0.2028795	0.04128576	66.37132	1e+05	1e+05	1.704058e-06	1.27805e-06	4.047594e-06
4	4-13964531	14760237	30	G	A	0.03	0.1933099	0.04135917	65.3028	1e+05	1e+05	5.055587e-06	3.888684e-06	1.021436e-05
4	4-13964584	14760290	23	A	C	0.031	0.1979217	0.04030271	66.357	1e+05	1e+05	1.729028e-06	1.297217e-06	4.097605e-06
4	4-13964617	14760323	29	G	A	0.037	0.2046795	0.04383297	65.28364	1e+05	1e+05	5.155335e-06	3.967206e-06	1.038715e-05
4	4-13964654	14760360	26	G	A	0.036	0.2074837	0.04327847	65.83236	1e+05	1e+05	2.947756e-06	2.239165e-06	6.440866e-06
4	4-19629303	20804324	14	A	G	0.023	0.2732988	0.05774034	65.56266	1e+05	1e+05	3.879302e-06	2.965628e-06	8.141089e-06
4	4-94222381	97769542	6	A	G	0.018	0.3126373	0.06645232	65.37781	38.92147	1e+05	4.408219e-06	3.596031e-06	9.565806e-06
4	4-143230107	146530413	22	T	C	0.014	0.2995414	0.06507832	64.99464	1e+05	1e+05	6.923328e-06	5.364268e-06	1.33877e-05
4	4-167730344	170624231	5	T	C	0.011	0.3693748	0.07952704	65.17548	1e+05	1e+05	5.756615e-06	4.441254e-06	1.14201e-05
4	4-167825674	170728017	35	T	C	0.013	0.3185198	0.07010518	64.74067	1e+05	1e+05	8.973544e-06	6.99468e-06	1.675222e-05
4	4-188386233	192074121	11	G	C	0.029	0.2074315	0.04244818	66.24749	1e+05	1e+05	1.932557e-06	1.453672e-06	4.501613e-06
4	4-188373549	192086793	14	C	T	0.018	0.229839	0.04743186	66.06264	1e+05	1e+05	2.332117e-06	1.761901e-06	5.278296e-06
4	4-204502742	208850692	5	A	T	0.011	0.3597323	0.07779165	65.08744	1e+05	1e+05	6.297624e-06	4.868769e-06	1.233805e-05
4	4-212368930	215831575	22	A	G	0.019	0.3336257	0.0725158	64.98581	1e+05	1e+05	6.986019e-06	5.413972e-06	1.349222e-05
4	4-216968498	220540726	8	A	G	0.013	0.2950385	0.06437749	64.90941	1e+05	1e+05	7.552778e-06	5.863779e-06	1.443202e-05
4	4-224034903	227850076	34	T	C	0.013	-0.4106813	0.09084892	64.64308	1e+05	1e+05	9.914801e-06	7.746229e-06	1.826501e-05
4	4-238973735	243763580	33	T	G	0.087	0.1217855	0.02645133	65.00046	1e+05	1e+05	6.882285e-06	5.331733e-06	1.331922e-05
4	4-238974405	243764250	19	G	A	0.091	0.1161202	0.02567824	64.65003	1e+05	1e+05	9.8446e-06	7.690118e-06	1.815279e-05
4	4-238975347	243765192	22	T	C	0.09	0.1242044	0.02611841	65.66061	1e+05	1e+05	3.510988e-06	2.677855e-06	7.476082e-06
5	5-1572774	1611910	9	T	A	0.078	-0.1241243	0.02712497	64.87971	1e+05	1e+05	7.785364e-06	6.048599e-06	1.48152e-05
5	5-2349235	2429847	19	A	C	0.07	-0.1425008	0.02761356	67.51312	1e+05	1e+05	5.352141e-07	3.907308e-07	1.536177e-06
5	5-20511214	20983685	4	T	C	0.017	0.2315355	0.05033536	64.98205	1e+05	1e+05	7.0129e-06	5.435287e-06	1.353699e-05
5	5-43992485	45293318	39	G	A	0.191	0.09588656	0.02104351	64.75153	50.85278	1e+05	8.4748e-06	6.91572e-06	1.659202e-05
5	5-44136503	45440370	19	T	A	0.234	0.08448502	0.0185524	64.1445	4.889365	1e+05	8.576151e-06	1.305587e-05	2.848377e-05
5	5-51223063	52788925	42	T	C	0.042	0.1784251	0.0391623	64.79432	1e+05	1e+05	8.494899e-06	6.613191e-06	1.597584e-05
5	5-53787277	55476894	29	C	T	0.012	0.3259182	0.07192386	64.68954	1e+05	1e+05	9.454936e-06	7.378833e-06	1.752813e-05
5	5-53787319	55476936	27	T	C	0.012	0.3264712	0.07194692	64.71604	1e+05	1e+05	9.202295e-06	7.177166e-06	1.712152e-05
5	5-53787370	55476987	31	G	A	0.012	0.4478305	0.08902592	66.90448	1e+05	1e+05	9.918071e-07	7.345482e-07	2.568151e-06
5	5-138752480	142056424	13	A	G	0.025	0.2483892	0.05202903	65.74304	1e+05	1e+05	3.228328e-06	2.457475e-06	6.95954e-06
5	5-170648374	173928506	26	A	G	0.048	0.1576001	0.03314302	65.65936	1e+05	1e+05	3.515464e-06	2.681349e-06	7.484218e-06
5	5-171018730	175025413	28	A	C	0.195	0.08301319	0.01798059	65.05513	1e+05	1e+05	6.508777e-06	5.035861e-06	1.269364e-05
5	5-174207745	178259541	41	C	T	0.021	0.2378722	0.05029261	65.54736	1e+05	1e+05	3.940253e-06	3.013314e-06	8.250327e-06
5	5-178288757	182321968	11	C	T	0.128	-0.09559989	0.0209767	64.80025	1e+05	1e+05	8.443581e-06	6.572318e-06	1.589229e-05
5	5-179714708	184026044	23	T	G	0.169	-0.08818537	0.01890272	65.26486	1e+05	1e+05	5.255017e-06	4.045711e-06	1.055939e-05
5	5-206208550	211775986	19	A	G	0.014	-0.2820983	0.06190582	64.79796	1e+05	1e+05	8.463401e-06	6.588103e-06	1.592457e-05
5	5-206250283	211817719	21	A	G	0.014	-0.2845783	0.06187454	64.97956	1e+05	1e+05	7.030717e-06	5.449417e-06	1.356666e-05
5	5-206969824	212577974	15	T	A	0.037	-0.1852829	0.03989989	65.17136	1e+05	1e+05	5.780835e-06	4.460375e-06	1.146142e-05
6	6-53533923	55950352	8	A	G	0.024	0.2380204	0.04713932	66.99233	1e+05	1e+05	9.072585e-07	6.705373e-07	2.383706e-06
6	6-72339091	75119055	15	T	C	0.032	-0.1965141	0.04146412	65.58971	1e+05	1e+05	3.773876e-06	2.883189e-06	7.951613e-06
6	6-85368319	87953525	24	G	A	0.055	-0.15026	0.03278185	64.86161	46.14215	1e+05	7.530048e-06	6.164094e-06	1.505381e-05
6	6-93685114	96237907	40	T	C	0.016	0.3427748	0.07452813	64.97951	1e+05	1e+05	7.031094e-06	5.449716e-06	1.356729e-05
6	6-96008959	98735471	14	C	A	0.055	-0.1495	0.03197858	65.30748	1e+05	1e+05	5.031557e-06	3.869773e-06	1.017268e-05
6	6-96289154	98965500	29	A	G	0.034	-0.2133403	0.04228683	66.7539	11.89921	1e+05	9.254498e-07	8.588469e-07	2.918933e-06
6	6-96513511	99196612	17	A	G	0.016	-0.2712203	0.05892659	64.99419	1e+05	1e+05	6.926458e-06	5.366749e-06	1.339292e-05
6	6-106627473	109831713	33	A	G	0.025	-0.2287205	0.04630354	66.48762	1e+05	1e+05	1.51418e-06	1.132524e-06	3.663786e-06
6	6-128248144	132066838	27	G	A	0.359	0.07185677	0.0157627	64.80549	1e+05	1e+05	8.398558e-06	6.536465e-06	1.581895e-05
6	6-128311807	132131047	20	T	C	0.319	0.0750835	0.01591079	65.50016	1e+05	1e+05	4.134347e-06	3.165277e-06	8.596755e-06
6	6-128311929	132131169	19	T	C	0.343	0.08197077	0.0159396	67.42849	1e+05	1e+05	5.831138e-07	4.265514e-07	1.649401e-06
6	6-128312409	132131649	20	T	C	0.322	0.07665948	0.01597669	65.85042	1e+05	1e+05	2.89408e-06	2.197454e-06	6.340906e-06
6	6-128312529	132131769	20	C	T	0.359	0.07443322	0.01561358	65.71273	1e+05	1e+05	3.329511e-06	2.536315e-06	7.145104e-06
6	6-128312664	132131904	21	C	T	0.38	0.07172275	0.01580827	64.71338	1e+05	1e+05	9.227402e-06	7.197203e-06	1.716199e-05
6	6-128313081	132132321	18	T	C	0.335	0.07468433	0.01606542	65.19334	1e+05	1e+05	5.65267e-06	4.359219e-06	1.124253e-05
6	6-128313093	132132333	20	T	C	0.333	0.0755183	0.01611162	65.36068	1e+05	1e+05	4.765915e-06	3.660861e-06	9.710123e-06
6	6-128313125	132132365	20	G	T	0.364	0.07830887	0.01596948	66.32425	1e+05	1e+05	1.787524e-06	1.342141e-06	4.214368e-06
6	6-128313253	132132493	18	C	T	0.356	0.07310317	0.01566589	65.26996	1e+05	1e+05	5.227792e-06	4.024266e-06	1.051239e-05
6	6-128313449	132132689	39	C	T	0.299	0.07555728	0.01666252	64.70286	1e+05	1e+05	9.327161e-06	7.276823e-06	1.732265e-05
6	6-128313748	132132988	25	T	C	0.32	0.08176423	0.01587332	67.46835	1e+05	1e+05	5.600411e-07	4.092881e-07	1.59505e-06
6	6-128313764	132133004	28	C	T	0.349	0.07078959	0.01565572	64.64799	1e+05	1e+05	9.865181e-06	7.706568e-06	1.81857e-05
6	6-128314337	132133577	14	T	C	0.304	0.07260229	0.01554685	65.28526	1e+05	1e+05	5.146861e-06	3.960534e-06	1.037248e-05
6	6-128314390	132133630	19	T	C	0.231	0.1082088	0.01983688	68.93425	1e+05	1e+05	1.272317e-07	8.982029e-08	4.729303e-07
6	6-128314396	132133636	16	T	C	0.224	0.1036283	0.02014684	67.43348	1e+05	1e+05	5.801694e-07	4.243475e-07	1.642484e-06
6	6-128314678	132133918	15	T	C	0.216	0.09424109	0.02039548	65.07181	1e+05	1e+05	6.398915e-06	4.948908e-06	1.250881e-05
6	6-134922563	138833761	34	T	C	0.09	-0.1346332	0.02806123	65.84876	1e+05	1e+05	2.898969e-06	2.201252e-06	6.350021e-06
6	6-157017142	160987729	15	A	G	0.202	0.09222925	0.02004997	64.98253	1e+05	1e+05	7.009433e-06	5.432538e-06	1.353122e-05
6	6-167498432	171444322	38	A	G	0.092	0.1269267	0.0270157	65.40906	1e+05	1e+05	4.53656e-06	3.480702e-06	9.30812e-06
7	7-5102906	5356460	30	G	A	0.31	0.07470497	0.01608318	65.17665	1e+05	1e+05	5.749769e-06	4.435851e-06	1.140842e-05
7	7-5103849	5357403	29	T	C	0.478	0.07114165	0.01441	66.47564	1e+05	1e+05	1.532711e-06	1.146709e-06	3.70153e-06
7	7-30892394	32008006	18	G	A	0.288	0.08299502	0.01834264	64.62427	62.81675	1e+05	9.735075e-06	7.900155e-06	1.85723e-05
7	7-30892448	32008060	19	A	G	0.294	0.08435575	0.01849606	64.81438	1e+05	1e+05	8.322583e-06	6.475972e-06	1.569507e-05
7	7-30892550	32008162	15	T	C	0.266	0.09276758	0.01953789	65.55736	33.6632	1e+05	3.629021e-06	2.982053e-06	8.178745e-06
7	7-37771248	39049271	22	C	T	0.017	-0.3531391	0.07626456	65.114	1e+05	1e+05	6.129263e-06	4.735633e-06	1.205347e-05
7	7-131539594	135537373	21	T	C	0.042	0.1841917	0.0400951	64.95631	1e+05	1e+05	7.199598e-06	5.583383e-06	1.384742e-05
7	7-131715268	135737023	30	G	C	0.037	0.1867596	0.04081157	64.88027	1e+05	1e+05	7.780943e-06	6.045085e-06	1.480793e-05
7	7-133408886	137488717	13	T	C	0.484	-0.07140467	0.01538243	65.16385	1e+05	1e+05	5.825314e-06	4.495492e-06	1.153724e-05
7	7-147609727	152787253	13	A	T	0.016	-0.3253605	0.06268669	67.65383	1e+05	1e+05	4.64147e-07	3.377245e-07	1.365207e-06
7	7-157205702	162527476	10	G	C	0.48	0.07955561	0.014786	68.56901	1e+05	1e+05	1.839722e-07	1.310013e-07	6.383468e-07
7	7-157206224	162527998	10	A	G	0.417	-0.07325109	0.01580188	65.13626	1e+05	1e+05	5.991618e-06	4.626849e-06	1.18201e-05
7	7-157506094	162874941	14	G	T	0.47	0.07566869	0.01578734	65.82722	1e+05	1e+05	2.963229e-06	2.251192e-06	6.469635e-06
7	7-157506112	162874959	13	C	G	0.466	0.07387272	0.01587039	65.21934	1e+05	1e+05	5.504748e-06	4.242537e-06	1.098914e-05
7	7-157506130	162874977	16	C	T	0.452	0.07399093	0.01592344	65.18425	1e+05	1e+05	5.705323e-06	4.400769e-06	1.133253e-05
7	7-174763091	180279499	8	T	C	0.013	-0.2840234	0.06186474	64.94414	1e+05	1e+05	7.289624e-06	5.654826e-06	1.399676e-05
8	8-10025135	10394991	26	A	G	0.022	0.2991252	0.06415751	65.25241	1e+05	1e+05	5.322198e-06	4.098638e-06	1.067525e-05
8	8-23084837	23813028	13	A	G	0.02	0.2788844	0.06168046	64.64712	1e+05	1e+05	9.873964e-06	7.713587e-06	1.819974e-05
8	8-34672868	35613909	35	A	G	0.134	-0.1042255	0.02283833	64.82669	1e+05	1e+05	8.218618e-06	6.393214e-06	1.552534e-05
8	8-34672880	35613921	30	T	G	0.121	-0.110437	0.02289217	65.96655	1e+05	1e+05	2.571542e-06	1.947202e-06	5.734825e-06
8	8-35174743	36122143	6	T	C	0.181	-0.09979958	0.02104038	65.60675	1e+05	1e+05	3.708945e-06	2.832441e-06	7.834574e-06
8	8-35160258	36137628	26	T	C	0.075	-0.1308492	0.02856854	64.76735	19.05419	1e+05	7.644593e-06	6.802318e-06	1.636149e-05
8	8-99006078	101473036	13	T	C	0.023	0.2647169	0.05698049	65.18026	1e+05	1e+05	5.728627e-06	4.419162e-06	1.137233e-05
8	8-101041786	103580173	21	T	C	0.026	0.2503162	0.05213468	65.86436	1e+05	1e+05	2.853319e-06	2.165791e-06	6.264833e-06
8	8-118205096	121530954	20	T	C	0.014	0.28821	0.06181631	65.25243	1e+05	1e+05	5.322085e-06	4.098549e-06	1.067505e-05
8	8-123514625	127445369	42	A	G	0.016	-0.3493328	0.0721234	66.0531	1e+05	1e+05	2.35484e-06	1.779469e-06	5.321886e-06
8	8-129661270	134013541	23	T	C	0.419	-0.1657918	0.03488583	65.64724	1e+05	1e+05	3.559122e-06	2.715425e-06	7.563489e-06
8	8-144255330	148967587	38	A	G	0.115	0.1122126	0.02410142	65.22413	1e+05	1e+05	5.477939e-06	4.221397e-06	1.094313e-05
8	8-144256072	148968329	11	T	C	0.182	0.0979642	0.02069307	65.5667	1e+05	1e+05	3.863392e-06	2.953184e-06	8.112539e-06
8	8-144257775	148970032	26	T	C	0.13	0.1035861	0.02198816	65.46488	1e+05	1e+05	4.285706e-06	3.283897e-06	8.86545e-06
8	8-144268408	148980665	13	C	T	0.143	0.09663013	0.0203449	65.63482	1e+05	1e+05	3.604411e-06	2.750785e-06	7.645587e-06
9	9-1854605	1565880	9	A	C	0.364	-0.07500554	0.01601705	65.34174	1e+05	1e+05	4.858832e-06	3.733905e-06	9.872277e-06
9	9-4536525	4128801	34	A	G	0.023	-0.2586212	0.05711329	64.67587	1e+05	1e+05	9.588019e-06	7.485115e-06	1.774181e-05
9	9-11569466	10976753	17	A	G	0.014	-0.2868917	0.06181515	65.16022	1e+05	1e+05	5.846959e-06	4.512584e-06	1.157411e-05
9	9-11748553	11185967	17	A	G	0.014	-0.2856807	0.06182069	65.07368	1e+05	1e+05	6.386741e-06	4.939275e-06	1.24883e-05
9	9-11749331	11186745	45	T	G	0.016	-0.2843289	0.06190462	64.95264	1e+05	1e+05	7.226633e-06	5.604835e-06	1.389229e-05
9	9-11750152	11187566	18	C	T	0.014	-0.2826971	0.06185779	64.85444	1e+05	1e+05	7.98889e-06	6.210432e-06	1.514937e-05
9	9-14728587	14414263	8	A	T	0.018	-0.3153547	0.06420567	66.36043	1e+05	1e+05	1.723018e-06	1.292602e-06	4.085575e-06
9	9-21894720	21688066	23	A	G	0.017	-0.2894263	0.05940243	66.18246	1e+05	1e+05	2.064623e-06	1.555401e-06	4.760577e-06
9	9-36070036	36534840	9	T	C	0.042	-0.1738701	0.0359734	66.00716	1e+05	1e+05	2.46749e-06	1.86662e-06	5.537161e-06
9	9-36076334	36541136	4	C	T	0.076	-0.1229266	0.02616093	65.41171	1e+05	1e+05	4.524342e-06	3.47111e-06	9.286634e-06
9	9-36130090	36594627	17	G	A	0.069	-0.127325	0.02740842	65.17906	1e+05	1e+05	5.735637e-06	4.424695e-06	1.13843e-05
9	9-36147032	36611562	10	G	C	0.067	-0.125778	0.02769113	64.73523	1e+05	1e+05	9.023647e-06	7.034641e-06	1.683321e-05
9	9-36163250	36627776	18	G	C	0.065	-0.1308505	0.02840873	65.00847	1e+05	1e+05	6.826254e-06	5.287324e-06	1.322564e-05
9	9-36316739	36777327	15	A	T	0.078	-0.1192747	0.02619079	64.78592	1e+05	1e+05	8.568158e-06	6.671548e-06	1.6095e-05
9	9-44577143	45361714	34	T	C	0.088	-0.1348078	0.02764987	66.19704	1e+05	1e+05	2.03424e-06	1.531983e-06	4.701209e-06
9	9-44578248	45362819	29	A	G	0.081	-0.1292844	0.02857693	64.65834	1e+05	1e+05	9.761378e-06	7.623612e-06	1.801962e-05
9	9-44578293	45362864	31	T	C	0.074	-0.1365342	0.02954779	65.07227	1e+05	1e+05	6.395875e-06	4.946502e-06	1.250369e-05
9	9-44665942	45456527	31	A	G	0.017	-0.3606205	0.07566512	65.7074	1e+05	1e+05	3.347639e-06	2.550445e-06	7.17827e-06
9	9-69234163	61754874	35	T	A	0.023	0.2057829	0.04517517	64.79082	1e+05	1e+05	8.525383e-06	6.637473e-06	1.602544e-05
9	9-64438930	66596957	22	A	T	0.014	-0.3116474	0.06652956	65.34823	1e+05	1e+05	4.826759e-06	3.708687e-06	9.816349e-06
9	9-62860520	68314601	45	A	G	0.064	-0.1464973	0.0291989	66.84384	1e+05	1e+05	1.054729e-06	7.822688e-07	2.703906e-06
9	9-78840640	80935818	25	A	T	0.019	0.2518173	0.05346542	65.46012	1e+05	1e+05	4.306535e-06	3.300228e-06	8.902329e-06
9	9-83676410	85934833	24	T	C	0.057	0.1670172	0.03407776	66.31248	1e+05	1e+05	1.80904e-06	1.358675e-06	4.257182e-06
9	9-85304901	87638187	14	A	C	0.016	0.279934	0.06004244	65.25202	1e+05	1e+05	5.32429e-06	4.100287e-06	1.067885e-05
9	9-111656708	115059417	26	A	G	0.027	-0.2138716	0.04517171	65.56881	1e+05	1e+05	3.855079e-06	2.946683e-06	8.097615e-06
9	9-112520102	115831735	8	G	A	0.158	-0.09323237	0.01908394	66.24154	1e+05	1e+05	1.94428e-06	1.462696e-06	4.524698e-06
9	9-123885727	125668207	9	G	A	0.031	-0.1854929	0.04084676	64.73103	1e+05	1e+05	9.062437e-06	7.065583e-06	1.689587e-05
9	9-138500629	140839188	12	A	T	0.106	0.1078508	0.02255409	65.77777	1e+05	1e+05	3.116189e-06	2.370167e-06	6.752985e-06
9	9-144776361	147332569	12	C	G	0.238	-0.07827983	0.01658093	65.50915	1e+05	1e+05	4.096679e-06	3.135773e-06	8.529691e-06
9	9-153299186	156166064	29	T	C	0.017	-0.2438872	0.05365008	64.75103	1e+05	1e+05	8.879107e-06	6.919375e-06	1.659944e-05
10	10-7587532	7496959	3	A	G	0.08	0.1411431	0.02761166	67.28347	1e+05	1e+05	6.75399e-07	4.957537e-07	1.86363e-06
10	10-19479802	19908380	18	T	C	0.123	0.1054019	0.0224667	65.37938	1e+05	1e+05	4.675919e-06	3.590144e-06	9.552682e-06
10	10-29333796	30099163	7	A	G	0.018	-0.2990308	0.0657015	64.77433	1e+05	1e+05	8.670238e-06	6.752884e-06	1.626083e-05
10	10-31127086	31938249	40	T	C	0.034	0.1896506	0.04028371	65.45119	1e+05	1e+05	4.34589e-06	3.331089e-06	8.971949e-06
10	10-64697998	63877755	42	A	G	0.262	-0.08455026	0.01840217	64.95936	1e+05	1e+05	7.177185e-06	5.5656e-06	1.381021e-05
10	10-65296320	64454730	33	A	G	0.17	-0.1017956	0.0221827	64.93523	1e+05	1e+05	7.356214e-06	5.707685e-06	1.410708e-05
10	10-70683751	69811006	17	A	G	0.016	0.3051753	0.06499401	65.39672	1e+05	1e+05	4.594e-06	3.525801e-06	9.409036e-06
10	10-77789713	77175435	24	C	T	0.251	-0.09046169	0.01859235	66.15197	1e+05	1e+05	2.129621e-06	1.605523e-06	4.887181e-06
10	10-86485150	86514904	40	A	G	0.026	-0.2334062	0.05150908	64.68923	1e+05	1e+05	9.457985e-06	7.381267e-06	1.753303e-05
10	10-86549950	86576672	15	T	C	0.025	-0.2323081	0.04987398	65.23303	1e+05	1e+05	5.428411e-06	4.182349e-06	1.085804e-05
10	10-86581010	86607728	8	T	C	0.016	-0.3129822	0.06832848	64.89915	1e+05	1e+05	7.632293e-06	5.926949e-06	1.456318e-05
10	10-98532575	98920562	25	C	T	0.257	-0.0823881	0.0181794	64.69173	1e+05	1e+05	9.433842e-06	7.361991e-06	1.749423e-05
10	10-98532584	98920571	24	T	G	0.256	-0.08327145	0.01816945	64.90985	1e+05	1e+05	7.549392e-06	5.861089e-06	1.442643e-05
10	10-104962837	105542588	9	C	G	0.016	-0.3214124	0.06486989	66.55671	1e+05	1e+05	1.411583e-06	1.054066e-06	3.453595e-06
10	10-120559608	121612510	15	T	C	0.032	-0.1951511	0.0415626	65.39636	1e+05	1e+05	4.595689e-06	3.527128e-06	9.412001e-06
10	10-120560312	121613214	11	A	G	0.029	-0.2109898	0.04226005	66.73063	1e+05	1e+05	1.183124e-06	8.798462e-07	2.977334e-06
10	10-120561432	121614334	20	T	A	0.033	-0.1903735	0.04112681	65.10747	1e+05	1e+05	6.170228e-06	4.76802e-06	1.21228e-05
10	10-120561482	121614384	17	A	G	0.03	-0.202733	0.04244187	65.75489	1e+05	1e+05	3.189611e-06	2.427323e-06	6.888334e-06
10	10-120572424	121625315	28	T	A	0.017	-0.2835605	0.05897753	65.8938	1e+05	1e+05	2.769119e-06	2.100418e-06	6.107226e-06
10	10-120607583	121660469	31	T	G	0.015	-0.2822621	0.06196247	64.79146	1e+05	1e+05	8.519759e-06	6.632993e-06	1.601629e-05
10	10-128499775	129600567	41	A	G	0.013	-0.4311697	0.0932778	65.07933	1e+05	1e+05	6.350022e-06	4.910222e-06	1.242643e-05
10	10-135704778	136886217	4	A	T	0.022	-0.2370056	0.05235731	64.66943	1e+05	1e+05	9.651353e-06	7.535706e-06	1.784337e-05
10	10-138244280	139509054	30	T	C	0.03	0.1903346	0.03998091	65.68362	1e+05	1e+05	3.429667e-06	2.614409e-06	7.328054e-06
10	10-138541607	139832927	39	T	C	0.015	-0.2971091	0.06552591	64.70139	1e+05	1e+05	9.341097e-06	7.287947e-06	1.734508e-05
10	10-147935866	149243896	13	T	C	0.077	0.120565	0.02607433	65.08568	1e+05	1e+05	6.308963e-06	4.877739e-06	1.235718e-05
