chr	rs	ps	n_miss	allele1	allele0	af	beta	se	logl_H1	l_remle	l_mle	p_wald	p_lrt	p_score
1	1-12436171	12632300	17	G	T	0.085	83.48546	18.20249	-1447.172	1e+05	1e+05	7.48348e-06	5.789132e-06	1.443392e-05
1	1-12436181	12632310	14	A	G	0.081	85.93239	18.26948	-1446.665	1e+05	1e+05	4.46024e-06	3.408706e-06	9.256323e-06
1	1-12436911	12633040	42	A	G	0.316	60.36169	12.3642	-1445.872	1e+05	1e+05	1.99061e-06	1.492701e-06	4.663895e-06
1	1-15276728	15509217	7	C	T	0.047	-119.476	26.23906	-1447.314	1e+05	1e+05	8.647492e-06	6.712326e-06	1.635189e-05
1	1-18851355	19186307	40	A	C	0.016	250.423	54.35962	-1447.085	1e+05	1e+05	6.846324e-06	5.285185e-06	1.336886e-05
1	1-19489452	19766358	31	T	A	0.03	170.6485	33.553	-1444.936	1e+05	1e+05	7.701889e-07	5.647518e-07	2.104505e-06
1	1-35891415	35818400	20	A	T	0.048	126.6436	27.66087	-1447.207	1e+05	1e+05	7.751602e-06	6.001503e-06	1.487874e-05
1	1-50422145	50866709	44	T	C	0.016	194.0594	41.73105	-1446.897	1e+05	1e+05	5.653139e-06	4.344498e-06	1.133996e-05
1	1-50423796	50868360	44	T	G	0.016	192.704	41.72604	-1447.035	1e+05	1e+05	6.50799e-06	5.018026e-06	1.279839e-05
1	1-50646395	51097054	4	T	C	0.015	190.1349	39.66491	-1446.268	1e+05	1e+05	2.978019e-06	2.254411e-06	6.56017e-06
1	1-50780574	51231232	9	A	C	0.014	192.5006	41.74707	-1447.066	1e+05	1e+05	6.71722e-06	5.183204e-06	1.31516e-05
1	1-50781337	51231995	12	A	G	0.014	192.6408	41.76555	-1447.061	1e+05	1e+05	6.67854e-06	5.152659e-06	1.308641e-05
1	1-50869704	51290748	16	G	A	0.014	192.372	41.80398	-1447.107	1e+05	1e+05	6.998875e-06	5.405747e-06	1.362493e-05
1	1-50859156	51359151	24	A	G	0.015	194.2161	41.9533	-1446.988	1e+05	1e+05	6.199545e-06	4.774751e-06	1.22751e-05
1	1-59967489	60752006	2	G	A	0.018	240.4328	49.85103	-1446.137	1e+05	1e+05	2.605225e-06	1.966001e-06	5.856237e-06
1	1-60009931	60783482	16	T	A	0.079	86.03203	19.0167	-1447.438	1e+05	1e+05	9.822514e-06	7.647213e-06	1.825665e-05
1	1-60010106	60783657	12	T	G	0.08	84.43116	18.55083	-1447.322	1e+05	1e+05	8.723995e-06	6.773109e-06	1.647681e-05
1	1-60010357	60783908	43	G	C	0.08	89.76386	19.01453	-1446.589	1e+05	1e+05	4.130427e-06	3.150954e-06	8.668206e-06
1	1-60010489	60784040	31	A	G	0.068	93.29309	20.25219	-1447.086	1e+05	1e+05	6.852848e-06	5.29034e-06	1.337983e-05
1	1-84748696	86455491	33	A	G	0.152	73.85393	15.86376	-1446.874	1e+05	1e+05	5.522773e-06	4.241985e-06	1.11152e-05
1	1-84750120	86456915	10	A	T	0.218	67.96907	13.23885	-1444.711	1e+05	1e+05	6.130621e-07	4.471204e-07	1.741274e-06
1	1-84750129	86456924	10	A	G	0.223	65.94876	13.17781	-1445.313	1e+05	1e+05	1.128954e-06	8.353266e-07	2.895438e-06
1	1-84750850	86457645	23	T	C	0.292	53.22976	11.5658	-1447.104	1e+05	1e+05	6.9811e-06	5.391696e-06	1.359513e-05
1	1-110645391	113122472	6	T	G	0.129	68.48391	15.00979	-1447.274	1e+05	1e+05	8.305933e-06	6.441111e-06	1.579254e-05
1	1-110645392	113122473	7	T	C	0.128	68.54495	15.12146	-1447.401	1e+05	1e+05	9.449408e-06	7.350058e-06	1.765494e-05
1	1-142196115	144428491	36	T	G	0.01	-294.7281	63.89386	-1447.059	1e+05	1e+05	6.668396e-06	5.144648e-06	1.30693e-05
1	1-142832316	145009013	41	A	G	0.019	196.6039	43.40049	-1447.413	1e+05	1e+05	9.57171e-06	7.447434e-06	1.785248e-05
1	1-151361818	153353271	33	T	C	0.015	207.7803	43.97032	-1446.569	1e+05	1e+05	4.045124e-06	3.084366e-06	8.515118e-06
1	1-155067591	156966357	29	T	C	0.017	255.1274	55.49224	-1447.125	1e+05	1e+05	7.129949e-06	5.509383e-06	1.38444e-05
1	1-171326228	173214513	26	T	A	0.034	-135.4981	29.74915	-1447.308	1e+05	1e+05	8.597829e-06	6.672876e-06	1.627073e-05
1	1-187152041	189318211	37	A	T	0.018	203.483	39.07878	-1444.366	1e+05	1e+05	4.325503e-07	3.128794e-07	1.305144e-06
1	1-187160245	189326417	10	A	G	0.034	133.853	29.52871	-1447.4	1e+05	1e+05	9.44851e-06	7.349344e-06	1.765349e-05
1	1-187161807	189327979	11	A	G	0.014	212.8176	40.60754	-1444.205	1e+05	1e+05	3.674746e-07	2.64785e-07	1.14119e-06
1	1-187215452	189349764	13	C	T	0.021	196.6949	39.78112	-1445.589	1e+05	1e+05	1.492894e-06	1.111913e-06	3.660052e-06
1	1-187216841	189351153	15	C	T	0.023	171.7642	33.73754	-1444.912	1e+05	1e+05	7.513079e-07	5.505842e-07	2.061508e-06
1	1-187217767	189352079	18	A	G	0.024	165.367	36.38712	-1447.351	1e+05	1e+05	8.981273e-06	6.977608e-06	1.689594e-05
1	1-187222642	189356954	20	C	T	0.029	157.0983	30.62362	-1444.73	1e+05	1e+05	6.251047e-07	4.561129e-07	1.769583e-06
1	1-187223811	189358123	23	A	G	0.029	158.002	30.58116	-1444.557	1e+05	1e+05	5.248421e-07	3.813769e-07	1.531106e-06
1	1-187228085	189362397	33	G	A	0.03	157.9625	30.59352	-1444.573	1e+05	1e+05	5.333817e-07	3.877301e-07	1.551679e-06
1	1-187233647	189367959	25	T	C	0.024	168.4394	31.27322	-1443.504	1e+05	1e+05	1.809905e-07	1.282458e-07	6.394822e-07
1	1-187237246	189371558	21	T	C	0.026	162.4552	31.88503	-1444.894	1e+05	1e+05	7.377852e-07	5.404426e-07	2.030612e-06
1	1-196374930	198747332	38	C	T	0.109	79.45427	17.44349	-1447.307	1e+05	1e+05	8.587948e-06	6.665027e-06	1.625457e-05
1	1-196407130	198777326	8	A	G	0.02	149.9376	32.79576	-1447.235	1e+05	1e+05	7.977593e-06	6.180638e-06	1.52522e-05
1	1-196432410	198807452	32	G	A	0.018	169.9114	36.76254	-1447.02	1e+05	1e+05	6.407194e-06	4.938497e-06	1.262773e-05
1	1-196432493	198807535	33	T	G	0.018	170.5325	36.73803	-1446.934	1e+05	1e+05	5.866581e-06	4.512456e-06	1.170654e-05
1	1-196433010	198808052	41	A	C	0.019	171.3932	36.77748	-1446.854	1e+05	1e+05	5.407521e-06	4.151404e-06	1.091594e-05
1	1-196433995	198809035	39	A	G	0.018	169.5085	36.79784	-1447.086	1e+05	1e+05	6.855431e-06	5.292381e-06	1.338417e-05
1	1-196438922	198813502	41	A	G	0.019	191.3883	41.72229	-1447.169	1e+05	1e+05	7.460311e-06	5.770788e-06	1.439539e-05
1	1-196438950	198813530	43	A	G	0.016	209.8324	44.19853	-1446.472	1e+05	1e+05	3.664678e-06	2.787797e-06	7.827049e-06
1	1-196438954	198813534	43	T	C	0.016	209.8324	44.19853	-1446.472	1e+05	1e+05	3.664678e-06	2.787797e-06	7.827049e-06
1	1-196450963	198825542	38	C	T	0.018	169.2644	36.80738	-1447.12	1e+05	1e+05	7.094945e-06	5.481702e-06	1.378584e-05
1	1-211044352	214042262	16	A	T	0.016	191.9961	41.42725	-1446.965	1e+05	1e+05	6.05913e-06	4.664097e-06	1.203581e-05
1	1-214821729	217929642	15	A	G	0.016	199.2282	43.2764	-1447.099	1e+05	1e+05	6.942056e-06	5.360835e-06	1.352964e-05
1	1-226710612	230247651	31	C	A	0.033	-146.9109	32.25216	-1447.306	1e+05	1e+05	8.583428e-06	6.661437e-06	1.624718e-05
1	1-242909409	246461666	42	A	G	0.011	305.6142	66.54506	-1447.146	1e+05	1e+05	7.286124e-06	5.632925e-06	1.410526e-05
1	1-243613182	247217990	20	A	C	0.057	-103.9543	22.31754	-1446.864	1e+05	1e+05	5.463151e-06	4.19512e-06	1.101218e-05
1	1-243652339	247257146	11	T	C	0.053	-101.7295	22.00276	-1447.013	1e+05	1e+05	6.361436e-06	4.902403e-06	1.255015e-05
1	1-243787206	247392399	13	G	A	0.267	-55.00191	11.89951	-1447.019	1e+05	1e+05	6.397647e-06	4.930966e-06	1.261155e-05
1	1-244486715	248133153	8	T	C	0.117	-70.83956	15.39997	-1447.114	1e+05	1e+05	7.053888e-06	5.449239e-06	1.371711e-05
1	1-244497948	248144386	1	A	G	0.192	-93.31174	17.6287	-1443.954	1e+05	1e+05	2.85156e-07	2.042411e-07	9.267529e-07
1	1-244497959	248144397	1	T	G	0.188	-94.19996	17.47478	-1443.482	1e+05	1e+05	1.769657e-07	1.253271e-07	6.278942e-07
1	1-244500023	248146461	14	C	A	0.444	-46.6448	10.18789	-1447.207	1e+05	1e+05	7.751044e-06	6.001061e-06	1.487781e-05
1	1-244517528	248172928	11	T	C	0.402	-49.27485	10.67796	-1447.051	1e+05	1e+05	6.614286e-06	5.101926e-06	1.297801e-05
1	1-244555048	248188786	5	A	G	0.482	50.20519	10.84166	-1446.982	1e+05	1e+05	6.160675e-06	4.744114e-06	1.220893e-05
1	1-244689716	248246636	0	G	A	0.257	-70.70653	14.69041	-1446.209	83.66683	1e+05	2.72524e-06	2.11955e-06	6.232869e-06
1	1-251084687	255155278	26	A	G	0.069	109.2088	24.14416	-1447.442	1e+05	1e+05	9.857924e-06	7.675428e-06	1.831361e-05
1	1-255849753	260298830	39	A	G	0.113	-79.20908	17.48113	-1447.408	1e+05	1e+05	9.525082e-06	7.410306e-06	1.77772e-05
1	1-258116112	262664142	19	T	C	0.384	71.93544	15.22558	-1446.572	1e+05	1e+05	4.060053e-06	3.096017e-06	8.54194e-06
1	1-283498171	288453943	19	G	A	0.168	62.75834	13.52381	-1446.939	1e+05	1e+05	5.899605e-06	4.538456e-06	1.176311e-05
1	1-283498177	288453949	18	T	C	0.108	79.00915	16.62016	-1446.444	1e+05	1e+05	3.562129e-06	2.707978e-06	7.640004e-06
1	1-283498182	288453954	17	T	C	0.169	63.34883	13.52903	-1446.757	1e+05	1e+05	4.901071e-06	3.753914e-06	1.003374e-05
1	1-295968998	301381800	10	T	G	0.08	-86.27839	18.69818	-1447.053	1e+05	1e+05	6.624854e-06	5.11027e-06	1.299584e-05
2	2-5078481	5022593	11	A	G	0.05	108.2198	23.45386	-1447.053	1e+05	1e+05	6.628056e-06	5.112798e-06	1.300125e-05
2	2-19769734	20399408	20	C	T	0.214	57.12623	12.46017	-1447.18	1e+05	1e+05	7.541982e-06	5.835455e-06	1.453114e-05
2	2-19943093	20590415	12	C	G	0.461	-50.44372	10.06531	-1445.28	1e+05	1e+05	1.092063e-06	8.073974e-07	2.816069e-06
2	2-68944447	70112639	23	A	G	0.234	-54.57527	11.9718	-1447.291	1e+05	1e+05	8.450673e-06	6.556011e-06	1.60299e-05
2	2-106347416	108695138	27	T	A	0.116	-83.68641	17.90841	-1446.845	51.22726	1e+05	5.110329e-06	4.114334e-06	1.083421e-05
2	2-106420422	108768427	3	C	T	0.139	-73.27283	15.81182	-1446.967	1e+05	1e+05	6.072051e-06	4.674277e-06	1.205786e-05
2	2-106422645	108770650	8	C	T	0.155	-69.68179	14.82728	-1446.682	1e+05	1e+05	4.541226e-06	3.472068e-06	9.39986e-06
2	2-106439054	108787058	46	T	C	0.168	-70.47064	15.43687	-1447.264	1e+05	1e+05	8.2169e-06	6.370457e-06	1.564628e-05
2	2-106463448	108831035	35	T	C	0.203	-65.2474	13.72202	-1446.439	1e+05	1e+05	3.544126e-06	2.69397e-06	7.607095e-06
2	2-106477104	108844687	31	T	C	0.166	-72.58668	15.15314	-1446.283	1e+05	1e+05	3.023082e-06	2.289333e-06	6.644425e-06
2	2-106816046	109216770	19	A	G	0.173	-65.04853	13.86846	-1446.723	1e+05	1e+05	4.730675e-06	3.62039e-06	9.734356e-06
2	2-113882365	116502335	36	A	G	0.01	283.412	62.21713	-1447.306	1e+05	1e+05	8.578371e-06	6.657421e-06	1.623891e-05
2	2-116450075	119140025	43	T	C	0.024	182.0829	39.46609	-1447.055	1e+05	1e+05	6.642766e-06	5.124412e-06	1.302607e-05
2	2-173670347	177860004	13	T	C	0.023	206.0309	43.28267	-1446.416	1e+05	1e+05	3.462426e-06	2.630426e-06	7.457468e-06
2	2-204166784	210085910	20	T	C	0.31	-54.12482	11.71527	-1447.028	1e+05	1e+05	6.459236e-06	4.979555e-06	1.271589e-05
2	2-208358801	214532734	38	C	T	0.104	89.06344	17.64189	-1445.111	1e+05	1e+05	9.191959e-07	6.768333e-07	2.438555e-06
2	2-208358814	214532747	35	A	G	0.105	87.73811	17.58629	-1445.385	1e+05	1e+05	1.213744e-06	8.995989e-07	3.076436e-06
2	2-208358830	214532763	35	A	G	0.103	88.90723	17.66748	-1445.185	1e+05	1e+05	9.916107e-07	7.314625e-07	2.597883e-06
2	2-208358847	214532780	41	T	A	0.069	94.3356	20.61853	-1447.22	1e+05	1e+05	7.859263e-06	6.086827e-06	1.505682e-05
2	2-223102720	229463513	11	T	G	0.112	-75.93414	16.67662	-1447.314	1e+05	1e+05	8.648842e-06	6.713399e-06	1.63541e-05
2	2-227049697	233406842	16	G	A	0.15	-66.5101	14.66029	-1447.61	12.52185	1e+05	9.295042e-06	9.150993e-06	2.125496e-05
2	2-227049783	233406928	5	C	T	0.156	-73.42747	14.08829	-1444.545	13.79801	1e+05	4.223694e-07	3.765615e-07	1.515472e-06
2	2-227059783	233416927	27	T	C	0.163	-74.16216	14.4588	-1444.811	32.02169	1e+05	6.273874e-07	4.962014e-07	1.89463e-06
2	2-227059804	233416948	24	T	A	0.16	-71.44175	14.48176	-1445.752	22.80347	1e+05	1.572293e-06	1.318374e-06	4.210208e-06
2	2-227060600	233417744	27	A	C	0.167	-72.39059	14.36159	-1445.289	18.7584	1e+05	9.536619e-07	8.143721e-07	2.835932e-06
2	2-227060627	233417771	27	A	G	0.17	-70.51364	14.39515	-1445.899	25.37539	1e+05	1.845758e-06	1.534891e-06	4.772384e-06
2	2-227062622	233419766	2	A	G	0.162	-63.71568	13.62913	-1447.187	7.731763	1e+05	5.066498e-06	5.877523e-06	1.461933e-05
3	3-28232520	27852191	13	T	A	0.021	162.0801	34.86315	-1446.902	1e+05	1e+05	5.683288e-06	4.368213e-06	1.139184e-05
3	3-95940711	103198443	12	A	T	0.023	230.4247	48.84495	-1446.604	1e+05	1e+05	4.192413e-06	3.199361e-06	8.77919e-06
3	3-129658768	130163212	44	A	G	0.016	210.4426	45.49163	-1447.002	1e+05	1e+05	6.292467e-06	4.848011e-06	1.243308e-05
3	3-129658839	130163283	43	A	G	0.016	212.1949	45.46503	-1446.824	1e+05	1e+05	5.243805e-06	4.022811e-06	1.063196e-05
3	3-155360023	156803204	31	G	T	0.088	-94.18823	18.38683	-1444.765	1e+05	1e+05	6.474206e-07	4.727875e-07	1.821819e-06
3	3-155360114	156803295	7	T	G	0.074	-94.19645	18.98148	-1445.518	182.8642	1e+05	1.372657e-06	1.033782e-06	3.447622e-06
3	3-161966639	163585338	42	C	T	0.04	131.2919	28.70664	-1447.228	1e+05	1e+05	7.9182e-06	6.133547e-06	1.515418e-05
3	3-182118700	184986140	36	A	T	0.013	225.4897	47.9803	-1446.682	1e+05	1e+05	4.539926e-06	3.471051e-06	9.397559e-06
3	3-182118981	184986421	32	G	T	0.018	189.9281	39.54094	-1446.224	1e+05	1e+05	2.848789e-06	2.154331e-06	6.317582e-06
3	3-182119393	184986833	12	A	G	0.014	188.4835	41.45194	-1447.341	1e+05	1e+05	8.888871e-06	6.904146e-06	1.674558e-05
3	3-182119417	184986857	11	T	C	0.014	188.1904	41.48769	-1447.387	1e+05	1e+05	9.323278e-06	7.249666e-06	1.745089e-05
3	3-182128944	184996480	18	T	C	0.012	219.2803	47.64656	-1447.105	1e+05	1e+05	6.984663e-06	5.394512e-06	1.360111e-05
3	3-182128957	184996493	21	T	C	0.012	220.002	47.62589	-1447.031	1e+05	1e+05	6.477596e-06	4.994042e-06	1.274696e-05
3	3-182128972	184996510	22	G	T	0.012	219.8233	47.62656	-1447.047	1e+05	1e+05	6.587297e-06	5.080621e-06	1.293243e-05
3	3-182129018	184996556	24	G	A	0.012	219.0384	47.6621	-1447.133	1e+05	1e+05	7.189006e-06	5.556093e-06	1.394313e-05
3	3-182464596	185326733	8	T	G	0.018	186.9626	39.93465	-1446.76	1e+05	1e+05	4.916824e-06	3.766264e-06	1.006135e-05
3	3-190165618	193033802	18	T	C	0.012	221.7402	45.7767	-1446.043	1e+05	1e+05	2.368534e-06	1.783381e-06	5.402231e-06
3	3-228724598	232561071	2	T	C	0.02	198.6295	39.65396	-1445.292	1e+05	1e+05	1.105269e-06	8.173929e-07	2.844526e-06
4	4-56005953	58374787	10	G	A	0.259	-56.02025	12.34295	-1447.376	1e+05	1e+05	9.219152e-06	7.166811e-06	1.72822e-05
4	4-74880614	77627050	20	C	T	0.186	-70.50999	15.49956	-1447.332	1e+05	1e+05	8.807133e-06	6.839176e-06	1.661241e-05
4	4-122914416	125867594	31	T	C	0.05	128.7248	27.70008	-1446.911	1e+05	1e+05	5.732357e-06	4.406818e-06	1.147621e-05
4	4-128015839	131024565	25	T	C	0.02	191.8342	42.10072	-1447.3	1e+05	1e+05	8.528254e-06	6.617617e-06	1.615693e-05
4	4-133582699	136583067	13	T	C	0.067	98.31446	21.17797	-1446.932	1e+05	1e+05	5.855032e-06	4.503365e-06	1.168675e-05
4	4-133778252	136855734	10	A	T	0.014	214.2671	47.13995	-1447.348	1e+05	1e+05	8.954734e-06	6.956507e-06	1.685277e-05
4	4-142310673	145603391	15	G	A	0.067	93.8703	19.80298	-1446.504	1e+05	1e+05	3.786533e-06	2.882711e-06	8.048411e-06
4	4-142537161	145828829	20	C	T	0.021	163.4396	35.48625	-1447.09	1e+05	1e+05	6.878499e-06	5.310608e-06	1.342293e-05
4	4-144054136	147337694	3	G	A	0.187	70.48085	14.86444	-1446.498	1e+05	1e+05	3.763445e-06	2.864723e-06	8.006543e-06
4	4-144054141	147337699	2	G	A	0.186	70.73873	14.76613	-1446.281	1e+05	1e+05	3.017625e-06	2.285103e-06	6.634231e-06
4	4-144054158	147337716	2	C	T	0.186	67.86521	14.66411	-1446.994	1e+05	1e+05	6.236851e-06	4.804161e-06	1.233856e-05
4	4-144054184	147337742	1	C	T	0.188	68.71972	14.68183	-1446.765	1e+05	1e+05	4.94131e-06	3.785463e-06	1.010425e-05
4	4-144054192	147337750	1	C	T	0.183	69.17454	14.6513	-1446.587	1e+05	1e+05	4.119578e-06	3.142483e-06	8.648759e-06
4	4-144054210	147337768	5	C	T	0.189	71.30983	15.04133	-1446.501	1e+05	1e+05	3.774379e-06	2.873241e-06	8.026375e-06
4	4-144091690	147376734	18	T	C	0.125	79.86565	17.60104	-1447.381	1e+05	1e+05	9.262831e-06	7.201564e-06	1.735299e-05
4	4-146239343	149577786	27	A	G	0.02	191.5422	42.03344	-1447.299	1e+05	1e+05	8.515388e-06	6.607399e-06	1.613587e-05
4	4-158367218	161762045	9	T	C	0.111	85.39371	17.87158	-1446.336	1e+05	1e+05	3.191799e-06	2.42019e-06	6.958402e-06
4	4-174395340	177429801	41	A	G	0.026	184.556	40.15784	-1447.132	1e+05	1e+05	7.185436e-06	5.553269e-06	1.393716e-05
4	4-220975790	224734615	8	C	T	0.018	230.2716	50.84664	-1447.418	1e+05	1e+05	9.623564e-06	7.488729e-06	1.793615e-05
4	4-220992509	224751333	35	T	C	0.036	128.3447	27.47157	-1446.803	1e+05	1e+05	5.135618e-06	3.937886e-06	1.044368e-05
4	4-227474956	231899094	20	A	G	0.014	188.4339	41.63611	-1447.431	1e+05	1e+05	9.750156e-06	7.589563e-06	1.814017e-05
4	4-235153208	239811276	21	T	A	0.404	-50.8343	11.07695	-1447.161	1e+05	1e+05	7.395187e-06	5.719236e-06	1.428702e-05
4	4-235153261	239811329	22	C	A	0.399	-50.27978	10.97327	-1447.191	1e+05	1e+05	7.631015e-06	5.905968e-06	1.467892e-05
4	4-235157030	239815097	21	A	C	0.411	-50.68819	10.88976	-1446.878	1e+05	1e+05	5.54351e-06	4.258287e-06	1.115099e-05
4	4-235159098	239818110	7	A	G	0.415	-48.06302	10.62417	-1447.439	1e+05	1e+05	9.826436e-06	7.650338e-06	1.826296e-05
4	4-235159212	239818224	12	A	G	0.408	-51.91304	10.55065	-1445.698	1e+05	1e+05	1.66845e-06	1.245929e-06	4.018877e-06
4	4-235159215	239818227	11	C	T	0.409	-49.70586	10.60351	-1446.734	1e+05	1e+05	4.788129e-06	3.665399e-06	9.835455e-06
4	4-235159216	239818228	11	T	C	0.406	-50.03308	10.6518	-1446.693	1e+05	1e+05	4.590469e-06	3.510607e-06	9.486974e-06
4	4-235159566	239818578	9	A	G	0.412	-48.79425	10.70348	-1447.291	1e+05	1e+05	8.447882e-06	6.553795e-06	1.602533e-05
4	4-235160169	239819181	4	T	C	0.398	-48.24359	10.54928	-1447.229	1e+05	1e+05	7.932313e-06	6.144736e-06	1.517748e-05
4	4-235160183	239819195	5	C	G	0.409	-49.75184	10.58189	-1446.674	1e+05	1e+05	4.500221e-06	3.439984e-06	9.327226e-06
4	4-235160219	239819231	10	T	C	0.414	-50.46264	10.6791	-1446.569	1e+05	1e+05	4.047026e-06	3.08585e-06	8.518535e-06
4	4-235160652	239819664	7	A	G	0.475	-48.71181	10.24961	-1446.45	1e+05	1e+05	3.582425e-06	2.723771e-06	7.67708e-06
5	5-2863082	2930242	37	C	T	0.251	-58.01382	12.2767	-1446.569	1e+05	1e+05	4.044135e-06	3.083594e-06	8.513342e-06
5	5-4498274	4603750	21	T	C	0.019	166.6224	36.33618	-1447.176	1e+05	1e+05	7.513306e-06	5.812747e-06	1.44835e-05
5	5-39948325	41141934	27	A	G	0.067	104.3385	21.96599	-1446.461	1e+05	1e+05	3.623718e-06	2.755909e-06	7.752424e-06
5	5-40401097	41586177	9	T	C	0.081	99.39982	21.56103	-1447.07	1e+05	1e+05	6.745486e-06	5.205528e-06	1.319921e-05
5	5-40402935	41588015	32	A	G	0.088	90.6045	18.44615	-1445.737	1e+05	1e+05	1.735314e-06	1.29706e-06	4.154099e-06
5	5-40402944	41588024	33	T	C	0.089	86.44947	18.75182	-1447.07	1e+05	1e+05	6.744631e-06	5.204852e-06	1.319777e-05
5	5-40403014	41588094	38	G	A	0.065	103.1887	20.7694	-1445.48	1e+05	1e+05	1.33645e-06	9.927987e-07	3.335145e-06
5	5-40449730	41637566	31	G	A	0.098	81.53083	17.5091	-1446.87	1e+05	1e+05	5.499095e-06	4.223372e-06	1.10743e-05
5	5-40476645	41675407	17	A	T	0.082	100.5329	19.48895	-1444.596	1e+05	1e+05	5.457818e-07	3.969595e-07	1.581461e-06
5	5-40476658	41675420	17	C	T	0.096	87.48776	19.09681	-1447.195	1e+05	1e+05	7.655981e-06	5.925744e-06	1.472032e-05
5	5-45511166	46858688	33	T	G	0.015	252.4149	49.36777	-1444.81	1e+05	1e+05	6.777423e-07	4.954657e-07	1.892351e-06
5	5-120016936	122829159	15	T	C	0.023	183.2457	38.48411	-1446.41	1e+05	1e+05	3.439623e-06	2.612696e-06	7.415622e-06
5	5-131493138	134791610	29	C	A	0.02	183.7015	38.37034	-1446.294	1e+05	1e+05	3.059039e-06	2.317207e-06	6.711533e-06
5	5-135344188	138590957	24	T	G	0.204	59.70783	12.22093	-1445.855	1e+05	1e+05	1.956844e-06	1.466789e-06	4.597022e-06
5	5-135344210	138590979	30	A	G	0.212	58.09624	11.94233	-1445.95	1e+05	1e+05	2.154128e-06	1.618324e-06	4.985549e-06
5	5-135344348	138591117	41	C	T	0.209	58.07505	12.62923	-1447.121	1e+05	1e+05	7.100899e-06	5.48641e-06	1.379581e-05
5	5-135345667	138592436	20	T	C	0.195	57.22229	12.19897	-1446.721	1e+05	1e+05	4.723215e-06	3.614547e-06	9.721217e-06
5	5-135347411	138594180	6	A	G	0.194	57.04644	12.33587	-1447.009	1e+05	1e+05	6.335005e-06	4.881556e-06	1.25053e-05
5	5-135347664	138594433	18	T	C	0.208	58.53023	12.19284	-1446.238	1e+05	1e+05	2.887101e-06	2.18399e-06	6.389652e-06
5	5-135347670	138594439	16	T	C	0.21	57.5075	11.99343	-1446.262	1e+05	1e+05	2.959361e-06	2.239955e-06	6.525235e-06
5	5-135347697	138594466	16	A	G	0.217	56.05113	11.9532	-1446.728	1e+05	1e+05	4.7555e-06	3.639836e-06	9.778058e-06
5	5-135347741	138594510	13	A	G	0.212	55.88057	11.79265	-1446.511	1e+05	1e+05	3.814115e-06	2.904205e-06	8.098386e-06
5	5-135347870	138594639	13	A	C	0.191	56.23646	12.29264	-1447.222	1e+05	1e+05	7.875532e-06	6.099723e-06	1.50837e-05
5	5-135348225	138594994	40	A	C	0.216	64.73962	12.48078	-1444.46	1e+05	1e+05	4.757864e-07	3.449297e-07	1.411865e-06
5	5-135349363	138596132	36	A	G	0.25	61.50176	12.56514	-1445.815	1e+05	1e+05	1.878216e-06	1.406493e-06	4.440668e-06
5	5-135433885	138670607	10	T	G	0.207	57.74688	11.99778	-1446.181	1e+05	1e+05	2.724945e-06	2.058522e-06	6.083704e-06
5	5-135434172	138670894	44	T	A	0.231	58.1597	12.3867	-1446.701	1e+05	1e+05	4.627695e-06	3.539748e-06	9.55275e-06
5	5-135434391	138671113	20	A	G	0.195	62.102	12.54349	-1445.559	1e+05	1e+05	1.448568e-06	1.078133e-06	3.568517e-06
5	5-135435296	138672018	13	T	G	0.194	59.90099	12.364	-1446.039	1e+05	1e+05	2.359485e-06	1.776408e-06	5.384754e-06
5	5-135435341	138672063	17	T	C	0.202	56.64528	12.25242	-1447.014	1e+05	1e+05	6.369741e-06	4.908954e-06	1.256424e-05
5	5-135435392	138672114	17	A	T	0.211	57.73849	12.03008	-1446.241	1e+05	1e+05	2.898457e-06	2.192783e-06	6.41099e-06
5	5-135435868	138672590	10	A	G	0.309	57.40752	11.69775	-1445.756	1e+05	1e+05	1.769768e-06	1.323426e-06	4.223487e-06
5	5-135436200	138672922	24	T	A	0.201	58.7784	12.47164	-1446.624	1e+05	1e+05	4.277711e-06	3.266001e-06	8.931566e-06
5	5-135436805	138673527	30	T	C	0.215	63.91373	12.79286	-1445.352	1e+05	1e+05	1.174557e-06	8.698812e-07	2.993025e-06
5	5-135436876	138673598	25	G	C	0.232	64.96283	11.75147	-1442.805	1e+05	1e+05	8.935773e-08	6.226668e-08	3.613191e-07
5	5-135438647	138675369	22	T	C	0.209	66.0436	14.22664	-1446.932	1e+05	1e+05	5.856322e-06	4.50438e-06	1.168896e-05
5	5-135451658	138702050	13	A	G	0.198	56.32606	12.31503	-1447.227	1e+05	1e+05	7.911504e-06	6.128239e-06	1.514312e-05
5	5-135451939	138702331	14	T	C	0.215	55.33042	11.92696	-1446.946	1e+05	1e+05	5.938202e-06	4.568847e-06	1.182917e-05
5	5-135452228	138702620	20	A	G	0.2	60.96438	12.25092	-1445.443	1e+05	1e+05	1.287619e-06	9.556846e-07	3.232626e-06
5	5-135452309	138702701	22	G	A	0.204	56.85755	12.35522	-1447.106	1e+05	1e+05	6.994549e-06	5.402327e-06	1.361768e-05
5	5-135452822	138703214	25	T	G	0.215	55.75612	12.29237	-1447.388	1e+05	1e+05	9.332339e-06	7.256877e-06	1.746556e-05
5	5-135452981	138703373	22	T	C	0.233	56.59733	12.06575	-1446.721	1e+05	1e+05	4.723257e-06	3.61458e-06	9.721292e-06
5	5-135453305	138703695	15	A	G	0.219	54.99882	11.88077	-1446.988	1e+05	1e+05	6.202602e-06	4.777161e-06	1.22803e-05
5	5-135453818	138704208	24	T	C	0.226	56.66873	12.17193	-1446.874	1e+05	1e+05	5.518427e-06	4.238569e-06	1.110769e-05
5	5-135454698	138705088	22	C	G	0.207	56.99975	12.16118	-1446.737	1e+05	1e+05	4.80207e-06	3.676322e-06	9.859962e-06
5	5-135454701	138705091	22	A	G	0.202	57.03822	12.29078	-1446.938	1e+05	1e+05	5.895727e-06	4.535403e-06	1.175647e-05
5	5-135454774	138705164	21	A	C	0.218	55.72358	11.90448	-1446.764	1e+05	1e+05	4.934821e-06	3.780374e-06	1.009288e-05
5	5-135454791	138705181	21	A	G	0.213	59.78519	11.98152	-1445.381	1e+05	1e+05	1.209344e-06	8.96261e-07	3.067091e-06
5	5-135455660	138706050	30	A	G	0.212	56.03085	12.09534	-1446.974	1e+05	1e+05	6.115618e-06	4.708605e-06	1.213216e-05
5	5-135455838	138706228	15	A	G	0.193	58.19282	12.7896	-1447.328	1e+05	1e+05	8.774706e-06	6.813406e-06	1.655954e-05
5	5-135456524	138706914	6	A	G	0.21	54.95797	11.90202	-1447.039	1e+05	1e+05	6.530399e-06	5.035712e-06	1.283629e-05
5	5-135457787	138708177	22	A	C	0.224	55.87755	11.897	-1446.695	1e+05	1e+05	4.598058e-06	3.516548e-06	9.50039e-06
5	5-135461339	138711729	35	C	T	0.21	62.40474	12.15048	-1444.702	1e+05	1e+05	6.074651e-07	4.429424e-07	1.728088e-06
5	5-135487275	138737664	8	A	G	0.261	54.77914	11.7231	-1446.799	1e+05	1e+05	5.116526e-06	3.922903e-06	1.04104e-05
5	5-136241954	139510521	5	C	A	0.042	104.7115	22.9499	-1447.274	1e+05	1e+05	8.306062e-06	6.441213e-06	1.579275e-05
5	5-153997319	157735728	31	G	A	0.399	-49.94196	10.94945	-1447.281	1e+05	1e+05	8.359542e-06	6.483662e-06	1.588051e-05
5	5-154018129	157756615	24	C	T	0.369	-51.13854	11.08193	-1447.059	297.647	1e+05	6.615583e-06	5.143553e-06	1.306696e-05
5	5-158213409	161916678	29	G	T	0.022	156.4869	33.09095	-1446.553	1e+05	1e+05	3.98177e-06	3.034932e-06	8.401147e-06
5	5-158286298	161989560	5	A	G	0.02	170.7117	36.69825	-1446.891	1e+05	1e+05	5.615066e-06	4.314553e-06	1.127438e-05
5	5-158431037	162137288	16	C	T	0.215	67.59167	14.14031	-1446.328	1e+05	1e+05	3.164754e-06	2.399203e-06	6.908225e-06
5	5-158432924	162139174	19	C	T	0.223	66.82194	14.72914	-1447.385	1e+05	1e+05	9.296564e-06	7.228406e-06	1.740763e-05
5	5-158452486	162158735	2	C	T	0.417	-104.4005	22.17502	-1446.645	1e+05	1e+05	4.373177e-06	3.340621e-06	9.10164e-06
5	5-183887413	188574645	11	T	C	0.034	175.2654	35.43255	-1445.579	1e+05	1e+05	1.478981e-06	1.101307e-06	3.631362e-06
5	5-187645856	192636716	30	C	T	0.16	72.67616	15.34108	-1446.517	1e+05	1e+05	3.835318e-06	2.920731e-06	8.136771e-06
5	5-201956261	207332832	1	A	G	0.092	106.3848	22.27461	-1446.346	1e+05	1e+05	3.222619e-06	2.444112e-06	7.015514e-06
6	6-25334268	26711067	13	A	G	0.272	58.12531	12.52174	-1446.933	1e+05	1e+05	5.864019e-06	4.510439e-06	1.170215e-05
6	6-36484201	38168958	16	C	G	0.019	186.015	34.52765	-1443.498	1e+05	1e+05	1.79778e-07	1.273663e-07	6.359959e-07
6	6-37025067	38761122	11	A	C	0.023	152.9387	32.23206	-1446.483	1e+05	1e+05	3.707239e-06	2.82094e-06	7.904473e-06
6	6-37316572	39066541	31	T	A	0.023	155.3386	34.25709	-1447.394	1e+05	1e+05	9.386595e-06	7.300059e-06	1.755336e-05
6	6-37363216	39112512	26	A	G	0.017	199.1493	41.57172	-1446.281	1e+05	1e+05	3.019105e-06	2.286251e-06	6.636996e-06
6	6-37375116	39124410	30	A	G	0.013	215.5969	47.20959	-1447.256	1e+05	1e+05	8.155617e-06	6.321834e-06	1.55455e-05
6	6-37385853	39135007	22	T	C	0.019	175.8367	38.08689	-1447.042	1e+05	1e+05	6.553635e-06	5.054051e-06	1.287556e-05
6	6-37403317	39152867	26	T	C	0.02	168.9291	37.25778	-1447.396	1e+05	1e+05	9.404224e-06	7.31409e-06	1.758188e-05
6	6-37434364	39184252	26	T	C	0.015	222.1375	44.4896	-1445.366	1e+05	1e+05	1.191237e-06	8.82528e-07	3.028579e-06
6	6-37434982	39184870	25	T	C	0.012	220.5035	47.07633	-1446.751	1e+05	1e+05	4.868051e-06	3.728031e-06	9.975833e-06
6	6-37509148	39217401	18	A	G	0.017	178.2809	38.48046	-1446.972	1e+05	1e+05	6.099653e-06	4.696025e-06	1.210494e-05
6	6-41127808	42725384	8	T	G	0.029	145.5418	30.8144	-1446.579	1e+05	1e+05	4.086819e-06	3.116909e-06	8.589997e-06
6	6-42051972	43650323	2	A	G	0.013	187.4269	41.42104	-1447.435	1e+05	1e+05	9.78449e-06	7.616917e-06	1.819546e-05
6	6-42064635	43662986	14	G	C	0.014	206.833	44.00097	-1446.678	1e+05	1e+05	4.51946e-06	3.455036e-06	9.361316e-06
6	6-42128261	43728582	44	T	C	0.016	188.8448	41.54381	-1447.347	1e+05	1e+05	8.941591e-06	6.946058e-06	1.683139e-05
6	6-42175016	43775335	3	A	G	0.013	187.7505	41.41479	-1447.399	1e+05	1e+05	9.430689e-06	7.335157e-06	1.762468e-05
6	6-42320622	43931557	8	A	G	0.016	209.1361	42.70525	-1445.803	1e+05	1e+05	1.856219e-06	1.389635e-06	4.396763e-06
6	6-43295194	44821855	46	A	G	0.024	166.0309	36.53119	-1447.35	1e+05	1e+05	8.971502e-06	6.96984e-06	1.688005e-05
6	6-44426404	46012835	12	G	C	0.014	187.4216	41.42101	-1447.435	1e+05	1e+05	9.789737e-06	7.621098e-06	1.82039e-05
6	6-44597516	46184978	7	T	C	0.013	187.6971	41.45047	-1447.421	1e+05	1e+05	9.645327e-06	7.506061e-06	1.797124e-05
6	6-44623547	46211145	13	A	G	0.014	187.4187	41.45003	-1447.449	1e+05	1e+05	9.928113e-06	7.731364e-06	1.842646e-05
6	6-44640667	46228264	15	T	C	0.014	187.3027	41.43944	-1447.456	1e+05	1e+05	9.998993e-06	7.78786e-06	1.854031e-05
6	6-44665936	46253532	16	A	G	0.012	220.6078	47.53607	-1446.938	1e+05	1e+05	5.89258e-06	4.532925e-06	1.175108e-05
6	6-44675692	46263288	8	A	C	0.018	191.7784	37.55481	-1444.839	1e+05	1e+05	6.98366e-07	5.109043e-07	1.940046e-06
6	6-44684390	46282101	5	A	G	0.011	266.096	52.49528	-1445.015	1e+05	1e+05	8.344825e-07	6.130554e-07	2.249742e-06
6	6-44730122	46327742	11	A	G	0.014	187.575	41.42598	-1447.422	1e+05	1e+05	9.656655e-06	7.515084e-06	1.798951e-05
6	6-44874037	46480209	35	T	C	0.015	187.4489	41.43335	-1447.438	1e+05	1e+05	9.819074e-06	7.644472e-06	1.825111e-05
6	6-45273910	46806119	7	G	C	0.013	187.3218	41.43954	-1447.454	1e+05	1e+05	9.979504e-06	7.772325e-06	1.850901e-05
6	6-45374239	46945558	17	T	A	0.014	188.2084	41.43291	-1447.36	1e+05	1e+05	9.06653e-06	7.045406e-06	1.703452e-05
6	6-45377220	46948539	6	T	C	0.013	187.2845	41.42829	-1447.453	1e+05	1e+05	9.96535e-06	7.761043e-06	1.848628e-05
6	6-45587852	47136017	9	A	C	0.011	221.0954	47.57441	-1446.91	1e+05	1e+05	5.725586e-06	4.40149e-06	1.146458e-05
6	6-45675658	47267989	5	A	G	0.016	181.6602	39.33323	-1447.035	1e+05	1e+05	6.502884e-06	5.013997e-06	1.278975e-05
6	6-45822428	47372457	2	A	G	0.013	187.3486	41.4228	-1447.444	1e+05	1e+05	9.873134e-06	7.687549e-06	1.833807e-05
6	6-45856094	47406121	32	T	C	0.018	178.5818	39.50318	-1447.453	1e+05	1e+05	9.965244e-06	7.760958e-06	1.848611e-05
6	6-45859055	47409082	9	C	G	0.016	179.9556	39.70576	-1447.404	1e+05	1e+05	9.479309e-06	7.373862e-06	1.770326e-05
6	6-45868185	47434199	9	A	G	0.014	187.4616	41.45335	-1447.446	1e+05	1e+05	9.899218e-06	7.708336e-06	1.838001e-05
6	6-45903826	47453820	12	A	G	0.014	188.4654	41.41492	-1447.325	1e+05	1e+05	8.749757e-06	6.79358e-06	1.651884e-05
6	6-45967280	47516774	6	T	G	0.013	188.1324	41.42103	-1447.362	1e+05	1e+05	9.087463e-06	7.062054e-06	1.706852e-05
6	6-45973117	47522611	6	T	C	0.018	175.5152	38.60393	-1447.343	1e+05	1e+05	8.907262e-06	6.918766e-06	1.677552e-05
6	6-45995213	47544969	32	G	C	0.013	222.1219	47.62518	-1446.838	1e+05	1e+05	5.319976e-06	4.082629e-06	1.076422e-05
6	6-46047980	47599840	11	A	G	0.016	191.9105	39.57218	-1446.017	1e+05	1e+05	2.307972e-06	1.736722e-06	5.285083e-06
6	6-46090331	47641901	29	T	C	0.012	219.7053	47.60963	-1447.051	1e+05	1e+05	6.611545e-06	5.099763e-06	1.297338e-05
6	6-46186575	47738624	32	T	C	0.015	205.2985	45.31912	-1447.413	1e+05	1e+05	9.568821e-06	7.445134e-06	1.784782e-05
6	6-46394623	47896017	18	A	T	0.014	208.7118	45.47639	-1447.159	1e+05	1e+05	7.38692e-06	5.712692e-06	1.427325e-05
6	6-46787896	48335422	6	C	G	0.018	175.3247	37.69902	-1446.896	1e+05	1e+05	5.643042e-06	4.336556e-06	1.132257e-05
6	6-47103984	48658749	14	A	G	0.016	182.1269	39.5806	-1447.108	1e+05	1e+05	7.009486e-06	5.414134e-06	1.364272e-05
6	6-47159816	48716070	28	A	T	0.015	187.8523	41.49041	-1447.423	1e+05	1e+05	9.671183e-06	7.526655e-06	1.801293e-05
6	6-47235421	48769958	33	T	C	0.018	191.9609	38.67314	-1445.501	1e+05	1e+05	1.365466e-06	1.014867e-06	3.395805e-06
6	6-47663328	49221997	4	T	C	0.015	197.866	39.49142	-1445.286	1e+05	1e+05	1.098658e-06	8.12389e-07	2.830287e-06
6	6-47701257	49330131	6	A	C	0.02	168.9341	37.23088	-1447.381	1e+05	1e+05	9.26609e-06	7.204157e-06	1.735827e-05
6	6-47864703	49509623	27	A	G	0.015	188.406	41.45109	-1447.348	1e+05	1e+05	8.957753e-06	6.958907e-06	1.685769e-05
6	6-48043113	49589309	45	T	C	0.016	188.823	41.45032	-1447.305	1e+05	1e+05	8.57105e-06	6.651606e-06	1.622694e-05
6	6-48329440	49878179	30	A	T	0.015	188.4979	41.45869	-1447.342	1e+05	1e+05	8.904059e-06	6.91622e-06	1.677031e-05
6	6-48392035	49940254	6	G	A	0.016	186.5963	38.70682	-1446.147	1e+05	1e+05	2.632187e-06	1.986829e-06	5.907587e-06
6	6-48610642	50169986	11	A	C	0.016	178.6241	38.9744	-1447.187	1e+05	1e+05	7.594742e-06	5.877238e-06	1.461874e-05
6	6-48637307	50196650	8	T	C	0.016	207.8164	43.1764	-1446.18	1e+05	1e+05	2.724162e-06	2.057916e-06	6.08222e-06
6	6-48640444	50199783	5	T	C	0.016	187.7919	39.71047	-1446.553	1e+05	1e+05	3.981173e-06	3.034466e-06	8.400072e-06
6	6-49026755	50637998	3	A	G	0.013	187.3595	41.43347	-1447.447	1e+05	1e+05	9.911735e-06	7.718311e-06	1.840013e-05
6	6-49221672	50802288	5	A	G	0.016	193.2165	38.5463	-1445.276	1e+05	1e+05	1.087264e-06	8.037657e-07	2.805715e-06
6	6-49244150	50824436	38	T	C	0.016	189.8111	41.47447	-1447.215	1e+05	1e+05	7.814898e-06	6.051664e-06	1.498347e-05
6	6-49337752	50918849	16	T	C	0.016	199.1793	39.48777	-1445.131	1e+05	1e+05	9.38098e-07	6.910834e-07	2.480319e-06
6	6-49430717	51012467	12	T	C	0.014	188.0794	41.44434	-1447.379	1e+05	1e+05	9.240031e-06	7.183423e-06	1.731604e-05
6	6-49484685	51066430	3	A	G	0.015	182.4136	39.78832	-1447.18	1e+05	1e+05	7.545483e-06	5.838227e-06	1.453695e-05
6	6-49553322	51142888	29	T	A	0.02	189.9254	38.17114	-1445.446	1e+05	1e+05	1.291719e-06	9.587992e-07	3.241254e-06
6	6-49640696	51227754	39	T	C	0.016	189.5205	41.48829	-1447.251	1e+05	1e+05	8.111462e-06	6.286806e-06	1.547282e-05
6	6-49763295	51347403	8	A	C	0.014	187.8286	41.42433	-1447.395	1e+05	1e+05	9.396279e-06	7.307767e-06	1.756903e-05
6	6-50136113	52530516	8	A	G	0.014	187.345	41.4455	-1447.454	1e+05	1e+05	9.983365e-06	7.775402e-06	1.851521e-05
6	6-50247324	52622095	8	A	G	0.016	179.9753	39.81608	-1447.455	1e+05	1e+05	9.988025e-06	7.779117e-06	1.85227e-05
6	6-50268673	52643442	4	C	G	0.013	187.2728	41.42253	-1447.451	1e+05	1e+05	9.950432e-06	7.749152e-06	1.846232e-05
6	6-50287551	52662320	7	T	C	0.013	187.6423	41.43023	-1447.417	1e+05	1e+05	9.608153e-06	7.476455e-06	1.791129e-05
6	6-50298389	52673158	17	A	C	0.014	220.1141	45.45087	-1446.048	1e+05	1e+05	2.379916e-06	1.792154e-06	5.424201e-06
6	6-50306736	52681504	17	G	A	0.014	187.8577	41.49042	-1447.423	1e+05	1e+05	9.665755e-06	7.522332e-06	1.800418e-05
6	6-50743340	53167235	27	T	G	0.015	187.734	41.42918	-1447.407	1e+05	1e+05	9.51162e-06	7.399587e-06	1.775546e-05
6	6-50823675	53228244	24	T	C	0.017	182.4563	39.99207	-1447.276	1e+05	1e+05	8.316961e-06	6.449864e-06	1.581064e-05
6	6-50837805	53242373	2	C	G	0.018	178.6453	38.46904	-1446.925	1e+05	1e+05	5.814483e-06	4.471447e-06	1.161722e-05
6	6-50874527	53279087	14	T	G	0.016	179.7145	39.51962	-1447.339	1e+05	1e+05	8.871996e-06	6.890731e-06	1.67181e-05
6	6-50944306	53352805	5	T	C	0.013	187.3054	41.4374	-1447.455	1e+05	1e+05	9.986528e-06	7.777923e-06	1.852029e-05
6	6-51242153	53644683	7	T	C	0.016	187.824	41.48809	-1447.425	1e+05	1e+05	9.689209e-06	7.541013e-06	1.804199e-05
6	6-51260382	53662907	9	T	C	0.018	185.4875	37.69807	-1445.698	1e+05	1e+05	1.668589e-06	1.246035e-06	4.01916e-06
6	6-51268583	53671091	24	C	G	0.017	195.378	40.05064	-1445.889	1e+05	1e+05	2.024634e-06	1.518821e-06	4.731118e-06
6	6-51348877	53759885	13	G	A	0.014	188.2276	41.4463	-1447.364	1e+05	1e+05	9.106179e-06	7.07694e-06	1.709891e-05
6	6-51697903	54079977	21	T	G	0.019	178.6235	38.41895	-1446.901	1e+05	1e+05	5.675162e-06	4.361821e-06	1.137786e-05
6	6-51674547	54109966	9	G	A	0.014	187.7041	41.43334	-1447.412	1e+05	1e+05	9.560362e-06	7.438398e-06	1.783417e-05
6	6-51857063	54281809	9	A	G	0.018	182.6706	38.13348	-1446.282	1e+05	1e+05	3.021896e-06	2.288414e-06	6.64221e-06
6	6-51984199	54412772	19	A	G	0.017	180.5708	39.52983	-1447.251	1e+05	1e+05	8.114479e-06	6.2892e-06	1.547779e-05
6	6-52093558	54520942	11	C	G	0.016	178.5125	39.43853	-1447.429	1e+05	1e+05	9.724143e-06	7.568841e-06	1.809828e-05
6	6-52268798	54696061	5	A	C	0.016	204.8486	39.30756	-1444.345	1e+05	1e+05	4.234233e-07	3.061232e-07	1.282402e-06
6	6-52406524	54858470	16	C	T	0.014	187.8622	41.44085	-1447.399	1e+05	1e+05	9.436937e-06	7.340131e-06	1.763478e-05
6	6-52506216	54942806	7	A	G	0.013	209.5232	44.47449	-1446.632	1e+05	1e+05	4.313744e-06	3.294161e-06	8.995816e-06
6	6-52605098	55043656	16	A	G	0.016	193.4442	39.55365	-1445.833	1e+05	1e+05	1.912643e-06	1.432886e-06	4.509239e-06
6	6-52651565	55096749	23	T	C	0.014	187.568	41.45554	-1447.436	1e+05	1e+05	9.799845e-06	7.629151e-06	1.822017e-05
6	6-52868195	55288388	13	T	C	0.014	187.9014	41.47238	-1447.41	1e+05	1e+05	9.539965e-06	7.422156e-06	1.780124e-05
6	6-52978159	55411690	42	A	G	0.021	176.488	38.28847	-1447.074	1e+05	1e+05	6.767241e-06	5.222711e-06	1.323584e-05
6	6-53023421	55444969	3	T	C	0.013	187.4411	41.41986	-1447.433	1e+05	1e+05	9.764573e-06	7.601049e-06	1.816339e-05
6	6-53184180	55604017	12	A	G	0.014	187.3703	41.44258	-1447.45	1e+05	1e+05	9.943333e-06	7.743494e-06	1.845091e-05
6	6-53500515	55921490	40	A	G	0.016	188.6706	41.49176	-1447.34	1e+05	1e+05	8.883292e-06	6.899711e-06	1.673649e-05
6	6-53544823	55961250	7	T	C	0.013	205.5913	44.99359	-1447.246	1e+05	1e+05	8.065633e-06	6.250456e-06	1.539735e-05
6	6-53610909	56027798	37	A	G	0.016	189.8205	41.45965	-1447.207	1e+05	1e+05	7.75154e-06	6.001454e-06	1.487864e-05
6	6-53704300	56122416	17	T	C	0.016	189.3865	39.68169	-1446.361	1e+05	1e+05	3.272593e-06	2.482913e-06	7.107966e-06
6	6-53720969	56139085	14	T	G	0.014	188.043	41.45797	-1447.389	1e+05	1e+05	9.335573e-06	7.25945e-06	1.74708e-05
6	6-53764552	56183538	30	T	C	0.015	190.1213	41.43949	-1447.166	1e+05	1e+05	7.436497e-06	5.751936e-06	1.435577e-05
6	6-53816749	56235726	17	A	G	0.014	187.9028	41.46378	-1447.406	1e+05	1e+05	9.499687e-06	7.390087e-06	1.773619e-05
6	6-53827453	56245432	19	A	G	0.014	187.7642	41.49552	-1447.435	1e+05	1e+05	9.784174e-06	7.616666e-06	1.819495e-05
6	6-54004951	56439767	20	T	C	0.014	187.9962	41.44731	-1447.389	1e+05	1e+05	9.334108e-06	7.258284e-06	1.746843e-05
6	6-54163835	56648057	48	T	C	0.016	187.843	41.48304	-1447.421	1e+05	1e+05	9.646942e-06	7.507348e-06	1.797385e-05
6	6-54483932	56976898	6	T	C	0.016	191.2055	39.57728	-1446.1	1e+05	1e+05	2.510253e-06	1.892676e-06	5.674777e-06
6	6-54714588	57171571	49	T	C	0.019	179.7924	39.7215	-1447.429	1e+05	1e+05	9.725184e-06	7.56967e-06	1.809995e-05
6	6-55115867	57566702	48	T	G	0.016	188.9478	41.46294	-1447.298	1e+05	1e+05	8.510683e-06	6.603663e-06	1.612817e-05
6	6-55251106	57672250	48	T	C	0.016	190.6774	41.42242	-1447.1	1e+05	1e+05	6.953652e-06	5.37e-06	1.35491e-05
6	6-55478920	57945590	45	C	A	0.016	188.7018	41.43751	-1447.312	1e+05	1e+05	8.627853e-06	6.696725e-06	1.63198e-05
6	6-55764630	58238878	14	A	G	0.014	188.3398	41.42329	-1447.342	1e+05	1e+05	8.901431e-06	6.91413e-06	1.676603e-05
6	6-110203395	110246487	35	A	G	0.023	147.0469	31.84128	-1447.036	1e+05	1e+05	6.513485e-06	5.022363e-06	1.280768e-05
6	6-122894605	126618731	20	G	A	0.3	-53.4191	11.64431	-1447.168	1e+05	1e+05	7.448024e-06	5.761061e-06	1.437495e-05
6	6-122916817	126661138	7	C	T	0.41	-51.33821	11.29875	-1447.355	1e+05	1e+05	9.018414e-06	7.007142e-06	1.695633e-05
6	6-162303584	166300492	10	C	G	0.336	58.81879	11.75749	-1445.322	1e+05	1e+05	1.138839e-06	8.428142e-07	2.916641e-06
7	7-6348634	6720162	20	T	C	0.017	183.4027	38.58974	-1446.449	1e+05	1e+05	3.581176e-06	2.722799e-06	7.674798e-06
7	7-10217838	10504925	27	A	G	0.382	-59.39376	13.05339	-1447.328	1e+05	1e+05	8.772588e-06	6.811723e-06	1.655608e-05
7	7-39474004	40928160	9	G	A	0.122	91.44365	18.75946	-1445.905	1e+05	1e+05	2.059621e-06	1.545691e-06	4.800079e-06
7	7-51975607	53751783	11	C	T	0.014	239.4466	50.71761	-1446.588	1e+05	1e+05	4.123594e-06	3.145619e-06	8.655958e-06
7	7-65673131	66765426	39	A	T	0.029	127.2548	27.35748	-1446.892	1e+05	1e+05	5.62033e-06	4.318693e-06	1.128345e-05
7	7-73933978	76341916	10	A	C	0.014	186.2099	41.08248	-1447.402	1e+05	1e+05	9.464685e-06	7.36222e-06	1.767963e-05
7	7-120999132	124877279	39	A	C	0.107	95.07321	20.62323	-1447.071	1e+05	1e+05	6.750111e-06	5.20918e-06	1.3207e-05
7	7-138533932	143224996	7	T	C	0.164	-68.21374	14.4695	-1446.618	1e+05	1e+05	4.252009e-06	3.245918e-06	8.885695e-06
7	7-138979033	143672540	8	A	G	0.097	-95.89652	20.36333	-1446.64	1e+05	1e+05	4.348757e-06	3.32153e-06	9.058181e-06
7	7-138980688	143674195	9	A	G	0.136	-69.75944	15.35332	-1447.355	1e+05	1e+05	9.022404e-06	7.010314e-06	1.696281e-05
7	7-138985912	143679418	7	A	G	0.114	-92.68449	18.44279	-1445.247	76.60424	1e+05	1.023433e-06	7.801931e-07	2.738316e-06
7	7-138986973	143680479	6	A	G	0.129	-78.88693	16.76846	-1446.661	1e+05	1e+05	4.442761e-06	3.395035e-06	9.225299e-06
7	7-139067782	143714758	18	A	G	0.092	-95.1526	20.92013	-1447.335	1e+05	1e+05	8.837268e-06	6.863128e-06	1.666152e-05
7	7-139015765	143740422	19	A	G	0.121	-78.34372	17.3175	-1447.439	1e+05	1e+05	9.825206e-06	7.649358e-06	1.826098e-05
7	7-139038491	143763137	10	T	C	0.157	-71.04192	14.87653	-1446.348	1e+05	1e+05	3.231615e-06	2.451096e-06	7.032171e-06
7	7-139044328	143769009	38	G	A	0.133	-75.94489	16.49741	-1447.238	19.0895	1e+05	6.947478e-06	6.203476e-06	1.529971e-05
7	7-139047477	143772158	21	G	C	0.156	-70.97643	15.15051	-1446.747	1e+05	1e+05	4.850815e-06	3.714522e-06	9.945584e-06
7	7-139047529	143772210	16	T	C	0.138	-71.94225	15.78365	-1447.294	1e+05	1e+05	8.473881e-06	6.574438e-06	1.606792e-05
7	7-139089338	143793169	9	A	G	0.136	-77.87003	16.41835	-1446.616	21.4512	1e+05	3.741703e-06	3.238778e-06	8.869377e-06
7	7-139094601	143798432	10	A	G	0.139	-71.30734	15.29916	-1446.851	1e+05	1e+05	5.393336e-06	4.140258e-06	1.089138e-05
7	7-139097586	143801417	29	T	C	0.269	-59.80886	13.01964	-1447.141	1e+05	1e+05	7.249412e-06	5.603878e-06	1.4044e-05
7	7-139098905	143802736	16	G	C	0.145	-72.39027	15.60062	-1446.941	1e+05	1e+05	5.909092e-06	4.545926e-06	1.177936e-05
7	7-139114884	143818714	19	T	C	0.159	-73.32043	15.2302	-1446.176	1e+05	1e+05	2.7124e-06	2.048823e-06	6.059933e-06
7	7-139115239	143819069	16	A	C	0.208	-68.46764	13.71984	-1445.498	21.75413	1e+05	1.205819e-06	1.011991e-06	3.38791e-06
7	7-139116356	143820186	14	A	G	0.134	-76.53075	16.09718	-1446.442	1e+05	1e+05	3.554409e-06	2.701971e-06	7.625896e-06
7	7-139116989	143820819	10	A	G	0.15	-76.25824	16.82867	-1447.407	1e+05	1e+05	9.511525e-06	7.399512e-06	1.775531e-05
7	7-139118248	143822078	9	T	C	0.12	-82.999	17.21596	-1446.145	1e+05	1e+05	2.628732e-06	1.98416e-06	5.901011e-06
7	7-139119784	143823614	16	A	C	0.161	-71.20266	15.14382	-1446.674	1466.35	1e+05	4.496998e-06	3.442916e-06	9.333869e-06
7	7-139124126	143827956	5	T	C	0.1	-99.24296	21.42178	-1446.973	1e+05	1e+05	6.105547e-06	4.700669e-06	1.211499e-05
7	7-139124290	143828120	9	A	G	0.152	-69.6595	14.99618	-1446.919	1e+05	1e+05	5.781786e-06	4.445713e-06	1.156111e-05
7	7-139148056	143851882	33	G	C	0.203	-62.83002	13.6239	-1447.064	1e+05	1e+05	6.698579e-06	5.168482e-06	1.312019e-05
7	7-139556185	144294759	31	T	C	0.015	238.0419	52.02456	-1447.219	1e+05	1e+05	7.849414e-06	6.07902e-06	1.504054e-05
7	7-142852045	147766860	24	G	C	0.029	-160.9558	34.44696	-1446.8	1e+05	1e+05	5.120663e-06	3.92615e-06	1.041761e-05
7	7-142852122	147766937	24	A	G	0.036	-148.4993	29.5679	-1445.231	1e+05	1e+05	1.038867e-06	7.671633e-07	2.700915e-06
7	7-152781560	158099657	18	A	C	0.427	-50.89424	11.1711	-1447.303	1e+05	1e+05	8.553083e-06	6.637336e-06	1.619755e-05
7	7-158274579	163652799	15	C	T	0.188	-67.06064	14.80385	-1447.447	70.8245	1e+05	9.573659e-06	7.716321e-06	1.839612e-05
7	7-158274763	163652983	28	T	C	0.198	-68.37101	14.71561	-1446.915	1e+05	1e+05	5.756145e-06	4.425536e-06	1.151708e-05
7	7-158274862	163653082	14	C	T	0.192	-65.24502	14.38751	-1447.393	1e+05	1e+05	9.372662e-06	7.288969e-06	1.753082e-05
7	7-158274964	163653184	9	A	T	0.181	-72.16091	14.92935	-1446.09	1e+05	1e+05	2.4841e-06	1.872496e-06	5.624644e-06
7	7-165131679	170660349	17	A	C	0.061	-101.4564	22.38846	-1447.67	10.97389	1e+05	9.503677e-06	9.747957e-06	2.242597e-05
8	8-26002514	26804094	35	A	G	0.097	-81.43402	17.82124	-1447.245	1e+05	1e+05	8.06047e-06	6.246361e-06	1.538884e-05
8	8-26002524	26804104	33	A	G	0.122	-74.86962	15.88966	-1446.629	1e+05	1e+05	4.299153e-06	3.282757e-06	8.969808e-06
8	8-43845249	45058902	15	C	T	0.184	-64.59412	14.10165	-1447.197	1e+05	1e+05	7.678422e-06	5.943522e-06	1.475752e-05
8	8-44929629	46161367	27	A	C	0.155	-65.60072	14.4618	-1447.387	1e+05	1e+05	9.319945e-06	7.247013e-06	1.74455e-05
8	8-44929675	46161413	24	A	G	0.148	-66.62155	14.60591	-1447.28	1e+05	1e+05	8.354627e-06	6.479761e-06	1.587245e-05
8	8-97203156	99659448	12	C	T	0.353	54.45885	11.29365	-1446.141	1e+05	1e+05	2.616497e-06	1.974708e-06	5.877713e-06
8	8-97593865	100033471	7	A	G	0.011	-269.636	57.81323	-1446.838	1e+05	1e+05	5.321e-06	4.083434e-06	1.0766e-05
8	8-124853820	128750094	6	T	C	0.078	111.0278	22.82272	-1445.949	1e+05	1e+05	2.153511e-06	1.617851e-06	4.984344e-06
8	8-128345468	132710083	19	A	G	0.014	225.1314	45.02958	-1445.336	1e+05	1e+05	1.155051e-06	8.550968e-07	2.951353e-06
8	8-132406866	136854912	16	C	T	0.028	-136.4847	29.91663	-1447.381	24.52365	1e+05	8.322121e-06	7.199921e-06	1.734964e-05
8	8-133474669	137873660	14	T	C	0.042	-119.0629	25.06541	-1446.46	1e+05	1e+05	3.622308e-06	2.754812e-06	7.749854e-06
8	8-133474716	137873707	11	T	C	0.037	-120.4874	26.1307	-1447.067	1e+05	1e+05	6.722112e-06	5.187067e-06	1.315984e-05
8	8-133475894	137874885	12	C	T	0.034	-137.43	28.8793	-1446.422	1e+05	1e+05	3.483593e-06	2.646885e-06	7.496277e-06
8	8-133479485	137878476	26	A	G	0.044	-117.2862	25.48347	-1447.104	1e+05	1e+05	6.978067e-06	5.389298e-06	1.359005e-05
8	8-133479589	137878580	26	G	A	0.044	-117.8817	25.32617	-1446.879	1e+05	1e+05	5.546518e-06	4.260653e-06	1.115619e-05
8	8-148435708	153383646	9	T	C	0.174	-91.61275	19.9468	-1447.145	1e+05	1e+05	7.277652e-06	5.626222e-06	1.409113e-05
8	8-157564821	162853240	47	T	G	0.087	104.2402	22.58738	-1447.05	1e+05	1e+05	6.60425e-06	5.094004e-06	1.296106e-05
9	9-3032710	2762281	38	A	G	0.016	-254.6895	55.52691	-1447.171	1e+05	1e+05	7.473983e-06	5.781612e-06	1.441813e-05
9	9-39286393	39855590	4	A	G	0.015	207.1379	44.20398	-1446.742	1e+05	1e+05	4.824974e-06	3.694271e-06	9.900208e-06
9	9-62544898	68623599	38	T	C	0.036	126.9217	27.29861	-1446.901	1e+05	1e+05	5.674527e-06	4.361322e-06	1.137677e-05
9	9-89462144	91815019	14	A	G	0.049	125.7703	25.33415	-1445.497	1e+05	1e+05	1.360535e-06	1.011116e-06	3.38551e-06
9	9-89560640	91913073	24	A	T	0.092	98.16918	21.07304	-1446.861	1e+05	1e+05	5.449693e-06	4.184543e-06	1.098891e-05
9	9-89571942	91924375	26	T	C	0.078	108.1448	22.3208	-1446.038	1e+05	1e+05	2.356969e-06	1.774469e-06	5.379893e-06
9	9-109120114	111752519	11	A	G	0.016	186.3255	39.77989	-1446.751	1e+05	1e+05	4.869038e-06	3.728805e-06	9.977564e-06
9	9-147928839	150689747	18	T	G	0.057	99.75869	22.01367	-1447.406	1e+05	1e+05	9.502369e-06	7.392222e-06	1.774052e-05
9	9-156475093	159277340	12	A	G	0.016	249.6982	55.13106	-1447.417	1e+05	1e+05	9.605774e-06	7.474561e-06	1.790745e-05
10	10-11050930	11084387	41	T	C	0.021	164.6039	36.40909	-1447.451	1e+05	1e+05	9.953973e-06	7.751975e-06	1.846801e-05
10	10-34377814	35307245	36	C	T	0.459	-58.77239	12.55102	-1446.756	1e+05	1e+05	4.895767e-06	3.749757e-06	1.002444e-05
10	10-68039904	67261537	34	A	G	0.056	118.8876	26.18139	-1447.367	1e+05	1e+05	9.12845e-06	7.094655e-06	1.713506e-05
10	10-96787867	97041991	11	T	C	0.011	287.7997	63.13885	-1447.293	1e+05	1e+05	8.467244e-06	6.569169e-06	1.605705e-05
10	10-140160175	141444207	30	T	C	0.013	221.7789	47.66767	-1446.887	1e+05	1e+05	5.594259e-06	4.298191e-06	1.123853e-05
10	10-140935283	142295945	15	A	T	0.388	48.12363	10.51569	-1447.216	1e+05	1e+05	7.822151e-06	6.057412e-06	1.499547e-05
10	10-144174940	145469651	19	T	C	0.019	171.4636	36.4924	-1446.687	1e+05	1e+05	4.560584e-06	3.487217e-06	9.43412e-06
