chr	rs	ps	n_miss	allele1	allele0	af	beta	se	logl_H1	l_remle	l_mle	p_wald	p_lrt	p_score
1	1-3344656	3500253	25	A	G	0.215	0.05602241	0.01221337	141.155	1e-05	1e-05	7.549098e-06	0.0007000587	0.003422109
1	1-3428145	3528394	26	A	G	0.224	0.06281406	0.01195438	144.2236	0.002824545	1e-05	3.501601e-07	2.688511e-05	0.0002064275
1	1-6629938	6652304	13	A	G	0.017	0.1748626	0.03722443	143.3607	0.1225626	1e+05	4.637366e-06	6.676333e-05	0.0001191448
1	1-13741588	13966349	32	G	A	0.308	-0.05484802	0.01091835	147.9202	0.8916334	1e+05	1.048922e-06	5.675067e-07	2.169885e-06
1	1-17016002	17363482	20	T	G	0.071	0.08637312	0.0187543	141.2855	1e-05	1e+05	6.961019e-06	0.0006083888	0.0008469458
1	1-22760854	23136133	10	G	A	0.121	0.07203047	0.01541775	145.1526	0.3708783	1e+05	5.195391e-06	1.014272e-05	2.359591e-05
1	1-22771614	23146891	27	A	G	0.126	0.07102084	0.0154133	144.556	0.321378	1e+05	6.892592e-06	1.89589e-05	4.017496e-05
1	1-22868236	23245688	10	A	G	0.112	0.06982825	0.01539774	144.2601	0.3248712	1e+05	9.465559e-06	2.587233e-05	5.244215e-05
1	1-22873678	23251130	40	A	G	0.135	0.06946065	0.01513253	144.3407	0.2955071	1e+05	7.444853e-06	2.376953e-05	4.876079e-05
1	1-22875273	23252779	7	T	C	0.135	0.07282361	0.01399576	146.4486	0.2021	1e+05	4.479652e-07	2.620323e-06	7.594265e-06
1	1-22889500	23267003	26	G	A	0.214	0.05904037	0.01302786	145.8723	1.011936	1e+05	9.593947e-06	4.779645e-06	1.252691e-05
1	1-22889505	23267008	25	C	T	0.203	0.06607175	0.01343458	147.5515	1.041347	1e+05	1.71015e-06	8.320841e-07	2.960138e-06
1	1-22889822	23267325	25	G	A	0.203	0.06190953	0.01338068	145.7465	0.6734672	1e+05	6.340353e-06	5.450459e-06	1.398334e-05
1	1-22891343	23268846	24	C	A	0.206	0.06997659	0.01286257	150.2952	1.750322	1e+05	1.412112e-07	4.866112e-08	3.087149e-07
1	1-22891350	23268853	26	T	C	0.201	0.07114673	0.01303183	150.3629	1.690947	1e+05	1.284452e-07	4.537526e-08	2.92363e-07
1	1-22891351	23268854	25	A	G	0.203	0.07084824	0.01288003	150.5923	1.971296	1e+05	1.0467e-07	3.58179e-08	2.433056e-07
1	1-22891812	23269315	33	T	G	0.227	0.05973634	0.01258368	146.8481	0.969187	1e+05	3.716115e-06	1.728531e-06	5.385673e-06
1	1-22894445	23271948	19	C	T	0.211	0.06232344	0.01297834	147.0528	1.034377	1e+05	2.901421e-06	1.397027e-06	4.520958e-06
1	1-22894465	23271968	16	G	A	0.208	0.06136412	0.01298506	146.6983	1.013125	1e+05	4.089159e-06	2.020188e-06	6.124354e-06
1	1-22894557	23272060	15	G	A	0.212	0.06124166	0.01280072	147.0225	1.023276	1e+05	3.145256e-06	1.441792e-06	4.639527e-06
1	1-22894817	23272320	41	T	C	0.177	0.06419948	0.01378824	145.8968	0.5998138	1e+05	5.571799e-06	4.658588e-06	1.226098e-05
1	1-22907690	23290229	14	G	A	0.175	0.06306713	0.01372053	146.2148	1.040295	1e+05	7.239508e-06	3.343172e-06	9.296876e-06
1	1-22907694	23290233	15	C	A	0.174	0.06490851	0.01368334	146.8858	1.05894	1e+05	3.775085e-06	1.662014e-06	5.214498e-06
1	1-22909969	23292508	24	G	T	0.172	0.06842243	0.0131166	148.8072	0.7663151	1e+05	4.204507e-07	2.263988e-07	1.037102e-06
1	1-22909970	23292509	24	T	C	0.152	0.08043918	0.01372768	152.035	0.8895705	1e+05	1.679138e-08	8.107662e-09	7.792496e-08
1	1-22910059	23292598	14	T	A	0.218	0.05615783	0.01232203	145.7909	0.7683364	1e+05	8.583298e-06	5.203512e-06	1.345043e-05
1	1-22910161	23292700	13	A	G	0.198	0.06146507	0.01319771	146.2684	0.8255572	1e+05	5.543611e-06	3.161745e-06	8.875382e-06
1	1-22910316	23292855	14	G	A	0.225	0.05707078	0.01256681	145.7537	0.8188987	1e+05	9.205633e-06	5.409687e-06	1.38956e-05
1	1-22913340	23295879	28	T	C	0.112	0.07690758	0.01665331	145.068	0.3748602	1e+05	6.585384e-06	1.108259e-05	2.543558e-05
1	1-22914977	23297516	28	T	C	0.058	0.1104491	0.02431243	145.2662	0.5859026	1e+05	9.145395e-06	9.005549e-06	2.133816e-05
1	1-22914978	23297517	28	G	T	0.058	0.1104491	0.02431243	145.2662	0.5859026	1e+05	9.145395e-06	9.005549e-06	2.133816e-05
1	1-22925454	23307993	2	A	C	0.206	0.06223089	0.01270667	147.4431	0.9747141	1e+05	1.87932e-06	9.312714e-07	3.244573e-06
1	1-22925706	23308245	7	A	G	0.19	0.06569895	0.01331969	147.8175	1.237116	1e+05	1.600166e-06	6.313607e-07	2.365568e-06
1	1-22937648	23322557	17	A	C	0.221	0.05867518	0.01285363	145.831	0.8348886	1e+05	8.312844e-06	4.989975e-06	1.298662e-05
1	1-22939028	23324903	15	A	G	0.224	0.05921505	0.01231374	147.1213	0.9462987	1e+05	2.814256e-06	1.300987e-06	4.264439e-06
1	1-22939053	23324928	18	T	C	0.22	0.06291153	0.01252023	148.1	0.9603345	1e+05	1.042497e-06	4.710075e-07	1.866548e-06
1	1-22939080	23324955	15	A	C	0.221	0.05952296	0.01225588	147.3316	0.9316451	1e+05	2.264824e-06	1.04564e-06	3.566273e-06
1	1-22939088	23324963	14	G	C	0.211	0.05804054	0.01241119	146.3668	0.7938677	1e+05	5.091713e-06	2.853347e-06	8.150219e-06
1	1-22939091	23324966	14	A	T	0.216	0.058691	0.01239103	146.6252	0.8211899	1e+05	3.896039e-06	2.180026e-06	6.521854e-06
1	1-22939099	23324974	15	A	C	0.219	0.05864512	0.01249152	146.3432	0.7548268	1e+05	4.693905e-06	2.924352e-06	8.318205e-06
1	1-22939649	23325524	9	A	C	0.225	0.05659491	0.01247904	145.6818	0.8448216	1e+05	9.456114e-06	5.831801e-06	1.479945e-05
1	1-22939702	23325577	8	A	C	0.214	0.05667816	0.01244478	145.91	0.9273977	1e+05	8.70128e-06	4.595075e-06	1.212104e-05
1	1-22939719	23325594	8	T	C	0.21	0.05771503	0.01249875	146.133	0.8919709	1e+05	6.599588e-06	3.641171e-06	9.981756e-06
1	1-22939726	23325601	10	T	C	0.212	0.0571955	0.01257627	145.7934	0.8382158	1e+05	8.949676e-06	5.190015e-06	1.342119e-05
1	1-22973531	23359393	21	A	G	0.199	0.05885645	0.01299667	145.4438	0.6840237	1e+05	9.730965e-06	7.479141e-06	1.82432e-05
1	1-35496071	36221228	3	G	A	0.486	-0.06895658	0.01437341	144.2834	0.2567255	1e+05	2.962416e-06	2.524734e-05	5.135204e-05
1	1-45000177	45169124	7	A	G	0.202	0.05647665	0.01243165	142.7953	0.102882	1e+05	9.142671e-06	0.0001214718	0.0002013083
1	1-62242924	63038116	20	T	A	0.056	0.1002942	0.020955	145.3743	0.2583537	1e+05	3.117941e-06	8.042496e-06	1.939494e-05
1	1-74604948	76044274	38	A	G	0.051	0.1174886	0.02556019	141.196	1e-05	1e-05	7.239632e-06	0.0006698306	0.002309995
1	1-74607328	76046690	37	G	A	0.391	-0.05253614	0.01150816	144.4938	0.3004456	1e+05	8.30392e-06	2.023808e-05	4.248268e-05
1	1-76873399	78374627	9	C	T	0.051	-0.1008904	0.02217087	145.1393	0.6300855	1e+05	8.845724e-06	1.028475e-05	2.387538e-05
1	1-76873482	78374710	8	A	G	0.053	-0.1010959	0.02193562	145.6348	0.6731894	1e+05	6.862614e-06	6.125033e-06	1.542172e-05
1	1-76874138	78375366	21	G	T	0.051	-0.1058795	0.02305059	145.7163	0.771555	1e+05	7.341487e-06	5.625004e-06	1.435788e-05
1	1-76874945	78376173	18	C	T	0.056	-0.103143	0.02216135	146.0536	0.8187044	1e+05	5.61923e-06	3.955428e-06	1.069488e-05
1	1-76875005	78376233	23	A	G	0.057	-0.1010453	0.02212992	145.8181	0.8968516	1e+05	8.272042e-06	5.057794e-06	1.313423e-05
1	1-76875359	78376587	22	T	G	0.054	-0.1044982	0.02284315	146.0015	1.057544	1e+05	7.968009e-06	4.176548e-06	1.119153e-05
1	1-76876088	78377316	20	C	T	0.046	-0.1100302	0.0240673	145.6756	0.8022221	1e+05	8.066769e-06	5.869709e-06	1.488015e-05
1	1-76876366	78377594	43	A	G	0.058	-0.105869	0.02320663	145.8184	0.9058422	1e+05	8.416873e-06	5.055971e-06	1.313027e-05
1	1-92134393	94135741	21	A	T	0.012	0.2786001	0.05994659	145.3913	0.4922283	1e+05	5.788255e-06	7.900554e-06	1.910586e-05
1	1-141079813	143316474	16	T	C	0.041	0.1159252	0.02412494	142.1076	1e-05	1e-05	2.861218e-06	0.0002523987	0.0004756085
1	1-141084940	143321601	17	A	T	0.034	0.1295348	0.02824009	141.1547	1e-05	1e-05	7.551148e-06	0.0007002591	0.001017064
1	1-141085590	143322251	4	A	G	0.025	0.1593677	0.03320341	142.0833	1e-05	1e-05	2.932713e-06	0.0002590172	0.0004309531
1	1-144176812	146328245	28	G	C	0.028	-0.1851185	0.04056169	146.076	0.926649	1e+05	8.348978e-06	3.864294e-06	1.048899e-05
1	1-152882411	154716766	42	T	A	0.019	0.2320242	0.05054836	145.1259	0.4742725	1e+05	7.445255e-06	1.043059e-05	2.416178e-05
1	1-166766920	168435123	7	A	G	0.032	0.1271383	0.02634696	144.2121	0.1537235	1e+05	2.609422e-06	2.721104e-05	5.476617e-05
1	1-171302321	173190610	7	G	A	0.032	0.1217811	0.02686767	140.9234	1e-05	1e-05	9.561963e-06	0.000898437	0.002602244
1	1-171303788	173192077	7	A	G	0.034	0.1147779	0.02527726	140.9579	1e-05	1e-05	9.230999e-06	0.000865621	0.001396119
1	1-171303915	173192204	8	A	C	0.021	0.2018309	0.03717646	145.0239	1e-05	1e-05	1.493454e-07	1.160632e-05	7.913395e-05
1	1-171328869	173217152	40	T	A	0.03	0.1347383	0.02960383	141.0031	1e-05	1e-05	8.815123e-06	0.0008244921	0.002481322
1	1-171423686	173311294	11	C	A	0.035	0.1216775	0.02626491	141.3516	1e-05	1e-05	6.177537e-06	0.0005667052	0.001222168
1	1-171433863	173321471	10	A	G	0.035	0.117454	0.02545354	141.2729	1e-05	1e-05	6.693558e-06	0.0006166856	0.00192649
1	1-171434539	173322147	3	T	C	0.043	0.1217376	0.02533463	142.1549	0.003181962	1e-05	2.861406e-06	0.0002399912	0.0007161653
1	1-171434564	173322172	4	G	A	0.025	0.1424712	0.03122177	141.0534	1e-05	1e-05	8.373604e-06	0.0007809611	0.001104207
1	1-171436563	173324171	7	T	C	0.025	0.1353421	0.02979412	140.9657	1e-05	1e-05	9.158392e-06	0.0008584317	0.002270228
1	1-171436592	173324200	7	T	C	0.025	0.1363268	0.0297754	141.1188	1e-05	1e-05	7.833383e-06	0.0007278943	0.00201812
1	1-171437738	173325346	5	G	A	0.016	0.2074738	0.04526461	141.1405	1e-05	1e-05	7.661881e-06	0.0007110941	0.001735827
1	1-171437877	173325485	10	G	A	0.014	0.2572973	0.05549878	141.519	0.0106544	1e-05	6.086012e-06	0.0004735299	0.0008895568
1	1-171438375	173325983	21	G	T	0.027	0.1359298	0.02982521	141.0293	1e-05	1e-05	8.582022e-06	0.0008014922	0.001935516
1	1-204837793	207628805	34	A	G	0.026	-0.1861924	0.03907268	145.9521	0.5113316	1e+05	3.425319e-06	4.397648e-06	1.168422e-05
1	1-206481365	209263844	15	T	C	0.021	0.1737999	0.03485042	143.2289	1e-05	1e+05	1.243088e-06	7.674368e-05	0.0001345561
1	1-221551824	224779981	30	A	G	0.021	0.1880032	0.0414917	145.7927	0.7140542	1e+05	9.625197e-06	5.193668e-06	1.342911e-05
1	1-224009661	227556433	9	A	G	0.046	0.1158026	0.0228143	143.3386	1e-05	1e-05	8.20382e-07	6.834004e-05	0.0001819564
1	1-225869054	229469217	18	A	G	0.024	0.1411149	0.03046223	141.3505	1e-05	1e-05	6.184228e-06	0.0005673517	0.001429603
1	1-225873807	229473970	14	G	A	0.038	0.1167416	0.0252714	141.6597	0.01780722	1e+05	6.546264e-06	0.0004072582	0.0005900858
1	1-225922274	229501013	27	G	A	0.04	0.1155262	0.02463322	141.5996	1e-05	1e-05	4.798134e-06	0.0004343712	0.0009746348
1	1-243710148	247315050	26	T	A	0.095	0.07222764	0.01586432	141.0093	1e-05	1e-05	8.75953e-06	0.0008190032	0.002960477
1	1-270050661	274741384	33	G	C	0.047	0.1323446	0.02801088	141.7522	1e-05	1e-05	4.107304e-06	0.0003688859	0.001407901
1	1-270050681	274741404	21	G	A	0.034	0.1637436	0.03550511	141.2617	1e-05	1e-05	6.770688e-06	0.0006241766	0.0008759304
1	1-272518970	277212067	11	G	C	0.192	0.05852511	0.0120842	146.166	0.4552578	1e+05	2.409244e-06	3.517771e-06	9.699223e-06
1	1-284129874	289178640	10	C	G	0.391	0.05093444	0.01081655	146.1643	0.5892539	1e+05	4.407662e-06	3.524211e-06	9.714006e-06
1	1-292494255	297940048	16	A	C	0.06	0.1351052	0.02900675	146.607	0.8496614	1e+05	5.53226e-06	2.221668e-06	6.624646e-06
1	1-294741011	300212459	34	G	A	0.338	-0.04842068	0.01067843	145.722	0.7703026	1e+05	9.487305e-06	5.591753e-06	1.428666e-05
1	1-294784666	300243248	26	A	G	0.344	-0.05425512	0.01061584	147.8475	0.5491617	1e+05	6.958325e-07	6.120183e-07	2.306674e-06
1	1-300157925	305685643	3	A	C	0.041	0.1561685	0.0338689	141.258	1e-05	1e-05	6.796357e-06	0.0006266707	0.001472836
1	1-300158243	305685961	20	A	G	0.063	0.1027636	0.02134475	142.2846	1e-05	1e+05	2.743669e-06	0.0002090206	0.0003253086
1	1-300158325	305686043	30	G	A	0.077	0.08557017	0.01863659	141.1744	1e-05	1e-05	7.400744e-06	0.0006855581	0.0009553161
1	1-300164185	305689855	33	A	T	0.096	0.08466291	0.01778493	142.4048	0.03994181	1e-05	3.50174e-06	0.0001839034	0.0003123469
1	1-300165925	305691595	11	A	T	0.075	0.08673451	0.01829114	141.8275	1e-05	1e-05	3.804418e-06	0.0003403647	0.001498781
1	1-300166187	305691857	14	T	C	0.069	0.09514216	0.01926275	144.4781	0.07219361	1e+05	1.55142e-06	2.057616e-05	4.308941e-05
1	1-300167368	305693038	13	T	C	0.05	0.1308711	0.02539805	144.0113	1e-05	1e+05	5.700269e-07	3.361299e-05	6.569737e-05
1	1-300170286	305695955	26	G	C	0.073	0.09704311	0.01937507	143.0279	1e-05	1e-05	1.124016e-06	9.49376e-05	0.0003170047
1	1-300170289	305695958	26	A	G	0.073	0.1005677	0.01900871	144.353	1e-05	1e-05	2.940082e-07	2.346579e-05	0.0001127
1	1-300172961	305698630	6	T	C	0.075	0.0810327	0.01788555	141.0465	0.008987798	1e-05	9.645259e-06	0.0007867919	0.00123506
1	1-300173031	305698700	8	T	C	0.078	0.0811273	0.01788061	141.4376	0.03425863	1e+05	9.37583e-06	0.0005167376	0.0007309555
1	1-300190898	305717191	35	A	G	0.071	0.09598131	0.01925013	142.9239	1e-05	1e-05	1.248975e-06	0.0001059905	0.0002553828
1	1-300193715	305720008	3	T	C	0.079	0.08909257	0.01751783	143.3848	1e-05	1e-05	7.828332e-07	6.508008e-05	0.0002367335
1	1-300193876	305720169	3	A	G	0.079	0.0804599	0.01759116	141.099	1e-05	1e-05	7.992927e-06	0.0007435436	0.00193534
1	1-300194353	305720646	3	T	C	0.07	0.08905673	0.01859177	142.0406	1e-05	1e-05	3.062941e-06	0.0002710947	0.0006723214
1	1-300194924	305721217	2	G	C	0.07	0.09117565	0.01865106	142.4806	1e-05	1e-05	1.958467e-06	0.0001696642	0.000357317
1	1-300211246	305737539	10	T	C	0.044	0.1340989	0.02718499	142.6813	1e-05	1e-05	1.597512e-06	0.0001370924	0.0003660104
1	1-300221371	305747663	14	A	T	0.081	0.08507142	0.01762784	142.2001	1e-05	1e-05	2.604335e-06	0.0002286933	0.0008156167
1	1-300222946	305749238	3	A	C	0.072	0.08154084	0.01801315	140.8985	1e-05	1e-05	9.808721e-06	0.0009229511	0.001687963
1	1-300224237	305750529	27	T	C	0.071	0.1004102	0.01925499	143.9909	1e-05	1e-05	4.239199e-07	3.434218e-05	0.0001756586
1	1-300224278	305750570	24	T	A	0.075	0.08726609	0.01868793	141.5116	1e-05	1e-05	5.247821e-06	0.0004772951	0.001069364
1	1-300229440	305755732	14	A	G	0.064	0.09505957	0.01955026	142.3628	1e-05	1e-05	2.2074e-06	0.0001923109	0.000756165
1	1-300262118	305788913	21	T	C	0.076	0.08461406	0.01848845	141.1106	1e-05	1e-05	7.899046e-06	0.0007343326	0.001691104
1	1-300324547	305877042	17	T	G	0.096	0.07447399	0.01597221	141.5137	0.002140627	1e-05	5.411189e-06	0.0004762171	0.000984307
1	1-300325934	305878429	13	G	C	0.09	0.08269378	0.01651328	143.0235	1e-05	1e-05	1.128974e-06	9.537506e-05	0.0003391165
1	1-300339633	305892381	28	A	G	0.094	0.07915324	0.0170582	141.7931	0.03170561	1e-05	5.977131e-06	0.0003530978	0.0005339079
1	1-300339589	305892425	24	A	G	0.095	0.07870239	0.01698931	141.9689	0.04307623	1e+05	6.183911e-06	0.0002926456	0.0004389711
1	1-300338620	305893394	20	A	C	0.095	0.07575314	0.0167353	142.0625	0.08184126	1e+05	9.816817e-06	0.0002648176	0.0004015345
1	1-300351845	305908158	5	C	G	0.08	0.08395026	0.01743796	142.1477	1e-05	1e-05	2.74672e-06	0.000241818	0.0005057842
1	1-300353288	305909601	11	A	G	0.077	0.08958758	0.01781633	143.1188	1e-05	1e-05	1.025066e-06	8.622701e-05	0.0002598088
1	1-300354345	305910658	13	A	G	0.068	0.09568752	0.01943594	142.6377	1e-05	1e-05	1.669791e-06	0.0001435874	0.0006876686
1	1-300355524	305911837	3	A	G	0.079	0.08712693	0.01736618	143.0664	1e-05	1e-05	1.080887e-06	9.113623e-05	0.0002854059
1	1-300356306	305912619	3	A	G	0.079	0.0883065	0.01734984	143.4032	1e-05	1e-05	7.684405e-07	6.383242e-05	0.0002251824
1	1-300360641	305916954	12	T	C	0.068	0.08869298	0.01904779	141.4538	1e-05	1e-05	5.566038e-06	0.0005078004	0.001300102
1	1-300367406	305923719	10	G	A	0.084	0.08843058	0.01728495	143.5258	1e-05	1e-05	6.786764e-07	5.607626e-05	0.0002230036
1	1-300377712	305934025	27	T	G	0.068	0.110217	0.02134819	144.1335	0.02942872	1e-05	5.4345e-07	2.955747e-05	6.897214e-05
1	1-300381013	305937326	43	T	C	0.071	0.1089716	0.02064308	144.2965	1e-05	1e-05	3.112575e-07	2.489962e-05	6.209491e-05
1	1-300409010	305965352	32	G	A	0.088	0.08676122	0.0176125	142.6508	1e-05	1e-05	1.647706e-06	0.0001416013	0.0004036731
1	1-300409194	305965536	44	T	G	0.091	0.08630304	0.01892072	141.0453	1e-05	1e-05	8.44317e-06	0.0007878104	0.002455423
1	1-300424077	305980419	42	A	C	0.087	0.09475241	0.01854101	143.4995	1e-05	1e-05	6.969753e-07	5.765375e-05	0.000257253
1	1-300424391	305980733	29	T	C	0.079	0.08991639	0.01957614	141.1815	1e-05	1e-05	7.347601e-06	0.000680368	0.001383586
1	1-300428012	305984354	26	T	C	0.095	0.08332013	0.01710452	142.4029	1e-05	1e-05	2.119368e-06	0.0001842863	0.0004087267
1	1-300428068	305984410	19	T	C	0.085	0.08769651	0.01745597	143.0979	1e-05	1e-05	1.04698e-06	8.815278e-05	0.000256842
1	1-300430674	305986956	32	T	C	0.088	0.0878251	0.01790265	142.5583	1e-05	1e-05	1.809859e-06	0.0001562136	0.0003674146
1	1-300431119	305987401	40	A	C	0.086	0.08869887	0.0192333	141.2613	1e-05	1e-05	6.77358e-06	0.0006244576	0.000910647
1	1-300432171	305988453	37	A	G	0.088	0.09400095	0.01962836	142.8274	0.02572838	1e+05	3.077881e-06	0.000117408	0.0001953682
1	1-300432413	305988695	43	A	G	0.088	0.0923869	0.01838709	143.101	1e-05	1e-05	1.043654e-06	8.78603e-05	0.0002469503
1	1-300434241	305990523	43	T	G	0.104	0.0847102	0.01698677	142.9277	1e-05	1e-05	1.244191e-06	0.0001055663	0.0005625462
1	1-300435333	305991615	23	T	C	0.054	0.1252044	0.02660811	141.6679	1e-05	1e-05	4.475691e-06	0.0004037342	0.0008779002
1	1-300445491	306001773	30	T	C	0.077	0.09090639	0.01993876	141.0367	1e-05	1e-05	8.517605e-06	0.0007951432	0.001231188
1	1-300448897	306005179	14	T	C	0.081	0.08741033	0.01780368	142.5763	1e-05	1e-05	1.77713e-06	0.0001532587	0.0003452608
1	1-300449526	306005808	19	G	A	0.08	0.08781946	0.01815656	142.2484	1e-05	1e-05	2.479463e-06	0.000217214	0.0006140186
1	1-300451682	306007964	38	T	C	0.091	0.09224894	0.01799149	143.5788	1e-05	1e-05	6.432384e-07	5.302686e-05	0.000214654
1	1-300459235	306015517	10	T	C	0.081	0.08790853	0.01741361	143.2105	1e-05	1e-05	9.340079e-07	7.824648e-05	0.0001722562
1	1-300461959	306018241	22	C	A	0.084	0.08695023	0.01758417	142.7357	1e-05	1e-05	1.511653e-06	0.0001293963	0.0003096221
1	1-301355981	306914007	2	T	C	0.036	0.1697435	0.03615721	142.5149	0.02688592	1e+05	4.698066e-06	0.0001635869	0.0002617892
1	1-301406633	306967427	14	T	C	0.059	0.0980778	0.02101887	141.8422	1e-05	1e+05	5.329061e-06	0.0003350697	0.0004954315
2	2-3913101	3924564	34	T	C	0.414	-0.04987778	0.01100569	145.3431	0.5701961	1e+05	9.587975e-06	8.309762e-06	1.993734e-05
2	2-14373847	14821258	20	A	G	0.041	0.151563	0.03347701	145.7667	0.8111442	1e+05	9.781693e-06	5.336445e-06	1.373775e-05
2	2-15425127	15769515	41	T	C	0.038	-0.1689597	0.03403202	146.8021	0.6099693	1e+05	1.378577e-06	1.813283e-06	5.602247e-06
2	2-30063970	30869004	33	A	G	0.016	0.2654386	0.05531661	142.0779	1e-05	1e-05	2.948742e-06	0.0002605021	0.0004788095
2	2-42786931	44000898	37	A	G	0.013	0.2246142	0.04666376	147.4519	1.385104	1e+05	2.756237e-06	9.227284e-07	3.220284e-06
2	2-71773114	73015961	44	C	T	0.097	-0.08303388	0.01692377	147.1559	0.6110257	1e+05	1.804533e-06	1.255051e-06	4.140656e-06
2	2-71773117	73015964	45	C	T	0.1	-0.07701331	0.01670877	145.804	0.5753672	1e+05	6.850679e-06	5.132862e-06	1.329729e-05
2	2-71932255	73182933	15	G	A	0.038	-0.1303568	0.02775455	145.2842	0.448022	1e+05	4.652846e-06	8.837808e-06	2.100188e-05
2	2-75162806	76545475	22	A	T	0.012	0.2858375	0.05866875	147.2719	0.6966625	1e+05	2.111417e-06	1.112552e-06	3.75172e-06
2	2-87293250	88971982	24	T	C	0.03	0.1271148	0.02807625	141.4076	1e-05	1e+05	9.777205e-06	0.000533652	0.0007524812
2	2-87293467	88972199	11	A	C	0.028	0.1288048	0.02799712	141.6904	1e-05	1e+05	7.110915e-06	0.0003941201	0.0005729767
2	2-87294079	88972809	8	G	C	0.028	0.1284877	0.02800106	141.587	1e-05	1e+05	7.493256e-06	0.0004402665	0.0006328637
2	2-87295077	88973806	29	A	G	0.031	0.1274063	0.0280511	141.5209	1e-05	1e+05	9.183985e-06	0.0004725483	0.0006744349
2	2-87299413	88977491	9	A	G	0.032	0.1250937	0.02706062	141.3085	1e-05	1e-05	6.4547e-06	0.0005935206	0.0008863595
2	2-87301464	88979542	14	A	G	0.028	0.1282767	0.02799317	141.6739	1e-05	1e+05	7.700387e-06	0.0004011136	0.00058209
2	2-87304168	88982245	14	T	C	0.033	0.1293008	0.02696808	142.0604	1e-05	1e-05	3.001778e-06	0.0002654188	0.000509773
2	2-87327464	89008093	19	G	A	0.029	0.1283233	0.02801126	141.7413	1e-05	1e+05	7.744003e-06	0.0003732394	0.0005456817
2	2-87327491	89008120	19	T	C	0.029	0.1272566	0.02804814	141.5122	1e-05	1e+05	9.37931e-06	0.0004770152	0.0006801679
2	2-87341030	89021659	15	T	C	0.024	0.1417757	0.03056246	142.0249	1e-05	1e+05	6.011558e-06	0.0002756738	0.0004161803
2	2-87341240	89021869	17	A	G	0.022	0.1633311	0.03274464	143.4763	1e-05	1e+05	1.237306e-06	5.908749e-05	0.0001071168
2	2-87342103	89022732	23	T	G	0.03	0.1287347	0.02801947	141.6948	1e-05	1e+05	7.305562e-06	0.0003922532	0.0005705415
2	2-87342119	89022748	15	T	C	0.029	0.1274576	0.02802417	141.5443	1e-05	1e+05	8.940368e-06	0.0004608588	0.0006594105
2	2-87342164	89022793	11	T	G	0.028	0.1276642	0.02799535	141.5942	1e-05	1e+05	8.483838e-06	0.0004368833	0.0006284922
2	2-87343065	89023694	13	A	G	0.028	0.1338869	0.02903034	141.8141	1e-05	1e+05	6.766748e-06	0.0003452677	0.0005089047
2	2-87343263	89023892	12	T	C	0.028	0.1296058	0.02795046	141.7405	1e-05	1e+05	6.062127e-06	0.0003735222	0.0005460523
2	2-87345289	89025917	9	A	G	0.023	0.1435385	0.03050918	142.2986	1e-05	1e+05	4.490302e-06	0.0002059194	0.0003210191
2	2-87370175	89050803	24	T	C	0.025	0.1446316	0.03050108	142.6877	0.006662886	1e+05	3.805026e-06	0.0001361568	0.0002226081
2	2-87370763	89051391	36	T	C	0.032	0.1276049	0.02812109	141.4793	1e-05	1e+05	9.354324e-06	0.0004941186	0.0007020775
2	2-87373872	89054500	18	T	C	0.029	0.1388862	0.02899236	142.9712	0.01361341	1e+05	3.058458e-06	0.0001008106	0.0001708739
2	2-87375044	89055672	11	T	C	0.028	0.1269141	0.02802211	141.412	1e-05	1e+05	9.710217e-06	0.0005310961	0.0007492321
2	2-87388203	89143371	1	A	G	0.013	0.2561675	0.05594932	141.6068	1e-05	1e+05	7.831388e-06	0.0004310042	0.0006208887
2	2-87388922	89144090	0	A	G	0.013	0.2569049	0.05594886	141.6422	1e-05	1e+05	7.392125e-06	0.000414976	0.0006001137
2	2-87394014	89149182	6	C	G	0.018	0.1784256	0.0394005	142.0724	0.03239731	1e+05	9.733837e-06	0.0002620506	0.0003977927
2	2-87394728	89149896	14	T	C	0.024	0.1381861	0.03041029	142.5354	0.06060962	1e+05	9.099763e-06	0.0001600721	0.0002568081
2	2-87394975	89150143	23	C	A	0.027	0.1410307	0.0297487	142.3711	1e-05	1e+05	3.824084e-06	0.0001906209	0.0002997657
2	2-87396730	89151898	5	T	G	0.03	0.1291326	0.02739168	142.5155	1e-05	1e+05	4.30352e-06	0.0001634872	0.0002616482
2	2-87396843	89152011	6	G	C	0.025	0.1418794	0.02964707	142.4837	1e-05	1e+05	3.125821e-06	0.000169108	0.0002695925
2	2-87399836	89155004	21	T	C	0.032	0.1244149	0.02750655	141.4517	1e-05	1e+05	9.964264e-06	0.000508956	0.0007210328
2	2-87400637	89155805	14	T	C	0.031	0.1709783	0.03081877	146.3641	1e-05	1e+05	8.265088e-08	2.861561e-06	8.169685e-06
2	2-87404869	89160037	14	T	C	0.028	0.1285687	0.02799099	141.6793	1e-05	1e+05	7.345851e-06	0.0003988409	0.00057913
2	2-87405393	89160561	8	A	G	0.032	0.1346392	0.02675834	143.1339	1e-05	1e-05	1.009485e-06	8.485896e-05	0.0001484649
2	2-87408420	89163588	2	T	G	0.02	0.1762852	0.03805574	141.3498	1e-05	1e-05	6.188705e-06	0.0005677844	0.0009507087
2	2-87410376	89165544	8	T	C	0.03	0.127337	0.02740791	141.8771	1e-05	1e+05	5.826091e-06	0.0003227825	0.0004791492
2	2-87414708	89169875	10	T	A	0.028	0.1395969	0.02895758	143.4006	0.02134343	1e+05	2.666873e-06	6.400412e-05	0.00011484
2	2-87418295	89173462	21	T	A	0.032	0.1276868	0.02742486	141.9503	1e-05	1e+05	5.577365e-06	0.0002984981	0.0004468018
2	2-87418389	89173556	23	A	C	0.03	0.1282129	0.02804575	141.6439	1e-05	1e+05	8.074114e-06	0.0004142265	0.0005991406
2	2-87425835	89181002	14	G	A	0.028	0.1276732	0.02800283	141.5288	1e-05	1e+05	8.51706e-06	0.000468603	0.0006693677
2	2-87426125	89181292	13	T	C	0.047	0.1064187	0.02236314	142.471	1e-05	1e+05	3.528672e-06	0.0001714067	0.0002728338
2	2-87426215	89181382	12	C	G	0.026	0.1407446	0.02968339	142.3401	1e-05	1e+05	3.810536e-06	0.0001970095	0.0003086605
2	2-87427023	89182190	20	A	G	0.034	0.129545	0.02705446	142.2514	1e-05	1e+05	3.088088e-06	0.0002165347	0.0003356765
2	2-87427316	89182483	25	T	C	0.045	0.1089333	0.0230256	141.8623	1e-05	1e+05	3.995014e-06	0.0003279154	0.0004859576
2	2-87427404	89182570	20	T	G	0.032	0.1394889	0.02958443	142.4464	0.01351531	1e+05	4.291233e-06	0.0001759515	0.0002792298
2	2-87428625	89183791	17	T	C	0.053	0.1040614	0.02166084	142.3641	1e-05	1e+05	2.875162e-06	0.0001920589	0.0003017703
2	2-87431152	89186318	18	G	T	0.031	0.1257684	0.02753538	141.7101	0.0002295256	1e+05	8.217554e-06	0.0003858913	0.0005622357
2	2-87431184	89186350	20	C	G	0.029	0.128503	0.0279943	141.6457	1e-05	1e+05	7.439302e-06	0.0004134466	0.0005981278
2	2-87432386	89187549	12	A	G	0.028	0.1296521	0.027963	141.7832	1e-05	1e+05	6.073445e-06	0.000356884	0.0005242086
2	2-87432872	89188035	19	A	G	0.024	0.1446212	0.03045178	142.4524	1e-05	1e+05	3.681978e-06	0.0001748265	0.0002776481
2	2-87436909	89192072	7	T	C	0.028	0.1302488	0.02797116	141.8165	1e-05	1e+05	5.561078e-06	0.0003443955	0.0005077537
2	2-87439503	89194665	14	T	C	0.028	0.1327996	0.02792601	142.1667	1e-05	1e+05	3.580645e-06	0.000236974	0.0003637087
2	2-87442142	89197304	45	C	A	0.039	0.1289124	0.02692751	142.0285	1e-05	1e-05	3.100905e-06	0.0002746208	0.0004312357
2	2-87444473	89199635	20	T	C	0.029	0.1280768	0.02797806	141.6462	1e-05	1e+05	7.858975e-06	0.0004132103	0.000597821
2	2-87446448	89201610	28	A	G	0.025	0.1448435	0.03057849	142.676	0.01157864	1e+05	3.892431e-06	0.0001378715	0.0002250793
2	2-87448845	89204006	15	A	G	0.029	0.1279907	0.02802106	141.4917	1e-05	1e+05	8.212533e-06	0.000487621	0.0006937618
2	2-87477330	89232487	4	T	A	0.02	0.173403	0.03781595	143.1053	0.07352271	1e+05	7.599591e-06	8.746542e-05	0.0001508683
2	2-87480108	89235265	25	A	G	0.03	0.1302853	0.02798136	141.8208	1e-05	1e+05	5.570792e-06	0.0003427966	0.0005056431
2	2-87491181	89246338	10	T	G	0.014	0.2573021	0.05595073	141.6942	1e-05	1e+05	7.170901e-06	0.0003925189	0.0005708883
2	2-87493023	89248180	6	T	C	0.023	0.1794887	0.03598761	142.9308	1e-05	1e-05	1.240265e-06	0.0001052182	0.0002017902
2	2-87493827	89248984	12	T	G	0.028	0.1294239	0.02795354	141.8199	1e-05	1e+05	6.252308e-06	0.0003431176	0.0005060669
2	2-87495873	89251030	11	T	G	0.03	0.1247629	0.02732123	141.663	1e-05	1e+05	8.253528e-06	0.0004058308	0.0005882293
2	2-87496162	89251319	11	C	A	0.026	0.1419944	0.02966447	142.5269	1e-05	1e+05	3.110789e-06	0.0001615271	0.0002588714
2	2-87496532	89251689	16	T	A	0.024	0.1471807	0.03211276	142.0193	0.01523316	1e+05	7.672964e-06	0.0002773269	0.0004184058
2	2-87496741	89251898	14	A	G	0.028	0.1272207	0.02801677	141.4892	1e-05	1e+05	9.226193e-06	0.0004889082	0.0006954098
2	2-87497155	89252312	20	T	C	0.024	0.1415916	0.03065976	142.3375	0.02098454	1e+05	6.585357e-06	0.0001975637	0.0003094307
2	2-87499112	89254269	9	G	A	0.042	0.1069818	0.02289226	141.8514	1e-05	1e+05	5.164296e-06	0.0003317593	0.0004910501
2	2-87516224	89271519	17	C	T	0.029	0.1281844	0.02799596	141.6646	1e-05	1e+05	7.827637e-06	0.0004051279	0.0005873148
2	2-87520306	89275602	14	A	C	0.021	0.1594412	0.03453321	143.5507	0.09160509	1e+05	6.617702e-06	5.4624e-05	0.0001000419
2	2-87522137	89277433	29	C	T	0.031	0.1335614	0.02791201	142.4171	1e-05	1e+05	3.133231e-06	0.0001815127	0.0002870341
2	2-87530209	89285505	21	A	G	0.037	0.1294066	0.0253408	146.0166	0.1008703	1e+05	7.095223e-07	4.111207e-06	1.104519e-05
2	2-87537196	89292492	19	G	A	0.029	0.1281031	0.02804094	141.6048	1e-05	1e+05	8.185032e-06	0.000431942	0.0006221022
2	2-87544702	89299998	14	T	C	0.028	0.127318	0.02803382	141.5858	1e-05	1e+05	9.197831e-06	0.0004407997	0.0006335523
2	2-87545751	89301047	23	C	G	0.025	0.1424532	0.03062676	142.2502	0.006958314	1e+05	5.69214e-06	0.0002167989	0.0003360404
2	2-87545994	89301290	17	A	G	0.026	0.1360007	0.02999996	142.2176	0.04156853	1e+05	9.531559e-06	0.0002244628	0.0003465784
2	2-87546173	89301469	9	T	C	0.028	0.1285638	0.0279793	141.655	1e-05	1e+05	7.289973e-06	0.0004093224	0.0005927694
2	2-87547215	89302511	12	A	G	0.031	0.1271525	0.02737895	142.4834	0.00886443	1e+05	5.873166e-06	0.0001691639	0.0002696713
2	2-87547875	89303171	16	T	C	0.029	0.1272542	0.02798921	141.565	1e-05	1e+05	9.002101e-06	0.0004507692	0.0006464163
2	2-87548260	89303556	24	T	C	0.032	0.1287765	0.02729014	141.7261	1e-05	1e-05	4.218137e-06	0.0003793525	0.0005849474
2	2-87548345	89303641	21	A	G	0.029	0.1280742	0.0280339	141.6089	1e-05	1e+05	8.180925e-06	0.0004300488	0.0006196523
2	2-87548446	89303742	20	A	G	0.027	0.1409523	0.02964074	142.3913	1e-05	1e+05	3.581527e-06	0.0001865649	0.0002941037
2	2-87549324	89304620	17	T	C	0.034	0.1230351	0.02711687	141.8578	1e-05	1e+05	9.373734e-06	0.00032953	0.0004880973
2	2-87549568	89304864	26	T	C	0.03	0.1338295	0.02904101	142.8841	0.06542772	1e+05	6.876634e-06	0.0001105573	0.0001853053
2	2-87550308	89305604	13	C	T	0.024	0.160531	0.03188672	143.516	1e-05	1e+05	9.966143e-07	5.666326e-05	0.0001032822
2	2-87550420	89305716	16	G	A	0.031	0.1378181	0.02847888	145.205	0.1485329	1e+05	2.451224e-06	9.601933e-06	2.252685e-05
2	2-87551307	89306603	11	T	C	0.028	0.1288853	0.02800685	141.7054	1e-05	1e+05	7.071345e-06	0.0003878165	0.0005647504
2	2-87562073	89317369	45	A	G	0.022	0.161895	0.03378872	143.651	0.0644631	1e+05	3.045371e-06	4.913534e-05	9.124985e-05
2	2-87563620	89318916	3	T	C	0.029	0.1299846	0.02736049	142.1941	1e-05	1e+05	3.655222e-06	0.0002301697	0.0003544033
2	2-87566415	89321711	5	C	G	0.027	0.1328811	0.02936977	141.3615	1e-05	1e+05	9.907668e-06	0.0005607221	0.0007868148
2	2-87569216	89324510	18	A	T	0.039	0.1411338	0.02467686	146.4739	1e-05	1e-05	3.466683e-08	2.552147e-06	1.270553e-05
2	2-87576060	89331353	27	A	G	0.03	0.1286123	0.02802593	141.5961	1e-05	1e+05	7.481012e-06	0.000436006	0.0006273581
2	2-87576386	89331679	5	G	C	0.016	0.191153	0.04083932	142.7007	0.0324916	1e+05	4.999023e-06	0.0001342984	0.0002199261
2	2-87580303	89335596	15	A	G	0.021	0.2149328	0.04579436	141.9398	1e-05	1e+05	4.722362e-06	0.0003018663	0.0004513022
2	2-87580393	89335686	15	A	G	0.014	0.2598108	0.0558878	141.7924	1e-05	1e+05	5.754623e-06	0.0003533739	0.0005195888
2	2-87659187	89362756	9	T	C	0.023	0.1393304	0.030377	142.6462	0.05573615	1e+05	7.557903e-06	0.0001422888	0.0002314312
2	2-87659831	89363400	10	T	C	0.028	0.1274853	0.02801156	141.4908	1e-05	1e+05	8.823273e-06	0.0004880883	0.0006943601
2	2-87662571	89366139	29	A	G	0.026	0.1423702	0.03059194	142.2275	0.007683801	1e+05	5.627621e-06	0.0002221238	0.000343366
2	2-87664923	89368490	16	T	A	0.033	0.1225483	0.02683744	141.4202	1e-05	1e+05	8.260655e-06	0.0005264457	0.0007433174
2	2-87665500	89369067	17	A	C	0.029	0.12736	0.02800034	141.4776	1e-05	1e+05	8.925492e-06	0.0004950455	0.000703263
2	2-87665991	89369558	20	C	T	0.029	0.1279543	0.02803025	141.5326	1e-05	1e+05	8.313125e-06	0.0004666942	0.0006669147
2	2-87667901	89371468	12	T	C	0.028	0.127821	0.0280173	141.5375	1e-05	1e+05	8.409399e-06	0.000464221	0.0006637352
2	2-87668212	89371779	10	A	G	0.023	0.1410406	0.03064927	142.1861	0.01787681	1e+05	7.076253e-06	0.0002321222	0.0003570761
2	2-87669398	89372965	14	G	C	0.028	0.1283854	0.02800013	141.6242	1e-05	1e+05	7.608714e-06	0.0004230376	0.0006105713
2	2-87671247	89374813	19	T	C	0.032	0.1254141	0.02757758	141.3825	1e-05	1e+05	8.957725e-06	0.0005482261	0.0007709832
2	2-87677339	89380905	30	A	G	0.031	0.1450527	0.02888745	143.6186	1e-05	1e+05	1.059594e-06	5.084389e-05	9.399832e-05
2	2-88290707	90018896	19	A	G	0.029	0.1276174	0.02800699	141.5753	1e-05	1e+05	8.616471e-06	0.0004458296	0.0006400457
2	2-88300158	90028346	16	T	G	0.031	0.1258537	0.02750878	141.6998	1e-05	1e+05	7.952776e-06	0.0003901586	0.0005678083
2	2-88300238	90028426	24	C	G	0.027	0.1387675	0.02975764	142.1871	0.003973986	1e+05	5.39842e-06	0.0002318826	0.0003567482
2	2-88328967	90058579	16	T	G	0.014	0.2561014	0.05593929	141.6032	1e-05	1e+05	7.843719e-06	0.0004326751	0.0006230506
2	2-88329398	90059010	17	G	A	0.022	0.2026053	0.04106348	142.6864	1e-05	1e-05	1.58927e-06	0.0001363527	0.0002443128
2	2-89862617	91683620	18	C	T	0.024	0.1394466	0.03037755	142.6157	0.05321312	1e+05	7.435291e-06	0.0001469744	0.0002381471
2	2-89875922	91696981	14	T	C	0.024	0.1404954	0.03035805	142.7916	0.05346006	1e+05	6.308125e-06	0.0001219504	0.0002020066
2	2-89876034	91697093	19	A	G	0.024	0.1377122	0.03043306	142.4798	0.06181934	1e+05	9.879156e-06	0.0001698216	0.0002705991
2	2-100171783	102425835	32	A	T	0.026	0.1396935	0.030389	142.6214	0.04942045	1e+05	7.230218e-06	0.0001460964	0.0002368903
2	2-100189878	102443928	12	C	T	0.026	0.1546665	0.0291682	144.4442	1e-05	1e+05	2.774242e-07	2.132068e-05	4.44211e-05
2	2-100258597	102516491	29	A	T	0.026	0.1387992	0.03035724	142.4189	0.04835815	1e+05	8.051866e-06	0.0001811682	0.0002865512
2	2-100326547	102584210	5	T	C	0.023	0.1386171	0.03039562	142.5666	0.05785566	1e+05	8.475059e-06	0.0001548546	0.0002493935
2	2-100448260	102684531	24	C	T	0.027	0.1372277	0.02951419	143.4123	0.08056447	1e+05	5.735444e-06	6.321742e-05	0.0001136089
2	2-100559614	102797611	24	C	G	0.022	0.1622785	0.03262135	143.6667	0.01459474	1e+05	1.316846e-06	4.833052e-05	8.995133e-05
2	2-100561987	102799984	35	T	G	0.026	0.1471251	0.03219092	142.512	0.04546023	1e+05	8.115459e-06	0.0001641017	0.0002625179
2	2-100588891	102828007	16	A	G	0.024	0.1399141	0.03040003	142.7494	0.05790332	1e+05	7.05549e-06	0.0001275386	0.0002101384
2	2-100590191	102829307	8	T	G	0.023	0.1380586	0.03041786	142.5496	0.06356105	1e+05	9.312204e-06	0.0001576789	0.0002534101
2	2-100635120	102874231	13	A	G	0.028	0.145001	0.02859519	145.4859	0.08163799	1e+05	8.401453e-07	7.156842e-06	1.757879e-05
2	2-100642761	102881872	9	G	A	0.028	0.1369987	0.02864902	142.0044	1e-05	1e-05	3.177576e-06	0.0002817492	0.0006302175
2	2-100645033	102884144	36	A	C	0.029	0.1364243	0.02953864	141.6851	0.02007277	1e+05	6.575413e-06	0.0003963449	0.0005758774
2	2-100758526	102998427	5	T	C	0.03	0.1323307	0.02693034	144.1915	0.07443731	1e+05	1.743663e-06	2.780822e-05	5.579826e-05
2	2-101558844	103811916	35	T	G	0.024	0.1588535	0.03508178	141.6603	0.05969626	1e+05	9.751582e-06	0.0004070067	0.0005897587
2	2-101574289	103827360	8	T	C	0.014	0.2173112	0.04803629	142.5389	0.06640425	1e+05	9.930041e-06	0.0001594761	0.0002559623
2	2-101580361	103833430	27	A	T	0.02	0.1565622	0.0338811	143.1704	0.0903214	1e+05	6.505627e-06	8.164118e-05	0.0001420362
2	2-101591421	103844490	5	T	C	0.023	0.1403898	0.03032326	142.7073	0.04829397	1e+05	6.257643e-06	0.0001333608	0.0002185716
2	2-101603143	103856212	33	C	G	0.029	0.1505093	0.02942754	147.1869	0.2168808	1e+05	6.834183e-07	1.215247e-06	4.032788e-06
2	2-101667661	103939796	28	A	T	0.028	0.1390789	0.02970551	143.0739	0.06551157	1e+05	4.970065e-06	9.042232e-05	0.0001553276
2	2-105250061	107577304	16	A	G	0.019	0.163703	0.03335635	144.4347	0.106128	1e+05	1.793333e-06	2.153493e-05	4.480323e-05
2	2-150453380	154410789	42	T	C	0.016	0.2196853	0.04747558	144.49	0.3060659	1e+05	6.325092e-06	2.031909e-05	4.262817e-05
2	2-176811182	181383184	16	C	A	0.354	0.05023093	0.01093168	144.135	0.294684	1e+05	7.289192e-06	2.950966e-05	5.872402e-05
2	2-176955783	181528814	36	A	G	0.452	-0.06053088	0.01329124	142.8985	0.18774	1e+05	8.707967e-06	0.0001088781	0.0001828289
2	2-182526805	187351998	13	T	A	0.047	-0.1047568	0.02248521	145.4745	0.509316	1e+05	5.502879e-06	7.24222e-06	1.77552e-05
2	2-184914907	189804921	17	A	G	0.406	-0.04851148	0.01037446	142.985	0.1064592	1e+05	5.101135e-06	9.935043e-05	0.0001686995
2	2-198402251	204237328	23	G	A	0.069	0.09176686	0.01950523	142.34	0.02539313	1e+05	4.490973e-06	0.0001970463	0.0003087117
2	2-198418305	204253487	18	T	C	0.043	0.1058109	0.02272141	141.8394	0.0193098	1e+05	5.552742e-06	0.0003360621	0.0004967441
2	2-198424226	204259408	18	C	G	0.043	0.113559	0.02334033	142.6111	0.01681415	1e-05	2.177027e-06	0.0001476962	0.0002836563
2	2-204769172	210662875	32	T	A	0.013	0.2054891	0.0442782	144.5315	0.3234812	1e+05	5.959348e-06	1.945259e-05	4.106791e-05
2	2-204769712	210663415	44	T	C	0.017	0.1833252	0.0382214	144.5757	0.1902208	1e+05	2.977252e-06	1.857165e-05	3.947243e-05
2	2-204769809	210663512	28	G	C	0.015	0.1828025	0.03818184	144.4389	0.1812025	1e+05	3.096788e-06	2.144008e-05	4.463412e-05
2	2-204769890	210663593	33	A	G	0.016	0.1839281	0.03820186	144.6046	0.1835039	1e+05	2.741585e-06	1.80158e-05	3.84607e-05
2	2-204769977	210663680	38	G	A	0.013	0.2046465	0.04423121	143.7235	0.1689843	1e+05	6.341467e-06	4.552127e-05	8.539872e-05
2	2-226395668	232738905	26	A	G	0.023	0.2063443	0.03706936	149.7456	0.4017877	1e+05	7.529151e-08	8.581301e-08	4.811561e-07
2	2-232990441	239222531	38	A	G	0.134	0.08628298	0.01646769	146.0577	0.102701	1e+05	3.76333e-07	3.938412e-06	1.065649e-05
3	3-26597929	26115733	12	T	C	0.028	0.1550068	0.0340208	145.3997	0.5778985	1e+05	8.631054e-06	7.831914e-06	1.89658e-05
3	3-27012980	26550275	37	A	G	0.056	0.1004527	0.02208821	145.0456	0.5467373	1e+05	8.953312e-06	1.134525e-05	2.594581e-05
3	3-27106663	26643620	42	A	G	0.055	0.1006358	0.02218277	145.0604	0.5641404	1e+05	9.396118e-06	1.117176e-05	2.560897e-05
3	3-27561147	27131995	21	C	T	0.061	0.09126247	0.01991341	145.0274	0.4566891	1e+05	7.68238e-06	1.156381e-05	2.636917e-05
3	3-27538289	27173440	42	T	C	0.014	0.2773066	0.05960102	141.4381	1e-05	1e-05	5.655818e-06	0.0005164258	0.00158153
3	3-36921104	36646484	11	G	A	0.224	-0.06645965	0.01432864	146.2662	0.8950435	1e+05	6.028703e-06	3.168724e-06	8.891663e-06
3	3-41741509	41313088	19	G	T	0.032	0.1329012	0.02701777	142.6187	1e-05	1e-05	1.702348e-06	0.0001465176	0.0002958347
3	3-41741634	41313213	30	A	G	0.036	0.1238227	0.02578008	142.7541	0.04039606	1e+05	2.889344e-06	0.0001268954	0.0002092043
3	3-41741637	41313216	32	C	T	0.036	0.1238187	0.02579151	142.7363	0.04040829	1e+05	2.919296e-06	0.0001293208	0.0002127239
3	3-48741966	48509871	28	A	C	0.033	0.1243612	0.02743073	143.1563	0.1861459	1e+05	9.519934e-06	8.286888e-05	0.0001439034
3	3-48713247	48539084	34	A	T	0.042	0.1180738	0.02501037	143.3245	0.1218311	1e+05	4.17694e-06	6.936466e-05	0.0001231849
3	3-48797709	48589645	32	T	G	0.028	0.1420302	0.02979535	143.38	0.1046016	1e+05	3.401217e-06	6.541592e-05	0.0001170452
3	3-48838325	48630495	21	T	G	0.034	0.1358097	0.02752378	145.1674	0.2298301	1e+05	1.586955e-06	9.987054e-06	2.328901e-05
3	3-48960452	48752961	21	A	T	0.029	0.1430516	0.03057579	144.2143	0.2327683	1e+05	5.043986e-06	2.714913e-05	5.465902e-05
3	3-51469259	51306523	22	A	C	0.032	0.1314609	0.02829395	143.2797	0.1257347	1e+05	5.819398e-06	7.27283e-05	0.0001283842
3	3-51769709	51618691	37	T	C	0.013	0.2327578	0.05029556	146.3654	0.8784063	1e+05	6.312106e-06	2.857502e-06	8.160066e-06
3	3-52214009	52094339	5	T	G	0.052	0.09536373	0.02106306	140.9019	1e-05	1e-05	9.775025e-06	0.0009196012	0.002001122
3	3-53287926	53134762	20	A	G	0.027	0.1484467	0.02941371	144.2962	0.05943304	1e+05	9.402175e-07	2.490913e-05	5.076073e-05
3	3-53255654	53166732	11	T	C	0.021	0.1614373	0.0347813	141.3896	1e-05	1e-05	5.942756e-06	0.0005440463	0.00129627
3	3-53254979	53167407	18	T	C	0.024	0.1460526	0.03185672	141.9757	0.04805084	1e+05	7.625323e-06	0.0002905378	0.0004361473
3	3-53346364	53238250	12	T	C	0.04	0.1284651	0.02430526	144.3284	1e-05	1e-05	3.014052e-07	2.408024e-05	5.212323e-05
3	3-53359294	53251179	30	G	A	0.023	0.1490908	0.03266841	141.0558	1e-05	1e-05	8.353116e-06	0.0007789445	0.001542891
3	3-53536329	53416970	22	T	C	0.027	0.1426682	0.03125235	141.0613	1e-05	1e-05	8.306824e-06	0.0007743893	0.001974242
3	3-53628122	53508757	21	G	A	0.022	0.1644336	0.03480794	142.524	0.0536246	1e+05	4.120769e-06	0.0001620216	0.0002595722
3	3-53676775	53553913	12	A	G	0.028	0.1336775	0.02890037	141.72	0.02595115	1e+05	6.377437e-06	0.0003818312	0.0005569286
3	3-54025648	53902655	10	C	A	0.026	0.162098	0.0346266	146.5927	0.8937788	1e+05	4.983459e-06	2.255078e-06	6.706896e-06
3	3-54179305	54062683	11	C	A	0.044	0.108141	0.02329671	141.7711	0.02917854	1e-05	5.932203e-06	0.0003615228	0.0005556752
3	3-54183592	54067318	13	A	T	0.052	0.1068004	0.0224264	142.3416	0.02539496	1e+05	3.472195e-06	0.0001967066	0.0003082395
3	3-54183941	54067667	8	T	C	0.044	0.1094165	0.02324389	141.9906	0.02344874	1e-05	4.439438e-06	0.0002859547	0.0004734429
3	3-54183978	54067704	8	C	T	0.044	0.1080424	0.02329878	141.8156	0.03342491	1e+05	6.054873e-06	0.0003447155	0.000508176
3	3-54183998	54067724	7	T	C	0.044	0.1083169	0.02326496	141.8328	0.02931375	1e-05	5.57945e-06	0.0003384374	0.0005144616
3	3-54191440	54076684	6	C	T	0.037	0.1171994	0.02490699	141.6678	1e-05	1e-05	4.476007e-06	0.0004037642	0.0007803224
3	3-54192733	54077977	40	A	C	0.049	0.1205357	0.02511368	142.435	0.01879723	1e+05	2.934544e-06	0.000178108	0.0002822588
3	3-54192736	54077980	40	G	A	0.046	0.1194055	0.02555228	142.4913	0.05156336	1e+05	5.170781e-06	0.0001677487	0.0002676737
3	3-54192903	54078147	30	G	A	0.049	0.1101029	0.023551	141.8401	0.02260889	1e-05	5.123035e-06	0.0003358123	0.0005749537
3	3-54192924	54078168	29	G	T	0.054	0.1073054	0.02301757	142.8931	0.08371872	1e+05	5.431069e-06	0.000109507	0.0001837569
3	3-54194409	54079653	32	C	T	0.049	0.1091092	0.02369125	142.0054	0.05604341	1e+05	6.962328e-06	0.0002814713	0.0004239797
3	3-54195003	54080247	34	G	C	0.05	0.1126425	0.02441364	141.8602	0.04467548	1e+05	6.709061e-06	0.0003286533	0.0004869355
3	3-54195027	54080271	36	T	C	0.069	0.1061964	0.0200551	144.8048	0.03382812	1e-05	2.874904e-07	1.460326e-05	4.050415e-05
3	3-54195490	54080734	39	A	G	0.024	0.1609735	0.03526853	143.4038	0.1242021	1e+05	8.336272e-06	6.378827e-05	0.0001145024
3	3-54195803	54081047	40	T	C	0.054	0.1099434	0.02361999	142.018	0.03262718	1e+05	5.607084e-06	0.0002777169	0.0004189306
3	3-54195805	54081049	41	G	A	0.054	0.1094568	0.02363201	141.9495	0.03407109	1e+05	6.20428e-06	0.0002987574	0.0004471484
3	3-54195807	54081051	39	C	T	0.062	0.1233443	0.02180351	146.1585	1e-05	1e-05	4.76148e-08	3.545664e-06	1.3991e-05
3	3-54195874	54081118	35	T	G	0.05	0.1336686	0.0257894	144.8815	0.04994579	1e+05	4.933771e-07	1.347404e-05	3.002554e-05
3	3-54196920	54082164	34	C	G	0.047	0.119062	0.02543761	141.559	1e-05	1e-05	5.000338e-06	0.0004536446	0.0009236452
3	3-54197228	54082472	38	A	C	0.056	0.1035894	0.02287579	142.3956	0.09289435	1e+05	9.741039e-06	0.0001857299	0.0002929366
3	3-54204939	54090182	18	A	C	0.041	0.1257233	0.02725211	141.2682	1e-05	1e-05	6.726049e-06	0.0006198405	0.001027631
3	3-54205301	54090544	16	T	C	0.048	0.1054627	0.02287051	141.7087	0.0305861	1e+05	6.786625e-06	0.0003864635	0.0005629832
3	3-54247700	54132869	4	T	C	0.036	0.1217459	0.02643924	141.4562	0.01606629	1e-05	6.984454e-06	0.0005065117	0.0007379637
3	3-54247701	54132870	4	A	T	0.036	0.1217459	0.02643924	141.4562	0.01606629	1e-05	6.984454e-06	0.0005065117	0.0007379637
3	3-54247722	54132891	6	C	T	0.041	0.1237952	0.02452837	143.2048	1e-05	1e-05	9.394687e-07	7.872407e-05	0.0002231626
3	3-54249939	54135108	11	T	C	0.044	0.107229	0.02330537	141.6061	0.03019121	1e-05	7.098584e-06	0.0004313236	0.0006393084
3	3-54249959	54135128	10	A	G	0.044	0.1079303	0.02327503	141.7232	0.02672321	1e-05	6.057155e-06	0.0003805159	0.0005959579
3	3-54251415	54136584	13	T	C	0.045	0.1094858	0.02378265	141.2263	1e-05	1e-05	7.019451e-06	0.0006483718	0.001324557
3	3-54251432	54136601	18	G	A	0.046	0.11254	0.02405365	141.8155	0.01923095	1e-05	5.041418e-06	0.000344763	0.0005404521
3	3-54251966	54137135	11	A	G	0.049	0.0997144	0.02204905	141.7151	0.06031468	1e+05	9.994956e-06	0.0003838488	0.0005595665
3	3-54252025	54137194	12	A	G	0.045	0.1079115	0.02330368	141.7177	0.02875556	1e-05	6.233155e-06	0.0003827469	0.0005994214
3	3-54252140	54137309	21	A	C	0.054	0.1008092	0.02198322	142.3683	0.08301351	1e+05	7.590113e-06	0.0001911854	0.0003005529
3	3-108768279	94667375	8	G	C	0.014	0.2190896	0.04797891	142.6402	0.06223334	1e+05	8.258685e-06	0.0001432118	0.0002327559
3	3-94584039	104590389	43	A	G	0.137	-0.06616323	0.01452623	142.5035	0.1043681	1e+05	8.687335e-06	0.0001655913	0.0002646252
3	3-94514909	104672548	29	G	A	0.176	-0.06994248	0.01468031	144.6543	0.209606	1e+05	3.439392e-06	1.709968e-05	3.678427e-05
3	3-113635409	114028983	9	T	C	0.039	0.1251275	0.02584731	144.9812	0.1941592	1e+05	2.432161e-06	1.213713e-05	2.747455e-05
3	3-146900920	148006802	35	T	C	0.026	0.1631141	0.03406479	142.0327	1e-05	1e-05	3.087467e-06	0.0002733724	0.001018525
3	3-147112416	148213897	40	A	G	0.022	0.1556662	0.03349677	144.1255	0.2413042	1e+05	5.795181e-06	2.980669e-05	5.923261e-05
3	3-150385930	151653249	39	T	A	0.013	0.2238499	0.04626892	147.5575	1.396788	1e+05	2.465671e-06	8.269351e-07	2.94522e-06
3	3-153973012	155347870	11	C	T	0.072	0.08299164	0.01829679	145.2271	0.5253296	1e+05	9.429103e-06	9.381899e-06	2.208952e-05
3	3-153973139	155347997	14	C	T	0.073	0.08790603	0.01840816	146.5575	0.5966582	1e+05	3.273194e-06	2.339324e-06	6.913452e-06
3	3-153973220	155348078	6	C	G	0.071	0.08445367	0.0182533	145.6198	0.5321622	1e+05	6.341046e-06	6.222083e-06	1.562671e-05
3	3-154056119	155431227	9	G	T	0.035	0.1169997	0.02503142	144.0337	0.205442	1e+05	5.145103e-06	3.28292e-05	6.437381e-05
3	3-154061903	155437057	15	G	A	0.026	0.1552717	0.02898365	147.6064	0.2712864	1e+05	2.125437e-07	7.859867e-07	2.826009e-06
3	3-154091745	155466899	8	A	G	0.03	0.1408454	0.02672939	146.4857	0.1863343	1e+05	3.25957e-07	2.520867e-06	7.354671e-06
3	3-154131391	155500215	6	A	G	0.03	0.1376406	0.02665098	145.6015	0.1470223	1e+05	5.38977e-07	6.342034e-06	1.587944e-05
3	3-154143134	155515106	46	T	A	0.031	0.1461267	0.02932706	145.0731	0.1685536	1e+05	1.268557e-06	1.102363e-05	2.532083e-05
3	3-154146284	155518254	12	T	C	0.028	0.1438052	0.02718825	146.3783	0.1611405	1e+05	2.959668e-07	2.819393e-06	8.069662e-06
3	3-154152866	155524833	19	C	A	0.024	0.1539982	0.0297369	145.5756	0.1280795	1e+05	5.038386e-07	6.515881e-06	1.624452e-05
3	3-168354409	170881992	9	T	C	0.069	0.08558682	0.01888977	141.2869	0.02844611	1e-05	9.635585e-06	0.0006074637	0.001280726
3	3-168355074	170882657	19	A	G	0.068	0.08714516	0.01908272	141.213	0.009982603	1e-05	8.246754e-06	0.0006576929	0.001635324
3	3-190627826	193476216	2	G	C	0.312	-0.04962414	0.01064028	145.1491	0.466544	1e+05	5.385433e-06	1.018002e-05	2.366935e-05
3	3-197737823	200742686	16	T	C	0.022	0.1949535	0.04081697	142.2213	1e-05	1e+05	3.25994e-06	0.0002235846	0.0003453726
3	3-204539787	207762562	25	T	A	0.037	0.1166494	0.02542817	141.6525	0.01693305	1e+05	7.534721e-06	0.0004104425	0.0005942251
3	3-204539805	207762580	25	T	C	0.037	0.1199458	0.02540044	142.7445	0.04162049	1e+05	4.154593e-06	0.0001281911	0.0002110854
3	3-204540096	207762871	18	A	G	0.031	0.1339099	0.02701425	142.7914	1e-05	1e-05	1.428703e-06	0.0001219816	0.000235525
3	3-204540340	207763115	8	G	A	0.039	0.1115118	0.02392767	142.4819	0.06658194	1e+05	5.467813e-06	0.0001694336	0.0002700519
3	3-204540659	207763434	13	A	G	0.033	0.1182478	0.02579659	141.752	0.02823787	1e+05	7.65266e-06	0.0003689643	0.0005400771
3	3-205765225	209092043	6	T	C	0.438	-0.05322484	0.01129314	145.4795	0.399801	1e+05	4.328039e-06	7.204828e-06	1.767797e-05
3	3-216017178	219548537	15	A	C	0.245	0.05095211	0.01111973	144.1242	0.30965	1e+05	7.71019e-06	2.98461e-05	5.930005e-05
3	3-216017266	219548625	10	A	G	0.295	0.04856674	0.01044459	144.9371	0.3750139	1e+05	5.725493e-06	1.271145e-05	2.857483e-05
3	3-216024749	219556106	23	G	A	0.257	0.05262123	0.01136149	145.1447	0.3998928	1e+05	6.209005e-06	1.022742e-05	2.376263e-05
3	3-216024752	219556109	31	C	T	0.268	0.05221976	0.01140408	144.6487	0.3507796	1e+05	7.815018e-06	1.720056e-05	3.696944e-05
3	3-216025565	219556922	14	C	T	0.244	0.0565413	0.01184489	144.7568	0.2354602	1e+05	3.30146e-06	1.535767e-05	3.356336e-05
3	3-216026130	219557487	33	C	G	0.24	0.05338799	0.01178466	143.7729	0.2692668	1e+05	9.65901e-06	4.320787e-05	8.162495e-05
3	3-216026131	219557488	33	C	T	0.234	0.0552507	0.01179655	144.4895	0.2803628	1e+05	4.932472e-06	2.033058e-05	4.264881e-05
3	3-216026218	219557575	32	C	T	0.262	0.05201171	0.01132713	144.2976	0.28152	1e+05	7.392126e-06	2.487188e-05	5.069554e-05
3	3-216026465	219557822	38	A	G	0.246	0.05377772	0.01159232	144.8498	0.3457018	1e+05	6.006352e-06	1.393046e-05	3.08885e-05
3	3-221331189	225017901	34	C	A	0.055	0.0980949	0.02160796	142.1634	0.07622293	1e+05	9.271092e-06	0.0002378027	0.0003648404
3	3-221331237	225017949	37	C	T	0.056	0.09909107	0.02166911	142.4094	0.08341577	1e+05	8.026522e-06	0.0001830086	0.0002891293
3	3-221331250	225017962	37	T	C	0.059	0.1036807	0.02135819	143.3912	0.07040504	1e+05	2.288773e-06	6.464314e-05	0.0001158388
3	3-221526526	225204892	19	T	C	0.022	0.1623205	0.03234125	143.6112	0.0452638	1e-05	1.071102e-06	5.124597e-05	0.0001044103
3	3-221526546	225204912	22	A	G	0.022	0.1618107	0.03237737	143.5438	0.04871427	1e-05	1.183169e-06	5.502314e-05	0.0001048069
3	3-226568855	230397479	14	A	C	0.033	0.1296865	0.02672732	142.3175	1e-05	1e-05	2.311505e-06	0.0002018221	0.0004185694
3	3-231121210	235350901	24	A	G	0.017	0.1922503	0.04237547	146.2045	1.279426	1e+05	9.389434e-06	3.379527e-06	9.380911e-06
4	4-10252684	11115473	29	T	C	0.015	0.2855923	0.05452094	144.1024	1e-05	1e-05	3.787254e-07	3.053925e-05	0.000221153
4	4-17761640	18911234	26	T	C	0.113	0.07125771	0.01555817	141.7428	0.05734899	1e-05	7.779616e-06	0.0003726343	0.0008422196
4	4-27505134	28994087	7	G	C	0.037	0.1205844	0.02609687	146.4968	1.278825	1e+05	6.513718e-06	2.491889e-06	7.284586e-06
4	4-27553985	29042935	19	T	C	0.085	0.09939957	0.01918906	149.0761	0.9900931	1e+05	5.006716e-07	1.714053e-07	8.310698e-07
4	4-27692919	29205574	21	T	C	0.032	0.1440928	0.02850954	148.1688	7.501183	1e+05	9.083917e-07	4.385783e-07	1.762215e-06
4	4-28052846	29547736	34	T	G	0.086	0.08829664	0.01757651	147.0737	0.3317652	1e+05	1.048499e-06	1.367021e-06	4.441133e-06
4	4-30614555	32136806	24	T	C	0.015	0.2080536	0.04436733	146.882	1.676655	1e+05	4.809017e-06	1.668646e-06	5.231612e-06
4	4-41610067	43329201	37	T	G	0.013	0.2166182	0.04710382	146.5074	1.469189	1e+05	7.170469e-06	2.46444e-06	7.218081e-06
4	4-55053025	57307993	30	T	G	0.062	0.1037477	0.02256018	146.3971	1.652025	1e+05	7.171476e-06	2.764755e-06	7.939716e-06
4	4-98483902	105791222	22	T	A	0.012	0.2058256	0.04546141	146.2297	1.676762	1e+05	9.777327e-06	3.291686e-06	9.177626e-06
4	4-171195333	174204984	29	T	C	0.138	0.08184708	0.01693185	146.6051	0.6784595	1e+05	2.512095e-06	2.226068e-06	6.635488e-06
4	4-206345090	210720501	17	A	C	0.139	0.0658771	0.01433812	143.5165	0.1855002	1e+05	7.303406e-06	5.662988e-05	0.0001032292
4	4-206497141	210879200	32	T	A	0.073	0.1167292	0.02305416	145.7549	0.1572508	1e+05	8.705413e-07	5.403017e-06	1.388124e-05
4	4-207041116	211439411	5	A	C	0.095	0.07343058	0.01612229	144.0217	0.1812262	1e+05	8.692692e-06	3.324709e-05	6.507995e-05
4	4-214302818	217820586	44	C	G	0.022	0.1583619	0.03303433	145.4714	0.2743216	1e+05	3.011665e-06	7.266249e-06	1.780479e-05
4	4-223739501	227580523	7	T	A	0.016	-0.2322497	0.05030732	144.9446	0.4412481	1e+05	6.629969e-06	1.261288e-05	2.838649e-05
4	4-241446265	246438102	30	G	C	0.038	0.1245902	0.02618439	141.9124	0.0008761679	1e-05	3.536292e-06	0.0003108521	0.0006565594
4	4-241519166	246490846	3	T	G	0.011	0.2759876	0.05794852	147.2342	1.402715	1e+05	3.466365e-06	1.156974e-06	3.873807e-06
5	5-2325740	2405950	32	T	A	0.194	-0.05853801	0.01285786	145.2952	0.4673336	1e+05	8.764578e-06	8.736803e-06	2.079895e-05
5	5-2806215	2888434	13	A	C	0.309	-0.05155797	0.01114846	145.3194	0.4710712	1e+05	6.399606e-06	8.5181e-06	2.035845e-05
5	5-13731445	14083569	27	A	G	0.048	-0.1085536	0.022529	144.7517	0.2159164	1e+05	2.695332e-06	1.54391e-05	3.371497e-05
5	5-13731573	14083697	41	C	A	0.076	-0.08708634	0.01872989	145.059	0.3856412	1e+05	5.734364e-06	1.118705e-05	2.563869e-05
5	5-14323452	14748866	9	A	G	0.183	-0.06308778	0.01318587	146.7707	0.9366116	1e+05	3.141523e-06	1.873628e-06	5.755462e-06
5	5-21341280	21861627	19	G	T	0.058	0.09810951	0.01983737	142.7398	1e-05	1e-05	1.505456e-06	0.0001288416	0.0005361035
5	5-43867028	45163938	5	A	G	0.02	0.1957415	0.04323848	146.1851	2.080438	1e+05	9.796796e-06	3.448461e-06	9.539878e-06
5	5-52908960	54539133	10	T	C	0.04	0.1537295	0.03368067	142.3793	0.08911418	1e+05	8.332727e-06	0.0001889654	0.0002974561
5	5-54651843	56341940	11	C	T	0.019	0.1767902	0.03902187	144.4706	0.2051361	1e+05	9.648677e-06	2.073689e-05	4.337741e-05
5	5-61247752	63024921	28	T	C	0.013	0.2241368	0.0467841	147.1253	0.9416592	1e+05	3.05247e-06	1.295575e-06	4.249895e-06
5	5-63548027	65394764	22	A	G	0.015	0.184193	0.03815862	144.6471	0.1837833	1e+05	2.591771e-06	1.72298e-05	3.702309e-05
5	5-67850994	69765476	42	A	C	0.011	0.2271874	0.0486454	146.8539	1.815687	1e+05	5.233325e-06	1.718198e-06	5.359153e-06
5	5-72625806	74730185	20	A	G	0.029	0.1413674	0.03097378	141.0573	1e-05	1e-05	8.340923e-06	0.0007777445	0.003658386
5	5-72711259	74810646	12	T	G	0.038	0.11617	0.02456121	141.7744	1e-05	1e-05	4.015507e-06	0.000360229	0.002854868
5	5-72711322	74810709	24	T	C	0.047	0.1043113	0.02271692	141.1756	1e-05	1e-05	7.391768e-06	0.0006846813	0.002544743
5	5-72712865	74812252	6	C	A	0.041	0.1093553	0.02408527	140.9562	1e-05	1e-05	9.247779e-06	0.0008672831	0.004973837
5	5-72725584	74824971	8	A	T	0.051	0.1004347	0.02137614	141.6371	1e-05	1e-05	4.618244e-06	0.0004172639	0.001639554
5	5-98574203	101033626	26	T	C	0.013	0.2247824	0.04794408	147.0092	0.9928501	1e+05	4.828573e-06	1.461817e-06	4.692371e-06
5	5-111653761	114403422	35	A	C	0.029	0.1396401	0.0305912	142.4659	0.08871301	1e+05	8.318565e-06	0.0001723336	0.0002741396
5	5-115442060	118269164	34	G	T	0.024	0.1578569	0.03299558	142.0143	1e-05	1e-05	3.146013e-06	0.0002788136	0.0004437536
5	5-155093311	158849926	14	T	A	0.028	0.189468	0.03663984	148.8624	0.7502159	1e+05	5.224486e-07	2.138292e-07	9.909319e-07
5	5-209946047	215717044	8	T	C	0.058	0.1110808	0.02217291	143.0329	1e-05	1e-05	1.118284e-06	9.4432e-05	0.0002612272
5	5-212291144	218090463	11	C	T	0.5	-0.04955618	0.009658945	146.0563	0.2834696	1e+05	6.334458e-07	3.944363e-06	1.066992e-05
5	5-212291247	218090566	16	A	T	0.457	0.04503064	0.009691395	144.3317	0.2885529	1e+05	5.81423e-06	2.399658e-05	4.91602e-05
5	5-213957350	219777904	11	G	A	0.28	-0.05082975	0.01092361	142.8124	0.05462754	1e+05	5.643739e-06	0.0001192897	0.0001981214
5	5-213957374	219777928	14	C	T	0.277	-0.05083962	0.01117135	142.8439	0.08178107	1e+05	8.833722e-06	0.0001153669	0.0001923767
5	5-213957918	219778472	14	C	G	0.28	-0.05121826	0.01112038	143.1636	0.07723459	1e+05	6.952156e-06	8.222986e-05	0.0001429319
5	5-213961358	219781912	28	A	G	0.332	-0.04799672	0.01050051	141.2972	0.007382206	1e+05	8.097616e-06	0.0006008043	0.0008374044
5	5-213961446	219782000	28	A	G	0.332	-0.0491573	0.01037912	142.0391	1e-05	1e+05	3.903026e-06	0.0002715083	0.0004105671
5	5-213961478	219782032	28	T	C	0.332	-0.05234875	0.01040514	144.2924	0.01038693	1e+05	1.012436e-06	2.500753e-05	5.093288e-05
5	5-214110655	219933416	27	C	T	0.086	-0.08325932	0.01692533	145.2128	0.2198355	1e+05	1.700893e-06	9.5236e-06	2.237132e-05
5	5-214110675	219933436	23	G	A	0.089	-0.07769067	0.01676047	144.2782	0.2593238	1e+05	6.105844e-06	2.538466e-05	5.159184e-05
5	5-214112023	219934784	19	C	T	0.083	-0.08197906	0.01748472	144.9929	0.3158553	1e+05	4.824665e-06	1.199015e-05	2.719185e-05
5	5-214112033	219934794	18	G	C	0.085	-0.08244549	0.01737963	145.5753	0.3529336	1e+05	3.771967e-06	6.518008e-06	1.624897e-05
5	5-214113082	219935843	14	T	C	0.085	-0.0772877	0.01688269	143.358	0.19557	1e+05	7.853175e-06	6.6955e-05	0.000119443
5	5-214113134	219935895	15	A	C	0.079	-0.08287513	0.0179802	144.663	0.328336	1e+05	6.847986e-06	1.694558e-05	3.650116e-05
5	5-214113389	219936150	25	G	A	0.085	-0.07914306	0.01720921	144.4047	0.2852296	1e+05	7.166152e-06	2.222522e-05	4.603109e-05
5	5-214113796	219936557	16	T	C	0.081	-0.08434777	0.01681224	145.1461	0.1726613	1e+05	1.080882e-06	1.021262e-05	2.37335e-05
5	5-214115973	219938733	27	T	A	0.088	-0.08081579	0.01702017	144.6852	0.2478914	1e+05	3.697743e-06	1.655402e-05	3.578021e-05
5	5-214116031	219938791	21	A	G	0.078	-0.08779185	0.01717971	146.1942	0.221733	1e+05	6.976958e-07	3.415865e-06	9.46477e-06
5	5-214116372	219939132	27	A	G	0.083	-0.0826112	0.017816	144.5439	0.2891305	1e+05	6.064078e-06	1.920088e-05	4.061301e-05
5	5-214117929	219940844	32	C	T	0.088	-0.08020188	0.01770519	144.2013	0.3036877	1e+05	9.677529e-06	2.752186e-05	5.53037e-05
5	5-214120613	219943528	25	A	G	0.087	-0.08131833	0.01733092	144.8495	0.2959839	1e+05	4.750563e-06	1.393439e-05	3.089592e-05
5	5-214123573	219946488	11	G	A	0.089	-0.07600008	0.01650187	144.0985	0.2515025	1e+05	6.959971e-06	3.066475e-05	6.069837e-05
5	5-214123943	219946858	12	A	T	0.075	-0.08416407	0.01839265	143.4899	0.1909228	1e+05	7.920759e-06	5.824684e-05	0.0001057891
5	5-214123952	219946867	9	A	G	0.074	-0.0829444	0.01817212	143.6729	0.2214211	1e+05	8.330783e-06	4.801408e-05	8.94401e-05
5	5-214123964	219946879	10	A	G	0.074	-0.08324788	0.0181583	143.7258	0.2180284	1e+05	7.628972e-06	4.540807e-05	8.52146e-05
5	5-214124196	219947111	14	T	G	0.081	-0.08019271	0.01733324	144.0752	0.2427458	1e+05	6.347539e-06	3.142857e-05	6.199892e-05
5	5-214124222	219947137	13	G	A	0.09	-0.08112315	0.01638382	145.3615	0.2147413	1e+05	1.466137e-06	8.151258e-06	1.961597e-05
6	6-971131	1004269	23	A	G	0.017	0.2258548	0.04966013	145.0696	0.4153916	1e+05	8.945059e-06	1.106429e-05	2.539997e-05
6	6-22770533	21128787	40	T	C	0.224	-0.06229422	0.01362615	146.3061	2.143003	1e+05	8.070427e-06	3.039785e-06	8.589968e-06
6	6-71032332	73782318	41	A	C	0.024	0.1622609	0.03568397	141.4905	1e-05	1e+05	8.977892e-06	0.0004882505	0.0006945678
6	6-76580866	79354962	27	T	C	0.184	0.07948497	0.01695912	146.8994	1.596667	1e+05	4.862381e-06	1.638718e-06	5.154288e-06
6	6-82014068	84898582	29	T	G	0.179	0.06413843	0.01391421	141.8305	0.04930747	1e-05	6.838444e-06	0.0003392634	0.0005453606
6	6-90470168	92896870	23	A	G	0.05	0.1033857	0.02223686	141.8313	0.03178139	1e-05	5.741913e-06	0.0003389659	0.0005091128
6	6-109027471	113552181	12	T	A	0.021	0.1761791	0.03479641	143.7814	0.01352094	1e+05	8.710252e-07	4.282326e-05	8.099526e-05
6	6-109027462	113552190	13	A	G	0.019	0.1845174	0.03582737	143.8335	1e-05	1e+05	5.771845e-07	4.053784e-05	7.723955e-05
6	6-109060278	113559408	22	C	T	0.017	0.2010141	0.04058528	142.7881	1e-05	1e+05	1.456257e-06	0.0001224048	0.0002026692
6	6-109060279	113559409	22	C	T	0.02	0.1860528	0.03585728	143.8848	1e-05	1e+05	4.802981e-07	3.840508e-05	7.371196e-05
6	6-132060934	135944329	21	C	T	0.012	0.2657625	0.05732495	146.6482	2.058715	1e+05	6.086556e-06	2.12835e-06	6.393865e-06
6	6-133976395	137819468	12	T	C	0.016	0.1802669	0.03731594	142.7488	1e-05	1e+05	2.54753e-06	0.0001276086	0.0002102399
6	6-145904308	149797465	3	A	G	0.072	0.1037984	0.02183991	143.6758	0.1668863	1e+05	3.62455e-06	4.786711e-05	8.920252e-05
7	7-91400525	94297296	5	G	A	0.423	-0.04975864	0.01049798	146.3439	0.6595043	1e+05	3.839631e-06	2.922174e-06	8.313061e-06
7	7-91404559	94301330	6	C	T	0.345	-0.05441821	0.01177963	145.9751	0.7402215	1e+05	6.541267e-06	4.292938e-06	1.145136e-05
7	7-91471634	94368718	20	C	T	0.451	-0.05299712	0.01067785	147.2277	0.6203606	1e+05	1.387862e-06	1.164807e-06	3.895252e-06
7	7-91480050	94377134	7	A	G	0.385	0.06159563	0.01311291	145.1934	0.322298	1e+05	4.641359e-06	9.718694e-06	2.275836e-05
7	7-122865325	126755136	21	A	C	0.017	0.1844754	0.0401625	145.3794	0.3611554	1e+05	7.345605e-06	7.999668e-06	1.930779e-05
7	7-142851726	147766541	16	C	T	0.038	0.1139104	0.02481083	141.1729	1e-05	1e-05	7.412357e-06	0.0006866925	0.001436795
7	7-142852179	147766994	26	A	G	0.033	0.1328675	0.02772649	142.0493	1e-05	1e-05	3.035973e-06	0.0002685913	0.0006864189
7	7-142916976	147831982	15	A	G	0.045	0.1153805	0.02261284	143.4623	1e-05	1e-05	7.238021e-07	5.996984e-05	0.0003385509
7	7-143091159	148005336	18	T	C	0.039	0.1191897	0.02460346	145.672	0.2832484	1e+05	2.394842e-06	5.891502e-06	1.49265e-05
7	7-143188816	148096494	18	A	C	0.048	0.1149835	0.02268702	144.7953	0.07703349	1e+05	8.503485e-07	1.474894e-05	3.242671e-05
7	7-143192631	148100309	41	A	G	0.043	0.1227345	0.02565214	144.0306	0.1260011	1e+05	3.140486e-06	3.29389e-05	6.455927e-05
7	7-143194532	148102210	42	A	T	0.046	0.1170386	0.02450809	144.0255	0.1374686	1e+05	3.271389e-06	3.311303e-05	6.485353e-05
7	7-143199262	148115070	20	G	A	0.063	0.1022701	0.02075246	144.3025	0.1187618	1e+05	1.632771e-06	2.474463e-05	5.047276e-05
7	7-143214383	148130051	32	T	C	0.036	0.1426966	0.02807882	143.3671	1e-05	1e-05	7.970612e-07	6.63145e-05	0.0002075937
7	7-143219888	148134737	18	A	G	0.051	0.1138372	0.0215881	145.1504	0.04435611	1e+05	3.199663e-07	1.016596e-05	2.364168e-05
7	7-143222259	148137108	22	A	G	0.047	0.129052	0.02228786	146.8369	1e-05	1e-05	2.406577e-08	1.748914e-06	1.411508e-05
7	7-143233511	148148357	40	C	T	0.049	0.1072755	0.02330389	141.4017	1e-05	1e+05	7.027745e-06	0.0005370512	0.0007568003
7	7-143239367	148154213	8	A	G	0.041	0.1091235	0.02315458	141.8844	1e-05	1e+05	4.331922e-06	0.000320284	0.0004758315
7	7-168028218	173545506	10	G	A	0.028	0.1417212	0.02915613	142.3559	1e-05	1e-05	2.223058e-06	0.00019374	0.0004952955
7	7-168046143	173563432	6	A	G	0.062	0.08824667	0.01927577	141.9141	0.04134159	1e+05	7.846737e-06	0.0003102865	0.0004625329
7	7-168089446	173613558	6	A	C	0.032	0.1335862	0.02933442	142.3149	0.05532552	1e+05	8.718913e-06	0.0002023836	0.0003161211
7	7-172554612	178318226	14	C	T	0.052	0.1040796	0.02103055	143.515	0.00613627	1e+05	1.482806e-06	5.671889e-05	0.0001033704
8	8-7424558	7755339	22	T	C	0.025	0.1945836	0.04246229	145.4403	0.5659121	1e+05	7.697851e-06	7.50593e-06	1.829824e-05
8	8-26128341	26929394	14	A	C	0.028	0.1624202	0.03466784	141.5786	1e-05	1e-05	4.901768e-06	0.0004442435	0.0008316978
8	8-29475588	30434294	13	A	G	0.038	0.1498349	0.03078011	147.6037	3.294547	1e+05	2.151743e-06	7.881813e-07	2.832424e-06
8	8-62335415	63644519	30	T	C	0.097	0.0761153	0.01670978	141.0191	1e-05	1e-05	8.672511e-06	0.000810416	0.00287873
8	8-62661882	63985147	20	G	T	0.041	0.1121687	0.02445839	141.1513	1e-05	1e-05	7.577808e-06	0.0007028669	0.002556926
8	8-62733313	64069748	20	T	C	0.041	0.1074866	0.02362269	140.9978	1e-05	1e-05	8.86264e-06	0.0008291853	0.002492776
8	8-62753218	64073843	6	A	G	0.043	0.1036341	0.02290964	141.0615	0.01245283	1e-05	9.942799e-06	0.0007741581	0.001296671
8	8-62781245	64101848	37	T	G	0.045	0.1089915	0.02346258	141.6241	0.009350434	1e+05	5.843142e-06	0.0004231083	0.000610663
8	8-64491780	66056290	7	T	C	0.011	0.2090938	0.0445212	146.4826	0.7233862	1e+05	4.658484e-06	2.529147e-06	7.374673e-06
8	8-68950163	70543533	21	T	C	0.015	0.1800157	0.03879384	144.5555	0.3248309	1e+05	5.973797e-06	1.896843e-05	4.019222e-05
8	8-94415420	96708515	26	T	C	0.02	0.1972769	0.04285565	142.3115	0.09253631	1e+05	7.029069e-06	0.0002031143	0.000317134
8	8-103405343	106088519	31	A	G	0.09	0.101411	0.02024878	144.9745	0.1776988	1e+05	1.126145e-06	1.222367e-05	2.764079e-05
8	8-116199273	119492187	38	G	A	0.503	0.06038264	0.01312421	144.4439	0.2358844	1e+05	7.104216e-06	2.132753e-05	4.443333e-05
8	8-116272388	119559098	17	A	G	0.349	0.0553596	0.01212557	144.4164	0.2758311	1e+05	8.289204e-06	2.195258e-05	4.55467e-05
8	8-117315183	120698598	34	A	G	0.042	-0.1440742	0.03131335	146.1925	1.045295	1e+05	7.098384e-06	3.42214e-06	9.479238e-06
8	8-123067775	126917247	8	A	G	0.058	0.09136856	0.02006611	142.223	0.03700068	1e+05	8.739004e-06	0.000223172	0.000344806
8	8-123073293	126922756	27	G	T	0.096	0.101154	0.01678802	148.5267	1e-05	1e+05	7.025704e-09	3.026793e-07	1.308084e-06
8	8-123073301	126922764	29	T	A	0.069	0.09864763	0.01989995	142.9399	1e-05	1e+05	1.427596e-06	0.0001042104	0.0001759239
8	8-123073305	126922768	27	A	G	0.106	0.0904663	0.01599394	146.8558	1e-05	1e+05	4.780842e-08	1.714722e-06	5.350224e-06
8	8-123073377	126922840	35	A	G	0.039	0.1202506	0.02601078	143.0868	0.08365881	1e+05	6.44373e-06	8.919124e-05	0.000153473
8	8-123073388	126922851	33	C	T	0.065	0.1183085	0.01996421	147.5406	1e-05	1e-05	1.186721e-08	8.41521e-07	3.682258e-06
8	8-123073389	126922852	34	A	G	0.039	0.1204726	0.02598152	143.105	0.08034081	1e+05	6.065455e-06	8.749069e-05	0.0001509065
8	8-123073416	126922879	39	G	C	0.075	0.09893523	0.01964967	143.9942	1e-05	1e+05	9.940935e-07	3.422537e-05	6.672886e-05
8	8-123073418	126922881	41	G	A	0.071	0.1009164	0.02085851	144.1514	0.0645218	1e+05	2.464263e-06	2.900684e-05	5.786161e-05
8	8-123074292	126923813	15	T	C	0.06	0.1083449	0.02039172	144.7979	1e-05	1e+05	2.634831e-07	1.470935e-05	3.235257e-05
8	8-123074298	126923819	13	T	C	0.059	0.1085757	0.02039435	144.7409	1e-05	1e+05	2.501915e-07	1.561439e-05	3.404093e-05
8	8-123074496	126924017	13	C	T	0.066	0.09878813	0.01954113	143.4102	1e-05	1e+05	9.032883e-07	6.335939e-05	0.0001138312
8	8-123074578	126924099	15	G	T	0.09	0.09089188	0.01695727	144.7864	1e-05	1e+05	2.096115e-07	1.488674e-05	3.268455e-05
8	8-123074667	126924188	20	G	A	0.093	0.08788645	0.01727048	143.4924	1e-05	1e+05	7.71824e-07	5.809342e-05	0.0001055466
8	8-123074668	126924189	20	C	T	0.098	0.08711959	0.01705994	143.9628	0.00628688	1e+05	7.094372e-07	3.53728e-05	6.865563e-05
8	8-123074690	126924211	21	C	T	0.064	0.1036061	0.02069972	143.0119	1e-05	1e-05	1.142313e-06	9.655245e-05	0.0001744722
8	8-123074820	126924341	29	C	T	0.094	0.08759652	0.01755228	144.8939	0.1035861	1e+05	1.222569e-06	1.330066e-05	2.96967e-05
8	8-123074835	126924356	30	G	A	0.092	0.08999059	0.01772294	145.209	0.09603657	1e+05	8.136244e-07	9.561187e-06	2.244597e-05
8	8-123129270	126968446	32	A	G	0.085	0.09276501	0.01904613	144.1859	0.0912918	1e+05	2.126066e-06	2.797116e-05	5.60794e-05
8	8-123129406	126968582	22	T	A	0.096	0.08815867	0.0170166	144.1227	1e-05	1e+05	4.989178e-07	2.989455e-05	5.938293e-05
8	8-123129491	126968667	25	G	A	0.095	0.07965055	0.01713709	142.8837	0.06910941	1e+05	5.778721e-06	0.0001106019	0.000185371
8	8-123129884	126969060	9	C	T	0.062	0.09672335	0.02040168	142.3032	1e-05	1e+05	3.820406e-06	0.0002049094	0.0003196209
8	8-123137375	126976550	14	T	C	0.05	0.1078738	0.02203258	142.515	1e-05	1e-05	1.891378e-06	0.0001635853	0.0002906463
8	8-123137432	126976607	12	G	T	0.049	0.1075835	0.02201404	142.4741	1e-05	1e-05	1.97158e-06	0.0001708535	0.0003167997
8	8-123137532	126976707	21	C	T	0.051	0.1051863	0.02209202	141.913	1e-05	1e-05	3.4875e-06	0.0003106575	0.0004902992
8	8-123137560	126976735	18	T	A	0.051	0.1067152	0.02203446	142.2767	1e-05	1e-05	2.409311e-06	0.0002107783	0.0003688975
8	8-123137665	126976840	14	C	T	0.057	0.1092558	0.02066873	144.3311	1e-05	1e-05	3.00592e-07	2.401265e-05	6.38659e-05
8	8-123138014	126977189	19	G	A	0.056	0.1086174	0.02109107	143.7959	1e-05	1e+05	5.778859e-07	4.21759e-05	7.99339e-05
8	8-123162433	127002173	5	A	G	0.023	0.1591411	0.03396413	143.3786	0.1050713	1e+05	4.890388e-06	6.55106e-05	0.0001171929
8	8-123631399	127478016	36	A	G	0.275	-0.05751954	0.01263999	144.0259	0.3118847	1e+05	8.844951e-06	3.310062e-05	6.483257e-05
8	8-130655707	135047431	12	C	T	0.082	0.07762393	0.0170823	144.9138	0.4118019	1e+05	9.097509e-06	1.302653e-05	2.917559e-05
8	8-133373046	137740170	27	A	C	0.01	0.320834	0.06499719	146.2728	0.3087646	1e+05	1.573458e-06	3.147232e-06	8.84151e-06
8	8-137159661	141679711	37	A	G	0.019	0.1850626	0.04026615	143.4111	0.151265	1e+05	7.257421e-06	6.329853e-05	0.0001137359
8	8-145687523	150523772	8	G	C	0.021	0.1564057	0.03250958	143.9977	0.1126602	1e+05	2.786293e-06	3.40989e-05	6.651602e-05
8	8-148199171	153154432	9	G	C	0.301	0.05267335	0.01148953	145.1467	0.4175201	1e+05	7.632189e-06	1.020554e-05	2.371957e-05
8	8-148199541	153154802	26	T	C	0.322	0.05440262	0.01174809	145.663	0.5365076	1e+05	6.230461e-06	5.947531e-06	1.504557e-05
8	8-148202886	153158147	40	C	T	0.292	0.06368179	0.01172949	147.6772	0.2462236	1e+05	1.491943e-07	7.302593e-07	2.662042e-06
8	8-148203119	153158380	21	C	T	0.292	0.05863306	0.01156723	147.8095	0.5191183	1e+05	8.477762e-07	6.365818e-07	2.381411e-06
8	8-148204720	153159981	9	C	T	0.287	0.05494557	0.0116662	145.6572	0.4207124	1e+05	4.390571e-06	5.98366e-06	1.512226e-05
8	8-148206464	153161723	20	C	T	0.302	0.05272312	0.01154171	144.8704	0.383806	1e+05	8.198523e-06	1.36317e-05	3.032405e-05
8	8-148209451	153164710	21	T	A	0.311	0.05766478	0.01123811	146.9895	0.335221	1e+05	6.316919e-07	1.492122e-06	4.772119e-06
8	8-148209712	153164971	20	G	C	0.3	0.05222504	0.01153459	144.8266	0.4119632	1e+05	9.768549e-06	1.427237e-05	3.15325e-05
8	8-148211078	153166337	10	T	C	0.293	0.05383775	0.01134283	145.2039	0.3312931	1e+05	3.728034e-06	9.612574e-06	2.254797e-05
8	8-148211188	153166447	30	G	C	0.331	0.0581414	0.01160972	146.4287	0.3377826	1e+05	1.1275e-06	2.675157e-06	7.725757e-06
8	8-148211197	153166456	27	T	C	0.341	0.05480664	0.01155873	145.7568	0.4022908	1e+05	3.809658e-06	5.391855e-06	1.38572e-05
8	8-148211518	153166777	3	T	C	0.293	0.05244829	0.0112952	145.2623	0.3871205	1e+05	5.892741e-06	9.043043e-06	2.141321e-05
8	8-148211813	153167072	12	A	G	0.293	0.05395432	0.01130228	145.674	0.3420157	1e+05	3.297318e-06	5.879154e-06	1.490024e-05
8	8-148213684	153168943	37	C	G	0.301	0.0578611	0.01185768	145.0981	0.2326656	1e+05	2.039577e-06	1.073821e-05	2.476407e-05
8	8-148216187	153171446	30	A	G	0.308	0.05657887	0.01147937	145.615	0.2545817	1e+05	1.627888e-06	6.253419e-06	1.56928e-05
8	8-148216211	153171470	20	G	T	0.283	0.05417858	0.01182013	144.3384	0.2974938	1e+05	7.661535e-06	2.38283e-05	4.886421e-05
8	8-148216229	153171488	22	A	G	0.3	0.05349467	0.01153227	144.9345	0.3319616	1e+05	6.016576e-06	1.274592e-05	2.864065e-05
8	8-148216242	153171501	21	T	C	0.304	0.05360372	0.01144395	145.1122	0.3238648	1e+05	4.923907e-06	1.058093e-05	2.445642e-05
8	8-148216407	153171666	14	G	A	0.299	0.05394287	0.01141784	145.2455	0.3279316	1e+05	4.113215e-06	9.202708e-06	2.173231e-05
8	8-148216420	153171679	14	G	A	0.301	0.0537067	0.01141697	145.1967	0.3356564	1e+05	4.503365e-06	9.685202e-06	2.269199e-05
8	8-148216643	153171902	21	T	C	0.304	0.05425838	0.01146908	145.2601	0.3262933	1e+05	3.997211e-06	9.063076e-06	2.145329e-05
8	8-148216683	153171942	14	A	C	0.296	0.05769433	0.01132305	146.4201	0.2517118	1e+05	7.486015e-07	2.699165e-06	7.783194e-06
8	8-148216770	153172029	14	A	G	0.294	0.05849116	0.01132038	147.3367	0.3462467	1e+05	5.330337e-07	1.040109e-06	3.550857e-06
8	8-148216772	153172031	14	A	G	0.296	0.06051812	0.01131616	148.164	0.336563	1e+05	2.224083e-07	4.407668e-07	1.769298e-06
8	8-148216896	153172155	15	G	C	0.29	0.05603043	0.01159646	146.1464	0.4278859	1e+05	2.537664e-06	3.590595e-06	9.866137e-06
8	8-148305305	153254275	6	T	C	0.155	0.09133991	0.01957802	144.9289	0.3821105	1e+05	5.346714e-06	1.282156e-05	2.878499e-05
8	8-148305318	153254288	6	T	C	0.146	0.09549344	0.01959314	145.6132	0.3408311	1e+05	2.094479e-06	6.264939e-06	1.571709e-05
8	8-148308657	153257627	42	A	G	0.224	0.07412561	0.01608694	144.8554	0.3492485	1e+05	6.891057e-06	1.384871e-05	3.073422e-05
8	8-148324389	153272326	25	T	C	0.295	0.05450904	0.01181544	144.7214	0.3168756	1e+05	6.725086e-06	1.593823e-05	3.464188e-05
8	8-148324862	153272799	14	C	T	0.287	0.05647883	0.01150492	146.6932	0.4432632	1e+05	1.781846e-06	2.030992e-06	6.151376e-06
8	8-148324984	153272921	9	T	C	0.301	0.05193735	0.01118927	145.1388	0.3808089	1e+05	5.937131e-06	1.029022e-05	2.388611e-05
8	8-148325525	153273462	19	G	A	0.308	0.05740381	0.0114002	147.1265	0.3996855	1e+05	9.923304e-07	1.294056e-06	4.24581e-06
8	8-148325812	153273749	29	A	G	0.296	0.05387625	0.01182378	144.5445	0.3109338	1e+05	8.61736e-06	1.918841e-05	4.059045e-05
8	8-148325907	153273844	11	A	C	0.301	0.05245861	0.01133355	145.0377	0.3664247	1e+05	6.28966e-06	1.144027e-05	2.613001e-05
8	8-148425200	153281086	20	A	G	0.295	0.05163742	0.01140206	144.0975	0.2651962	1e+05	9.722565e-06	3.069921e-05	6.075714e-05
8	8-148425129	153281157	9	G	T	0.287	0.05188235	0.01142762	145.0891	0.4457717	1e+05	9.25795e-06	1.084018e-05	2.496321e-05
8	8-148424268	153282018	13	T	C	0.285	0.05269355	0.01161713	144.2663	0.3070531	1e+05	9.429387e-06	2.57037e-05	5.214836e-05
8	8-148423414	153282872	9	T	C	0.282	0.05522251	0.0112362	146.2493	0.3595276	1e+05	1.736602e-06	3.225092e-06	9.022962e-06
8	8-148423368	153282918	8	T	C	0.29	0.05334381	0.01127655	145.591	0.3807573	1e+05	4.003115e-06	6.411893e-06	1.602632e-05
8	8-148423361	153282925	9	A	G	0.294	0.05250891	0.01129127	145.2284	0.3818846	1e+05	5.713949e-06	9.369229e-06	2.206429e-05
8	8-148423332	153282954	8	A	G	0.293	0.05371292	0.01117372	145.7107	0.3349708	1e+05	2.837019e-06	5.658392e-06	1.442933e-05
8	8-148423238	153283048	7	T	C	0.278	0.0517022	0.0113974	144.9328	0.4282288	1e+05	9.410489e-06	1.276861e-05	2.868397e-05
8	8-148423203	153283083	6	A	G	0.283	0.05504683	0.01128398	146.1528	0.3671285	1e+05	2.051876e-06	3.566501e-06	9.810973e-06
8	8-148422992	153283294	13	T	C	0.29	0.05264138	0.01145632	145.3224	0.4394688	1e+05	7.28997e-06	8.491695e-06	2.030515e-05
8	8-148422978	153283308	13	A	C	0.295	0.05442675	0.01128873	146.0939	0.398797	1e+05	2.65965e-06	3.792508e-06	1.032629e-05
8	8-148422974	153283312	14	T	C	0.299	0.05312811	0.01133319	145.5118	0.3977639	1e+05	4.84138e-06	6.965354e-06	1.718203e-05
8	8-148421490	153284796	6	T	C	0.297	0.05193788	0.01132483	145.2545	0.4658926	1e+05	7.574845e-06	9.116392e-06	2.155989e-05
8	8-148421399	153284887	4	T	C	0.299	0.05242705	0.01134016	145.2038	0.4093313	1e+05	6.442992e-06	9.614097e-06	2.255099e-05
8	8-148421275	153285011	6	G	A	0.297	0.05488411	0.01116616	146.4736	0.4180603	1e+05	1.732467e-06	2.552976e-06	7.43218e-06
8	8-148420628	153285658	27	A	G	0.316	0.05798953	0.01134592	147.301	0.4026154	1e+05	6.949196e-07	1.079343e-06	3.659922e-06
8	8-148420626	153285660	28	T	C	0.315	0.05748289	0.01140023	146.9435	0.3973525	1e+05	9.606786e-07	1.565209e-06	4.963379e-06
8	8-148391809	153315297	29	A	G	0.278	0.05947731	0.01208251	145.8727	0.2676537	1e+05	1.67465e-06	4.777622e-06	1.252248e-05
8	8-148342178	153364253	20	G	A	0.305	0.05669813	0.01158288	146.3059	0.3869967	1e+05	1.900999e-06	3.040295e-06	8.591165e-06
8	8-148342088	153364343	15	T	C	0.307	0.05391008	0.01142158	145.7546	0.4357271	1e+05	4.195126e-06	5.404797e-06	1.388507e-05
8	8-148342009	153364422	22	C	T	0.325	0.05980455	0.01129418	148.4678	0.4768111	1e+05	2.875799e-07	3.217397e-07	1.373713e-06
8	8-148434065	153382003	6	A	C	0.189	0.06064973	0.01302248	145.4568	0.4044158	1e+05	5.542219e-06	7.378079e-06	1.803531e-05
8	8-148439376	153387314	29	A	T	0.128	0.07582943	0.01496409	144.3444	0.04867614	1e+05	8.536567e-07	2.367738e-05	4.859854e-05
8	8-150922123	155989706	20	A	G	0.056	0.09989458	0.02085506	142.0398	1e-05	1e-05	3.065313e-06	0.0002713149	0.0005479695
8	8-150927627	155995212	10	T	C	0.035	0.1369378	0.03011495	143.3394	0.155332	1e+05	8.97772e-06	6.827838e-05	0.0001214999
8	8-150930477	155998062	21	T	G	0.086	0.08513415	0.01738549	144.8621	0.1133648	1e+05	1.884903e-06	1.375077e-05	3.054921e-05
8	8-150975632	156039122	27	A	G	0.098	0.07938369	0.01625279	142.4618	1e-05	1e-05	1.996343e-06	0.0001731008	0.0003608354
8	8-151005003	156070880	12	A	G	0.089	0.07941004	0.01649512	142.3671	1e-05	1e+05	2.747608e-06	0.0001914322	0.0003008969
8	8-151005088	156070965	12	A	G	0.099	0.07847282	0.01622952	142.2413	1e-05	1e-05	2.497558e-06	0.0002188756	0.0003813975
8	8-159722807	165047945	31	C	T	0.497	0.04935806	0.01034789	145.7713	0.3429961	1e+05	3.355472e-06	5.311108e-06	1.368306e-05
8	8-163168691	168618381	21	T	C	0.147	-0.07453352	0.01376564	145.5559	0.05491969	1e-05	1.604511e-07	6.651721e-06	2.733882e-05
8	8-163170057	168619747	24	C	T	0.465	-0.04732762	0.01003687	145.1725	0.3576695	1e+05	4.28293e-06	9.934293e-06	2.318484e-05
9	9-14695974	14385723	7	T	C	0.236	0.06975713	0.0147838	146.4003	0.6616474	1e+05	4.22395e-06	2.755431e-06	7.9175e-06
9	9-14786840	14489862	14	G	A	0.372	0.0531968	0.01173826	145.3774	0.5257781	1e+05	9.591407e-06	8.016959e-06	1.934299e-05
9	9-14787304	14490326	23	T	A	0.359	0.05465781	0.01203373	145.026	0.4157456	1e+05	9.179317e-06	1.158102e-05	2.640245e-05
9	9-14787334	14490356	17	A	G	0.303	0.06448617	0.01345545	145.9445	0.3475512	1e+05	3.029235e-06	4.432489e-06	1.176151e-05
9	9-14805699	14509809	15	A	T	0.448	0.05527533	0.01105852	147.0586	0.4601971	1e+05	1.178824e-06	1.388727e-06	4.498906e-06
9	9-14805725	14509835	14	C	T	0.448	0.05203095	0.01123821	145.7172	0.5451866	1e+05	6.256105e-06	5.619942e-06	1.434704e-05
9	9-23977305	23856540	14	A	G	0.014	0.1935993	0.0422661	143.3087	0.2231321	1e+05	7.765978e-06	7.05347e-05	0.0001249966
9	9-26322360	26354514	15	A	G	0.043	0.1173641	0.02344494	143.0154	1e-05	1e-05	1.138313e-06	9.619929e-05	0.0001875345
9	9-26323049	26355203	20	C	T	0.041	0.1209073	0.02395562	143.2053	1e-05	1e-05	9.38966e-07	7.86801e-05	0.0003540388
9	9-26323510	26355664	9	T	C	0.032	0.1227819	0.02671644	141.1926	1e-05	1e-05	7.265141e-06	0.0006723194	0.001962724
9	9-26323794	26355948	7	T	C	0.041	0.1151584	0.0237582	142.2946	1e-05	1e-05	2.365877e-06	0.0002067986	0.0006790849
9	9-26323921	26356075	9	G	A	0.042	0.1099886	0.02409327	141.0616	1e-05	1e-05	8.30399e-06	0.0007741105	0.001342736
9	9-26324030	26356184	5	A	G	0.041	0.1067473	0.0231089	141.2939	1e-05	1e-05	6.55198e-06	0.0006029489	0.001435925
9	9-26324405	26356559	30	G	C	0.046	0.1077365	0.02320344	141.3966	1e-05	1e-05	5.900213e-06	0.000539946	0.001511974
9	9-26325079	26357233	20	A	G	0.044	0.1145094	0.02376261	142.1685	1e-05	1e-05	2.689274e-06	0.0002365183	0.0008694623
9	9-26325604	26357758	32	G	A	0.044	0.1172349	0.02415087	142.3267	1e-05	1e-05	2.28986e-06	0.0001998427	0.0007978672
9	9-26325717	26357871	26	G	T	0.043	0.1195886	0.02404645	142.8654	1e-05	1e-05	1.325284e-06	0.000112767	0.0004897897
9	9-26327026	26359180	14	C	A	0.038	0.123516	0.0242845	143.3866	1e-05	1e-05	7.814191e-07	6.495744e-05	0.0003146916
9	9-26394511	26426694	11	G	A	0.042	0.1123895	0.02365655	141.8671	1e-05	1e-05	3.654114e-06	0.0003262578	0.001981077
9	9-26394536	26426719	14	G	A	0.038	0.1329825	0.02501441	144.4762	1e-05	1e-05	2.595973e-07	2.061636e-05	0.0001224329
9	9-26396131	26428313	12	T	C	0.052	0.103449	0.02156677	142.0697	1e-05	1e-05	2.973447e-06	0.0002627918	0.0008815078
9	9-77408952	79480106	3	T	G	0.05	-0.1204684	0.02640142	144.3146	0.3063398	1e+05	8.382573e-06	2.443079e-05	4.99227e-05
9	9-138020960	140332036	27	A	G	0.273	-0.05382867	0.01134144	145.5047	0.4553535	1e+05	3.731756e-06	7.017607e-06	1.729045e-05
9	9-144870083	147426370	40	A	G	0.068	0.09470893	0.01980101	142.0092	1e-05	1e-05	3.162337e-06	0.0002803316	0.0006416808
9	9-150311577	153182509	13	A	G	0.052	0.09759949	0.02088022	144.7372	0.2809503	1e+05	5.141872e-06	1.567661e-05	3.415653e-05
9	9-150325162	153196094	2	T	C	0.052	0.1038456	0.02050458	146.704	0.3051397	1e+05	8.65445e-07	2.008213e-06	6.094378e-06
9	9-150345869	153244118	10	A	G	0.049	0.09628724	0.02120245	144.5614	0.3387186	1e+05	9.208206e-06	1.885184e-05	3.998092e-05
10	10-1681899	1248605	29	C	T	0.181	0.0588718	0.012576	144.5512	0.3027103	1e+05	4.984196e-06	1.905558e-05	4.035005e-05
10	10-1694798	1261504	38	A	G	0.195	0.0573424	0.01254536	144.2369	0.3115376	1e+05	8.100757e-06	2.650991e-05	5.355082e-05
10	10-2217155	1770729	36	T	C	0.04	0.1352329	0.02828425	144.259	0.1431608	1e+05	3.188448e-06	2.590176e-05	5.249339e-05
10	10-2221812	1775386	45	A	G	0.047	0.1297475	0.02720438	145.0348	0.2642993	1e+05	3.36314e-06	1.147441e-05	2.619612e-05
10	10-2228050	1781624	29	A	G	0.061	0.1066148	0.01986862	147.1236	0.1452696	1e+05	2.036094e-07	1.297945e-06	4.256266e-06
10	10-2229098	1782672	18	A	G	0.051	0.1025902	0.02127952	143.571	0.08607924	1e+05	2.662783e-06	5.346563e-05	9.819522e-05
10	10-5707322	5379477	33	T	C	0.036	0.1334505	0.02882649	144.4228	0.2752872	1e+05	6.266746e-06	2.180462e-05	4.528353e-05
10	10-39570267	40649830	19	T	A	0.015	0.2772308	0.05402328	146.115	0.2091035	1e+05	6.30171e-07	3.710067e-06	1.013887e-05
10	10-72538033	71666170	30	C	T	0.285	-0.063322	0.01391223	145.668	0.7850956	1e+05	8.809218e-06	5.916156e-06	1.497891e-05
10	10-90793323	91008693	44	T	C	0.03	0.2017432	0.04204837	145.2024	0.1915437	1e+05	2.957409e-06	9.627772e-06	2.257812e-05
10	10-122281482	123330583	24	A	G	0.169	0.05821031	0.01273072	141.3037	0.01286694	1e+05	8.043647e-06	0.0005966391	0.0008321605
10	10-122281493	123330594	22	G	A	0.16	0.06090967	0.01279709	141.9058	1e-05	1e-05	3.513134e-06	0.000313055	0.0005692359
10	10-122281607	123330708	17	C	T	0.168	0.05816503	0.01265384	141.1964	1e-05	1e-05	7.236976e-06	0.0006695716	0.0009263283
10	10-122281688	123330789	12	A	G	0.124	0.07199984	0.01409193	145.5538	0.1496717	1e+05	7.007084e-07	6.666301e-06	1.655926e-05
10	10-123208446	124226957	30	A	C	0.151	0.06803936	0.01409513	144.0394	0.1193237	1e+05	2.590367e-06	3.263391e-05	6.404343e-05
10	10-123368761	124385869	10	A	G	0.07	0.08695402	0.0192184	142.3949	0.07226565	1e+05	9.903382e-06	0.0001858589	0.0002931169
10	10-124354137	125377233	7	A	G	0.011	0.2332398	0.04926804	146.845	0.7838397	1e+05	3.939357e-06	1.734119e-06	5.400003e-06
10	10-146822399	148188168	28	A	C	0.025	0.1413639	0.03023093	141.5398	1e-05	1e-05	5.099233e-06	0.0004630875	0.001060698
10	10-146823430	148189199	23	G	A	0.025	0.1455564	0.03176737	141.1335	1e-05	1e-05	7.716586e-06	0.0007164505	0.001417571
10	10-146824129	148189898	21	T	A	0.029	0.1376712	0.02740243	143.0987	1e-05	1e-05	1.046098e-06	8.807517e-05	0.0002723221
10	10-146825775	148191544	3	T	C	0.023	0.1433224	0.03013019	141.8931	1e-05	1e-05	3.558851e-06	0.0003173332	0.0008754509
10	10-146825787	148191556	4	A	G	0.023	0.1435409	0.03013112	141.9244	1e-05	1e-05	3.447057e-06	0.0003068768	0.0008592515
10	10-146825961	148191730	8	A	C	0.023	0.1433013	0.03015562	141.8723	1e-05	1e-05	3.634854e-06	0.0003244523	0.0008889814
10	10-146826183	148191952	18	A	C	0.029	0.1325595	0.02893258	141.1323	1e-05	1e-05	7.726013e-06	0.0007173737	0.001112399
10	10-146826373	148192142	16	G	T	0.024	0.1426406	0.03020826	141.7397	1e-05	1e-05	4.159912e-06	0.0003738521	0.001022018
10	10-146826721	148192490	12	T	C	0.023	0.1453037	0.03009963	142.2066	1e-05	1e-05	2.587194e-06	0.0002271158	0.0007112403
10	10-146827749	148193518	9	T	C	0.023	0.1436019	0.03015171	141.919	1e-05	1e-05	3.466209e-06	0.0003086669	0.0008261508
