chr	rs	ps	n_miss	allele1	allele0	af	beta	se	logl_H1	l_remle	l_mle	p_wald	p_lrt	p_score
1	1-2132372	2226686	23	T	C	0.024	0.0258009	0.005655593	545.3823	0.5443149	1e+05	8.327699e-06	9.419361e-06	2.178264e-05
1	1-4756212	4905034	22	A	G	0.043	0.02195761	0.00479922	545.4303	0.4816867	1e+05	7.860501e-06	8.957646e-06	2.087349e-05
1	1-8131630	8152768	22	T	C	0.341	0.008835485	0.001881839	545.0099	0.2756471	1e+05	4.631835e-06	1.391433e-05	3.036202e-05
1	1-18552605	18877827	10	T	A	0.057	0.02058388	0.004507689	546.4049	1.675963	1e+05	8.17026e-06	3.236789e-06	8.864829e-06
1	1-22904270	23286804	36	T	C	0.137	0.01316126	0.002644901	545.6782	0.2263854	1e+05	1.288964e-06	6.911555e-06	1.676075e-05
1	1-39436268	39828556	31	A	G	0.023	0.03783093	0.007886891	547.2618	0.7098381	1e+05	2.935787e-06	1.326359e-06	4.231193e-06
1	1-50252604	50721372	7	A	G	0.011	0.05316183	0.01046966	547.1741	0.3991139	1e+05	8.007311e-07	1.45293e-06	4.561177e-06
1	1-62497548	63277022	43	T	G	0.035	0.02244228	0.004779716	544.6869	0.2380565	1e+05	4.62808e-06	1.952813e-05	4.058142e-05
1	1-69669914	70935911	45	T	A	0.027	0.02966878	0.005944492	546.7041	0.3772119	1e+05	1.202684e-06	2.369635e-06	6.837419e-06
1	1-69696788	70962778	31	A	G	0.033	0.0281001	0.004889411	549.6475	0.2738922	1e+05	2.932832e-08	1.119147e-07	5.739557e-07
1	1-72850559	74200925	28	A	G	0.022	0.02975071	0.005644172	548.6095	0.5296684	1e+05	3.174964e-07	3.275448e-07	1.354208e-06
1	1-78138209	79630016	32	G	A	0.01	0.04523564	0.009375241	547.5404	1.345942	1e+05	2.581823e-06	9.929344e-07	3.335519e-06
1	1-90114625	91993506	5	C	G	0.34	-0.01025767	0.002238143	543.2042	0.1160609	1e+05	7.594703e-06	9.321297e-05	0.0001577622
1	1-90088364	92051070	21	G	A	0.404	0.01017951	0.002239046	545.8727	0.7364455	1e+05	8.915087e-06	5.640519e-06	1.412127e-05
1	1-92617251	94747487	37	A	C	0.018	0.03632888	0.007867499	545.0434	0.3270106	1e+05	6.528792e-06	1.343353e-05	2.94643e-05
1	1-100069013	102431409	42	A	G	0.021	0.0308611	0.0064172	547.4522	1.317931	1e+05	2.774962e-06	1.0882e-06	3.595843e-06
1	1-118842261	120571438	18	A	G	0.024	0.03613056	0.006754133	547.6609	0.2647187	1e+05	2.16703e-07	8.760526e-07	3.010386e-06
1	1-195952558	198301292	21	T	G	0.019	0.03383048	0.0067057	548.3411	1.124669	1e+05	9.33884e-07	4.325628e-07	1.695234e-06
1	1-198003708	200428528	27	A	G	0.015	0.04479217	0.009385766	547.3343	2.425064	1e+05	3.276909e-06	1.230083e-06	3.976791e-06
1	1-199678645	202107444	13	T	C	0.348	-0.0120821	0.002560448	545.6078	0.393161	1e+05	4.168652e-06	7.439647e-06	1.78367e-05
1	1-274206526	279027014	8	G	A	0.209	0.01177297	0.00259251	545.6976	0.6579443	1e+05	9.119389e-06	6.7734e-06	1.647741e-05
1	1-294705875	300141165	38	T	G	0.034	0.02295085	0.004727781	546.9785	0.6249305	1e+05	2.257613e-06	1.780834e-06	5.395849e-06
2	2-3716549	3732723	20	A	G	0.017	0.03207557	0.006837187	545.6747	0.4740408	1e+05	4.710734e-06	6.937331e-06	1.681353e-05
2	2-3950373	3962193	5	T	C	0.02	0.02752127	0.006045487	545.0319	0.4555114	1e+05	8.685175e-06	1.359626e-05	2.976859e-05
2	2-16846094	17324283	40	T	C	0.124	0.01887542	0.004153449	546.0238	1.166921	1e+05	8.986779e-06	4.817265e-06	1.236682e-05
2	2-16847724	17325913	43	T	C	0.136	0.0150471	0.003288709	546.0661	0.9385926	1e+05	7.855774e-06	4.609145e-06	1.191667e-05
2	2-16848719	17326908	5	T	C	0.14	0.0142426	0.003100284	546.2952	1.090202	1e+05	7.242345e-06	3.629005e-06	9.753722e-06
2	2-16849296	17327485	10	C	T	0.355	0.009504881	0.001764154	547.4075	0.2692388	1e+05	1.794585e-07	1.139931e-06	3.735625e-06
2	2-16849646	17327835	6	G	C	0.359	0.0081519	0.001760227	543.9333	0.228811	1e+05	6.149938e-06	4.314706e-05	8.046773e-05
2	2-24148210	24820312	27	T	C	0.02	0.02981784	0.005897921	547.7065	0.5796583	1e+05	8.88411e-07	8.355451e-07	2.896058e-06
2	2-35064766	36001864	17	A	G	0.026	0.02538974	0.005453573	544.8348	0.2799061	1e+05	5.520237e-06	1.671939e-05	3.552374e-05
2	2-42786931	44000898	39	A	G	0.013	0.04204823	0.008293711	548.6043	1.217495	1e+05	8.307846e-07	3.293009e-07	1.360057e-06
2	2-49438720	50862036	31	A	G	0.015	0.04345135	0.009372529	546.3827	0.889651	1e+05	6.019243e-06	3.312493e-06	9.037598e-06
2	2-51666235	53054076	7	T	C	0.099	0.01446805	0.003141457	545.7629	0.5197107	1e+05	6.884314e-06	6.326491e-06	1.555515e-05
2	2-71224148	72454131	11	A	G	0.014	0.03434835	0.007472802	545.562	0.5464352	1e+05	7.16395e-06	7.805335e-06	1.85755e-05
2	2-79909668	81411499	23	T	C	0.043	0.02015462	0.004245925	546.645	0.6487396	1e+05	3.675914e-06	2.520063e-06	7.196279e-06
2	2-80477026	81975524	9	T	C	0.036	0.0236328	0.005025029	545.5312	0.3646735	1e+05	4.471908e-06	8.060323e-06	1.908782e-05
2	2-85625240	87259809	25	A	G	0.073	0.01527976	0.003379023	543.9151	0.2632465	1e+05	9.911419e-06	4.398493e-05	8.182381e-05
2	2-109567040	112053841	41	C	T	0.013	0.03954444	0.007703955	548.9009	1.291622	1e+05	6.161577e-07	2.422374e-07	1.062501e-06
2	2-113278254	115930967	12	C	A	0.014	0.03511377	0.007499973	545.4311	0.3650678	1e+05	4.913805e-06	8.950861e-06	2.086008e-05
2	2-113474950	116122682	11	A	G	0.014	0.03454317	0.006728457	547.8375	0.4691681	1e+05	6.13561e-07	7.292952e-07	2.591602e-06
2	2-125189606	128658821	9	C	T	0.462	0.007865998	0.001735056	543.482	0.1500173	1e+05	9.424375e-06	6.947551e-05	0.0001219065
2	2-126578118	130083517	7	A	G	0.312	0.0103338	0.002246738	543.9763	0.1729383	1e+05	7.069687e-06	4.123472e-05	7.736107e-05
2	2-126578443	130083842	21	A	G	0.464	0.008615683	0.001820057	545.6227	0.310441	1e+05	3.897947e-06	7.324776e-06	1.760359e-05
2	2-126578454	130083853	23	G	A	0.457	0.008486353	0.001827755	545.0487	0.2668308	1e+05	5.835734e-06	1.335897e-05	2.932471e-05
2	2-126578468	130083867	23	A	G	0.459	0.008861546	0.001812513	546.123	0.2700834	1e+05	1.926622e-06	4.343255e-06	1.133724e-05
2	2-126578475	130083874	23	A	G	0.452	0.008711044	0.001834315	545.1262	0.2436094	1e+05	3.641085e-06	1.231713e-05	2.736316e-05
2	2-126584566	130089965	7	G	A	0.462	0.008278184	0.00173141	544.3364	0.1253728	1e+05	3.148922e-06	2.82233e-05	5.571697e-05
2	2-126586786	130092185	23	C	G	0.326	0.01156117	0.002151987	549.344	0.431952	1e+05	1.936417e-07	1.531624e-07	7.365009e-07
2	2-126587397	130092796	26	T	C	0.402	0.00869336	0.001906414	543.9956	0.1778981	1e+05	8.399014e-06	4.040483e-05	7.60077e-05
2	2-126587802	130093201	17	C	A	0.477	0.00873278	0.001792806	544.5976	0.1115524	1e+05	2.093109e-06	2.144788e-05	4.398475e-05
2	2-126589432	130094832	14	A	G	0.463	0.008183423	0.00179471	543.8108	0.1632123	1e+05	8.41049e-06	4.909453e-05	9.003162e-05
2	2-126591027	130096426	3	T	C	0.322	0.01070336	0.002165553	546.0431	0.2424455	1e+05	1.505907e-06	4.720859e-06	1.215866e-05
2	2-126591179	130096578	14	C	T	0.477	0.008989056	0.001877179	544.1782	0.1444105	1e+05	3.045157e-06	3.333528e-05	6.43381e-05
2	2-126591189	130096588	15	C	T	0.4	0.008656856	0.001905497	544.202	0.2380497	1e+05	9.042474e-06	3.251121e-05	6.295973e-05
2	2-126602528	130107925	36	G	A	0.415	0.008567068	0.001852381	544.1872	0.1651445	1e+05	6.322198e-06	3.302191e-05	6.381443e-05
2	2-126602612	130108009	21	G	A	0.445	0.008262225	0.001826011	544.069	0.1965545	1e+05	9.792108e-06	3.739803e-05	7.10765e-05
2	2-126603831	130109227	25	T	C	0.383	0.00879357	0.001900076	544.6254	0.2173127	1e+05	6.236007e-06	2.082905e-05	4.289203e-05
2	2-126604914	130110310	10	C	T	0.47	0.008071373	0.001766365	543.9036	0.1624942	1e+05	8.060889e-06	4.451933e-05	8.268718e-05
2	2-126604959	130110355	5	G	A	0.467	0.007974007	0.001750855	543.8285	0.1653189	1e+05	8.610492e-06	4.818859e-05	8.85838e-05
2	2-126604961	130110357	5	T	C	0.46	0.007935695	0.001740517	543.8714	0.1665209	1e+05	8.423592e-06	4.605846e-05	8.516714e-05
2	2-126605713	130111109	25	C	T	0.461	0.008833449	0.001833438	544.3577	0.1568576	1e+05	2.665767e-06	2.759909e-05	5.465193e-05
2	2-126606168	130111564	15	G	A	0.451	0.00827442	0.001802381	544.054	0.1816791	1e+05	7.342608e-06	3.799266e-05	7.205529e-05
2	2-126608170	130113566	40	G	A	0.389	0.009219016	0.001903176	545.4994	0.1811488	1e+05	2.367847e-06	8.332903e-06	1.963301e-05
2	2-126632233	130137644	25	G	A	0.351	-0.01026218	0.00207221	542.9618	1e-05	1e-05	1.439541e-06	0.0001205086	0.0003671522
2	2-126841226	130299033	20	C	T	0.469	-0.009215386	0.001929035	546.1277	0.4951331	1e+05	3.206002e-06	4.322182e-06	1.12911e-05
2	2-126987330	130446805	45	T	C	0.059	0.02106988	0.00425709	546.7736	0.4694647	1e+05	1.459167e-06	2.204202e-06	6.438681e-06
2	2-210294915	216487357	41	T	C	0.286	0.01135872	0.002483639	545.0114	0.3603115	1e+05	7.923443e-06	1.389287e-05	3.032204e-05
2	2-212395122	218535005	25	T	C	0.012	0.03692964	0.007958197	545.1655	0.3937501	1e+05	5.902953e-06	1.182088e-05	2.64212e-05
2	2-231083141	237419763	23	A	G	0.012	0.0399193	0.008431602	547.0078	1.003315	1e+05	3.884991e-06	1.727344e-06	5.26148e-06
2	2-233620489	239851455	10	T	G	0.075	0.01994313	0.004224839	546.0281	0.5183206	1e+05	4.136999e-06	4.795562e-06	1.232001e-05
2	2-234413815	241885208	17	A	C	0.148	0.01094218	0.002338992	546.8112	0.9987401	1e+05	4.995077e-06	2.119593e-06	6.232974e-06
2	2-234432919	241904312	6	A	C	0.145	0.01100646	0.002341633	546.9498	0.9891719	1e+05	4.525731e-06	1.83476e-06	5.530671e-06
2	2-234463196	241927457	23	C	A	0.157	0.01079692	0.002340468	546.5868	1.101857	1e+05	6.657686e-06	2.677743e-06	7.568936e-06
2	2-234573419	242044993	33	A	G	0.109	0.01787537	0.003468693	548.5307	0.607975	1e+05	5.592523e-07	3.554114e-07	1.446377e-06
2	2-234639373	242113456	38	A	C	0.135	0.01212877	0.002535398	546.9984	0.6412114	1e+05	3.112277e-06	1.74434e-06	5.304243e-06
2	2-234673522	242147138	8	T	A	0.137	0.01173861	0.002489865	546.7892	0.7468032	1e+05	4.247408e-06	2.168629e-06	6.352346e-06
2	2-234677907	242151523	13	T	C	0.143	0.01066371	0.002351891	546.0644	0.780024	1e+05	9.402599e-06	4.616993e-06	1.19337e-05
2	2-234879873	242360550	14	A	G	0.146	0.01089691	0.002346506	546.5367	0.8188951	1e+05	5.814066e-06	2.821322e-06	7.905366e-06
2	2-234927962	242408635	11	T	C	0.176	0.01011638	0.002172759	546.4314	0.6356347	1e+05	5.510685e-06	3.148603e-06	8.662809e-06
2	2-234936052	242416725	3	T	C	0.132	0.01115009	0.002448441	546.1847	0.8065586	1e+05	8.625227e-06	4.072554e-06	1.074196e-05
3	3-1677680	965410	20	G	A	0.021	0.02897598	0.00604512	543.1735	0.1087834	1e+05	2.981302e-06	9.628981e-05	0.000162333
3	3-7032202	6199795	23	G	C	0.014	0.0376409	0.007295382	548.6661	0.6672967	1e+05	5.429327e-07	3.088972e-07	1.29175e-06
3	3-56130842	56101580	46	A	G	0.014	0.03581799	0.007841859	545.686	0.5904363	1e+05	8.129511e-06	6.855482e-06	1.664585e-05
3	3-56130840	56101582	45	A	G	0.014	0.0358963	0.007840263	545.7439	0.5943232	1e+05	7.750989e-06	6.453334e-06	1.581782e-05
3	3-62288383	62374208	31	A	G	0.013	0.03755477	0.007841423	546.5577	0.5660843	1e+05	3.035792e-06	2.760011e-06	7.762029e-06
3	3-68802398	69049802	32	A	G	0.013	0.0362616	0.007930029	545.3423	0.4825857	1e+05	7.948566e-06	9.822746e-06	2.257198e-05
3	3-88105807	111100857	8	T	C	0.187	0.01487974	0.00311518	543.8187	0.1548067	1e+05	3.215759e-06	4.868697e-05	8.938066e-05
3	3-141774535	142623562	35	T	G	0.018	0.03065784	0.006355435	547.6055	1.683314	1e+05	2.595158e-06	9.279994e-07	3.155723e-06
3	3-142062683	142907528	19	C	T	0.102	0.01323507	0.002892874	545.433	0.4130529	1e+05	7.86685e-06	8.932294e-06	2.082339e-05
3	3-142062690	142907535	19	G	A	0.104	0.01374555	0.002867318	546.6414	0.4683117	1e+05	2.973437e-06	2.52974e-06	7.21925e-06
3	3-142589072	143468111	42	T	C	0.082	0.01827744	0.003701893	547.7796	0.7580575	1e+05	1.542774e-06	7.745155e-07	2.722032e-06
3	3-174707932	177172841	35	T	C	0.013	0.03970033	0.008687549	546.4271	1.760797	1e+05	8.049801e-06	3.162596e-06	8.694922e-06
3	3-174707940	177172849	37	T	C	0.013	0.03950946	0.008694937	546.3076	1.698389	1e+05	9.00855e-06	3.582188e-06	9.648402e-06
3	3-183492204	186395652	41	T	G	0.069	0.0184915	0.003616319	548.2757	0.4997314	1e+05	6.764561e-07	4.629046e-07	1.790898e-06
3	3-194721197	197631375	4	C	A	0.015	0.0310053	0.006528182	545.8852	0.403879	1e+05	3.632605e-06	5.567065e-06	1.39663e-05
3	3-213935107	217528943	19	A	G	0.507	0.007878263	0.001736234	541.6591	0.002051221	1e+05	9.26258e-06	0.0004832556	0.0006831022
3	3-213935115	217528951	19	C	T	0.507	0.007928627	0.001733795	541.9772	0.005775661	1e+05	7.938355e-06	0.0003437695	0.0005028384
3	3-213939126	217532962	19	A	T	0.493	0.008127185	0.001754953	542.8574	0.05025485	1e+05	6.154383e-06	0.0001346237	0.0002181581
3	3-213984458	217578686	9	A	T	0.493	0.008857083	0.00179474	543.1783	1e-05	1e+05	1.559259e-06	9.580624e-05	0.0001616157
3	3-213984470	217578698	8	A	G	0.441	0.00880714	0.001787183	542.8509	1e-05	1e-05	1.611078e-06	0.0001355541	0.0002332055
3	3-213984480	217578708	5	A	G	0.447	0.008150458	0.001786475	541.2389	1e-05	1e-05	8.316884e-06	0.0007589872	0.001115069
3	3-214005555	217600180	28	C	T	0.512	0.008792716	0.001755387	543.2219	1e-05	1e-05	1.105675e-06	9.148471e-05	0.0002286233
3	3-214005570	217600195	30	G	A	0.522	0.008616005	0.001779601	542.4608	1e-05	1e-05	2.394764e-06	0.0002052126	0.0005394578
3	3-214005614	217600239	34	C	T	0.515	0.008526457	0.001781945	542.2083	1e-05	1e-05	3.096262e-06	0.000268598	0.0005452005
3	3-214007360	217601985	8	G	T	0.428	0.008470347	0.001868299	542.2839	0.03241525	1e+05	9.418193e-06	0.0002477694	0.0003751023
3	3-214007491	217602116	7	T	C	0.404	0.009037337	0.001979545	543.2154	0.1132528	1e+05	8.207123e-06	9.210751e-05	0.0001561161
3	3-214007896	217602521	30	G	T	0.475	-0.009000725	0.001800986	544.676	0.04280937	1e+05	1.165714e-06	1.975163e-05	4.097972e-05
3	3-214009191	217603816	29	C	T	0.5	0.008242414	0.001782031	542.1121	1e-05	1e+05	6.31111e-06	0.0002976372	0.0004419194
3	3-214009237	217603862	36	A	G	0.492	0.008222881	0.001802817	541.8494	1e-05	1e+05	8.359931e-06	0.0003941298	0.0005685311
3	3-214009252	217603877	37	T	C	0.492	0.008315944	0.001791086	541.8511	1e-05	1e+05	5.837917e-06	0.0003933922	0.0005675744
3	3-214009294	217603919	33	T	C	0.503	0.008558322	0.001781937	543.0424	0.007345663	1e+05	2.855347e-06	0.0001106409	0.0001834596
3	3-214009835	217604460	5	A	G	0.48	-0.007755744	0.001705568	541.3204	1e-05	1e+05	8.878403e-06	0.0006952635	0.0009492311
3	3-214010858	217605483	11	G	A	0.502	0.007826141	0.001717124	541.3051	1e-05	1e+05	8.485676e-06	0.0007068185	0.0009635314
3	3-214011932	217606557	9	A	T	0.507	0.007915657	0.001716362	542.6808	0.03237284	1e+05	6.694727e-06	0.000162409	0.0002575932
3	3-214012311	217606936	6	T	C	0.484	-0.007794887	0.001720006	541.9864	0.02344176	1e+05	9.493111e-06	0.0003403935	0.0004984058
3	3-214014443	217609068	9	A	G	0.482	-0.008075833	0.001750097	542.9889	0.0389474	1e+05	6.617946e-06	0.0001170973	0.00019287
3	3-214016288	217610913	21	C	G	0.5	0.008002626	0.001769285	542.7395	0.0711928	1e+05	9.862553e-06	0.0001525782	0.0002437231
3	3-214017796	217612420	10	A	G	0.48	0.008096709	0.001735649	541.7362	1e-05	1e+05	5.296755e-06	0.0004448869	0.0006340178
3	3-214018193	217612817	13	C	T	0.5	0.008267595	0.001746773	543.3285	0.03951939	1e+05	3.909741e-06	8.171675e-05	0.0001405373
3	3-214020273	217614897	37	G	A	0.438	-0.008189946	0.001769759	542.171	1e-05	1e+05	6.244052e-06	0.0002794986	0.0004177427
3	3-214020871	217615495	15	G	A	0.474	-0.007907171	0.001743597	542.6586	0.065717	1e+05	9.367041e-06	0.0001662818	0.0002630344
3	3-214024780	217619404	17	G	A	0.465	0.008325792	0.001827563	541.5528	0.009144376	1e+05	8.560815e-06	0.000541579	0.000757109
3	3-214029818	217624442	17	A	G	0.427	-0.008629809	0.001877117	542.9667	0.05487883	1e+05	7.13496e-06	0.0001198917	0.0001969263
3	3-214030872	217625496	22	A	G	0.488	0.008338318	0.001823118	541.5865	1e-05	1e+05	7.915195e-06	0.0005223598	0.0007327972
3	3-214035368	217629992	13	A	G	0.426	-0.009239461	0.002001038	543.1084	0.04029564	1e+05	6.5361e-06	0.0001031607	0.0001724859
3	3-214066615	217661232	41	T	A	0.484	0.008868239	0.001928125	542.6065	0.03285594	1e+05	7.071472e-06	0.0001757554	0.0002762936
3	3-214067876	217662493	29	T	C	0.012	0.04173131	0.008899532	544.9067	0.283241	1e+05	4.756721e-06	1.550461e-05	3.330335e-05
3	3-225428160	229135617	17	A	G	0.138	0.01490399	0.002871693	547.2856	0.2592888	1e+05	4.694027e-07	1.293863e-06	4.145669e-06
3	3-225428180	229135637	18	A	G	0.142	0.0141494	0.002862891	546.2878	0.2789876	1e+05	1.507332e-06	3.657164e-06	9.816972e-06
3	3-231120885	235350576	39	T	C	0.018	0.03714899	0.007849574	547.0966	1.370326	1e+05	3.917756e-06	1.574949e-06	4.874954e-06
4	4-1077759	1285819	8	G	A	0.32	0.008645439	0.001877152	543.9588	0.1926791	1e+05	6.881553e-06	4.200382e-05	7.861246e-05
4	4-1487757	1738970	6	G	A	0.013	0.03361486	0.006859313	546.8503	0.565676	1e+05	1.827292e-06	2.035024e-06	6.026087e-06
4	4-3028680	3592122	40	A	G	0.039	0.0230546	0.004987189	543.4785	0.1645315	1e+05	6.381765e-06	6.973633e-05	0.000122307
4	4-3028803	3592245	16	T	C	0.026	0.02477459	0.005246426	544.7445	0.2451768	1e+05	4.104972e-06	1.83807e-05	3.852726e-05
4	4-3032327	3595769	17	A	G	0.026	0.02466842	0.005243418	544.7513	0.253985	1e+05	4.439557e-06	1.825117e-05	3.829435e-05
4	4-3032651	3596093	14	G	A	0.028	0.02351238	0.005147237	544.4655	0.2863788	1e+05	8.114499e-06	2.464179e-05	4.956471e-05
4	4-3032672	3596114	16	A	C	0.026	0.02461264	0.005245888	544.6537	0.2488789	1e+05	4.701181e-06	2.022011e-05	4.181281e-05
4	4-40500345	42219527	39	G	T	0.016	0.03435087	0.007177498	547.196	0.8731303	1e+05	3.082364e-06	1.420229e-06	4.476381e-06
4	4-40599237	42320419	11	A	G	0.016	0.03211958	0.006269505	548.8453	1.095841	1e+05	6.457237e-07	2.565887e-07	1.112732e-06
4	4-46888249	48903164	31	A	T	0.013	0.03695466	0.00747364	547.8621	0.8339641	1e+05	1.491238e-06	7.109654e-07	2.538347e-06
4	4-65689421	68122934	21	T	C	0.012	0.04438014	0.008857292	546.9065	0.418113	1e+05	1.097515e-06	1.919508e-06	5.741304e-06
4	4-102513401	100017236	5	T	C	0.013	0.03463058	0.007619045	544.792	0.3980147	1e+05	8.957645e-06	1.748709e-05	3.691621e-05
4	4-120485696	124256438	12	T	A	0.025	0.03189748	0.006541945	546.5153	0.4742805	1e+05	2.04734e-06	2.884813e-06	8.0533e-06
4	4-124384616	127379773	16	G	C	0.014	0.03333558	0.006868944	546.6228	0.5585686	1e+05	2.271868e-06	2.57904e-06	7.33607e-06
4	4-124387957	127383114	16	A	G	0.016	0.03066697	0.006751299	545.3238	0.5654789	1e+05	9.07063e-06	1.001434e-05	2.294533e-05
4	4-144002887	147286452	36	C	T	0.031	0.02331334	0.005152736	544.9271	0.4094932	1e+05	9.804097e-06	1.51765e-05	3.269983e-05
4	4-171019817	174001234	6	T	C	0.018	0.03970996	0.008342202	546.8316	0.6708493	1e+05	3.462374e-06	2.074976e-06	6.123987e-06
4	4-171392128	174416951	20	C	T	0.126	0.01217564	0.002517316	545.1865	0.1913333	1e+05	2.447506e-06	1.156256e-05	2.59288e-05
4	4-174168529	177192875	45	T	C	0.054	0.02215348	0.004893759	545.7179	0.6168661	1e+05	9.701613e-06	6.63081e-06	1.618411e-05
4	4-174498966	177546515	17	A	G	0.113	0.01497923	0.003061906	546.448	0.3936657	1e+05	1.899981e-06	3.094625e-06	8.538737e-06
4	4-174498970	177546519	16	T	G	0.114	0.01489811	0.002928305	546.9964	0.3392358	1e+05	7.640918e-07	1.747963e-06	5.313351e-06
4	4-174603776	177634198	25	G	A	0.237	0.009742805	0.002081918	544.51	0.2649082	1e+05	4.960457e-06	2.351517e-05	4.760731e-05
4	4-174923930	177948752	33	A	G	0.036	-0.02700441	0.005824563	546.7264	1.863085	1e+05	6.012224e-06	2.315408e-06	6.707204e-06
4	4-186154360	189405698	13	A	G	0.037	0.02438725	0.005294823	546.6181	1.149261	1e+05	6.873971e-06	2.591899e-06	7.366483e-06
4	4-194661489	198761081	26	T	C	0.017	0.03370615	0.007198102	546.7692	5.169904	1e+05	4.896548e-06	2.214321e-06	6.4632e-06
4	4-202608023	206742196	26	T	C	0.015	0.0325033	0.007052356	545.296	0.4729739	1e+05	6.784263e-06	1.031013e-05	2.351987e-05
4	4-202729293	206871039	19	T	C	0.024	0.02921595	0.005230476	549.6098	0.4232226	1e+05	6.684478e-08	1.163611e-07	5.919675e-07
4	4-202940000	207132458	5	C	T	0.033	0.02051506	0.004521482	545.2029	0.4756022	1e+05	9.275387e-06	1.136609e-05	2.555332e-05
4	4-205693432	210048394	29	A	G	0.015	0.03724953	0.007500638	546.8323	0.4551422	1e+05	1.349681e-06	2.073481e-06	6.12033e-06
4	4-205974178	210345816	41	T	G	0.019	0.03143558	0.006612852	546.0073	0.4847228	1e+05	3.563789e-06	4.900754e-06	1.25466e-05
4	4-238010726	242720407	26	A	G	0.054	0.01769022	0.003832388	545.8757	0.566805	1e+05	6.575163e-06	5.623051e-06	1.408444e-05
4	4-240226237	245082975	36	A	T	0.072	0.01557339	0.00334445	545.2835	0.3852624	1e+05	5.498983e-06	1.044625e-05	2.378349e-05
4	4-240226325	245083063	36	A	C	0.072	0.01534068	0.003334382	545.9847	0.6496656	1e+05	7.029864e-06	5.018078e-06	1.27985e-05
5	5-1898872	1960369	13	A	G	0.046	0.019129	0.004039748	544.8373	0.2688613	1e+05	3.872644e-06	1.667504e-05	3.544305e-05
5	5-9626954	9971876	14	G	C	0.199	0.01067198	0.002344354	545.2495	0.4021214	1e+05	8.691249e-06	1.082425e-05	2.451322e-05
5	5-10094532	10494968	21	A	T	0.175	0.01066883	0.002236637	542.9969	0.08273728	1e+05	3.311317e-06	0.0001161124	0.0001914379
5	5-10094456	10495044	26	A	C	0.179	0.01108635	0.002184758	544.7087	0.07462007	1e+05	8.132846e-07	1.908543e-05	3.979075e-05
5	5-10094425	10495075	36	C	G	0.173	0.01076577	0.002280585	543.085	0.07179711	1e+05	4.133851e-06	0.0001057579	0.0001763051
5	5-10094247	10495253	44	A	G	0.194	0.01056275	0.002263659	543.5743	0.1213575	1e+05	5.266663e-06	6.302013e-05	0.0001119402
5	5-10093435	10496065	36	T	G	0.191	0.01141004	0.002202473	545.8135	0.09123132	1e+05	4.910485e-07	6.000456e-06	1.487655e-05
5	5-10092990	10496510	19	C	T	0.194	0.009883742	0.002162352	543.5433	0.144232	1e+05	8.013603e-06	6.51171e-05	0.0001151895
5	5-10092988	10496512	19	T	G	0.197	0.009974976	0.002160755	544.1796	0.1700284	1e+05	6.562147e-06	3.328653e-05	6.425667e-05
5	5-10092676	10496824	4	A	C	0.197	0.0102621	0.002075928	543.9922	0.08533153	1e+05	1.500154e-06	4.054972e-05	7.624422e-05
5	5-10091951	10497549	17	A	G	0.282	0.009218404	0.001823351	544.1806	0.04937665	1e+05	8.880086e-07	3.325187e-05	6.419876e-05
5	5-14462937	14954708	18	A	G	0.021	0.02867697	0.005707182	546.522	0.3495906	1e+05	1.027256e-06	2.864771e-06	8.006656e-06
5	5-14484451	14974409	37	G	C	0.016	0.03468748	0.007538648	545.4954	0.5763387	1e+05	7.013512e-06	8.367811e-06	1.970265e-05
5	5-14484452	14974410	37	G	T	0.013	0.03913026	0.007900207	547.0643	0.5686761	1e+05	1.434336e-06	1.628802e-06	5.012194e-06
5	5-15729752	16267551	12	A	T	0.268	0.008508673	0.001863473	541.3331	0.004423802	1e-05	8.183208e-06	0.0006858572	0.002458322
5	5-15741977	16279776	25	C	T	0.268	0.009152167	0.001886337	542.507	1e-05	1e-05	2.28505e-06	0.0001953802	0.0009041568
5	5-20120540	20576832	48	A	G	0.275	0.01041642	0.002114901	546.4583	0.2993418	1e+05	1.631258e-06	3.061454e-06	8.462328e-06
5	5-20133174	20589466	23	A	C	0.273	0.009371428	0.0019683	546.1494	0.4147553	1e+05	3.446029e-06	4.225108e-06	1.107812e-05
5	5-20133253	20589545	26	C	T	0.272	0.009245183	0.002009453	544.6596	0.2865945	1e+05	7.027145e-06	2.009515e-05	4.159083e-05
5	5-47812263	49363387	14	A	G	0.014	0.05172677	0.009360147	550.7034	0.8411708	1e+05	9.015928e-08	3.763011e-08	2.435953e-07
5	5-66856469	68741890	16	T	C	0.028	0.02671379	0.005690453	545.6068	0.4719588	1e+05	4.645075e-06	7.448034e-06	1.78537e-05
5	5-66866909	68752330	18	T	C	0.017	0.03108429	0.006609742	546.3273	0.6510864	1e+05	4.476263e-06	3.509539e-06	9.484562e-06
5	5-66871360	68756781	6	A	G	0.018	0.0359717	0.006776247	548.1253	0.3683527	1e+05	2.646522e-07	5.410584e-07	2.032491e-06
5	5-98830887	101291960	20	A	G	0.074	0.0154595	0.003319105	545.2686	0.4089328	1e+05	5.468829e-06	1.061036e-05	2.410073e-05
5	5-99046121	101511039	36	G	A	0.067	0.01755243	0.003598155	545.5912	0.279488	1e+05	2.025567e-06	7.570553e-06	1.810174e-05
5	5-99132573	101598765	8	A	G	0.016	0.03887172	0.007662039	548.7207	2.484165	1e+05	8.175966e-07	2.91916e-07	1.234283e-06
5	5-101892703	104431553	14	T	C	0.016	0.03354891	0.007080079	547.1097	1.150301	1e+05	3.815804e-06	1.553624e-06	4.820403e-06
5	5-105040333	107604147	19	A	G	0.014	0.03478249	0.00756702	545.8766	0.6666417	1e+05	7.159467e-06	5.617456e-06	1.407264e-05
5	5-128023934	131347085	18	T	C	0.243	-0.01156883	0.002397957	547.4567	1.193644	1e+05	2.588377e-06	1.083082e-06	3.581958e-06
5	5-132599219	135935685	10	G	A	0.211	0.01225023	0.002642255	542.0113	0.03112512	1e-05	6.012712e-06	0.0003314448	0.0005339479
5	5-132599227	135935693	12	A	G	0.216	0.01188955	0.0026124	541.6385	0.03045508	1e-05	8.729445e-06	0.0004940424	0.0007263598
5	5-146250018	149651223	24	C	A	0.017	0.03888754	0.007797755	545.7594	0.2671038	1e+05	1.225031e-06	6.349213e-06	1.560226e-05
5	5-154890014	158643020	38	C	T	0.333	0.008890672	0.00191497	545.7338	0.4924672	1e+05	5.844128e-06	6.521329e-06	1.595832e-05
5	5-207950122	213697529	14	A	G	0.044	0.02063397	0.004007237	548.6634	0.7941239	1e+05	5.704818e-07	3.097765e-07	1.29471e-06
5	5-207950170	213697577	17	C	G	0.042	0.02117311	0.004072837	548.9477	0.8243586	1e+05	4.503189e-07	2.30783e-07	1.022019e-06
5	5-207950188	213697595	20	C	T	0.045	0.02044394	0.004014569	548.4563	0.851587	1e+05	7.46893e-07	3.838789e-07	1.539215e-06
5	5-207950200	213697607	18	G	A	0.042	0.02111126	0.004073699	548.8691	0.8224073	1e+05	4.868929e-07	2.50333e-07	1.090901e-06
5	5-207950564	213697971	22	A	G	0.048	0.01848625	0.003834708	547.2763	0.9128421	1e+05	2.632035e-06	1.306527e-06	4.17904e-06
5	5-207950608	213698015	22	A	G	0.048	0.01843068	0.003836186	547.1955	0.9049046	1e+05	2.834626e-06	1.42091e-06	4.478148e-06
5	5-208033364	213758806	18	A	G	0.04	0.01916595	0.004175791	546.2666	0.8964186	1e+05	7.376407e-06	3.738959e-06	1.000029e-05
5	5-208033427	213758869	21	C	G	0.045	0.01798852	0.003959137	546.079	0.9138968	1e+05	9.024866e-06	4.547369e-06	1.178249e-05
5	5-208033701	213759143	36	C	T	0.026	0.02568578	0.005190385	547.9378	0.9901645	1e+05	1.46349e-06	6.572185e-07	2.380822e-06
5	5-208033806	213759248	37	A	G	0.021	0.02888205	0.00576391	548.2674	1.06163	1e+05	1.096151e-06	4.669372e-07	1.803529e-06
5	5-208034138	213759580	15	T	C	0.044	0.01839945	0.003940049	546.6069	0.9062076	1e+05	5.1827e-06	2.62227e-06	7.438225e-06
5	5-208034150	213759592	19	A	G	0.043	0.01874357	0.003987065	546.7087	0.8627252	1e+05	4.51044e-06	2.358451e-06	6.8106e-06
5	5-208034162	213759604	16	T	C	0.049	0.01861332	0.003781976	547.7725	1.020981	1e+05	1.659075e-06	7.802578e-07	2.738502e-06
5	5-210724716	216530449	15	C	T	0.016	0.03123066	0.006620323	546.1439	0.574781	1e+05	4.193905e-06	4.249721e-06	1.113219e-05
6	6-2139940	2187037	16	A	G	0.021	0.03291844	0.007155953	545.2018	0.4243961	1e+05	7.04868e-06	1.137889e-05	2.55778e-05
6	6-2914435	2947895	6	A	G	0.038	0.02741879	0.005631753	546.4885	0.3890602	1e+05	2.116288e-06	2.966542e-06	8.243007e-06
6	6-7645956	7975860	19	T	C	0.012	0.04045022	0.008924075	544.2812	0.2848452	1e+05	9.459704e-06	2.991046e-05	5.858157e-05
6	6-20732812	18983296	13	C	G	0.016	0.04160571	0.007652948	550.3243	0.9993738	1e+05	1.410233e-07	5.563954e-08	3.307643e-07
6	6-41134560	42732133	8	G	A	0.036	0.02303491	0.004967834	546.2945	0.8230555	1e+05	5.998615e-06	3.631613e-06	9.759583e-06
6	6-82647545	85542471	2	T	C	0.015	0.04209811	0.009286597	545.284	0.5150034	1e+05	9.438989e-06	1.044102e-05	2.377338e-05
6	6-87030722	89652362	21	T	G	0.017	0.03051314	0.006539443	544.9527	0.3093852	1e+05	5.2717e-06	1.477428e-05	3.19577e-05
6	6-87035518	89657158	6	G	C	0.013	0.03506732	0.00743277	545.0864	0.2967161	1e+05	4.183753e-06	1.284186e-05	2.835373e-05
6	6-87038737	89660377	35	T	C	0.079	0.01607956	0.003418636	545.9125	0.4004253	1e+05	4.462268e-06	5.411044e-06	1.363617e-05
6	6-87039179	89660819	20	A	G	0.017	0.03269078	0.006474689	546.6324	0.3141064	1e+05	9.165882e-07	2.553507e-06	7.275609e-06
6	6-87050184	89671824	27	A	G	0.022	0.02716822	0.005718998	545.7018	0.3468079	1e+05	3.615249e-06	6.743692e-06	1.641637e-05
6	6-87259672	89871020	4	A	G	0.022	0.02535296	0.005589711	544.3774	0.3085468	1e+05	9.339744e-06	2.703374e-05	5.368478e-05
6	6-87260308	89871656	13	T	G	0.016	0.03118911	0.006516405	545.4917	0.322124	1e+05	3.077714e-06	8.400357e-06	1.976755e-05
6	6-87262225	89873572	41	T	C	0.024	0.02612164	0.005732303	544.2254	0.2571939	1e+05	8.514707e-06	3.171992e-05	6.163226e-05
6	6-87264494	89875841	13	T	G	0.021	0.02651028	0.005704002	545.1281	0.3317946	1e+05	5.717864e-06	1.229259e-05	2.73167e-05
6	6-87278688	89890029	35	G	A	0.015	0.0309538	0.006812769	544.5801	0.3389544	1e+05	9.026713e-06	2.184576e-05	4.468523e-05
6	6-128371246	132190816	31	A	T	0.015	0.03583795	0.007477957	546.3514	0.5331362	1e+05	2.992196e-06	3.422389e-06	9.287351e-06
6	6-130163071	134063214	40	T	G	0.021	0.029528	0.006347029	546.003	0.5396337	1e+05	5.602949e-06	4.923087e-06	1.259462e-05
6	6-151266825	155214426	12	T	C	0.014	0.03188255	0.0070515	544.972	0.4821606	1e+05	9.935472e-06	1.447787e-05	3.140909e-05
6	6-151266874	155214475	15	T	G	0.014	0.03194669	0.007048699	545.0222	0.4836836	1e+05	9.477171e-06	1.373632e-05	3.003014e-05
6	6-151659657	155619102	23	C	T	0.024	0.02806189	0.005928565	546.6496	0.7625923	1e+05	3.905058e-06	2.50807e-06	7.167792e-06
6	6-153411438	157392598	20	A	C	0.014	0.03415799	0.007498191	545.4378	0.5093796	1e+05	8.56756e-06	8.888342e-06	2.073648e-05
6	6-163364828	167392033	39	T	C	0.068	0.01561823	0.003380902	545.6131	0.4757484	1e+05	6.47282e-06	7.398759e-06	1.775378e-05
6	6-164878457	168822672	6	G	C	0.058	0.01616273	0.003494423	545.4543	0.4069899	1e+05	6.311087e-06	8.735462e-06	2.043373e-05
6	6-164878479	168822694	4	T	A	0.06	0.01733765	0.003426706	547.4079	0.3770783	1e+05	8.721956e-07	1.139471e-06	3.734387e-06
7	7-2587316	2688832	8	A	G	0.036	0.02080298	0.004244716	545.6683	0.3090837	1e+05	1.824808e-06	6.984146e-06	1.690931e-05
7	7-2639907	2713576	18	T	C	0.106	0.01289774	0.002630732	543.9615	0.08965276	1e+05	1.809703e-06	4.188181e-05	7.841412e-05
7	7-2639944	2713613	19	A	G	0.085	0.01434881	0.002921791	544.3844	0.1184789	1e+05	1.742309e-06	2.683414e-05	5.334273e-05
7	7-26327986	27400472	42	A	T	0.011	0.0541062	0.01193652	545.0393	0.4039411	1e+05	9.454709e-06	1.34915e-05	2.957276e-05
7	7-58464991	60846312	15	A	G	0.016	0.04063416	0.008966588	544.1791	0.269985	1e+05	9.499864e-06	3.330543e-05	6.428824e-05
7	7-105715304	108955287	5	T	C	0.011	0.04776092	0.01051366	545.9383	0.6700657	1e+05	9.05619e-06	5.267043e-06	1.333026e-05
7	7-122546036	126482821	31	T	C	0.018	0.03696965	0.007897291	544.9463	0.2452499	1e+05	4.925708e-06	1.487364e-05	3.214127e-05
7	7-136856695	141202637	17	T	C	0.282	-0.009447219	0.002029719	545.9572	0.4782058	1e+05	5.548857e-06	5.164067e-06	1.311076e-05
7	7-152892307	158202371	45	T	G	0.508	0.008370201	0.001831141	541.8506	0.01295073	1e+05	8.006549e-06	0.0003936166	0.0005678654
7	7-162676786	168129294	31	A	G	0.106	0.01455206	0.003202313	545.6868	0.7389223	1e+05	8.997857e-06	6.849827e-06	1.663425e-05
7	7-163469440	168932259	37	A	C	0.028	0.03221194	0.00606627	548.7848	0.4466309	1e+05	2.627129e-07	2.731683e-07	1.170131e-06
7	7-164349582	169830713	21	T	G	0.012	0.04678049	0.01027944	545.5792	0.5509317	1e+05	8.741647e-06	7.666103e-06	1.829479e-05
7	7-170989320	176575660	16	T	G	0.014	0.03689739	0.007528999	547.729	1.10568	1e+05	1.826559e-06	8.162671e-07	2.841324e-06
8	8-45376711	46633202	18	A	G	0.012	0.04738394	0.01015103	546.2505	0.6583301	1e+05	5.227991e-06	3.802258e-06	1.014175e-05
8	1-129279038	60510719	43	G	A	0.04	0.02723975	0.005593913	546.2974	0.4439122	1e+05	2.10733e-06	3.620833e-06	9.735351e-06
8	8-106533709	109462363	26	A	G	0.179	0.01027458	0.002269151	545.4033	0.6082204	1e+05	9.657336e-06	9.214887e-06	2.138078e-05
8	8-106533711	109462365	25	G	A	0.19	0.01026005	0.002180596	546.1389	0.6098793	1e+05	4.429405e-06	4.271673e-06	1.118037e-05
8	8-117471302	120864725	31	A	G	0.015	0.04600246	0.00948983	547.2797	0.6843243	1e+05	2.32996e-06	1.301921e-06	4.166908e-06
9	9-2473223	2200721	18	A	C	0.241	-0.00994721	0.002126752	546.6554	1.354782	1e+05	5.016785e-06	2.49309e-06	7.132178e-06
9	9-4245768	3833632	15	A	G	0.023	0.03662859	0.007561062	547.0068	0.6335258	1e+05	2.36401e-06	1.72912e-06	5.265951e-06
9	9-5580754	5206009	40	A	G	0.042	0.01996723	0.004239708	545.6616	0.3742596	1e+05	4.342914e-06	7.032634e-06	1.700843e-05
9	9-5581171	5206426	34	A	C	0.046	0.01966063	0.004159431	545.7473	0.3658002	1e+05	4.02178e-06	6.430538e-06	1.577066e-05
9	9-5581620	5206875	44	A	T	0.046	0.01903338	0.004207866	545.0759	0.4083212	1e+05	9.854056e-06	1.298351e-05	2.862021e-05
9	9-5581657	5206912	32	T	C	0.04	0.02031491	0.004229721	546.2149	0.390736	1e+05	2.854384e-06	3.946252e-06	1.046225e-05
9	9-5584137	5209392	16	A	G	0.049	0.01965123	0.003845667	547.6396	0.4130729	1e+05	6.873937e-07	8.95671e-07	3.065438e-06
9	9-5584973	5210228	20	T	C	0.038	0.02035636	0.004427999	545.3007	0.4078406	1e+05	7.140618e-06	1.025965e-05	2.342198e-05
9	9-5585793	5211048	25	T	C	0.046	0.01820756	0.003996456	544.9993	0.364035	1e+05	8.551626e-06	1.406989e-05	3.06516e-05
9	9-5587589	5212844	3	A	G	0.044	0.01844869	0.003900737	545.5973	0.3417601	1e+05	3.972037e-06	7.522048e-06	1.800361e-05
9	9-5587751	5213006	4	G	C	0.044	0.01858705	0.003907432	546.1246	0.4330181	1e+05	3.513913e-06	4.336145e-06	1.132167e-05
9	9-5587820	5213075	5	A	G	0.038	0.01955878	0.004180199	545.6423	0.3943703	1e+05	4.978419e-06	7.176244e-06	1.730142e-05
9	9-5587855	5213110	7	G	A	0.04	0.01926157	0.004120604	545.6743	0.3990901	1e+05	5.078028e-06	6.939795e-06	1.681857e-05
9	9-5589108	5214363	8	T	C	0.025	0.02825892	0.005721231	546.6285	0.347587	1e+05	1.528679e-06	2.563823e-06	7.300049e-06
9	9-5589130	5214385	9	A	G	0.036	0.02398107	0.004456467	548.132	0.2662817	1e+05	1.85387e-07	5.372829e-07	2.020966e-06
9	9-5589131	5214386	9	T	C	0.036	0.02167105	0.004709588	545.0389	0.332411	1e+05	7.007761e-06	1.349808e-05	2.958506e-05
9	9-5589457	5214712	9	A	C	0.034	0.02557223	0.005192869	546.8105	0.4143841	1e+05	1.636992e-06	2.121158e-06	6.23679e-06
9	9-18251430	18093027	19	G	A	0.348	-0.008620005	0.001903057	545.8556	0.7048737	1e+05	9.589792e-06	5.741908e-06	1.433469e-05
9	9-18251433	18093030	16	A	G	0.449	-0.008453867	0.001803218	546.3175	0.4991541	1e+05	4.776816e-06	3.545508e-06	9.565742e-06
9	9-18251457	18093054	17	A	G	0.465	-0.008403917	0.001800502	546.0767	0.4381936	1e+05	5.23618e-06	4.558353e-06	1.180637e-05
9	9-18251458	18093055	17	A	C	0.43	0.009731172	0.001876341	548.9527	0.7762366	1e+05	4.778358e-07	2.295902e-07	1.017783e-06
9	9-18251460	18093057	19	A	C	0.398	0.009326316	0.002005203	546.5874	0.8195026	1e+05	5.632715e-06	2.67617e-06	7.565235e-06
9	9-24863849	24829467	10	T	C	0.248	-0.009415315	0.002062091	541.2543	1e-05	1e-05	8.187566e-06	0.0007465479	0.001216322
9	9-24888442	24853117	41	C	T	0.381	-0.009589201	0.002038884	541.9432	0.00540112	1e-05	4.469028e-06	0.0003564902	0.00074151
9	9-24965267	24936136	24	T	C	0.388	-0.008509393	0.001715411	544.6009	0.0571966	1e+05	1.385388e-06	2.137322e-05	4.385312e-05
9	9-24965280	24936149	26	T	G	0.385	-0.008505173	0.001741781	544.8631	0.09304282	1e+05	1.980968e-06	1.622993e-05	3.46317e-05
9	9-24965374	24936243	23	T	C	0.365	-0.008508708	0.001771838	543.9021	0.06156303	1e+05	2.86348e-06	4.458802e-05	8.279806e-05
9	9-24965399	24936268	22	G	A	0.356	-0.008130035	0.001793495	542.8868	0.09076478	1e+05	9.444883e-06	0.0001304948	0.0002122323
9	9-54836735	56055407	9	T	C	0.018	0.03596561	0.007538968	545.6012	0.3579356	1e+05	3.302462e-06	7.491152e-06	1.794105e-05
9	9-76460591	78516436	8	T	C	0.02	0.03712495	0.007835178	545.3791	0.2644495	1e+05	3.820158e-06	9.451445e-06	2.184559e-05
9	9-97930242	100341115	23	T	G	0.406	-0.009555512	0.001975063	545.1678	0.1693248	1e+05	2.432764e-06	1.17923e-05	2.63668e-05
9	9-99324318	101738726	30	G	C	0.01	0.03811702	0.008331227	545.2644	0.4630332	1e+05	7.862107e-06	1.065709e-05	2.419095e-05
9	9-99337763	101752167	26	T	C	0.012	0.03911305	0.007797707	547.3645	0.5122339	1e+05	1.070193e-06	1.192038e-06	3.87538e-06
9	9-114224297	117551339	20	A	G	0.029	0.02431406	0.005070002	546.8632	0.6644585	1e+05	2.949294e-06	2.007925e-06	5.95951e-06
9	9-125421798	127216165	12	A	G	0.365	0.01152371	0.002518337	545.6247	0.4225365	1e+05	7.837359e-06	7.309723e-06	1.757301e-05
9	9-125966348	127760842	23	T	C	0.029	0.02428195	0.005229986	545.6852	0.408592	1e+05	5.841249e-06	6.861145e-06	1.665746e-05
9	9-125971561	127766055	5	T	C	0.016	0.03473553	0.007352819	545.4179	0.3695742	1e+05	4.069771e-06	9.074896e-06	2.110496e-05
9	9-125976830	127771319	16	T	C	0.021	0.0290787	0.00637094	544.4884	0.3254104	1e+05	8.246209e-06	2.405544e-05	4.85474e-05
9	9-136952603	139301337	20	G	C	0.252	-0.009240764	0.001992666	544.1428	0.1812761	1e+05	5.983406e-06	3.460097e-05	6.644727e-05
9	9-137080708	139412890	13	T	C	0.498	0.007482624	0.001622779	541.607	1e-05	1e+05	6.720836e-06	0.0005110182	0.0007184164
9	9-137080669	139412929	15	G	A	0.488	0.007523558	0.001621876	542.035	0.004622437	1e+05	5.946223e-06	0.0003231618	0.0004757207
9	9-137091334	139425207	15	T	C	0.463	-0.007639252	0.001643015	542.2701	1e-05	1e+05	5.670837e-06	0.0002514641	0.0003800921
9	9-137091364	139425237	18	T	C	0.465	-0.008113219	0.001642025	543.5605	1e-05	1e+05	1.516877e-06	6.394437e-05	0.0001133737
9	9-137091390	139425263	18	G	T	0.474	-0.007727403	0.001645301	542.6634	0.006922079	1e+05	4.600622e-06	0.000165431	0.0002618402
9	9-137091398	139425271	16	T	A	0.474	-0.00759028	0.001643018	542.1587	1e-05	1e+05	6.467899e-06	0.0002831884	0.0004226719
9	9-137091427	139425300	18	C	T	0.512	0.007817112	0.001635795	542.5556	1e-05	1e+05	3.183184e-06	0.0001855349	0.0002899086
9	9-137091429	139425302	18	C	G	0.509	0.007985103	0.001636488	542.8865	1e-05	1e+05	2.014101e-06	0.0001305348	0.0002122898
9	9-137091518	139425391	12	A	G	0.505	0.008072906	0.001604539	544.5144	0.01720811	1e+05	9.960796e-07	2.340617e-05	4.741733e-05
9	9-137091641	139425514	14	C	A	0.502	0.007626958	0.00162159	541.8574	1e-05	1e+05	4.464644e-06	0.000390774	0.0005641771
9	9-137091817	139425690	3	G	C	0.482	-0.007238421	0.001578024	541.6583	1e-05	1e+05	7.466147e-06	0.0004836587	0.0006836162
9	9-137091846	139425719	3	C	T	0.485	-0.007294557	0.001582408	541.9068	0.005149758	1e+05	6.756724e-06	0.000370634	0.0005379781
9	9-137092122	139425995	20	A	G	0.502	0.00779227	0.001632422	542.6642	1e-05	1e+05	3.260854e-06	0.000165292	0.0002616449
9	9-137092128	139426001	19	G	T	0.495	0.00766812	0.001636885	542.5342	0.009484973	1e+05	4.854567e-06	0.0001897917	0.0002958131
9	9-137120478	139473927	8	G	T	0.273	-0.008312816	0.001834765	541.6397	1e-05	1e+05	9.541333e-06	0.0004933702	0.0006959868
9	9-137141265	139494717	7	G	C	0.291	0.008809938	0.001947756	544.3213	0.3719176	1e+05	9.861043e-06	2.867587e-05	5.648737e-05
9	9-138741460	141082709	23	A	G	0.031	0.02307338	0.004983526	545.76	0.5066023	1e+05	6.183415e-06	6.34573e-06	1.559504e-05
9	9-147556622	150296910	13	T	C	0.387	0.008094293	0.001789026	545.126	0.5132955	1e+05	9.806059e-06	1.232012e-05	2.736882e-05
9	9-147954592	150715447	11	G	A	0.021	0.02677699	0.005848603	545.1742	0.4638723	1e+05	7.754385e-06	1.171268e-05	2.621514e-05
9	9-153536501	156420322	29	A	G	0.025	0.02582343	0.005620358	545.7451	0.5489873	1e+05	7.221482e-06	6.444886e-06	1.580034e-05
9	9-153536511	156420332	25	G	T	0.027	0.02568302	0.005478865	545.2068	0.3393885	1e+05	4.788675e-06	1.131994e-05	2.546499e-05
10	10-2798946	2368871	27	A	C	0.012	0.04927762	0.01066162	546.0722	0.7330492	1e+05	6.404243e-06	4.579695e-06	1.185274e-05
10	10-19083446	19510917	15	A	G	0.295	0.008737072	0.001926968	545.1262	0.465231	1e+05	9.402587e-06	1.231784e-05	2.73645e-05
10	10-19173286	19601850	27	T	C	0.298	0.008997676	0.001961336	545.4077	0.472976	1e+05	7.449572e-06	9.172751e-06	2.129782e-05
10	10-19206902	19635860	33	G	C	0.307	0.009300281	0.002000337	545.5557	0.4716463	1e+05	5.67521e-06	7.856717e-06	1.867892e-05
10	10-19207070	19636028	36	T	C	0.304	0.00918143	0.001997369	545.2265	0.3992229	1e+05	7.154115e-06	1.108895e-05	2.502218e-05
10	10-19208674	19637632	24	C	T	0.35	0.01001294	0.002092923	546.9908	0.7863227	1e+05	3.106444e-06	1.758137e-06	5.338912e-06
10	10-19213577	19642535	26	C	A	0.275	0.009799812	0.002008005	547.404	0.6462437	1e+05	2.005258e-06	1.144037e-06	3.746676e-06
10	10-19213602	19642560	22	A	G	0.281	0.008905551	0.00195039	545.5887	0.449056	1e+05	8.182949e-06	7.59012e-06	1.81413e-05
10	10-19216997	19645840	29	T	C	0.316	0.008805738	0.001896837	545.2573	0.3349915	1e+05	5.854332e-06	1.07365e-05	2.434413e-05
10	10-22911147	23446934	10	A	G	0.239	0.01231102	0.002717667	543.8735	0.1671151	1e+05	9.571657e-06	4.595397e-05	8.499909e-05
10	10-25211546	25833342	10	T	C	0.052	0.01783055	0.003760618	545.5093	0.3986044	1e+05	3.766605e-06	8.247261e-06	1.946199e-05
10	10-25215310	25837106	4	A	G	0.062	0.01552053	0.003415287	544.9013	0.4528056	1e+05	8.99018e-06	1.559322e-05	3.346606e-05
10	10-25219950	25841746	19	T	G	0.059	0.01623392	0.003588257	544.8132	0.4339624	1e+05	9.815955e-06	1.710235e-05	3.621937e-05
10	10-25222680	25844478	13	A	C	0.058	0.02116859	0.003829011	549.1708	0.3950897	1e+05	8.917122e-08	1.832009e-07	8.496037e-07
10	10-25225731	25847479	10	A	G	0.048	0.0190479	0.004052877	545.6141	0.4624305	1e+05	4.53558e-06	7.391311e-06	1.773867e-05
10	10-25230037	25851784	11	T	C	0.05	0.0184336	0.004047858	545.2981	0.5571863	1e+05	8.6268e-06	1.028766e-05	2.34763e-05
10	10-34773586	35721958	3	A	G	0.013	0.03476416	0.007594466	545.5615	0.6091183	1e+05	7.781261e-06	7.808911e-06	1.858271e-05
10	10-37392264	38539775	6	T	C	0.011	0.04070874	0.008832882	545.922	0.5424372	1e+05	6.78681e-06	5.357474e-06	1.35225e-05
10	10-48187321	49496649	25	A	C	0.022	0.02838814	0.006182586	545.6823	0.5750455	1e+05	7.31685e-06	6.882052e-06	1.670031e-05
10	10-48656875	49974090	39	T	C	0.018	0.03051567	0.006622317	546.4138	1.041633	1e+05	6.809698e-06	3.206656e-06	8.795894e-06
10	10-49039094	50331796	36	C	A	0.013	0.0376056	0.007935393	546.312	0.6296826	1e+05	3.807633e-06	3.565969e-06	9.611867e-06
10	10-49044076	50336778	25	G	A	0.015	0.03813966	0.007406503	548.8956	1.165202	1e+05	5.696502e-07	2.435772e-07	1.067213e-06
10	10-49049923	50342621	20	T	C	0.014	0.03756908	0.00742025	548.4823	1.140297	1e+05	8.58017e-07	3.736841e-07	1.506113e-06
10	10-49177834	50475631	10	C	G	0.016	0.03331645	0.00718904	545.324	0.4770796	1e+05	6.06441e-06	1.001282e-05	2.294238e-05
10	10-49494762	50807543	7	C	G	0.02	0.02800418	0.006166487	545.294	0.5325651	1e+05	9.111349e-06	1.033142e-05	2.356112e-05
10	10-49517714	50829654	7	T	A	0.011	0.04098631	0.00901774	545.1347	0.4798819	1e+05	8.965032e-06	1.220831e-05	2.715704e-05
10	10-49524612	50836552	5	T	C	0.013	0.03501174	0.007550741	545.9916	0.65652	1e+05	5.997304e-06	4.981816e-06	1.272074e-05
10	10-49554420	50866359	7	A	G	0.016	0.03343853	0.007250345	545.9077	0.6707886	1e+05	6.691461e-06	5.43827e-06	1.369387e-05
10	10-49645928	50957362	28	T	G	0.012	0.03626932	0.007883168	545.6051	0.5555628	1e+05	7.026789e-06	7.461131e-06	1.788024e-05
10	10-49672059	50983923	23	A	G	0.019	0.02809279	0.006023995	545.5424	0.4820602	1e+05	5.331251e-06	7.967008e-06	1.89006e-05
10	10-49674891	50986755	15	G	A	0.012	0.03716272	0.007860909	546.0946	0.5427081	1e+05	4.007866e-06	4.474003e-06	1.162279e-05
10	10-49723484	51035458	13	T	C	0.014	0.03423207	0.007569604	545.4502	0.655979	1e+05	9.895904e-06	8.773221e-06	2.050857e-05
10	10-49793310	51108551	10	G	C	0.016	0.03279988	0.007167474	545.1971	0.4670819	1e+05	7.827379e-06	1.143597e-05	2.568697e-05
10	10-49801315	51115664	3	T	G	0.015	0.02994993	0.006610665	546.0939	1.053253	1e+05	9.548704e-06	4.476964e-06	1.162925e-05
10	10-67528804	66779481	6	A	C	0.013	0.03971295	0.008255013	546.1085	0.4325836	1e+05	2.754323e-06	4.40949e-06	1.148205e-05
10	10-74922572	74163422	24	T	A	0.027	0.02443599	0.005179808	546.2436	0.4547582	1e+05	4.190998e-06	3.829717e-06	1.0203e-05
10	10-74947321	74187041	10	G	A	0.03	0.02334368	0.004965362	545.9728	0.4111137	1e+05	4.506172e-06	5.080501e-06	1.293218e-05
10	10-84264261	84193475	9	T	C	0.1	0.01529158	0.003221311	545.7499	0.3405322	1e+05	3.67278e-06	6.412877e-06	1.573412e-05
10	10-146559678	147925786	7	G	C	0.034	0.02079802	0.004593233	545.4176	0.610641	1e+05	9.65608e-06	9.077534e-06	2.111016e-05
10	10-147720286	148977404	34	A	G	0.02	0.03594732	0.006812391	548.4371	0.5048333	1e+05	3.088303e-07	3.916106e-07	1.564216e-06
10	10-149341781	150653576	19	C	T	0.021	0.02766104	0.005919637	545.3857	0.406987	1e+05	5.11631e-06	9.386222e-06	2.171759e-05
