Chr	physPos	LR
1	237885779	12.2177873216445
1	273671275	12.4848044455242
1	273672317	12.6664377103117
1	273677525	12.2921106383582
1	280589873	12.3780475696883
1	280591224	12.6059150813574
1	280594663	13.6487253317545
1	280596861	13.3479160776342
1	280599342	15.2914232388806
1	280605455	13.3942770192671
1	280610918	14.6490986960395
1	288721601	12.9926741149737
1	288722818	15.4691592932153
1	288723414	14.7524240085724
1	288723796	15.7919873854961
1	288724114	14.0762996371881
1	288724350	14.7048703532824
1	288725140	14.1851592574639
1	291063289	12.5142449670102
1	291096518	17.1306462282471
1	291098727	14.1997760418825
1	291103854	17.6331980785296
1	291104460	18.2383702542083
1	291105743	18.602872613066
1	291107329	18.2804083058588
1	291111544	17.1835476010267
1	291114569	16.9572886129178
1	291115193	15.6669865014148
1	291610030	15.9224636748722
1	291612930	13.9712230709604
1	292478090	13.4160259571068
1	292893773	11.9624560292481
1	292905216	20.1025688165944
1	292906051	16.0215254746935
1	292910019	19.9029532246834
1	292910864	21.3620404111366
1	292912723	22.6896120854238
1	292917170	25.1159151103878
1	292918145	25.2615327107357
1	292918427	25.3292021546337
1	292919221	25.2866604229648
1	292919571	24.3835291810664
1	292926034	18.3081393131686
1	306618707	15.6643417122841
1	306619466	15.76033250472
1	306619689	12.1601455482319
2	2046854	12.8361729492886
2	2053216	13.3333781757207
2	2345147	14.0338411901062
2	3405180	13.9423241172
2	3409997	13.5396760576669
2	3410412	13.982849871923
2	3411606	13.482226910941
2	3411922	12.3821106284569
2	3416847	12.4768338020081
2	3417867	11.9192886021689
2	3423728	12.4456596177779
2	3430451	12.9580636374694
2	3431242	12.8488544345375
2	9088281	13.1723290471731
2	207447758	17.907398862424
2	209133305	13.3312934764683
2	209230679	12.2621745677422
2	209233784	13.8961030910654
2	209236322	14.414440924118
2	210161401	16.2804674798529
2	210161871	14.891616376253
2	210167058	18.0764801109805
2	210168174	18.7647216216653
2	210171447	21.0048015781487
2	210172029	20.1224271061868
2	210174095	20.875640700257
2	210178318	18.2152349349718
2	210187300	17.8436167107744
2	210188751	16.0648963992573
2	210196240	12.9674080154826
2	210197283	17.1047639919826
2	210497872	14.6614863149476
2	210506522	12.3385540558926
2	210510056	14.6962125515339
2	210510867	13.9041583216989
2	210513661	12.6981534199484
2	243539939	16.510393832642
2	243540138	13.2553107382947
2	243548039	13.7341072612622
3	1167718	12.9833576190651
3	1202616	14.1423804921853
3	1203252	14.6782511288252
3	1203393	14.9185383679867
3	1206070	17.101048518556
3	1206149	15.7956779704901
3	1222258	12.9867062262459
3	1287346	12.9921101157819
3	1291042	12.2395772127276
3	6093645	15.8949562675171
3	6094307	14.8327518543464
3	6098254	19.3850680085595
3	6099395	19.2037416751883
3	6099597	19.3044073261079
3	6102025	21.0037505321269
3	6103230	20.6016298752199
3	6103929	21.1048947101476
3	6106063	20.5757171067922
3	6106533	18.7865365179414
3	6106804	18.5910256447652
3	6109221	16.2066814123496
3	7084540	13.1388135740946
3	7085174	13.1797581507886
3	7086209	12.7614983839012
3	7087299	13.5124501608594
3	7133638	12.5492688956571
3	10933648	16.605880374569
3	10934162	19.7549873252433
3	10934415	19.8601780827328
3	10935090	20.2051091354232
3	10938146	19.3989123616482
3	10946618	16.847133586584
3	10953106	13.0113703021546
3	11442753	15.7058578662401
3	11444080	14.7719574622432
3	11444407	14.8525740545153
3	11444978	15.4659030404561
3	11445396	15.2304947088955
3	191431057	12.5835084313229
3	191441883	15.3795202698568
3	212476548	14.7576486079839
3	212477360	14.976830557377
3	212477916	15.0657881578036
3	212478495	15.1423447489861
3	217332566	13.74332880998
3	221417535	21.3633298697216
3	221419497	12.088102992332
3	221429616	25.9577058047919
3	221440177	22.8200273156612
3	221441435	20.573409272195
3	221441725	21.6180268612656
3	221442161	19.9522526943257
3	221446475	24.9568746532838
3	221449581	22.1895074558834
3	224594820	12.6648612161408
3	224595917	12.4876189674697
3	224596515	15.3952550933167
3	224597162	11.999113319161
4	1519789	12.1485789714469
4	1522491	13.3676508404798
4	1522797	13.4476994383244
4	1530930	12.6079867511851
4	1533816	12.830967578916
4	1534807	12.1369994438281
4	18563532	16.7651056142206
4	18565810	12.2333674945134
4	18567466	12.8323053923737
4	161585059	13.9414848701903
4	161586130	14.7606169176967
4	161588793	13.9765018864664
4	161589314	14.9741389924423
4	161592725	14.9517233713989
4	161594062	14.05484305806
4	161599289	11.9178478185877
4	161946773	13.1413252456631
4	161950686	14.5903436870354
4	161953032	12.677177022994
4	161954130	14.0291924554056
4	162016849	15.3736025944783
4	162018096	17.7164817660131
4	162020675	16.7024907955112
4	162021780	15.0131325555678
4	162054364	18.7073451304086
4	162061637	22.8475867304146
4	162062923	22.1178171514987
4	162065195	21.3860717189994
4	162065955	22.2787352810744
4	173810760	15.1102202115302
4	173815533	14.2871575393651
4	173820500	15.2667517325385
4	173821147	13.4550887578016
4	184801935	14.0812844542786
4	202630583	14.6874629073379
4	202636618	17.9826354535091
4	202638388	15.8575005461777
4	202638975	18.2297778354055
4	202672191	15.8324112825715
4	202677020	16.7216309217572
4	202677766	13.6998981727748
4	202678285	15.4430971243612
4	202680521	21.3680105758822
4	202690261	13.6687343990232
4	212684873	12.032604951012
4	212688042	13.1234023782704
4	212689524	12.0128018612842
5	990695	16.0535695816396
5	1062667	16.1071593493624
5	1080983	20.3108752654538
5	1081409	20.4301214619327
5	1081688	18.5370609517985
5	1093199	14.871530113467
5	1101168	13.4984512543751
5	1222514	12.7635412555563
5	1224034	15.1945603669434
5	2353324	12.6490984768531
5	2356796	12.9257253996901
5	2370327	12.5767866094044
5	2581095	14.8926102773303
5	3820305	23.3473554530539
5	3820550	20.7969086393294
5	3820670	19.1113211006951
5	3821479	18.9344598779778
5	3821927	20.7674456408158
5	3826987	23.3340136167713
5	3874111	20.2550621563116
5	3881980	13.4223994494179
5	3893320	15.674952744014
5	3895284	14.8348201559254
5	3901253	13.3305701929871
5	4264282	15.8019567185928
5	4269147	13.6210741065238
5	5331742	12.6795703134622
5	63891159	14.4181044223492
5	70342836	17.2390104881628
5	70345021	18.8168336054662
5	70346304	17.385114844332
5	70348886	16.4170896975863
5	70368811	13.3467908257162
5	76705655	13.0814267969275
5	79568988	13.3121895121686
5	79570411	12.8007841238569
5	80072237	13.9554396169848
5	190311126	11.92012286531
5	216746688	12.0025207682981
5	216750656	13.674552872566
5	219005862	12.9201336725758
5	219424604	15.9840819241193
5	219438517	12.2649135195093
5	220781470	12.4393757954948
5	220783937	12.2802684324685
5	220784326	13.54031952889
5	221202658	13.7839508812624
5	221207330	13.5197391074241
5	221209614	14.3065386784522
5	221328731	14.6069686958078
5	221418113	12.8961463058118
5	222622220	13.0514113926115
5	222624571	14.3600409376333
5	222625338	14.5917707587416
5	222625732	14.5809732701844
5	222626352	13.4270674166798
6	122276977	13.2307202838906
6	122279415	14.9195601663708
6	122281804	14.6857638511031
6	128807288	12.5199209958399
6	168696929	12.2661808890792
6	168700085	13.2394432462747
6	168703879	12.2107997106809
6	168705588	15.9595920167379
6	168705782	12.7708288878691
6	169390420	12.6918924758212
6	169391079	12.090931734856
6	169393038	11.9430978268108
6	169540256	12.641601442002
6	169542146	13.3000121117016
6	169547382	14.8313547578206
6	169548015	14.8748299993507
6	169551587	14.1293199617317
6	169961545	12.8379161277668
7	2051111	16.6072042316338
7	2056588	17.3591486876966
7	2059780	18.7757969328227
7	2065047	14.1775348410119
7	2066943	14.2309857779197
7	2687739	12.2146487922474
7	9824294	12.2241518001364
7	9992007	12.1643670664329
7	9992337	12.9479273504185
7	155280526	15.2003696564633
7	164877986	12.4232177925097
7	164878918	12.8692049204424
7	164879572	12.9742076649425
7	164879897	12.9221570305216
7	168397209	18.1599923584614
7	168399476	14.4208969947746
7	168399845	14.4076080702818
7	168402569	16.6161997238825
7	168404061	19.2041496704063
7	168404688	19.3411150053632
7	168407987	17.0439736962465
7	168412781	19.1197169280209
7	168419625	18.2122102316958
7	168421782	16.167024286018
7	168422673	15.8553130561497
7	168422883	17.6280877377553
7	168434152	12.4136534679761
7	175011432	25.8918881745751
7	175011740	25.6341558587684
7	175011946	23.0280767769636
7	175013749	26.6382056226312
7	175013953	26.8282723204667
7	175014125	27.2543965779323
7	175018761	25.1015936762242
7	175020702	23.934544696994
7	175023467	21.7519664003736
7	175023771	21.5248857590885
7	181718409	14.6735351625178
7	181718895	14.208206644154
7	181728196	12.5192692557215
8	9156770	12.1670719531053
8	70665727	15.7342814574769
8	116651306	12.4283489034452
8	159816259	13.516549847595
8	159819177	15.3730966963556
8	159822429	14.147806542653
8	159825379	14.401813053722
8	159838182	12.758051349145
8	159839737	12.1307186048979
8	167543716	14.1644249830176
8	167549490	14.2000424876227
8	175078958	11.9263428085721
8	175083630	15.0735885575578
8	175094586	14.1155641399982
8	175094756	12.1084840744861
8	177521705	12.0087926944152
8	177522840	14.1388099143316
8	177526310	15.5716198490017
8	180445446	12.1171603398191
8	180448408	13.113602589284
8	180448620	13.4657097235595
8	180448786	13.4192251666336
8	180448834	11.9525140323117
8	180448881	20.2814288735566
8	180449155	15.3499888128574
9	5519699	13.9138486704883
9	108223046	12.5474441545534
9	157814318	13.5004906776402
9	157816936	12.2501323151055
9	157817220	14.1228855811941
10	2367272	14.5166093255439
10	8661491	12.324600313125
10	130016977	11.9392221031619
10	133211223	13.4880409216952
10	133221898	13.3054083880052
10	133222312	14.5730250340073
10	142961445	12.6380664071843
10	142963280	12.3718716001264
10	142967432	14.154606603073
10	145314625	12.8476090744434
10	145315915	11.9540682387715
10	145323849	12.427513496924
10	148711219	23.3604926710897
10	148713227	16.2883202017326
10	148716777	16.7480105225146
10	148722064	14.1955107312304
10	148723916	16.2116919714424
10	148724380	17.7635189226465
10	148725637	15.5725681290558
10	148726882	15.9675083428094
10	148728782	16.8464680761542
10	149603104	13.8538095994968
10	149607010	12.6560901487283
10	149608835	11.9467947329506
10	149609134	13.8297157563214
10	149609961	18.400248594567
10	149699302	16.2556009987891
