SNP	Chromosome	Position	P.value
S1_23252779	1	23252779	2.21925288543097e-06
S1_45360017	1	45360017	8.54727654230961e-06
S1_45374268	1	45374268	3.46266735116823e-06
S1_45374364	1	45374364	5.49596954286924e-06
S1_72426541	1	72426541	6.8928537869989e-06
S1_127060278	1	127060278	3.84703447595461e-06
S1_127228004	1	127228004	3.60662022138943e-06
S1_127256739	1	127256739	4.46509215025287e-06
S1_127604653	1	127604653	7.17347151541024e-06
S1_127627017	1	127627017	4.5754139551944e-06
S1_127630325	1	127630325	5.19662262185054e-06
S1_127645627	1	127645627	1.31866239189327e-06
S1_128265005	1	128265005	8.44595798724488e-06
S1_128287737	1	128287737	4.62272956540968e-06
S1_128296777	1	128296777	8.05539724626249e-06
S1_128438334	1	128438334	9.48563758171863e-07
S1_170280390	1	170280390	6.20046778873236e-06
S1_175996824	1	175996824	8.51884606977131e-06
S1_205334932	1	205334932	8.00142571412866e-06
S1_205856300	1	205856300	3.5206296578452e-06
S1_249870631	1	249870631	1.66427721590974e-06
S1_288684029	1	288684029	7.48477141000676e-06
S2_3924564	2	3924564	8.04585602931025e-07
S2_73189546	2	73189546	3.61004748143623e-06
S2_73189555	2	73189555	3.11016438736424e-06
S2_73262367	2	73262367	8.64435093845365e-06
S2_130337298	2	130337298	1.36671538127461e-07
S2_174542057	2	174542057	9.54096496587905e-06
S2_187353600	2	187353600	9.59053623937604e-06
S2_229068113	2	229068113	5.48444639770857e-06
S2_229070686	2	229070686	2.64421593428754e-06
S2_229105217	2	229105217	1.89885706393266e-06
S2_229143226	2	229143226	9.05332529188234e-06
S2_239070155	2	239070155	6.55920234266258e-06
S3_187442127	3	187442127	2.52384147309913e-06
S3_187442143	3	187442143	9.10793483112025e-06
S3_187442144	3	187442144	5.18476819208873e-06
S3_187442145	3	187442145	5.58386841837304e-06
S3_187442152	3	187442152	3.03180777916798e-06
S3_187442167	3	187442167	2.30625269102494e-06
S3_193476216	3	193476216	6.05907210039077e-07
S3_202354601	3	202354601	5.09306763661651e-06
S4_29146552	4	29146552	4.10035548192864e-06
S4_104092254	4	104092254	3.81470473989364e-06
S4_105472849	4	105472849	9.20250624073387e-06
S4_194855893	4	194855893	7.4549045721122e-06
S4_194871134	4	194871134	7.39257998353941e-06
S4_230839889	4	230839889	1.19951088101048e-06
S4_244567468	4	244567468	6.83049385945425e-06
S5_13829478	5	13829478	4.06985684073272e-06
S5_13829543	5	13829543	1.81044620619167e-06
S5_14748866	5	14748866	3.7942837881164e-07
S6_23136743	6	23136743	9.06713413345208e-06
S6_106820756	6	106820756	2.28915621142951e-06
S6_120518000	6	120518000	6.82014383298031e-06
S6_164728289	6	164728289	1.30897235136971e-06
S7_94290199	7	94290199	6.02749262507084e-06
S7_94290249	7	94290249	3.53518462684608e-06
S7_94293447	7	94293447	2.27103787509915e-06
S7_94297296	7	94297296	5.81195152715092e-06
S7_94301254	7	94301254	6.32349203218174e-06
S7_94301309	7	94301309	1.21687511977387e-06
S7_94301330	7	94301330	6.884180637855e-07
S7_94301345	7	94301345	9.83035704856093e-07
S7_94301384	7	94301384	6.51816912716832e-06
S7_94349621	7	94349621	2.80341694770317e-06
S7_94349693	7	94349693	4.09291174198555e-06
S7_94349785	7	94349785	3.52327956341496e-06
S7_94351169	7	94351169	2.33254428240596e-06
S7_94353513	7	94353513	6.45575916935977e-06
S7_94353525	7	94353525	7.83445211337872e-06
S7_94368188	7	94368188	8.70661971278636e-06
S7_94368718	7	94368718	2.23769937911127e-06
S7_94377134	7	94377134	5.19800184165726e-06
S7_94377495	7	94377495	9.9597113409024e-06
S7_94420485	7	94420485	8.02777159050234e-06
S7_94627768	7	94627768	5.08684191586896e-06
S7_176266850	7	176266850	9.05350200321209e-06
S8_70010867	8	70010867	9.3510194006597e-06
S8_87204191	8	87204191	5.65489967115691e-06
S8_94871115	8	94871115	1.55550853809515e-06
S8_126694320	8	126694320	2.48724905874582e-06
S8_126695051	8	126695051	5.14415052060613e-06
S8_153158147	8	153158147	3.86208484851206e-06
S8_162397657	8	162397657	3.01104306181418e-06
S8_162397668	8	162397668	1.12372041869905e-06
S8_165283855	8	165283855	9.08362376739922e-06
S9_93574441	9	93574441	8.57024204479179e-06
S10_70825776	10	70825776	3.08308979826408e-06
S10_70863277	10	70863277	7.93154002917503e-06
S10_70865346	10	70865346	9.60731260820428e-06
S10_71666170	10	71666170	2.93841433122168e-06
S10_71947762	10	71947762	7.59884786601586e-06
S10_130972668	10	130972668	6.06873755857365e-06
