SNP	Chromosome	Position	P.value
S1_49667158	1	49667158	7.71042741558541e-06
S1_87897909	1	87897909	3.48819650661732e-06
S1_205439664	1	205439664	8.23082320010117e-08
S1_232181069	1	232181069	9.15619571037676e-06
S2_19424275	2	19424275	2.67545981967921e-06
S2_46446842	2	46446842	1.08189655878819e-07
S2_106622093	2	106622093	5.37234652198063e-06
S2_106622182	2	106622182	4.9256616671459e-06
S2_110538515	2	110538515	4.05983984434593e-09
S2_243741127	2	243741127	7.6821445868318e-06
S3_2432893	3	2432893	7.96585238188441e-06
S3_12803856	3	12803856	6.85585795474724e-06
S3_12803884	3	12803884	3.19471097496e-06
S3_12803930	3	12803930	4.01835811817244e-06
S3_64455080	3	64455080	3.99971379530581e-17
S3_107646745	3	107646745	6.76687336848995e-06
S3_145146499	3	145146499	1.91703622468142e-08
S3_209155503	3	209155503	2.18177617131115e-06
S4_18376479	4	18376479	6.64848311771272e-06
S4_18376515	4	18376515	4.23584641651304e-06
S4_18376526	4	18376526	5.85481738835231e-06
S4_18376537	4	18376537	5.45365212150847e-06
S4_121818525	4	121818525	1.83438900415122e-06
S4_121849799	4	121849799	2.6035344601022e-06
S4_121864017	4	121864017	5.0629114048465e-06
S4_121910249	4	121910249	4.99085038111638e-06
S4_122026103	4	122026103	9.73067594054266e-06
S4_122034734	4	122034734	3.24398294060918e-06
S4_122077262	4	122077262	2.91757911472976e-06
S4_122077265	4	122077265	6.22798449256212e-06
S4_122079207	4	122079207	7.92458382143356e-06
S4_122079965	4	122079965	5.41911348420026e-06
S4_122079968	4	122079968	2.34998749864669e-06
S4_122079971	4	122079971	4.65494870055855e-06
S4_122080023	4	122080023	4.77373695058548e-06
S4_122085673	4	122085673	6.38665077742817e-06
S4_122092511	4	122092511	2.57940135308257e-06
S4_122092522	4	122092522	3.18244300288035e-06
S4_122092528	4	122092528	3.80932296432555e-06
S4_122092539	4	122092539	8.07783749960911e-06
S4_122092543	4	122092543	9.73352144991906e-06
S4_160244077	4	160244077	1.63402112588733e-07
S4_175565620	4	175565620	8.77471708192807e-06
S5_48047571	5	48047571	9.89269285524985e-06
S5_50401472	5	50401472	5.32501834871957e-06
S5_50403330	5	50403330	6.06558185173826e-06
S5_50548746	5	50548746	1.02039290618228e-06
S5_61239643	5	61239643	8.33574176181464e-06
S5_73772777	5	73772777	9.77994222764473e-06
S5_198566627	5	198566627	7.86628257590675e-07
S5_211114248	5	211114248	2.41749214521288e-14
S6_78128820	6	78128820	2.62273290937347e-10
S7_14502760	7	14502760	9.58983291512308e-06
S7_84541695	7	84541695	6.59840330556963e-06
S7_163077492	7	163077492	4.21395374457167e-06
S8_2806800	8	2806800	5.29353514508874e-06
S8_4264758	8	4264758	1.76416180703393e-06
S8_10523687	8	10523687	6.27707440356566e-08
S8_60929122	8	60929122	6.26704159564968e-09
S8_126443604	8	126443604	3.66319595317266e-12
S9_23090487	9	23090487	4.64511009377256e-06
S10_28590466	10	28590466	2.63264900125095e-06
S10_54408314	10	54408314	8.21266432675859e-06
S10_54452108	10	54452108	1.90628456056821e-06
S10_54452187	10	54452187	2.44884921226675e-06
S10_54461105	10	54461105	6.97760425922043e-06
S10_54505814	10	54505814	7.97656194375889e-06
S10_54636968	10	54636968	7.41462547771189e-06
S10_54637002	10	54637002	3.14017710832759e-06
S10_54643749	10	54643749	8.99873488367479e-06
S10_54690615	10	54690615	3.41031916209574e-06
S10_54691194	10	54691194	4.61810706608772e-06
S10_54691466	10	54691466	6.10955173839506e-06
S10_54691478	10	54691478	9.5145356334986e-06
S10_54691493	10	54691493	8.30521429824946e-06
S10_54724861	10	54724861	9.54704894768312e-06
S10_54874372	10	54874372	3.80905786338242e-06
S10_143554379	10	143554379	1.09131823275606e-10
