SNP	Chromosome	Position	P.value
S1_13912868	1	13912868	7.49715565867278e-06
S1_90246663	1	90246663	8.88095584227066e-06
S1_151181663	1	151181663	9.48560203448411e-06
S1_151216818	1	151216818	7.13506788488908e-06
S1_268495399	1	268495399	8.3221488255818e-06
S1_268497290	1	268497290	5.10070353688854e-06
S1_268497343	1	268497343	9.25699412750071e-06
S1_268497360	1	268497360	3.62168282525491e-06
S1_268497367	1	268497367	4.5200783393316e-06
S1_268497375	1	268497375	2.25492526359802e-06
S1_268497381	1	268497381	1.40934678992527e-06
S1_268497528	1	268497528	3.54741580914103e-06
S1_268497538	1	268497538	1.59962976878715e-06
S1_268497545	1	268497545	2.1607315651002e-06
S1_268497549	1	268497549	1.12213142267184e-06
S1_268497569	1	268497569	3.99550962933848e-07
S1_268497574	1	268497574	6.0551699444552e-07
S1_268497601	1	268497601	1.88694131994173e-07
S1_268498030	1	268498030	3.25163752495692e-06
S1_268498221	1	268498221	3.2578811548065e-06
S1_268501203	1	268501203	6.75306511915599e-06
S1_268501573	1	268501573	5.50863971708013e-06
S1_268501977	1	268501977	2.1741490440063e-06
S1_268501979	1	268501979	2.85411917535821e-06
S1_268502009	1	268502009	4.12639901961489e-06
S2_82834594	2	82834594	9.6869766290839e-06
S2_177429759	2	177429759	5.68587947238944e-06
S2_244109843	2	244109843	7.97608291279737e-06
S3_37627654	3	37627654	6.5413632239308e-06
S3_63552600	3	63552600	1.54615979283269e-06
S3_111447221	3	111447221	9.12628608231232e-06
S3_129559952	3	129559952	3.25683851199911e-06
S3_217004694	3	217004694	9.3631235049987e-06
S3_219979319	3	219979319	6.55280969624699e-06
S4_6332332	4	6332332	9.34700655897038e-06
S4_6332333	4	6332333	9.47222748022145e-06
S4_62232261	4	62232261	3.62300995499249e-06
S4_62287111	4	62287111	4.82391427522865e-06
S4_74106414	4	74106414	7.26683074267243e-06
S4_120884471	4	120884471	1.72637409766905e-06
S4_153224405	4	153224405	6.41183668560177e-06
S4_210516082	4	210516082	3.46585169456638e-06
S4_211923413	4	211923413	5.24152623249491e-06
S5_7913770	5	7913770	2.9991474723968e-06
S5_7914419	5	7914419	3.08509728034598e-06
S5_102247203	5	102247203	1.90358268629056e-06
S6_75777653	6	75777653	2.19069510385107e-06
S6_75828903	6	75828903	6.73413137710524e-06
S6_75847914	6	75847914	4.77884310909304e-06
S6_75862969	6	75862969	9.75864427567438e-06
S6_76097797	6	76097797	9.55993626384939e-06
S6_76315630	6	76315630	7.72182416963728e-06
S6_76700812	6	76700812	6.99716776569854e-06
S6_89895137	6	89895137	5.25277632177536e-06
S6_128954228	6	128954228	9.90501958417755e-06
S8_81000484	8	81000484	4.20162315577223e-06
S8_81338620	8	81338620	8.87207035275091e-06
S8_103057602	8	103057602	1.9284720363238e-06
S8_103061519	8	103061519	7.75330624357987e-06
S9_142007261	9	142007261	9.05587681830449e-06
S10_19059151	10	19059151	3.9911660269615e-06
