SNP	Chromosome	Position	P.value
S1_3500253	1	3500253	7.8193840864439e-06
S1_3501015	1	3501015	7.93137123876392e-06
S1_3501045	1	3501045	7.62133164272474e-06
S1_3528394	1	3528394	4.43575668879917e-07
S1_23136533	1	23136533	2.12184488702685e-06
S1_23136543	1	23136543	4.10600012011944e-06
S1_23136596	1	23136596	8.2726372704728e-06
S1_23136615	1	23136615	3.96030571588427e-06
S1_23136621	1	23136621	3.96030571588427e-06
S1_23136684	1	23136684	5.83747737960958e-06
S1_23136708	1	23136708	3.55477701919303e-06
S1_23145715	1	23145715	3.05571597077092e-06
S1_23145736	1	23145736	2.6723853545742e-06
S1_23145996	1	23145996	9.57568941406027e-06
S1_23146070	1	23146070	2.50049658598555e-06
S1_23147481	1	23147481	2.15008492557066e-06
S1_23148046	1	23148046	6.40332103958429e-06
S1_23183886	1	23183886	3.20608742166671e-06
S1_23187404	1	23187404	2.62689772050801e-07
S1_23216070	1	23216070	2.82365055061781e-06
S1_23222610	1	23222610	5.74397062710752e-07
S1_23230369	1	23230369	5.56360085287682e-06
S1_23245688	1	23245688	5.78063740217024e-06
S1_23245880	1	23245880	3.21610573253588e-06
S1_23246894	1	23246894	6.14446942761455e-06
S1_23250081	1	23250081	2.70318974772685e-06
S1_23250274	1	23250274	5.07128058231559e-06
S1_23252779	1	23252779	1.69343622061588e-07
S1_23267008	1	23267008	9.37490636280657e-06
S1_23268846	1	23268846	5.14829064253832e-06
S1_23268853	1	23268853	4.38630150446964e-06
S1_23268854	1	23268854	4.10539950416129e-06
S1_23271948	1	23271948	9.02344555232946e-06
S1_23290233	1	23290233	9.91481724858973e-06
S1_23292508	1	23292508	2.80599370421397e-06
S1_23292509	1	23292509	1.69725751804588e-07
S1_23294765	1	23294765	2.48231252100355e-06
S1_23295300	1	23295300	6.01459009323698e-06
S1_23295879	1	23295879	1.82255711794511e-06
S1_23297016	1	23297016	4.41869203994743e-06
S1_23297451	1	23297451	5.10034783639505e-07
S1_23297516	1	23297516	4.02992196289253e-06
S1_23297517	1	23297517	4.02992196289253e-06
S1_23299263	1	23299263	1.32318619798341e-06
S1_23299281	1	23299281	2.76381001008089e-06
S1_23299288	1	23299288	2.98543854707739e-06
S1_23303321	1	23303321	9.86605406873628e-06
S1_23307993	1	23307993	2.70932010962805e-06
S1_23308245	1	23308245	5.34364882640188e-06
S1_23324656	1	23324656	8.82582080161713e-06
S1_23324850	1	23324850	8.85243977195877e-06
S1_23324903	1	23324903	1.93609528474828e-06
S1_23324928	1	23324928	1.00271342917459e-06
S1_23324955	1	23324955	9.80859777810935e-07
S1_23324963	1	23324963	1.99200080674313e-06
S1_23324966	1	23324966	1.81493804565292e-06
S1_23324974	1	23324974	9.99276488771945e-07
S1_23324979	1	23324979	3.27691112896917e-06
S1_23325004	1	23325004	8.93283817428507e-06
S1_23325797	1	23325797	4.84930411802024e-06
S1_23325821	1	23325821	1.76972390685416e-06
S1_23361989	1	23361989	4.15556254862518e-06
S1_36221228	1	36221228	7.38258687849823e-06
S1_44512492	1	44512492	8.05160258740947e-06
S1_45167924	1	45167924	7.23422158954743e-06
S1_45168589	1	45168589	4.00006740443997e-06
S1_45168621	1	45168621	2.87725039138685e-06
S1_45168663	1	45168663	5.95901538358503e-06
S1_45169012	1	45169012	4.92434217952361e-06
S1_45169124	1	45169124	1.83956337564423e-06
S1_45169150	1	45169150	4.01535515787424e-06
S1_61224899	1	61224899	9.05933857024992e-06
S1_63235355	1	63235355	8.19425405922908e-06
S1_63322672	1	63322672	7.47208394717692e-06
S1_78375366	1	78375366	5.15923941389985e-06
S1_92033639	1	92033639	4.65539168791126e-06
S1_147791198	1	147791198	4.6765423483381e-06
S1_201024095	1	201024095	8.04407096313075e-06
S1_246802940	1	246802940	5.21498692842779e-06
S1_247251225	1	247251225	9.5204939247392e-06
S1_249089788	1	249089788	1.27295022371438e-06
S1_269084132	1	269084132	2.67260720499016e-07
S1_269180599	1	269180599	1.31240821625694e-06
S1_298597681	1	298597681	4.88025499758361e-06
S1_300212459	1	300212459	5.8092930434801e-06
S1_300243248	1	300243248	2.35520286872838e-07
S1_300243309	1	300243309	6.58998240930277e-06
S1_300245313	1	300245313	6.16931583385299e-06
S1_300245566	1	300245566	4.22387477689814e-06
S1_300245576	1	300245576	4.33744201161467e-06
S1_300245600	1	300245600	8.79569627340158e-06
S1_305693038	1	305693038	7.81066391374171e-06
S1_305698700	1	305698700	9.59491334777732e-06
S1_305720008	1	305720008	3.73888103005698e-06
S1_305720169	1	305720169	9.10611418075965e-06
S1_305720646	1	305720646	9.9489543450033e-06
S1_305721217	1	305721217	9.37745429342992e-06
S1_305733028	1	305733028	8.40481255829121e-06
S1_305750529	1	305750529	3.64520452272772e-06
S1_305911837	1	305911837	3.46132974375862e-06
S1_305912619	1	305912619	6.87104748251168e-06
S1_305923719	1	305923719	1.7104612133023e-06
S1_306015517	1	306015517	6.33363570476195e-07
S2_3924564	2	3924564	3.58264276014439e-06
S2_43410303	2	43410303	1.48033537484747e-06
S2_89194665	2	89194665	4.63500548486594e-08
S2_181383184	2	181383184	6.05635163833779e-06
S2_181528814	2	181528814	2.88927338935093e-06
S2_204103832	2	204103832	6.22797963185355e-06
S2_204151641	2	204151641	2.50425169739315e-06
S2_216101881	2	216101881	9.34053596479072e-06
S2_216812332	2	216812332	2.28614098968506e-06
S3_26177067	3	26177067	4.07394000115208e-06
S3_27131995	3	27131995	7.4401227592604e-06
S3_48587432	3	48587432	5.40345744247514e-06
S3_51307528	3	51307528	4.52933466205261e-06
S3_54077054	3	54077054	7.1388272380264e-06
S3_54132616	3	54132616	7.34889402051518e-06
S3_54135676	3	54135676	3.77093852828203e-06
S3_119200365	3	119200365	8.1107106591829e-06
S3_128234647	3	128234647	7.99081668006223e-06
S3_193476216	3	193476216	7.81847127146287e-07
S3_205463820	3	205463820	6.64634496106535e-06
S3_209092043	3	209092043	4.49382199693388e-06
S3_224990795	3	224990795	3.45607912506423e-06
S3_224992429	3	224992429	2.75123847525715e-06
S3_234670655	3	234670655	5.36303942521314e-06
S3_234674525	3	234674525	9.6338338783853e-06
S4_18908767	4	18908767	1.94765310022794e-06
S4_18943457	4	18943457	8.32954655957471e-06
S4_74377034	4	74377034	7.86838264992489e-06
S4_181626727	4	181626727	8.46269231075102e-06
S4_210720429	4	210720429	6.15747207612775e-06
S4_211439411	4	211439411	6.30443201732525e-06
S5_109827688	5	109827688	4.09205023929148e-06
S5_141861979	5	141861979	3.99879753278684e-06
S5_218090463	5	218090463	1.32235378950727e-07
S5_218090566	5	218090566	1.87952263409327e-06
S5_219936557	5	219936557	8.11963202548641e-06
S5_219947137	5	219947137	3.68771946871124e-06
S6_149797465	6	149797465	5.38588362497929e-06
S6_164728289	6	164728289	1.73324444725482e-06
S7_94297296	7	94297296	2.7105241023296e-06
S7_94301309	7	94301309	6.64650285201677e-06
S7_94301330	7	94301330	4.47010629749924e-06
S7_94301345	7	94301345	5.74604324008861e-06
S7_94349621	7	94349621	5.361890912909e-06
S7_94368692	7	94368692	9.20462736288497e-06
S7_94368718	7	94368718	1.34302528611682e-06
S7_94377134	7	94377134	1.01344063563505e-06
S7_94428723	7	94428723	8.96756532671664e-06
S7_94431537	7	94431537	5.99855633892207e-06
S7_119648755	7	119648755	9.80214111399511e-06
S7_148137108	7	148137108	2.30726948917064e-06
S8_24244051	8	24244051	4.97340894813806e-06
S8_36139811	8	36139811	7.98804930028864e-06
S8_36980571	8	36980571	1.46004267146871e-06
S8_37141677	8	37141677	3.1619229261473e-06
S8_38699520	8	38699520	6.19629720813955e-06
S8_108301572	8	108301572	7.57732722990204e-06
S8_119559098	8	119559098	8.05727662311371e-06
S8_126922851	8	126922851	7.55431549517903e-06
S8_126923483	8	126923483	5.46982295959514e-06
S8_126923493	8	126923493	5.57882475240258e-06
S8_126923530	8	126923530	2.84437271818761e-06
S8_126924099	8	126924099	1.671923586756e-06
S8_126928539	8	126928539	2.18996141903153e-06
S8_126928699	8	126928699	3.58569470450994e-06
S8_126930045	8	126930045	3.04836080768277e-07
S8_126968667	8	126968667	5.02775809795229e-06
S8_126968684	8	126968684	2.3662507096739e-06
S8_126968688	8	126968688	1.5818597336158e-06
S8_126969155	8	126969155	8.32028415677217e-06
S8_126969277	8	126969277	8.16703106064308e-06
S8_126969477	8	126969477	5.35515824247919e-06
S8_126976840	8	126976840	4.21984711645487e-06
S8_127478016	8	127478016	1.68280449027609e-06
S8_134735802	8	134735802	8.00572202118578e-06
S8_153154054	8	153154054	6.25879861115413e-06
S8_153154160	8	153154160	4.98931455077213e-06
S8_153154432	8	153154432	9.19291075998703e-07
S8_153154694	8	153154694	6.96630113577082e-06
S8_153154802	8	153154802	1.77724322388182e-06
S8_153158147	8	153158147	4.72527733443763e-08
S8_153158380	8	153158380	1.34737070304305e-06
S8_153159437	8	153159437	9.45945445551053e-06
S8_153159446	8	153159446	8.01053201436643e-06
S8_153159981	8	153159981	5.8190650226907e-07
S8_153160248	8	153160248	6.47692149129667e-06
S8_153160687	8	153160687	4.39701335430306e-06
S8_153160833	8	153160833	3.80499751017437e-06
S8_153161723	8	153161723	4.27932067905171e-06
S8_153164151	8	153164151	8.46172562899839e-06
S8_153164710	8	153164710	5.89342192539349e-07
S8_153164971	8	153164971	8.09904061137415e-06
S8_153166337	8	153166337	9.3660654366784e-07
S8_153166447	8	153166447	9.97370624861002e-07
S8_153166456	8	153166456	3.41565299617276e-06
S8_153166777	8	153166777	1.32963399654411e-06
S8_153167072	8	153167072	1.37992102197688e-06
S8_153168943	8	153168943	6.53998749265054e-07
S8_153171446	8	153171446	1.04995571396931e-06
S8_153171470	8	153171470	4.1531661619564e-06
S8_153171472	8	153171472	8.09425435968382e-06
S8_153171488	8	153171488	3.18778292709916e-06
S8_153171501	8	153171501	1.73037400558011e-06
S8_153171564	8	153171564	5.85004586373166e-06
S8_153171666	8	153171666	1.24442497655285e-06
S8_153171679	8	153171679	1.34980551570596e-06
S8_153171718	8	153171718	4.4391653267041e-06
S8_153171902	8	153171902	1.60200847478721e-06
S8_153171942	8	153171942	1.69079701357573e-07
S8_153172029	8	153172029	3.58455926343305e-07
S8_153172031	8	153172031	1.61465783561165e-07
S8_153172155	8	153172155	7.75454080755891e-07
S8_153254275	8	153254275	5.39590916696153e-06
S8_153254288	8	153254288	2.68982019308885e-06
S8_153272326	8	153272326	2.21052663682051e-06
S8_153272498	8	153272498	4.64833895048704e-06
S8_153272799	8	153272799	5.8866323137779e-07
S8_153272921	8	153272921	1.79893704464317e-06
S8_153273462	8	153273462	2.96137733085403e-07
S8_153273749	8	153273749	3.91595262106339e-06
S8_153273844	8	153273844	1.11142904394581e-06
S8_153281086	8	153281086	1.96313324176237e-06
S8_153281157	8	153281157	2.95390644889875e-06
S8_153282018	8	153282018	1.90864368708148e-06
S8_153282056	8	153282056	2.27493834974432e-06
S8_153282125	8	153282125	6.84774805175098e-06
S8_153282710	8	153282710	2.09294525712752e-06
S8_153282772	8	153282772	2.40876719939617e-06
S8_153282872	8	153282872	4.34450566143148e-07
S8_153282918	8	153282918	6.62499128459886e-07
S8_153282925	8	153282925	8.75034914947358e-07
S8_153282954	8	153282954	9.7745999170757e-07
S8_153283048	8	153283048	1.27125163324362e-06
S8_153283083	8	153283083	4.45170317909619e-07
S8_153283294	8	153283294	1.26569558862857e-06
S8_153283308	8	153283308	3.30510998296637e-07
S8_153283312	8	153283312	6.352750527323e-07
S8_153284741	8	153284741	4.57948301700442e-06
S8_153284759	8	153284759	4.00386151937908e-06
S8_153284791	8	153284791	3.88938933929646e-06
S8_153284796	8	153284796	2.28954797490241e-06
S8_153284887	8	153284887	1.23357988645867e-06
S8_153285011	8	153285011	6.34665249791526e-07
S8_153285658	8	153285658	2.83156435915878e-07
S8_153285660	8	153285660	3.67419177207109e-07
S8_153286034	8	153286034	5.32634465427484e-06
S8_153315297	8	153315297	3.21797375944163e-06
S8_153364253	8	153364253	1.09104523644665e-06
S8_153364343	8	153364343	2.45666689376402e-06
S8_153364422	8	153364422	2.44439147867424e-07
S8_153380528	8	153380528	8.00994435244036e-06
S8_153382003	8	153382003	4.62494860388971e-07
S8_153382037	8	153382037	6.94972763663387e-06
S8_153387314	8	153387314	3.82517768602233e-06
S9_26355664	9	26355664	6.3770740421408e-06
S9_26426719	9	26426719	9.71199745207334e-07
S9_153182509	9	153182509	1.21168899333247e-06
S10_1248605	10	1248605	6.58849436202481e-06
S10_1781624	10	1781624	2.82459390359815e-06
S10_65048566	10	65048566	8.77656891353933e-06
S10_116610152	10	116610152	8.66008236716416e-06
S10_148192490	10	148192490	3.78292067368264e-06
