SNP	Chromosome	Position	P.value
S1_3528394	1	3528394	1.68433182237735e-06
S1_47968919	1	47968919	1.94143438540242e-06
S1_78067867	1	78067867	3.13233978814914e-06
S1_101969404	1	101969404	3.43942288478103e-07
S1_106280370	1	106280370	4.49357123996978e-06
S1_152569203	1	152569203	6.53495866854747e-06
S1_173909904	1	173909904	7.66229057285175e-06
S1_176935402	1	176935402	3.62603373613885e-06
S1_208420553	1	208420553	8.84117576617589e-06
S1_208475983	1	208475983	5.59439866698396e-06
S1_214249286	1	214249286	9.19461068793915e-06
S1_232014983	1	232014983	9.23491222734215e-06
S1_262570704	1	262570704	9.30117248941905e-06
S1_263880872	1	263880872	1.26586030716611e-06
S1_264231066	1	264231066	5.84833312371078e-06
S1_264231068	1	264231068	2.16106046771835e-06
S1_264417878	1	264417878	3.46260496253002e-06
S2_17389429	2	17389429	5.84827468683415e-06
S2_49488017	2	49488017	4.17604467321483e-06
S2_72459624	2	72459624	9.79639757565956e-06
S2_78837352	2	78837352	5.39965243008643e-06
S2_126264037	2	126264037	9.94996427233154e-06
S2_126658228	2	126658228	5.17511036774801e-06
S2_154634638	2	154634638	3.52682073168293e-06
S2_154634644	2	154634644	1.96015082675088e-06
S2_154634647	2	154634647	1.0942552443048e-06
S2_164315744	2	164315744	2.44961853088992e-06
S2_177440482	2	177440482	5.20217553189432e-06
S2_186980644	2	186980644	5.85038634657412e-06
S2_215407205	2	215407205	7.24622060776033e-06
S2_217198193	2	217198193	4.15102957676085e-06
S3_112738170	3	112738170	9.78458256261953e-06
S3_137840140	3	137840140	9.46292172106592e-06
S3_176242744	3	176242744	3.72089449947053e-06
S3_193470484	3	193470484	7.29348060814064e-06
S3_210768375	3	210768375	4.42079347543168e-06
S4_49405731	4	49405731	6.66354456423316e-06
S4_49432663	4	49432663	3.30416141967228e-06
S4_49469816	4	49469816	2.1123782485939e-06
S4_49469819	4	49469819	1.15609869950017e-06
S4_49531755	4	49531755	8.2460362265965e-06
S4_49531759	4	49531759	6.57200531886437e-06
S4_49532107	4	49532107	6.6417674787565e-06
S4_54092138	4	54092138	2.41423236977337e-06
S4_54102807	4	54102807	1.17557581214393e-06
S4_98150984	4	98150984	2.96401206523591e-06
S4_112697036	4	112697036	7.24018201775933e-07
S4_117767233	4	117767233	4.02163997429369e-06
S4_117770326	4	117770326	4.27035683098949e-06
S4_117778383	4	117778383	8.35848680516972e-06
S4_117781003	4	117781003	2.54463224904824e-06
S4_117781035	4	117781035	8.93851630336453e-06
S4_117854589	4	117854589	9.07109274037961e-06
S4_117884825	4	117884825	8.63947349468852e-06
S4_117905653	4	117905653	7.58166435094492e-06
S4_117905699	4	117905699	6.85526148855583e-06
S4_121112485	4	121112485	4.8052498009317e-06
S4_122040516	4	122040516	3.73488579335449e-06
S4_125452634	4	125452634	9.04731683508204e-06
S4_126089551	4	126089551	5.61361066739129e-06
S4_127010739	4	127010739	1.60961876149931e-06
S4_131699129	4	131699129	4.49961487733011e-06
S4_143638905	4	143638905	7.35717914105964e-06
S4_179586204	4	179586204	7.46927183042101e-06
S4_213067109	4	213067109	1.08078551360058e-06
S4_235681717	4	235681717	9.00401759233021e-07
S4_235681718	4	235681718	1.50108062181642e-06
S4_235681719	4	235681719	6.49608844598444e-07
S4_235681755	4	235681755	7.30389768630662e-06
S5_5337994	5	5337994	6.85892024558791e-06
S5_15681528	5	15681528	9.26225398782287e-06
S5_16648224	5	16648224	6.97793455681697e-06
S5_54239086	5	54239086	7.1907215557467e-07
S5_148023363	5	148023363	4.32774759461919e-06
S5_148023384	5	148023384	1.25278186953636e-06
S5_148147454	5	148147454	5.13210889090644e-06
S5_153092033	5	153092033	6.06637941665082e-06
S5_153365207	5	153365207	2.14326409852475e-06
S5_153406251	5	153406251	2.63830776550395e-06
S5_153701418	5	153701418	3.51304849664989e-06
S5_154228416	5	154228416	6.42060470354833e-06
S5_154448463	5	154448463	7.0453510762467e-06
S5_155681703	5	155681703	3.37324139061701e-06
S5_177536884	5	177536884	3.17877008006087e-06
S5_192349555	5	192349555	7.46906051241973e-06
S5_192414588	5	192414588	4.57508788631698e-06
S6_4760142	6	4760142	5.69641491170481e-06
S6_41878768	6	41878768	4.24192526704408e-06
S6_42048212	6	42048212	9.70079141161152e-06
S6_42048349	6	42048349	7.6304770370397e-06
S6_42393258	6	42393258	5.86697995620421e-06
S6_52482860	6	52482860	5.96463762955176e-06
S6_58468966	6	58468966	8.28866115018347e-11
S6_81619202	6	81619202	6.93024953791605e-06
S6_105982037	6	105982037	8.07805584458355e-06
S6_147384883	6	147384883	1.33967370850175e-06
S6_159353182	6	159353182	9.99392170860935e-06
S6_165773508	6	165773508	3.13770284948631e-06
S6_168817554	6	168817554	4.65501953916668e-06
S7_3795936	7	3795936	1.15339795472927e-06
S7_3796370	7	3796370	2.20285150085127e-06
S7_3796806	7	3796806	9.52015451458576e-06
S7_3800345	7	3800345	5.11286063126877e-06
S7_3800387	7	3800387	8.5796483448871e-06
S7_3804181	7	3804181	1.01985025277421e-06
S7_3822422	7	3822422	4.85000332803566e-07
S7_3822449	7	3822449	2.8787972005799e-06
S7_67868318	7	67868318	1.99122783453388e-06
S7_67983113	7	67983113	3.17431323120762e-06
S7_68280653	7	68280653	4.3746853517408e-06
S7_69652605	7	69652605	7.65109066150066e-06
S7_70406233	7	70406233	5.47427535629231e-06
S7_108775690	7	108775690	5.19859496270419e-07
S7_140560137	7	140560137	2.06891410198005e-06
S7_143653381	7	143653381	9.13313000859257e-06
S7_147919020	7	147919020	6.16699789146167e-06
S7_147951003	7	147951003	8.09688090251191e-06
S7_147957388	7	147957388	5.36190904681378e-06
S7_147957702	7	147957702	2.9237269768238e-06
S7_147958174	7	147958174	7.86272693045762e-06
S7_147958657	7	147958657	7.79056475049314e-06
S7_147959689	7	147959689	9.41448994308784e-07
S7_147964094	7	147964094	6.27261416289472e-06
S7_147964098	7	147964098	4.27069613896785e-06
S7_152938878	7	152938878	4.25111724609179e-06
S7_156502573	7	156502573	9.65684449167476e-06
S7_174143425	7	174143425	1.06800285101374e-06
S8_126473762	8	126473762	6.08083335360212e-06
S9_51663020	9	51663020	1.1459414535588e-06
S9_98199872	9	98199872	2.97575632685752e-06
S10_5234117	10	5234117	2.74485495561745e-06
S10_5238791	10	5238791	7.39127415068543e-06
S10_5239084	10	5239084	7.13801011601125e-06
S10_5240099	10	5240099	5.10042450849223e-06
S10_5264632	10	5264632	2.79626677451141e-06
S10_5264711	10	5264711	3.15619209470721e-06
S10_5264929	10	5264929	6.09295649350973e-06
S10_31201376	10	31201376	7.378136008402e-06
S10_49081837	10	49081837	2.71714975083071e-07
S10_49081857	10	49081857	6.29684249088788e-06
S10_62941685	10	62941685	5.94978238388357e-06
S10_65277274	10	65277274	6.54893402340111e-06
S10_82522614	10	82522614	8.96319519920073e-06
S10_115382203	10	115382203	4.83131449085194e-06
S10_118184956	10	118184956	5.3618633530544e-06
S10_142555868	10	142555868	2.93208220530275e-06
