SNP	Chromosome	Position	P.value
S1_13966349	1	13966349	6.27850684153704e-06
S1_23187404	1	23187404	3.37870006091152e-06
S1_23222610	1	23222610	6.27237910463694e-06
S1_23252779	1	23252779	2.06499741483761e-06
S1_23267008	1	23267008	5.25381446425415e-06
S1_23268846	1	23268846	1.85107112731864e-06
S1_23268853	1	23268853	1.77387546086383e-06
S1_23268854	1	23268854	1.38711805230382e-06
S1_23271948	1	23271948	6.37280728514485e-06
S1_23284635	1	23284635	9.86128755880949e-06
S1_23290233	1	23290233	8.7704546607704e-06
S1_23292508	1	23292508	4.25344542149281e-06
S1_23292509	1	23292509	3.27282278067129e-07
S1_23294765	1	23294765	3.5873996214153e-06
S1_23295300	1	23295300	6.83438606726359e-06
S1_23295879	1	23295879	4.37315109184629e-06
S1_23297016	1	23297016	8.42579897400336e-06
S1_23297451	1	23297451	3.07352787149825e-06
S1_23297516	1	23297516	5.67138062423639e-06
S1_23297517	1	23297517	5.67138062423639e-06
S1_23299263	1	23299263	5.54392607440433e-06
S1_23307993	1	23307993	2.85632737086679e-06
S1_23308245	1	23308245	4.92999621499431e-06
S1_23324656	1	23324656	7.43404401728702e-06
S1_23324903	1	23324903	2.79333876522351e-06
S1_23324928	1	23324928	1.61340814831998e-06
S1_23324955	1	23324955	1.39998830874638e-06
S1_23324963	1	23324963	2.78994204366307e-06
S1_23324966	1	23324966	2.21911135541893e-06
S1_23324974	1	23324974	1.54142968303795e-06
S1_23324979	1	23324979	4.19285953884195e-06
S1_23325004	1	23325004	7.77960923946144e-06
S1_23325797	1	23325797	7.92634560793251e-06
S1_23325821	1	23325821	5.23573711348604e-06
S1_23359596	1	23359596	9.72343895994038e-06
S1_78375366	1	78375366	3.44297958610517e-06
S1_78376587	1	78376587	7.08424272662229e-06
S1_246802940	1	246802940	3.91726460600528e-06
S1_269084132	1	269084132	5.3714555645966e-06
S1_277212067	1	277212067	9.55664642569196e-06
S1_300212459	1	300212459	5.64706383366392e-06
S1_300243248	1	300243248	6.21189757378298e-07
S1_306015517	1	306015517	7.2068248279723e-06
S2_3924564	2	3924564	7.99071602645936e-06
S2_43410303	2	43410303	2.85513892523163e-06
S2_89194665	2	89194665	6.56057368539158e-07
S2_89277433	2	89277433	7.70127629503662e-06
S2_216101881	2	216101881	5.68298841661572e-06
S2_216812332	2	216812332	2.17994389725035e-06
S3_26177067	3	26177067	2.15289462701123e-06
S3_26533451	3	26533451	6.0062032214304e-06
S3_27131995	3	27131995	9.9350702606413e-06
S3_62205900	3	62205900	7.966570525943e-06
S3_119200365	3	119200365	6.00323995498609e-06
S3_193476216	3	193476216	2.57779875366265e-06
S3_209092043	3	209092043	8.95016233662141e-06
S4_18908767	4	18908767	6.00771124488151e-06
S4_29042935	4	29042935	7.85988091187244e-06
S4_74377034	4	74377034	5.41023557642785e-06
S4_230839889	4	230839889	9.66534565366512e-06
S5_141861979	5	141861979	7.01304130664428e-06
S5_218090463	5	218090463	9.82891663468414e-07
S5_218090566	5	218090566	7.59930243178819e-06
S5_219947137	5	219947137	9.78745788801244e-06
S6_164728289	6	164728289	2.54586466877415e-06
S7_94297296	7	94297296	4.58949179744407e-06
S7_94301330	7	94301330	5.88751442597071e-06
S7_94368718	7	94368718	2.31150697136347e-06
S7_94377134	7	94377134	4.73912474140517e-06
S8_126923530	8	126923530	6.61611104588134e-06
S8_126930045	8	126930045	9.53037449938791e-06
S8_126968684	8	126968684	8.05247381117909e-06
S8_126968688	8	126968688	4.35805114767856e-06
S8_127478016	8	127478016	4.93435223661154e-06
S8_153154432	8	153154432	3.20288390738925e-06
S8_153154802	8	153154802	2.05313941341488e-06
S8_153158147	8	153158147	4.64383374814385e-07
S8_153158380	8	153158380	2.27802098580794e-06
S8_153159981	8	153159981	2.19005586921867e-06
S8_153164710	8	153164710	2.14418382804416e-06
S8_153166337	8	153166337	3.15996992500633e-06
S8_153166447	8	153166447	2.1981667865354e-06
S8_153166456	8	153166456	6.39344405925222e-06
S8_153166777	8	153166777	4.83306120392522e-06
S8_153167072	8	153167072	6.60443625823676e-06
S8_153168943	8	153168943	5.46734192990379e-06
S8_153171446	8	153171446	6.8357882910922e-06
S8_153171666	8	153171666	6.25052767050018e-06
S8_153171679	8	153171679	6.71506263465582e-06
S8_153171902	8	153171902	8.05506671057055e-06
S8_153171942	8	153171942	1.43779818316709e-06
S8_153172029	8	153172029	2.2354327177125e-06
S8_153172031	8	153172031	1.10934404635402e-06
S8_153172155	8	153172155	2.99494236186448e-06
S8_153272799	8	153272799	2.3421347895632e-06
S8_153272921	8	153272921	7.96476872710122e-06
S8_153273462	8	153273462	1.36474419550265e-06
S8_153273844	8	153273844	6.65467024728815e-06
S8_153281086	8	153281086	9.47079201907575e-06
S8_153282056	8	153282056	7.52135922227213e-06
S8_153282872	8	153282872	2.56542194803236e-06
S8_153282918	8	153282918	3.68469163044317e-06
S8_153282925	8	153282925	4.64883287435084e-06
S8_153282954	8	153282954	5.11193337291849e-06
S8_153283048	8	153283048	5.27369550931486e-06
S8_153283083	8	153283083	2.13416965788724e-06
S8_153283294	8	153283294	5.61863935965978e-06
S8_153283308	8	153283308	1.90598103017503e-06
S8_153283312	8	153283312	3.42144914093274e-06
S8_153284796	8	153284796	8.11626932779536e-06
S8_153284887	8	153284887	5.64694170296316e-06
S8_153285011	8	153285011	2.47426501616023e-06
S8_153285658	8	153285658	1.14981304931443e-06
S8_153285660	8	153285660	1.53114536811511e-06
S8_153364253	8	153364253	3.917827966815e-06
S8_153364343	8	153364343	6.88063524856604e-06
S8_153364422	8	153364422	7.11385317673945e-07
S8_153382003	8	153382003	1.33322274086412e-06
S9_153182509	9	153182509	5.23850578678867e-06
S10_1781624	10	1781624	6.73196021391369e-06
