SNP	Chromosome	Position	P.value
S1_12992835	1	12992835	9.68961842996626e-06
S1_23292509	1	23292509	8.69133841006404e-07
S1_101703917	1	101703917	8.88670882236859e-06
S1_101703929	1	101703929	6.18232044091692e-06
S1_127266491	1	127266491	9.30720730466857e-06
S1_127266501	1	127266501	4.11449834977516e-06
S1_127266514	1	127266514	2.83282374700077e-06
S1_300243248	1	300243248	5.42227358156432e-06
S2_73110359	2	73110359	1.96307219065074e-07
S2_73110362	2	73110362	4.20692119619994e-06
S2_162557623	2	162557623	9.89914066696495e-06
S2_174336628	2	174336628	4.92955152712272e-06
S2_187130611	2	187130611	8.48533444783198e-06
S2_225891288	2	225891288	7.46669648794501e-06
S2_225891313	2	225891313	9.6890219375428e-07
S2_229649167	2	229649167	5.39937149061756e-06
S2_229860079	2	229860079	8.56672196285335e-06
S2_235360909	2	235360909	9.94478494446426e-06
S3_54888684	3	54888684	2.92459838038844e-06
S3_155466767	3	155466767	5.91618825746644e-06
S3_187442127	3	187442127	2.65211084092622e-06
S3_214109598	3	214109598	4.0191905830707e-06
S4_2514886	4	2514886	7.66313697817953e-06
S4_18354088	4	18354088	9.38408768666713e-06
S4_78879864	4	78879864	2.01448941010476e-06
S4_88277876	4	88277876	7.5068220433379e-06
S4_91856270	4	91856270	2.39203024819613e-06
S4_93974736	4	93974736	3.369045083188e-06
S4_94822675	4	94822675	1.69828003509529e-06
S4_94910807	4	94910807	7.24724409936831e-06
S4_95524697	4	95524697	2.65899420563938e-06
S5_104302799	5	104302799	9.54639357853778e-06
S5_127467425	5	127467425	8.15371925147109e-06
S5_127467458	5	127467458	4.34232024749463e-06
S5_131188262	5	131188262	5.1551281995209e-06
S5_148018796	5	148018796	4.39128455283643e-06
S5_192172375	5	192172375	1.63706504385084e-06
S5_218089841	5	218089841	1.86094057057174e-06
S5_218090463	5	218090463	4.47339400086058e-09
S6_39217611	6	39217611	8.76457174346854e-06
S6_134092514	6	134092514	4.29019538300189e-06
S6_134099151	6	134099151	6.40688122705472e-06
S6_134109214	6	134109214	7.39120729014754e-06
S6_134112768	6	134112768	4.03315070627695e-06
S6_145360186	6	145360186	5.36391274839515e-06
S7_9988123	7	9988123	6.66508316309582e-06
S7_15123611	7	15123611	3.14845942927902e-06
S7_19362806	7	19362806	7.42875780630254e-06
S7_112913584	7	112913584	5.48112112865286e-06
S7_112914452	7	112914452	3.77337163833272e-06
S7_112915122	7	112915122	5.03691693318051e-07
S7_112915568	7	112915568	1.3562644724877e-06
S7_112915635	7	112915635	7.22115427297834e-07
S7_112915804	7	112915804	9.8469956556202e-06
S7_112916434	7	112916434	4.56451178038331e-06
S7_112916484	7	112916484	8.78472979081406e-06
S7_112917207	7	112917207	2.97535051613622e-06
S7_112917218	7	112917218	6.29683871240638e-06
S7_112917310	7	112917310	3.57484851655886e-06
S7_112917596	7	112917596	4.24064488219036e-06
S7_112917750	7	112917750	2.29684717050959e-06
S7_112917802	7	112917802	4.12236683404468e-07
S7_112917946	7	112917946	3.97504557165372e-06
S7_112918054	7	112918054	1.17401806361894e-06
S7_112918780	7	112918780	9.34842027826957e-06
S7_112918995	7	112918995	2.0037923105767e-06
S7_112919431	7	112919431	8.61292494964367e-06
S7_112919848	7	112919848	3.32947502236599e-06
S7_112920045	7	112920045	5.31285600900764e-06
S7_112920077	7	112920077	4.30785968340931e-06
S7_112920340	7	112920340	7.21263110118032e-06
S7_112920507	7	112920507	4.49518297120839e-06
S7_112921557	7	112921557	2.15576722622505e-06
S7_112969554	7	112969554	7.07120802341184e-06
S7_112969624	7	112969624	6.16797395299881e-06
S7_112971490	7	112971490	2.92323152033439e-06
S7_112971516	7	112971516	4.72973104721351e-06
S7_112971572	7	112971572	4.57895775159677e-06
S7_112972175	7	112972175	1.17338078470137e-06
S7_112972198	7	112972198	8.89572871441129e-07
S7_112972493	7	112972493	9.88005435491204e-06
S7_112973407	7	112973407	1.64236607176203e-06
S7_112973461	7	112973461	9.33719344514212e-07
S7_112973478	7	112973478	6.92706156487138e-07
S7_112976142	7	112976142	7.18526401699835e-06
S7_112978001	7	112978001	6.74526720124927e-06
S7_112978743	7	112978743	9.39205831126514e-06
S7_112995122	7	112995122	9.04227829989855e-06
S7_113032296	7	113032296	6.82037791436507e-06
S7_113032756	7	113032756	7.45464604117957e-06
S7_113032768	7	113032768	9.95134596528972e-06
S7_113036011	7	113036011	5.79961554282344e-06
S7_113037102	7	113037102	3.69262341783759e-06
S7_113038362	7	113038362	8.513366775969e-06
S7_113039671	7	113039671	9.1149622527141e-06
S7_113040189	7	113040189	3.38975282287224e-06
S7_113040889	7	113040889	8.35085048344438e-07
S7_113040890	7	113040890	2.50079874210934e-07
S7_113040993	7	113040993	6.2221543132646e-06
S7_113041097	7	113041097	4.78726304081881e-06
S7_113041923	7	113041923	6.82402479215722e-06
S7_113042045	7	113042045	8.87120004354068e-06
S7_113042444	7	113042444	4.97111138608178e-07
S7_113045384	7	113045384	4.42439704172461e-06
S7_113045395	7	113045395	4.42439704172461e-06
S7_113045439	7	113045439	2.1804054049182e-06
S7_113045572	7	113045572	3.12145719813508e-06
S7_113045774	7	113045774	3.90102387926308e-06
S7_113070960	7	113070960	6.40817974786855e-06
S7_113073169	7	113073169	3.54442218278266e-06
S7_113073297	7	113073297	3.6899829561542e-06
S7_113080506	7	113080506	9.20511367206516e-06
S7_113083433	7	113083433	5.25330893233171e-07
S7_113083494	7	113083494	2.41510191018771e-06
S7_113083724	7	113083724	5.34868270823415e-06
S7_113083770	7	113083770	2.63019154390014e-06
S7_113083800	7	113083800	5.77151791382885e-06
S7_113083808	7	113083808	1.84711398000298e-06
S7_113083831	7	113083831	6.4024479480989e-07
S7_113084394	7	113084394	6.34508636816606e-06
S7_113084434	7	113084434	3.44394301862925e-06
S7_113084515	7	113084515	6.79849840924877e-06
S7_113084985	7	113084985	7.65580810748123e-06
S7_113085475	7	113085475	6.06359017339192e-06
S7_113089421	7	113089421	3.17488423423621e-06
S7_113090260	7	113090260	6.37868179554474e-06
S7_113090329	7	113090329	4.46339780742345e-06
S7_113090330	7	113090330	4.51623518401377e-06
S7_113090961	7	113090961	3.580506099329e-06
S7_113091070	7	113091070	8.4794438878608e-06
S7_113092458	7	113092458	6.81096619558232e-07
S7_113092460	7	113092460	7.27771305095409e-07
S7_113093069	7	113093069	3.00266742058445e-06
S7_113093796	7	113093796	7.12783954660586e-06
S7_113094311	7	113094311	8.01504599792686e-06
S7_113096193	7	113096193	4.95477381595683e-06
S7_113096207	7	113096207	6.68787289579511e-06
S7_113096476	7	113096476	5.31454110395349e-06
S7_113096494	7	113096494	5.41839672052039e-06
S7_113101159	7	113101159	8.56474632539731e-07
S7_113101160	7	113101160	3.13898784051086e-06
S7_113103423	7	113103423	5.84556978254556e-06
S7_113103550	7	113103550	2.49775865268718e-06
S7_113104377	7	113104377	7.17343244800069e-06
S7_113104388	7	113104388	5.38289217972099e-06
S7_113105216	7	113105216	5.2483615297832e-06
S7_113106009	7	113106009	2.48571920443793e-07
S7_113106065	7	113106065	3.66015631588721e-06
S7_113106085	7	113106085	7.87468508265871e-06
S7_113106443	7	113106443	4.45154283589304e-06
S7_113106587	7	113106587	6.81785861020109e-06
S7_113106598	7	113106598	1.39516267465143e-06
S7_113106638	7	113106638	9.61586552722898e-07
S7_113106677	7	113106677	3.81639030646132e-06
S7_113106679	7	113106679	4.37273370587812e-06
S7_113106968	7	113106968	6.81194491818831e-06
S7_113118037	7	113118037	5.51159108162747e-07
S7_113118401	7	113118401	8.43735975974062e-06
S7_113118501	7	113118501	6.05305760792273e-06
S7_113119227	7	113119227	6.69110433980366e-06
S7_113119575	7	113119575	5.47470363883094e-06
S7_113119615	7	113119615	7.32050489245525e-06
S7_113119964	7	113119964	7.4810600527818e-06
S7_113119971	7	113119971	5.56309272780987e-06
S7_113120505	7	113120505	7.9487196133492e-06
S7_113120753	7	113120753	2.85260936290595e-06
S7_113120835	7	113120835	3.68086685914894e-06
S7_113122534	7	113122534	8.6279306287721e-06
S7_113122830	7	113122830	3.72610897910247e-06
S7_113122979	7	113122979	7.28797900007279e-06
S7_113123234	7	113123234	8.8129722930934e-06
S7_113125321	7	113125321	6.31461270651228e-06
S7_113134492	7	113134492	9.10294170901582e-06
S7_113134499	7	113134499	9.41103999554833e-06
S7_113134574	7	113134574	4.76500035909696e-06
S7_113134654	7	113134654	2.00966153451541e-06
S7_113134701	7	113134701	1.18739543904615e-06
S7_113134761	7	113134761	3.66977214639209e-06
S7_113134852	7	113134852	9.02711550690966e-06
S7_113134894	7	113134894	6.04148895047462e-06
S7_113137362	7	113137362	6.66201828385334e-06
S7_113138476	7	113138476	4.10274438685732e-07
S7_113138478	7	113138478	1.07688900699889e-06
S7_113138626	7	113138626	7.27472932425755e-06
S7_113139153	7	113139153	8.31904639825094e-06
S7_113139163	7	113139163	6.87361247878356e-06
S7_113139174	7	113139174	4.72179414739857e-06
S7_113139270	7	113139270	7.01574451894369e-06
S7_113139673	7	113139673	9.6189366199286e-06
S7_113140330	7	113140330	8.70783806453867e-06
S7_113140346	7	113140346	7.84593771547434e-06
S7_113141789	7	113141789	2.37097975233993e-06
S7_113141796	7	113141796	9.67992243809158e-07
S7_113141821	7	113141821	5.00256644714536e-06
S7_113141844	7	113141844	5.92013282019868e-06
S7_113142430	7	113142430	3.62515827403298e-06
S7_113142471	7	113142471	6.57105971776938e-06
S7_113147803	7	113147803	6.14634457578585e-06
S7_113149317	7	113149317	1.37926658317912e-06
S7_113150394	7	113150394	5.40615791655868e-07
S7_113173015	7	113173015	4.83614553329561e-06
S7_113173017	7	113173017	1.81188397705701e-06
S7_113174163	7	113174163	2.36123063900139e-06
S7_113174175	7	113174175	1.98349535443493e-06
S7_113174332	7	113174332	5.21424280841476e-06
S7_113174346	7	113174346	1.97341546811512e-06
S7_113207086	7	113207086	5.89646428079909e-06
S7_113207471	7	113207471	1.03765872735678e-07
S7_113208135	7	113208135	8.59147963651227e-06
S7_113208150	7	113208150	5.66665474328151e-06
S7_145761505	7	145761505	2.34446532314083e-06
S7_160259486	7	160259486	9.18151725049991e-06
S8_3890715	8	3890715	4.58907178886779e-06
S8_68131872	8	68131872	1.86725161511203e-06
S8_112624256	8	112624256	8.94535516377749e-06
S8_123291201	8	123291201	1.31717366150302e-06
S8_123405716	8	123405716	1.01724506481039e-06
S8_123446632	8	123446632	7.47326199394701e-06
S8_123455015	8	123455015	9.92777869360992e-06
S8_123864415	8	123864415	3.80775150819261e-06
S8_126624923	8	126624923	2.60436770671386e-06
S8_126694320	8	126694320	8.8081484004818e-06
S8_174302056	8	174302056	9.9111412664717e-06
S9_14493375	9	14493375	2.18156173076649e-06
S9_79307507	9	79307507	3.30645414440226e-06
S9_95346702	9	95346702	2.35074400762785e-06
S9_159600865	9	159600865	8.22564306454398e-06
S10_35976081	10	35976081	7.29434367236137e-06
S10_36616459	10	36616459	8.21204481077563e-06
S10_41931937	10	41931937	7.60615689932515e-06
S10_112919622	10	112919622	4.04242937580661e-06
S10_146795723	10	146795723	8.75779169552197e-06
S10_148628224	10	148628224	6.47149057935521e-07
