SNP	Chromosome	Position	P.value
S1_23267008	1	23267008	9.30874856089874e-06
S1_23267124	1	23267124	4.49736870018634e-06
S1_23284635	1	23284635	7.3568485980655e-06
S1_23292509	1	23292509	6.82131492476071e-06
S1_23325594	1	23325594	6.27055612895144e-06
S1_32075782	1	32075782	8.66868184681531e-06
S1_65701390	1	65701390	6.64801985854699e-06
S1_176494413	1	176494413	4.43565136275317e-06
S1_185233209	1	185233209	9.4640351302973e-06
S1_269267520	1	269267520	4.39589626921451e-06
S1_294421768	1	294421768	7.98459056227343e-06
S1_298330812	1	298330812	4.69501801612994e-06
S1_298333855	1	298333855	8.4719108823444e-06
S1_298339119	1	298339119	5.36137003120538e-06
S1_298339294	1	298339294	7.21098352011423e-06
S1_298341629	1	298341629	3.01403211360391e-06
S1_298371295	1	298371295	7.44026223610723e-06
S1_298405642	1	298405642	5.95410651609883e-06
S1_305689855	1	305689855	6.25441588122441e-06
S2_4288939	2	4288939	3.50478788346859e-06
S2_210662875	2	210662875	7.15731328057684e-06
S2_216101735	2	216101735	3.48773502498584e-06
S2_216101881	2	216101881	2.95961745776778e-06
S2_229497458	2	229497458	9.35955417125493e-06
S3_54361245	3	54361245	8.27233328836681e-06
S3_54361258	3	54361258	2.63438926727388e-06
S3_94716001	3	94716001	8.24607266595241e-06
S3_119200365	3	119200365	5.98248383531357e-06
S3_154507243	3	154507243	5.43450134561765e-06
S3_155466899	3	155466899	5.28338407409933e-06
S3_155518254	3	155518254	7.06098104751981e-07
S3_157318188	3	157318188	8.42242027751397e-06
S3_157318189	3	157318189	8.42242027751397e-06
S3_157343552	3	157343552	6.72800791745484e-07
S3_157343553	3	157343553	6.72800791745484e-07
S3_157343561	3	157343561	7.22833402756071e-06
S3_157343568	3	157343568	7.44288352027318e-06
S3_234649273	3	234649273	5.32065034243203e-06
S3_234664209	3	234664209	9.53715478930186e-06
S4_36425496	4	36425496	8.37029133105743e-07
S4_73761904	4	73761904	9.18514460969943e-06
S4_74126144	4	74126144	7.14382838451392e-06
S5_20651627	5	20651627	4.51158296109114e-06
S5_182448291	5	182448291	5.62667426492196e-06
S6_142666532	6	142666532	7.94594183409668e-06
S7_108704724	7	108704724	9.03901989792983e-06
S7_108752972	7	108752972	4.47557102641905e-06
S7_108762263	7	108762263	8.44940311923612e-06
S7_108763133	7	108763133	5.96289499072233e-06
S7_108775690	7	108775690	8.20822698503201e-07
S7_137087157	7	137087157	7.09097157030801e-06
S7_173827859	7	173827859	4.74964992910382e-06
S8_79069036	8	79069036	9.52133304517312e-06
S8_126930045	8	126930045	2.31064270315733e-06
S8_175269850	8	175269850	5.30543745979477e-06
S9_88794786	9	88794786	4.62793905969333e-06
S9_89505598	9	89505598	6.25924953077623e-06
S9_96974004	9	96974004	1.61108892746506e-06
S9_97101803	9	97101803	9.76607683541969e-06
S9_97103062	9	97103062	9.41482622966408e-06
S9_149958723	9	149958723	7.98319911992005e-06
S10_104549394	10	104549394	3.80813166492443e-06
