SNP	Chromosome	Position	P.value
S1_341913	1	341913	3.64527924369892e-06
S1_3123738	1	3123738	8.87280928001521e-06
S1_5910621	1	5910621	1.62725799312344e-07
S1_15179989	1	15179989	1.92534215922336e-06
S1_15180023	1	15180023	1.78253946260353e-06
S1_15185834	1	15185834	5.61454608624912e-06
S1_15186484	1	15186484	4.16435656087879e-06
S1_29003700	1	29003700	4.48324329569968e-06
S1_94417453	1	94417453	7.25873753355428e-06
S1_110441931	1	110441931	7.74852638904426e-06
S1_194335889	1	194335889	6.28704038215046e-06
S1_222551516	1	222551516	8.48062632241995e-06
S1_222552212	1	222552212	5.36021450660586e-06
S1_243488080	1	243488080	8.11740760312803e-06
S2_2688433	2	2688433	2.09473545830596e-06
S2_4540130	2	4540130	4.62521995653218e-06
S2_4540869	2	4540869	2.43320874383241e-06
S2_4547567	2	4547567	9.7814473937584e-06
S2_30388628	2	30388628	9.39641287559471e-06
S2_36510337	2	36510337	6.29506519701773e-06
S2_114869128	2	114869128	3.55970950044819e-06
S2_114904399	2	114904399	8.27148363682939e-06
S2_115067012	2	115067012	8.86374096054506e-06
S2_124132756	2	124132756	6.57718885601451e-06
S2_217601090	2	217601090	8.31479475046129e-07
S3_978660	3	978660	5.33045536331595e-07
S3_1009278	3	1009278	3.99573981936227e-06
S3_2015300	3	2015300	6.80265713209261e-06
S3_18880004	3	18880004	6.94007201414759e-07
S3_35541696	3	35541696	6.79640419568884e-06
S3_200599716	3	200599716	5.98286085560224e-06
S3_204247774	3	204247774	8.85182911766928e-06
S3_222847567	3	222847567	2.11324830070084e-06
S3_229274156	3	229274156	4.9630906543559e-06
S3_229274563	3	229274563	2.6885903137003e-06
S4_31733141	4	31733141	6.8920197929845e-06
S4_84327500	4	84327500	3.06688593408461e-06
S4_92623248	4	92623248	5.72648675855096e-06
S4_92726122	4	92726122	5.7825943311409e-06
S4_95583018	4	95583018	9.49878707240141e-06
S4_156466889	4	156466889	9.67434360219718e-06
S4_210355897	4	210355897	6.18193581533997e-06
S5_14014734	5	14014734	4.27173684475828e-06
S5_14042160	5	14042160	8.99702764810133e-06
S5_14042162	5	14042162	6.78576054796538e-06
S5_60098016	5	60098016	3.28119018901017e-06
S5_60107503	5	60107503	1.87156159087902e-06
S5_60107524	5	60107524	9.26040832418369e-06
S5_145727322	5	145727322	9.78829775296033e-06
S5_145732807	5	145732807	8.29016771946852e-06
S5_145756195	5	145756195	5.42544020457372e-06
S5_179334436	5	179334436	3.83761612530676e-06
S5_219239847	5	219239847	2.59218648712764e-07
S6_118142644	6	118142644	8.73133880359237e-06
S6_134038688	6	134038688	6.83261215796351e-06
S6_134038715	6	134038715	2.78721682272075e-06
S6_134040014	6	134040014	6.47551651167603e-06
S6_134040029	6	134040029	6.98654723640711e-06
S6_142644552	6	142644552	3.02463745094927e-06
S6_142667053	6	142667053	8.57188523446158e-06
S6_148641557	6	148641557	9.39624846917361e-06
S6_148668500	6	148668500	8.72459773985501e-06
S6_149959151	6	149959151	5.4252920049509e-06
S6_149959180	6	149959180	3.87766063939277e-06
S6_150599754	6	150599754	6.23490339082106e-06
S6_150599758	6	150599758	7.94493233808548e-06
S6_150599759	6	150599759	4.54451528628909e-06
S6_150600896	6	150600896	9.38542090821762e-06
S6_150601060	6	150601060	9.04471356611042e-06
S6_150601061	6	150601061	9.57694121439632e-06
S6_153812014	6	153812014	2.70094567977313e-08
S6_153885658	6	153885658	7.25931960436361e-06
S6_153939658	6	153939658	6.77720524104593e-06
S6_153948903	6	153948903	3.44394045858921e-06
S6_153952706	6	153952706	8.18244707463418e-06
S6_153955686	6	153955686	1.00581088407206e-06
S6_153956336	6	153956336	2.71648866740931e-06
S6_153956587	6	153956587	7.50934385221672e-06
S6_153956704	6	153956704	6.99446257671828e-06
S6_153956708	6	153956708	7.2224891666248e-06
S6_153956851	6	153956851	4.32518606250435e-06
S6_153956868	6	153956868	3.6023748513095e-06
S6_153956898	6	153956898	2.7483349363406e-07
S6_153957366	6	153957366	1.33976645896282e-07
S6_153957367	6	153957367	1.49342992009921e-07
S6_153977538	6	153977538	2.06481956698682e-06
S6_153977585	6	153977585	9.71681030456387e-06
S6_153977687	6	153977687	9.32624796486643e-06
S6_153977748	6	153977748	6.85292962344102e-06
S6_153977878	6	153977878	1.50555375465423e-06
S6_153977947	6	153977947	1.2613940021289e-06
S6_153977984	6	153977984	2.30703251718653e-06
S6_153977988	6	153977988	4.42822479086497e-06
S6_153978208	6	153978208	7.53064164393065e-06
S6_153978318	6	153978318	3.81722336995352e-06
S6_153978456	6	153978456	2.6510639680732e-06
S6_153978980	6	153978980	5.15440608840555e-06
S6_153979015	6	153979015	3.37966558229065e-06
S6_153979135	6	153979135	4.47137130798887e-06
S6_153979539	6	153979539	2.08400124715308e-06
S6_153979724	6	153979724	2.42260854691061e-06
S6_153980104	6	153980104	1.70470309883242e-06
S6_153980187	6	153980187	5.16697948171372e-06
S6_153980242	6	153980242	7.74360453725847e-06
S6_153980279	6	153980279	1.97791894401888e-06
S6_153980670	6	153980670	2.53831696076032e-07
S6_153980733	6	153980733	5.09353225785232e-07
S6_153981287	6	153981287	2.42481114347163e-06
S6_153981618	6	153981618	9.7936256697274e-07
S6_153981933	6	153981933	2.35846029126567e-06
S6_153982019	6	153982019	7.51134541234567e-07
S6_153982368	6	153982368	3.41570763042805e-06
S6_153982450	6	153982450	6.43892332259591e-06
S6_153982537	6	153982537	3.34752184534556e-06
S6_154002801	6	154002801	3.97608052106137e-06
S6_154002937	6	154002937	3.29750378631535e-07
S6_154003147	6	154003147	1.26166502378962e-06
S6_154003193	6	154003193	9.93144099405874e-06
S6_154003732	6	154003732	9.09647856952278e-06
S6_154003760	6	154003760	3.9750626245486e-06
S6_154003779	6	154003779	6.98317412475098e-06
S6_154003848	6	154003848	8.64592061261111e-07
S6_154004196	6	154004196	1.94346613282482e-07
S6_154004232	6	154004232	2.90133311103951e-07
S6_154004376	6	154004376	2.83743964099389e-06
S6_154004417	6	154004417	1.98717047892992e-06
S6_154004418	6	154004418	2.03093631391223e-06
S6_154004447	6	154004447	5.30402904362278e-06
S6_154004689	6	154004689	9.379525880599e-06
S6_154004825	6	154004825	1.69423034273684e-06
S6_154005758	6	154005758	5.06782223433499e-06
S6_154005862	6	154005862	2.43836596461671e-06
S6_154005975	6	154005975	3.86839152206854e-06
S6_154005995	6	154005995	1.29499088146628e-06
S6_154006190	6	154006190	3.52923918817029e-07
S6_154006250	6	154006250	3.08104183326495e-07
S6_154006563	6	154006563	9.08767442121267e-06
S6_154006614	6	154006614	3.81390319254759e-06
S6_154006695	6	154006695	5.98372670524841e-06
S6_154007111	6	154007111	8.72141938665113e-06
S6_154007253	6	154007253	1.53366957503395e-06
S6_154007258	6	154007258	7.33447926426749e-06
S6_154007349	6	154007349	5.78913915808681e-06
S6_154007390	6	154007390	4.1265547518379e-06
S6_154007533	6	154007533	4.5688899125025e-06
S6_154007929	6	154007929	7.20851227638867e-07
S6_154008346	6	154008346	2.63063452787519e-07
S6_154008368	6	154008368	2.50950222771298e-07
S6_154008452	6	154008452	2.2896565068491e-06
S6_154008492	6	154008492	4.54458021572757e-06
S6_154008719	6	154008719	8.73881134139708e-06
S6_154008854	6	154008854	5.49708417358953e-06
S6_154008866	6	154008866	1.15896307690119e-06
S6_154008891	6	154008891	5.80328324036117e-06
S6_154009643	6	154009643	1.56860516225422e-07
S6_154009793	6	154009793	1.06177928349688e-06
S6_154010785	6	154010785	2.95493137943628e-06
S6_154017255	6	154017255	7.00174244111547e-06
S6_154018009	6	154018009	5.07252672678715e-06
S6_154043020	6	154043020	5.76662751136033e-06
S6_154122444	6	154122444	6.02370023385021e-06
S6_154199875	6	154199875	7.16623041859255e-06
S6_154199912	6	154199912	9.88825295358366e-06
S6_154200309	6	154200309	8.17918467217461e-06
S6_154207754	6	154207754	4.4565196924023e-06
S6_162207394	6	162207394	9.92163882947679e-06
S6_162207397	6	162207397	9.92163882947679e-06
S7_48470099	7	48470099	7.15161402321123e-07
S7_49391239	7	49391239	6.34771150233341e-06
S7_83303129	7	83303129	5.64392247259902e-06
S7_87672327	7	87672327	2.45486524797772e-06
S8_98851087	8	98851087	1.14243634154718e-06
S8_134095445	8	134095445	4.84220730059737e-06
S8_134106369	8	134106369	9.87285156357762e-06
S8_134106465	8	134106465	7.97568735426852e-06
S8_134115212	8	134115212	5.88392665861877e-06
S8_134174491	8	134174491	4.60287885262107e-06
S8_134194743	8	134194743	2.00107801721883e-06
S8_168615916	8	168615916	4.05038838177417e-06
S8_168638078	8	168638078	3.90941680493643e-06
S9_130754860	9	130754860	4.54253391197772e-06
S10_44636049	10	44636049	6.40196831542339e-06
