SNP	Chromosome	Position	P.value
S1_32189022	1	32189022	8.64153931380867e-06
S1_40933810	1	40933810	2.15386285631347e-06
S1_70866178	1	70866178	7.65766879825517e-06
S1_83192544	1	83192544	9.37542519192213e-06
S1_124294298	1	124294298	5.52598689356466e-06
S1_173458007	1	173458007	7.20033051604252e-06
S1_173942462	1	173942462	1.4160983971785e-06
S1_189874863	1	189874863	7.97403669099503e-06
S1_200939207	1	200939207	2.41671240621871e-06
S1_204776442	1	204776442	5.65913763961547e-06
S1_205439664	1	205439664	9.41001354799821e-07
S1_249076665	1	249076665	1.29473559448983e-06
S1_276779440	1	276779440	8.99998156527682e-06
S1_277226261	1	277226261	9.50611378620898e-06
S2_20515352	2	20515352	2.47848762497805e-06
S2_35908894	2	35908894	2.7915343643396e-06
S2_46446842	2	46446842	4.81914501868577e-07
S2_49487533	2	49487533	2.44676109927436e-06
S2_110354313	2	110354313	3.5393698701608e-06
S2_110390326	2	110390326	9.94173267540075e-06
S2_110451601	2	110451601	1.42347556454763e-06
S2_110538515	2	110538515	4.70403219454353e-08
S2_110606986	2	110606986	6.42886522668387e-06
S2_110606992	2	110606992	1.71829896152914e-06
S2_110607006	2	110607006	1.7164068791001e-06
S2_110639125	2	110639125	4.21716264946523e-06
S2_110749569	2	110749569	2.12826781183592e-06
S2_110785414	2	110785414	2.67169632268888e-06
S2_110806261	2	110806261	7.75914503494037e-06
S2_140401366	2	140401366	1.4800742645567e-06
S2_172025319	2	172025319	9.30304960266273e-06
S2_173484993	2	173484993	2.16216865085477e-06
S2_174505905	2	174505905	6.46575666700291e-06
S2_187358138	2	187358138	2.43545511270266e-06
S3_58079593	3	58079593	8.85415898755925e-06
S3_59038611	3	59038611	6.68232223247281e-06
S3_71449967	3	71449967	1.61344424839623e-06
S3_145146499	3	145146499	7.99041532386446e-07
S3_205986188	3	205986188	5.00227338197528e-06
S3_205986215	3	205986215	7.19061534422344e-06
S3_208490768	3	208490768	4.0572030102778e-06
S3_209155503	3	209155503	8.75637847446552e-07
S3_209227030	3	209227030	2.84054194441084e-06
S3_209238966	3	209238966	4.36093221618384e-06
S3_209274512	3	209274512	5.8277940121481e-06
S3_209335753	3	209335753	9.46996736891823e-07
S3_211043069	3	211043069	5.87578404675935e-06
S3_213267725	3	213267725	9.56842824718785e-06
S3_221963798	3	221963798	6.47646009063927e-06
S3_222166772	3	222166772	5.34191853435674e-06
S3_222219315	3	222219315	8.68748900155747e-06
S3_226452903	3	226452903	7.71227157860021e-06
S3_226951992	3	226951992	7.35748584534522e-06
S3_226951994	3	226951994	7.35748584534522e-06
S4_4302626	4	4302626	6.71919973579392e-06
S4_30399522	4	30399522	3.59736623884463e-06
S4_60281157	4	60281157	6.41235588504838e-06
S4_73957133	4	73957133	6.41514467383588e-06
S4_73957146	4	73957146	2.54702216147999e-06
S4_76573435	4	76573435	1.68084520247474e-06
S4_91202911	4	91202911	6.02998964446487e-07
S4_91214873	4	91214873	5.11191462224334e-06
S4_91218824	4	91218824	8.26039499235804e-06
S4_91220910	4	91220910	2.11504834648125e-06
S4_91226706	4	91226706	1.60229908223124e-06
S4_91226755	4	91226755	4.08868218577991e-06
S4_91226823	4	91226823	6.98372497828709e-06
S4_91231642	4	91231642	5.127469944928e-06
S4_91245082	4	91245082	1.56787352004524e-06
S4_91395609	4	91395609	5.28789209701815e-06
S4_91551660	4	91551660	5.91854192393216e-06
S4_91589798	4	91589798	3.38555102817288e-06
S4_91645987	4	91645987	4.40526014444797e-06
S4_91647644	4	91647644	9.44936874888364e-06
S4_91679289	4	91679289	5.30525641563889e-06
S4_91713847	4	91713847	4.54719890476117e-06
S4_91751420	4	91751420	9.23524390873163e-06
S4_91768406	4	91768406	2.15457986854691e-06
S4_91775769	4	91775769	9.37469398226698e-06
S4_91794773	4	91794773	1.80078098036763e-06
S4_91797353	4	91797353	2.45671214637088e-06
S4_91810573	4	91810573	7.98178624699374e-06
S4_91876462	4	91876462	5.64765980649032e-06
S4_91889002	4	91889002	4.48022770669149e-06
S4_91974446	4	91974446	2.82183969982605e-06
S4_92028353	4	92028353	8.03685118207381e-06
S4_92074743	4	92074743	6.36089084396256e-07
S4_92179115	4	92179115	1.27316590412646e-06
S4_92250719	4	92250719	2.68784009839439e-06
S4_92275186	4	92275186	5.38017194614618e-07
S4_92280026	4	92280026	8.26927615607199e-06
S4_92334301	4	92334301	1.58639841776722e-06
S4_92401275	4	92401275	8.69822455523823e-06
S4_92460065	4	92460065	9.69533424656851e-06
S4_92476522	4	92476522	7.92357739905808e-06
S4_92488974	4	92488974	9.16233745158513e-06
S4_92562392	4	92562392	1.94976417764908e-06
S4_92577182	4	92577182	4.22816369399963e-06
S4_92713685	4	92713685	2.58830739095928e-06
S4_93069121	4	93069121	1.18983430519145e-06
S4_93187300	4	93187300	1.23479734130287e-06
S4_93388066	4	93388066	2.02165863757012e-06
S4_95089016	4	95089016	3.85315736849292e-06
S4_95272322	4	95272322	3.69728608615903e-06
S4_95272324	4	95272324	5.05491397383783e-06
S4_96622417	4	96622417	8.81324209667679e-06
S4_96949008	4	96949008	3.32457278143451e-06
S4_103537753	4	103537753	8.8054589839163e-06
S4_103779050	4	103779050	1.3472973999202e-06
S4_160243878	4	160243878	2.47598017191277e-06
S4_160243907	4	160243907	9.16906543343245e-07
S4_160243908	4	160243908	9.81463713771846e-07
S4_160244077	4	160244077	6.04031422377944e-07
S4_160244097	4	160244097	9.79390240799676e-06
S4_160329776	4	160329776	9.08004756163244e-06
S4_171166456	4	171166456	2.26890498762791e-06
S4_194855775	4	194855775	8.64156438555929e-06
S4_194855789	4	194855789	8.23332197188649e-06
S4_194871134	4	194871134	7.31312006981117e-06
S4_208606456	4	208606456	8.44826088701893e-06
S4_228374059	4	228374059	5.88188357086601e-06
S5_59849492	5	59849492	6.13727433149242e-06
S5_96046128	5	96046128	7.78487933995433e-06
S5_96134201	5	96134201	3.12369214553886e-06
S5_96172256	5	96172256	8.71930232851564e-06
S5_96185573	5	96185573	9.91468848813642e-06
S5_96202383	5	96202383	4.43331545223226e-06
S5_96215194	5	96215194	4.00359727474205e-06
S5_96247135	5	96247135	3.76306032900424e-06
S5_96271412	5	96271412	3.72342690714552e-06
S5_157453444	5	157453444	2.92862615707506e-06
S5_157521446	5	157521446	8.62685035448205e-06
S5_157665022	5	157665022	3.10168590757328e-06
S5_157859338	5	157859338	5.54979352833461e-06
S5_204013083	5	204013083	5.11174658618888e-06
S5_204014307	5	204014307	7.50456080713028e-06
S5_204014725	5	204014725	6.0378621081009e-06
S5_216829180	5	216829180	4.40998227198085e-06
S6_29282583	6	29282583	7.47167912213689e-06
S6_72853617	6	72853617	8.15050683444637e-06
S6_77951579	6	77951579	1.69281687346591e-06
S6_78125805	6	78125805	9.32664241034505e-06
S6_78128820	6	78128820	8.31773686058405e-07
S6_78222545	6	78222545	2.83595435341039e-06
S6_78225331	6	78225331	4.81621910661979e-06
S6_78225348	6	78225348	1.48623602068375e-06
S6_78225530	6	78225530	6.91426967761607e-06
S6_78225603	6	78225603	3.05880650510395e-06
S6_78235457	6	78235457	9.65147033890938e-06
S6_78235551	6	78235551	5.80719657947698e-06
S6_78237280	6	78237280	2.69553745918854e-06
S6_78238223	6	78238223	3.54580530795556e-06
S6_78238224	6	78238224	6.71663881783517e-06
S6_78238231	6	78238231	2.57397519905965e-06
S6_78238239	6	78238239	2.57397519906417e-06
S6_78261991	6	78261991	5.58496223829513e-06
S6_78267746	6	78267746	3.34680859279873e-06
S6_78271251	6	78271251	8.57551385287586e-06
S6_78297741	6	78297741	7.70146982437243e-06
S6_78312177	6	78312177	8.18762464325775e-06
S6_78317067	6	78317067	7.46359358370836e-06
S6_78319856	6	78319856	8.41681288645847e-06
S6_78319859	6	78319859	5.34878272057504e-06
S6_78369159	6	78369159	1.8830969535632e-06
S6_78394906	6	78394906	5.73962598965533e-06
S6_121470797	6	121470797	8.11248158538134e-06
S6_158600707	6	158600707	5.5874785717016e-06
S6_158760689	6	158760689	2.83930502820943e-06
S7_13821669	7	13821669	5.76923250378181e-06
S7_19399076	7	19399076	5.91245240587907e-06
S7_22644103	7	22644103	7.78903661353442e-06
S7_34649724	7	34649724	8.98190226852372e-06
S7_68987781	7	68987781	1.69489618377759e-06
S7_96617809	7	96617809	8.2100213119667e-06
S7_96690050	7	96690050	3.66381333380346e-06
S7_111956552	7	111956552	6.12630555817772e-06
S8_7243365	8	7243365	7.65463893724658e-06
S8_10523687	8	10523687	1.03989596265502e-06
S8_10523700	8	10523700	6.33365602149024e-06
S8_60929122	8	60929122	3.54966924581374e-07
S8_72074805	8	72074805	7.28212359670473e-06
S8_126930045	8	126930045	3.09767330180154e-06
S8_179692362	8	179692362	5.71693429951448e-06
S9_3291368	9	3291368	3.03451932216227e-06
S9_26261161	9	26261161	7.76748710482614e-06
S9_93199471	9	93199471	3.02125283563373e-06
S9_97101803	9	97101803	1.26142835580116e-06
S9_125760020	9	125760020	2.12233152523205e-06
S9_143118602	9	143118602	3.71535063040565e-06
S9_143131717	9	143131717	6.01347072164866e-06
S10_1239386	10	1239386	8.90338000933443e-06
S10_2773974	10	2773974	5.58644459161616e-06
S10_10842242	10	10842242	8.51827067304819e-06
S10_15606903	10	15606903	8.9163077429251e-06
S10_66274230	10	66274230	7.75869604780797e-06
S10_66379869	10	66379869	4.56504570107085e-06
S10_66379894	10	66379894	5.76585632477678e-06
S10_66500621	10	66500621	4.87991070343975e-06
S10_66517153	10	66517153	7.81829881360527e-06
S10_66611293	10	66611293	4.63026282607219e-06
S10_66622034	10	66622034	9.33882961290334e-06
S10_74478255	10	74478255	5.56385469165436e-06
S10_91820776	10	91820776	7.70383157578517e-06
S10_91897123	10	91897123	3.22598413345204e-06
S10_93911745	10	93911745	2.57062456827649e-06
S10_142832449	10	142832449	9.38516116999917e-06
S10_143740545	10	143740545	3.26388569586391e-07
