SNP	Chromosome	Position	P.value
S1_8154491	1	8154491	9.96424808088486e-06
S1_8155563	1	8155563	5.91822896273254e-06
S1_8155653	1	8155653	7.24079710383228e-06
S1_8156168	1	8156168	5.19853952892612e-06
S1_8158825	1	8158825	4.74818688896423e-06
S1_8158862	1	8158862	2.6629045706127e-06
S1_8158908	1	8158908	2.96165318428267e-06
S1_8158931	1	8158931	6.23068418403458e-06
S1_13912868	1	13912868	3.54029401117238e-06
S1_23436080	1	23436080	8.94716934234081e-06
S1_23440628	1	23440628	8.24447387604936e-06
S1_39955338	1	39955338	9.00205607398255e-06
S1_41593051	1	41593051	5.43443530941632e-06
S1_90246663	1	90246663	2.54959762446936e-06
S1_115680142	1	115680142	8.70076231534352e-06
S1_151181663	1	151181663	5.95957369475117e-06
S1_151216818	1	151216818	4.95560310804663e-06
S1_206410140	1	206410140	8.85921345078189e-06
S1_220171139	1	220171139	5.03327004772096e-06
S1_268471543	1	268471543	8.42591977650593e-06
S1_268495399	1	268495399	9.57544810169039e-06
S1_268497290	1	268497290	4.05766612179924e-06
S1_268497331	1	268497331	9.11328183950758e-06
S1_268497332	1	268497332	9.11328183950758e-06
S1_268497343	1	268497343	8.69454387241474e-06
S1_268497360	1	268497360	3.27502875808638e-06
S1_268497367	1	268497367	4.11751680254798e-06
S1_268497375	1	268497375	1.73356913308161e-06
S1_268497381	1	268497381	1.00176485055196e-06
S1_268497528	1	268497528	2.33434333108047e-06
S1_268497538	1	268497538	9.77630964689081e-07
S1_268497545	1	268497545	1.66846490928533e-06
S1_268497549	1	268497549	6.65541762414546e-07
S1_268497569	1	268497569	2.07766075678915e-07
S1_268497574	1	268497574	4.09542025098179e-07
S1_268497601	1	268497601	1.05372708989195e-07
S1_268498030	1	268498030	1.32857408102051e-06
S1_268498221	1	268498221	6.83376279642551e-07
S1_268501203	1	268501203	5.56278473278586e-06
S1_268501573	1	268501573	6.49098278477416e-06
S1_268501977	1	268501977	2.20467243804066e-06
S1_268501979	1	268501979	2.65413780751956e-06
S1_268502009	1	268502009	4.19504541667731e-06
S1_268502928	1	268502928	8.68856617928184e-06
S1_268502967	1	268502967	9.07262181233124e-06
S2_82834594	2	82834594	4.19203460197387e-06
S2_84988530	2	84988530	9.95362087553743e-06
S2_162884334	2	162884334	6.21087445373729e-06
S2_177429759	2	177429759	2.63182358346304e-06
S2_208850656	2	208850656	6.3048540603497e-06
S2_208850705	2	208850705	6.07144254815138e-06
S2_208852687	2	208852687	6.33649913527137e-06
S2_208855051	2	208855051	9.60828742404297e-06
S2_209951285	2	209951285	9.17299775946435e-06
S2_210121295	2	210121295	6.5540292527578e-06
S2_244109843	2	244109843	7.15303491993625e-06
S3_37627654	3	37627654	2.53092001726497e-06
S3_63552581	3	63552581	7.954215655344e-06
S3_63552600	3	63552600	5.4126290174767e-07
S3_111447221	3	111447221	3.50850915465616e-06
S3_129559952	3	129559952	7.72078210561965e-07
S3_129559975	3	129559975	5.35303755821014e-06
S3_199724571	3	199724571	5.87484408373464e-06
S3_211095423	3	211095423	4.97674009053354e-06
S3_217004694	3	217004694	3.42268869710872e-06
S3_219182214	3	219182214	4.21786714323473e-06
S3_219979319	3	219979319	1.84373296311852e-06
S3_235274141	3	235274141	8.55648185676074e-06
S4_6332332	4	6332332	2.69405657198887e-06
S4_6332333	4	6332333	2.75330736856304e-06
S4_61551709	4	61551709	6.44691801118295e-06
S4_62232261	4	62232261	1.21667653826377e-06
S4_62287111	4	62287111	8.25075588145901e-07
S4_74106414	4	74106414	2.58013290980189e-06
S4_120884471	4	120884471	8.09213018792327e-07
S4_153192091	4	153192091	2.70480171188542e-06
S4_153192146	4	153192146	9.6353939791183e-06
S4_153217328	4	153217328	4.73027708831001e-06
S4_153224405	4	153224405	1.54781206193512e-06
S4_153224462	4	153224462	7.74819848916129e-06
S4_153224866	4	153224866	8.06245668884593e-06
S4_153224891	4	153224891	9.44916333253044e-06
S4_153225286	4	153225286	8.08853169166423e-06
S4_153228441	4	153228441	8.43980718662327e-06
S4_194689020	4	194689020	9.62365962073565e-06
S4_195673913	4	195673913	6.83902449011301e-06
S4_209937718	4	209937718	8.16552839677647e-06
S4_210516023	4	210516023	5.06825929869057e-06
S4_210516082	4	210516082	7.94784398726813e-07
S4_210523411	4	210523411	7.43286789392048e-06
S4_210549391	4	210549391	6.21019983759736e-06
S4_211923413	4	211923413	3.95676307372546e-06
S5_7913770	5	7913770	1.10152176219019e-06
S5_7914419	5	7914419	1.26994946242557e-06
S5_7914662	5	7914662	6.00464668325588e-06
S5_10406458	5	10406458	5.75777896056744e-06
S5_10541155	5	10541155	9.82034030973057e-06
S5_32946278	5	32946278	5.03983869127569e-06
S5_102247203	5	102247203	9.77959927221765e-07
S5_191820216	5	191820216	6.56523274323834e-06
S5_212262828	5	212262828	7.96216535450283e-06
S5_215979372	5	215979372	8.03931306498271e-06
S6_74855778	6	74855778	8.71130402061454e-06
S6_75772164	6	75772164	8.89710406106246e-06
S6_75774932	6	75774932	7.91413663199434e-06
S6_75777653	6	75777653	6.47715718883446e-07
S6_75780870	6	75780870	4.4372713710309e-06
S6_75784773	6	75784773	5.21003914588354e-06
S6_75791555	6	75791555	4.78934620048573e-06
S6_75793858	6	75793858	7.74998627061165e-06
S6_75828889	6	75828889	6.50171307350351e-06
S6_75828892	6	75828892	4.27206275551094e-06
S6_75828903	6	75828903	2.47029909926097e-06
S6_75847489	6	75847489	6.0595910696102e-06
S6_75847914	6	75847914	1.3408599158731e-06
S6_75857724	6	75857724	7.30060115140627e-06
S6_75862969	6	75862969	3.18709254528408e-06
S6_76097797	6	76097797	3.01157627409438e-06
S6_76315630	6	76315630	2.58563329738464e-06
S6_76480059	6	76480059	9.28412964788758e-06
S6_76700812	6	76700812	2.74791245718195e-06
S6_89895137	6	89895137	2.88108462579816e-06
S6_102041333	6	102041333	3.77566286276115e-06
S6_128954155	6	128954155	6.72965378190737e-06
S6_128954183	6	128954183	5.6176678085831e-06
S6_128954228	6	128954228	3.66152442847488e-06
S6_153534184	6	153534184	4.79904470702519e-06
S6_162642451	6	162642451	6.57494545765935e-06
S7_132474991	7	132474991	6.56917323261378e-06
S7_134728377	7	134728377	8.8218781709026e-06
S7_172710581	7	172710581	8.09133653739454e-06
S8_8635146	8	8635146	2.61056239153756e-06
S8_81000484	8	81000484	2.69059362348437e-06
S8_81338620	8	81338620	6.29792964630213e-06
S8_103057602	8	103057602	5.56157833132008e-07
S8_103059057	8	103059057	7.43352918900598e-06
S8_103061519	8	103061519	3.28871376337687e-06
S8_103067003	8	103067003	7.49943823491484e-06
S8_103192723	8	103192723	9.46529739655453e-06
S8_103193555	8	103193555	6.76394661635419e-06
S8_112410812	8	112410812	7.16298630625619e-06
S8_112411684	8	112411684	8.26854515175266e-06
S9_1635853	9	1635853	6.88792955789908e-06
S9_76212305	9	76212305	6.47341360249715e-06
S9_102042401	9	102042401	9.68035093907183e-06
S9_142007261	9	142007261	2.40969918577163e-06
S10_19059151	10	19059151	2.60224966561777e-06
S10_75875581	10	75875581	7.87822869498383e-06
S10_75877299	10	75877299	7.70090127786489e-06
S10_75877300	10	75877300	5.15013046423484e-06
