SNP	Chromosome	Position	P.value
S1_15180023	1	15180023	1.63735232900852e-08
S1_15967179	1	15967179	9.82135310061026e-06
S1_19227709	1	19227709	6.0975064398512e-06
S1_19227722	1	19227722	1.02742335668812e-06
S1_25058321	1	25058321	8.05811032508281e-06
S1_46372405	1	46372405	3.42774778181052e-06
S1_58992627	1	58992627	8.70000732856005e-06
S1_184273290	1	184273290	9.99841534538227e-06
S1_185964020	1	185964020	6.31357573496123e-06
S1_261304461	1	261304461	2.55474150780247e-06
S1_264980018	1	264980018	7.75668901300832e-06
S1_300984167	1	300984167	8.39722567972924e-06
S1_304955670	1	304955670	2.96819502172407e-06
S2_2688433	2	2688433	7.84096293298487e-08
S2_6439243	2	6439243	8.60150774857972e-06
S2_17699189	2	17699189	2.20494601137765e-06
S2_144052011	2	144052011	7.81178682953617e-06
S2_144196730	2	144196730	6.76360273989317e-06
S2_191072523	2	191072523	5.48654030849765e-11
S2_217601090	2	217601090	7.73849718692155e-10
S2_228856506	2	228856506	4.93773343629849e-06
S3_18880004	3	18880004	1.19518210500202e-09
S3_29276291	3	29276291	9.6080807814495e-06
S3_29402471	3	29402471	9.74544333120205e-06
S3_29402585	3	29402585	5.3668144533334e-06
S3_29402681	3	29402681	8.36928213332321e-06
S3_29562270	3	29562270	1.14610005513994e-06
S3_29562274	3	29562274	3.18334277309346e-06
S3_29562283	3	29562283	5.83109656037664e-06
S3_29562307	3	29562307	3.56744468186661e-06
S3_29579270	3	29579270	3.33255422840537e-06
S3_29579295	3	29579295	9.30646258496829e-06
S3_29579300	3	29579300	6.36402219822101e-06
S3_96040911	3	96040911	7.70271173253448e-08
S3_138961775	3	138961775	7.21935661407278e-06
S3_139821611	3	139821611	9.2509086527997e-06
S3_139899081	3	139899081	6.62279615983808e-06
S3_156029291	3	156029291	8.3739425581011e-06
S3_209270851	3	209270851	3.78330388167217e-06
S3_209274353	3	209274353	4.28509042976532e-06
S3_209274384	3	209274384	4.86269849089273e-06
S3_209274405	3	209274405	9.1509766969925e-06
S3_209274616	3	209274616	2.25573680538626e-06
S3_209275301	3	209275301	4.28585826916858e-06
S3_209278966	3	209278966	7.41022285816042e-06
S3_209297308	3	209297308	3.36296217062248e-06
S3_209297503	3	209297503	4.13316451844649e-06
S3_209298110	3	209298110	4.25288780447565e-06
S3_211451886	3	211451886	4.37679423710079e-06
S3_211643027	3	211643027	7.39535752396966e-06
S3_211892640	3	211892640	5.09140709811604e-06
S3_213800590	3	213800590	8.6633497287915e-06
S3_216466881	3	216466881	1.58218524349649e-06
S3_221506139	3	221506139	7.57364120111838e-06
S4_4137124	4	4137124	4.83207360480479e-06
S4_28586362	4	28586362	6.66123002248346e-06
S4_48167355	4	48167355	9.57886978014417e-06
S4_48204885	4	48204885	9.40315077955724e-06
S4_48237835	4	48237835	2.59265271060454e-06
S4_48355566	4	48355566	5.32234365186836e-06
S4_61414581	4	61414581	1.57918298384161e-06
S4_62152118	4	62152118	2.12438018484222e-07
S4_64136253	4	64136253	8.97822599375393e-06
S4_112636970	4	112636970	3.59943219097078e-13
S4_190301471	4	190301471	3.29587765916949e-06
S4_195487905	4	195487905	6.12774257273128e-06
S4_230545668	4	230545668	2.0808034124601e-07
S4_230545688	4	230545688	3.30596729892376e-06
S4_230577296	4	230577296	1.42381437727851e-06
S4_230666512	4	230666512	7.01655276521163e-07
S4_230687793	4	230687793	4.41920045224065e-06
S4_233740096	4	233740096	9.8478893628407e-06
S5_4768719	5	4768719	9.10169316667432e-06
S5_4770282	5	4770282	8.25562875568822e-06
S5_4772375	5	4772375	5.74108859936081e-06
S5_4772415	5	4772415	6.96596158653078e-06
S5_4772437	5	4772437	7.54581581135995e-06
S5_4772940	5	4772940	6.10774847165641e-06
S5_4772995	5	4772995	7.0653100369445e-06
S5_50407806	5	50407806	8.652115443377e-06
S5_60097526	5	60097526	1.63785297853805e-06
S5_60107503	5	60107503	1.74526383956111e-10
S5_160390466	5	160390466	4.99918800859798e-06
S5_179307189	5	179307189	4.01356420030696e-06
S5_180624409	5	180624409	5.37489752096641e-06
S5_188693466	5	188693466	9.89746964291148e-06
S5_219239847	5	219239847	1.70410422182056e-06
S5_220590653	5	220590653	7.0582994781672e-07
S5_220590656	5	220590656	6.27166579369083e-07
S5_222231103	5	222231103	7.46725052322993e-06
S5_222257059	5	222257059	2.56837979890961e-06
S5_222257666	5	222257666	9.2835736253607e-06
S5_222274372	5	222274372	1.91307344416069e-06
S5_222287982	5	222287982	4.16320555616955e-07
S5_222288093	5	222288093	5.08217043528215e-06
S5_222292915	5	222292915	5.99777336907232e-06
S5_222293060	5	222293060	7.45450219826995e-06
S5_222293092	5	222293092	8.53803430146119e-06
S5_222293441	5	222293441	5.84096706247202e-06
S6_41473357	6	41473357	9.49324419887528e-06
S6_56737979	6	56737979	8.75740211033259e-06
S6_78308472	6	78308472	5.85665243557209e-06
S6_111056835	6	111056835	5.60670757564617e-06
S7_1094941	7	1094941	8.21669404717512e-06
S7_55401363	7	55401363	6.81943133923309e-06
S7_59649227	7	59649227	9.31449006077509e-06
S7_67274610	7	67274610	2.44657860799461e-06
S7_78597220	7	78597220	1.12398398453225e-06
S7_78597226	7	78597226	2.48750622824033e-06
S7_86675879	7	86675879	2.46889924570885e-06
S7_88359486	7	88359486	4.18905336129935e-06
S7_133913963	7	133913963	9.27321551473352e-06
S7_133914269	7	133914269	9.40738276593008e-07
S7_133914271	7	133914271	1.02577098960804e-06
S7_133916790	7	133916790	5.01609549946875e-06
S8_11644782	8	11644782	9.15160320245177e-06
S8_11671484	8	11671484	4.27203754851569e-06
S8_11671552	8	11671552	8.87402931527095e-06
S8_76275037	8	76275037	8.03266638731815e-06
S8_76275038	8	76275038	3.33753016549268e-06
S8_76322849	8	76322849	9.95186842300974e-06
S8_76324000	8	76324000	7.48794227950041e-06
S8_76324014	8	76324014	2.5581496538116e-06
S8_76343879	8	76343879	7.8452068370747e-06
S8_76444080	8	76444080	1.48115735466553e-06
S8_77054484	8	77054484	8.39501848570783e-07
S8_80055562	8	80055562	5.34724258905054e-06
S8_81185684	8	81185684	7.01311595975903e-06
S8_81750633	8	81750633	3.38421848257689e-06
S8_87127425	8	87127425	2.20173750439279e-06
S8_87553053	8	87553053	2.90214939162926e-06
S8_88892264	8	88892264	4.10157863982753e-06
S8_89588035	8	89588035	2.37201194209728e-06
S8_97434624	8	97434624	8.42778731916199e-06
S8_98344361	8	98344361	9.16746191848852e-06
S8_98851087	8	98851087	1.12144677363683e-06
S8_101422698	8	101422698	2.98708718665472e-06
S8_104161228	8	104161228	3.07374149270733e-06
S8_121824512	8	121824512	7.26108599605848e-06
S8_128785296	8	128785296	4.0579675289898e-06
S8_134194743	8	134194743	1.68470718745448e-07
S8_136353516	8	136353516	7.58333479574312e-06
S9_9136165	9	9136165	8.41474801200325e-06
S9_49499498	9	49499498	8.58249870283522e-06
S9_54063909	9	54063909	7.24642789743406e-06
S9_54711014	9	54711014	6.80884101245755e-06
S9_57505328	9	57505328	7.29946022487021e-06
S9_58976216	9	58976216	9.35247144933689e-06
S9_59716613	9	59716613	8.6328368293747e-06
S9_59761099	9	59761099	3.49794173828899e-06
S9_60148691	9	60148691	3.69238088892477e-06
S9_60225702	9	60225702	3.90492404235058e-06
S9_60450442	9	60450442	6.98691163527622e-06
S9_60511769	9	60511769	7.91067173012842e-06
S9_61827192	9	61827192	6.78845722717401e-06
S9_62021217	9	62021217	6.10046519967845e-06
S9_62566286	9	62566286	7.39659365676125e-06
S9_63095274	9	63095274	5.35500396683816e-06
S9_63095275	9	63095275	9.52601391552269e-06
S9_73249664	9	73249664	8.34178969959776e-06
S9_94416665	9	94416665	5.35521045690029e-06
S9_103101937	9	103101937	9.83952986973041e-06
S9_142588040	9	142588040	3.11609084244147e-06
S9_149787949	9	149787949	4.00904834701313e-06
S10_52365101	10	52365101	9.33121820149399e-06
S10_128281288	10	128281288	1.28256131505595e-06
S10_140983002	10	140983002	6.21139389357815e-06
