SNP	Chromosome	Position	P.value
S1_3528394	1	3528394	6.24962498521619e-17
S1_76612855	1	76612855	3.67722902329239e-06
S1_151911201	1	151911201	3.1642781486848e-06
S1_173909904	1	173909904	3.48936802626503e-06
S1_211534172	1	211534172	9.66049077552793e-06
S1_289639777	1	289639777	9.79480427363032e-06
S1_298330812	1	298330812	6.41788181196132e-09
S1_305936457	1	305936457	8.20722772589473e-07
S1_305936511	1	305936511	2.58938587264896e-06
S2_191758293	2	191758293	9.34051602334888e-06
S2_212683423	2	212683423	7.34485129965547e-06
S2_223567639	2	223567639	9.94781244690967e-06
S2_224250156	2	224250156	7.27849339982976e-06
S2_224250684	2	224250684	3.37316467938675e-06
S3_6096813	3	6096813	2.83133219429938e-13
S3_54361258	3	54361258	1.28906533498594e-09
S3_133150727	3	133150727	2.22680877592738e-06
S3_157343552	3	157343552	5.36342724202637e-09
S3_234664209	3	234664209	2.24376227670932e-06
S4_8804098	4	8804098	8.72194891722297e-06
S4_33808829	4	33808829	6.16290274793844e-06
S4_42569216	4	42569216	6.96108694236244e-07
S4_74126144	4	74126144	3.35542581776281e-11
S4_212842482	4	212842482	1.05471594040496e-06
S4_232726405	4	232726405	4.51842412263208e-06
S5_80582837	5	80582837	5.00160686151805e-06
S5_80583771	5	80583771	9.32014960857553e-06
S5_80583772	5	80583772	6.1400621178293e-06
S5_80584208	5	80584208	7.33628424815958e-06
S5_80584238	5	80584238	2.73384473357516e-06
S5_80584243	5	80584243	2.66404940886144e-06
S5_80585823	5	80585823	1.56358568952299e-06
S5_80585847	5	80585847	5.07148784942698e-06
S5_80585884	5	80585884	8.21451613227017e-06
S5_80585913	5	80585913	9.11272631950317e-06
S5_80586848	5	80586848	3.52198946527549e-06
S5_80586880	5	80586880	9.86249388608478e-06
S5_80587110	5	80587110	2.43993285280157e-06
S5_80587127	5	80587127	6.59285163488432e-06
S5_80587133	5	80587133	5.66242414908095e-06
S5_80587708	5	80587708	3.41655815553427e-06
S5_80587742	5	80587742	5.60073639155807e-06
S5_80588350	5	80588350	7.65447389831856e-06
S5_80588441	5	80588441	6.27800252851524e-06
S5_80589692	5	80589692	2.43809667083228e-06
S5_80589756	5	80589756	6.38354250602218e-06
S5_80590780	5	80590780	7.07137519259297e-06
S5_80590806	5	80590806	2.37981668467525e-06
S5_80590828	5	80590828	2.55148558610278e-06
S5_80590876	5	80590876	4.98626854270137e-07
S5_80594662	5	80594662	9.01202367408764e-06
S5_80685569	5	80685569	3.20691246311184e-06
S5_80686786	5	80686786	8.96637617424839e-06
S5_80686831	5	80686831	9.47139823862717e-06
S5_80686844	5	80686844	4.37764600467003e-06
S5_80686851	5	80686851	5.08574249581645e-06
S5_80686852	5	80686852	2.09820327931641e-06
S5_80686871	5	80686871	1.09338701812511e-06
S5_80686888	5	80686888	2.29746037344641e-06
S5_80686896	5	80686896	7.17961904405331e-06
S5_94982757	5	94982757	5.94536833673947e-06
S5_155677578	5	155677578	1.25974535199156e-10
S6_42048283	6	42048283	1.18224577881337e-07
S6_119359644	6	119359644	9.34460887059572e-06
S6_119386525	6	119386525	4.27966049375914e-06
S6_119410115	6	119410115	5.30560510598074e-06
S6_119447937	6	119447937	4.74528174533006e-06
S6_119447969	6	119447969	7.38536949672956e-06
S6_119448025	6	119448025	5.86338985831529e-06
S6_119469770	6	119469770	2.91556958941123e-06
S7_4478888	7	4478888	7.39822839725122e-06
S7_4478889	7	4478889	6.22685156814345e-06
S7_97693122	7	97693122	2.44340982594098e-06
S7_97889950	7	97889950	2.39081969996533e-06
S7_97925476	7	97925476	8.87405731020037e-06
S7_108775690	7	108775690	8.6521284445741e-09
S7_144354314	7	144354314	5.71673967173647e-06
S7_144354334	7	144354334	7.43477630819469e-06
S7_144354338	7	144354338	2.86592619929933e-06
S7_147676164	7	147676164	7.85080286463885e-06
S7_173617163	7	173617163	9.32573106721736e-06
S7_180722392	7	180722392	9.79584503901196e-07
S8_98853242	8	98853242	2.68244401979953e-06
S8_98859605	8	98859605	4.04365314128687e-06
S8_113338232	8	113338232	8.46876170596008e-06
S8_126930045	8	126930045	3.31680132981436e-07
S9_2404058	9	2404058	4.79740966546232e-06
S9_4252095	9	4252095	6.60375729298311e-06
S9_105954860	9	105954860	9.5046621005758e-08
S10_17021930	10	17021930	8.41856256263955e-06
S10_17557404	10	17557404	7.76536637638826e-06
S10_17760417	10	17760417	5.49250371317608e-06
S10_112105696	10	112105696	7.25949694256443e-06
S10_141034814	10	141034814	9.34885111381349e-07
S10_142408658	10	142408658	8.23546690226787e-06
