SNP	Chromosome	Position	P.value
S1_8154491	1	8154491	7.05201623561146e-06
S1_8155563	1	8155563	4.12352969465335e-06
S1_8155653	1	8155653	5.07566629269525e-06
S1_8156168	1	8156168	3.60801595661864e-06
S1_8157009	1	8157009	9.9026836415356e-06
S1_8158825	1	8158825	3.28649996243662e-06
S1_8158862	1	8158862	1.81143192480097e-06
S1_8158908	1	8158908	2.02109512014575e-06
S1_8158931	1	8158931	4.34794257010428e-06
S1_8160691	1	8160691	7.21806934697563e-06
S1_8162034	1	8162034	9.10538940584169e-06
S1_13912868	1	13912868	2.42894872997757e-06
S1_23436080	1	23436080	6.31176574786639e-06
S1_23440628	1	23440628	5.80178831858281e-06
S1_23441164	1	23441164	9.3244687988436e-06
S1_29614419	1	29614419	8.85872614184189e-06
S1_39955338	1	39955338	6.35165141345193e-06
S1_41593051	1	41593051	3.77676567461187e-06
S1_75586625	1	75586625	9.46376917526793e-06
S1_90246663	1	90246663	1.7320930625344e-06
S1_115680142	1	115680142	6.13279523213623e-06
S1_151181663	1	151181663	4.15320446241671e-06
S1_151216818	1	151216818	3.43446993645162e-06
S1_206410140	1	206410140	6.24786437072206e-06
S1_220171139	1	220171139	3.48992553262398e-06
S1_232388828	1	232388828	8.24684582763551e-06
S1_233515930	1	233515930	9.743580532452e-06
S1_268471543	1	268471543	5.93335104505254e-06
S1_268495399	1	268495399	6.76875856611476e-06
S1_268497121	1	268497121	9.12191541969585e-06
S1_268497290	1	268497290	2.79533226470184e-06
S1_268497325	1	268497325	7.56321601507635e-06
S1_268497331	1	268497331	6.4325004607073e-06
S1_268497332	1	268497332	6.4325004607073e-06
S1_268497343	1	268497343	6.12828059856956e-06
S1_268497360	1	268497360	2.24170694376879e-06
S1_268497367	1	268497367	2.83781047911143e-06
S1_268497375	1	268497375	1.16415818262427e-06
S1_268497381	1	268497381	6.61739913793117e-07
S1_268497528	1	268497528	1.58166481273098e-06
S1_268497538	1	268497538	6.45325141863178e-07
S1_268497545	1	268497545	1.11915155602885e-06
S1_268497549	1	268497549	4.34276307708452e-07
S1_268497569	1	268497569	1.30914843947994e-07
S1_268497574	1	268497574	2.63365829855956e-07
S1_268497601	1	268497601	6.50566986609521e-08
S1_268498030	1	268498030	8.85091132353609e-07
S1_268498221	1	268498221	4.46267701703386e-07
S1_268500869	1	268500869	9.15567601690541e-06
S1_268501203	1	268501203	3.86867437952261e-06
S1_268501206	1	268501206	8.03606877099676e-06
S1_268501573	1	268501573	4.53515421779639e-06
S1_268501940	1	268501940	7.91829570057189e-06
S1_268501977	1	268501977	1.49124415569481e-06
S1_268501979	1	268501979	1.80528965970214e-06
S1_268502003	1	268502003	7.47177882746947e-06
S1_268502009	1	268502009	2.89286289142709e-06
S1_268502928	1	268502928	6.12394084242267e-06
S1_268502967	1	268502967	6.40294158452263e-06
S1_268504018	1	268504018	9.24810913525928e-06
S1_277355616	1	277355616	8.79610676502298e-06
S1_294965932	1	294965932	9.50232331529414e-06
S1_303629791	1	303629791	7.55510549595234e-06
S2_82834594	2	82834594	2.89072436369603e-06
S2_84988530	2	84988530	7.04426938388548e-06
S2_89229441	2	89229441	9.73845216011834e-06
S2_162884334	2	162884334	4.33370452935543e-06
S2_177429759	2	177429759	1.78965837704179e-06
S2_177441963	2	177441963	9.08813178877122e-06
S2_202746986	2	202746986	8.25205129179284e-06
S2_208850656	2	208850656	4.40126344370409e-06
S2_208850705	2	208850705	4.23352807965292e-06
S2_208852687	2	208852687	4.42401889585305e-06
S2_208854059	2	208854059	7.57064466014412e-06
S2_208854133	2	208854133	7.84475137168568e-06
S2_208855051	2	208855051	6.79267028442566e-06
S2_209951285	2	209951285	6.47591969132901e-06
S2_210094822	2	210094822	8.53423508304884e-06
S2_210121295	2	210121295	4.58053268527381e-06
S2_233206052	2	233206052	9.42596037778565e-06
S2_244109843	2	244109843	5.01231154919218e-06
S3_37627654	3	37627654	1.71902481650521e-06
S3_63552581	3	63552581	5.59150945733353e-06
S3_63552600	3	63552600	3.50997931038359e-07
S3_111446959	3	111446959	8.7346752313638e-06
S3_111447221	3	111447221	2.40649001352093e-06
S3_122083484	3	122083484	9.46488298037933e-06
S3_129559952	3	129559952	5.06043429311136e-07
S3_129559975	3	129559975	3.71851187452927e-06
S3_157478019	3	157478019	8.97157855120579e-06
S3_199724571	3	199724571	4.09239732281342e-06
S3_211095423	3	211095423	3.44955955654977e-06
S3_217004694	3	217004694	2.34588118551913e-06
S3_219182214	3	219182214	2.90907425069511e-06
S3_219979319	3	219979319	1.24042927628021e-06
S3_227742709	3	227742709	8.98943625530416e-06
S3_233325254	3	233325254	7.94303384684406e-06
S3_235274141	3	235274141	6.02807168526155e-06
S4_6332332	4	6332332	1.83326287705968e-06
S4_6332333	4	6332333	1.87480597711811e-06
S4_55131739	4	55131739	7.67352221410285e-06
S4_59703770	4	59703770	7.75012471239427e-06
S4_61551709	4	61551709	4.50344590376621e-06
S4_62232261	4	62232261	8.08407589553444e-07
S4_62287111	4	62287111	5.41858253045426e-07
S4_74106414	4	74106414	1.75346400470375e-06
S4_120884471	4	120884471	5.31131118606192e-07
S4_153192091	4	153192091	1.84079470558092e-06
S4_153192146	4	153192146	6.81240957775564e-06
S4_153217328	4	153217328	3.27373215522837e-06
S4_153224405	4	153224405	1.03588497961592e-06
S4_153224462	4	153224462	5.44239863042166e-06
S4_153224866	4	153224866	5.66989866736794e-06
S4_153224873	4	153224873	7.67325865631221e-06
S4_153224891	4	153224891	6.67682821803349e-06
S4_153224995	4	153224995	9.35659906157803e-06
S4_153225286	4	153225286	5.68878717639645e-06
S4_153228441	4	153228441	5.94342405066626e-06
S4_174985213	4	174985213	7.51795038558745e-06
S4_174985224	4	174985224	9.99732896501034e-06
S4_194689020	4	194689020	6.80386428326295e-06
S4_195673913	4	195673913	4.78582325871855e-06
S4_209937718	4	209937718	5.74457357718543e-06
S4_210516023	4	210516023	3.51491690666082e-06
S4_210516082	4	210516082	5.21379176254393e-07
S4_210516175	4	210516175	8.15478067661269e-06
S4_210523411	4	210523411	5.21440056539668e-06
S4_210549391	4	210549391	4.33321967989087e-06
S4_211923413	4	211923413	2.72376040031526e-06
S4_239188570	4	239188570	7.14270939932383e-06
S5_7913770	5	7913770	7.2971309304637e-07
S5_7914419	5	7914419	8.4489033308203e-07
S5_7914662	5	7914662	4.18556218890028e-06
S5_10406458	5	10406458	4.00842762711967e-06
S5_10541155	5	10541155	6.9471337955898e-06
S5_32946278	5	32946278	3.4946168463859e-06
S5_102247203	5	102247203	6.45548806137517e-07
S5_191820216	5	191820216	4.58859790957305e-06
S5_212262828	5	212262828	5.59726562270055e-06
S5_212630769	5	212630769	9.32641219143191e-06
S5_215979372	5	215979372	5.65313515997109e-06
S5_215980059	5	215980059	8.35539690725212e-06
S5_222544989	5	222544989	8.77271909183345e-06
S6_74855778	6	74855778	6.14044880598343e-06
S6_75753126	6	75753126	8.28350165555466e-06
S6_75772164	6	75772164	6.27539018782919e-06
S6_75774932	6	75774932	5.56249193760603e-06
S6_75777653	6	75777653	4.22300246951416e-07
S6_75780870	6	75780870	3.06505989236105e-06
S6_75784773	6	75784773	3.6162370434491e-06
S6_75790447	6	75790447	9.58225329257292e-06
S6_75791555	6	75791555	3.31584769972027e-06
S6_75793858	6	75793858	5.4436920811665e-06
S6_75795817	6	75795817	9.35408683875517e-06
S6_75805033	6	75805033	9.87653975073107e-06
S6_75805367	6	75805367	8.97208407453909e-06
S6_75819810	6	75819810	8.58405135780206e-06
S6_75820448	6	75820448	8.8262855496134e-06
S6_75828889	6	75828889	4.54287654383017e-06
S6_75828892	6	75828892	2.94758250121857e-06
S6_75828903	6	75828903	1.67662995567563e-06
S6_75828922	6	75828922	8.67178657835928e-06
S6_75847489	6	75847489	4.2250164109487e-06
S6_75847914	6	75847914	8.93522758318335e-07
S6_75857724	6	75857724	5.11885152928759e-06
S6_75862969	6	75862969	2.1797344117192e-06
S6_75869794	6	75869794	9.18907018618346e-06
S6_75952302	6	75952302	9.70917585965333e-06
S6_76097797	6	76097797	2.05619516147538e-06
S6_76223730	6	76223730	7.69175993898976e-06
S6_76315630	6	76315630	1.75731440878541e-06
S6_76456868	6	76456868	8.98715031864737e-06
S6_76480059	6	76480059	6.55674583668658e-06
S6_76700790	6	76700790	9.91663077756075e-06
S6_76700799	6	76700799	8.22362534922141e-06
S6_76700812	6	76700812	1.87102226991996e-06
S6_89895137	6	89895137	1.96448637018141e-06
S6_94074671	6	94074671	9.00413995813048e-06
S6_102041333	6	102041333	2.59544191898769e-06
S6_103278245	6	103278245	9.50363243423281e-06
S6_103278261	6	103278261	7.43868455093586e-06
S6_127219749	6	127219749	9.97274694354816e-06
S6_128954155	6	128954155	4.70700931110969e-06
S6_128954183	6	128954183	3.90799467916166e-06
S6_128954228	6	128954228	2.5146635038759e-06
S6_136544057	6	136544057	9.53028079339785e-06
S6_153534184	6	153534184	3.32276411004398e-06
S6_162642451	6	162642451	4.59559028096893e-06
S6_171943553	6	171943553	9.00609364755539e-06
S7_111483581	7	111483581	8.92615937979935e-06
S7_123229192	7	123229192	8.61393947848245e-06
S7_132474991	7	132474991	4.59143470685437e-06
S7_134728377	7	134728377	6.22074543228601e-06
S7_172710581	7	172710581	5.69081909163989e-06
S8_8634989	8	8634989	7.16680637476169e-06
S8_8635146	8	8635146	1.77476845146052e-06
S8_20086247	8	20086247	8.7095699587466e-06
S8_76689267	8	76689267	9.88675076611896e-06
S8_76694285	8	76694285	8.79199333512569e-06
S8_76823835	8	76823835	8.6066756927192e-06
S8_81000484	8	81000484	1.83083570793902e-06
S8_81031072	8	81031072	9.26520507016721e-06
S8_81338620	8	81338620	4.39628466816127e-06
S8_103057602	8	103057602	3.60950997745711e-07
S8_103059057	8	103059057	5.21487841167171e-06
S8_103059073	8	103059073	7.97452706930062e-06
S8_103061519	8	103061519	2.25135589788723e-06
S8_103065719	8	103065719	9.27472682448766e-06
S8_103067003	8	103067003	5.26251011781625e-06
S8_103192723	8	103192723	6.68857113796131e-06
S8_103193555	8	103193555	4.73171706296523e-06
S8_112410812	8	112410812	5.0194941993839e-06
S8_112411347	8	112411347	8.23707116411138e-06
S8_112411684	8	112411684	5.81923695150754e-06
S8_117966283	8	117966283	9.04833873503307e-06
S9_1635853	9	1635853	4.82107716260496e-06
S9_76212305	9	76212305	4.5225109351655e-06
S9_102042401	9	102042401	6.8451514062103e-06
S9_142007261	9	142007261	1.63428098807047e-06
S10_19059151	10	19059151	1.76894775890451e-06
S10_75875581	10	75875581	5.53649806173272e-06
S10_75877299	10	75877299	5.40818259942638e-06
S10_75877300	10	75877300	3.57341427070134e-06
S10_75943504	10	75943504	8.49717836996948e-06
