SNP	Chromosome	Position	P.value
S1_23187404	1	23187404	9.22182960676691e-06
S1_23252779	1	23252779	6.31120471953344e-07
S1_45360017	1	45360017	2.30691295828468e-06
S1_45371543	1	45371543	3.82887851539208e-06
S1_45373510	1	45373510	4.11423647207654e-06
S1_45374268	1	45374268	7.29735379498993e-07
S1_45374329	1	45374329	6.75095427652587e-06
S1_45374364	1	45374364	1.30984614997093e-06
S1_61047662	1	61047662	9.27347117854089e-06
S1_64695511	1	64695511	8.00206480891613e-06
S1_68548200	1	68548200	7.96335630467244e-06
S1_72426541	1	72426541	4.5156592514799e-06
S1_127060278	1	127060278	1.42947569473586e-06
S1_127228004	1	127228004	1.34737851570616e-06
S1_127256739	1	127256739	1.73689259277546e-06
S1_127266514	1	127266514	7.78175253247743e-06
S1_127308102	1	127308102	9.3952185799969e-06
S1_127444954	1	127444954	4.43245521013033e-06
S1_127531009	1	127531009	4.55592552004043e-06
S1_127535017	1	127535017	9.0806254403311e-06
S1_127580024	1	127580024	8.58910648439354e-06
S1_127604653	1	127604653	2.88045223152845e-06
S1_127627017	1	127627017	1.67120808683716e-06
S1_127630325	1	127630325	2.4158524261989e-06
S1_127645627	1	127645627	3.54583397766786e-07
S1_127808835	1	127808835	8.89048081949012e-06
S1_127817783	1	127817783	6.4790352666664e-06
S1_127853451	1	127853451	8.58241987149168e-06
S1_128162632	1	128162632	6.35926690561127e-06
S1_128262262	1	128262262	5.33939299944291e-06
S1_128265005	1	128265005	3.90249817055352e-06
S1_128287714	1	128287714	9.14930131707429e-06
S1_128287737	1	128287737	1.58045968905261e-06
S1_128296777	1	128296777	3.68105155051497e-06
S1_128297991	1	128297991	9.83507658742643e-06
S1_128319789	1	128319789	6.5210710431942e-06
S1_128438334	1	128438334	2.74934471190016e-07
S1_128559363	1	128559363	5.52804864581198e-06
S1_128656480	1	128656480	8.84623015639755e-06
S1_128676714	1	128676714	5.49423235716106e-06
S1_128719386	1	128719386	8.65631930891594e-06
S1_128821093	1	128821093	6.81818362794067e-06
S1_159128109	1	159128109	5.9028976712001e-06
S1_170280390	1	170280390	3.07619601423147e-06
S1_175996824	1	175996824	3.13937574261286e-06
S1_205064326	1	205064326	9.71659973344676e-06
S1_205334932	1	205334932	3.70942342195174e-06
S1_205856300	1	205856300	1.22207598227016e-06
S1_241789816	1	241789816	3.30406069463316e-06
S1_249870631	1	249870631	5.69535719398611e-07
S1_288684029	1	288684029	3.0676717866565e-06
S2_3924564	2	3924564	2.08995410233361e-07
S2_73189546	2	73189546	1.00729036608169e-06
S2_73189555	2	73189555	8.74382182726633e-07
S2_73189561	2	73189561	6.96929540822221e-06
S2_73252000	2	73252000	9.20079572260402e-06
S2_73262367	2	73262367	4.27696354550753e-06
S2_124375246	2	124375246	6.69345520616505e-06
S2_130337298	2	130337298	2.5969626380056e-08
S2_161667538	2	161667538	7.6820353202123e-06
S2_172530502	2	172530502	8.08041899035093e-06
S2_174542057	2	174542057	3.34623233864568e-06
S2_176167696	2	176167696	7.26034345365894e-06
S2_187353600	2	187353600	4.2632139841232e-06
S2_229068077	2	229068077	9.83708623909228e-06
S2_229068113	2	229068113	2.89959775267694e-06
S2_229068660	2	229068660	7.27650177213314e-06
S2_229070616	2	229070616	7.2440761617026e-06
S2_229070686	2	229070686	1.2330055280454e-06
S2_229071450	2	229071450	8.36750724617092e-06
S2_229105217	2	229105217	1.04592605116557e-06
S2_229129617	2	229129617	9.76942380777233e-06
S2_229143226	2	229143226	5.87316675479942e-06
S2_229146333	2	229146333	6.82091802772057e-06
S2_239070155	2	239070155	2.15273688634023e-06
S3_6390821	3	6390821	9.97814914796728e-06
S3_8117016	3	8117016	4.55943865134272e-06
S3_26177067	3	26177067	9.75864731024497e-06
S3_42936973	3	42936973	4.56400611508897e-06
S3_58079593	3	58079593	9.82148905902307e-06
S3_76679592	3	76679592	8.48451229727017e-06
S3_143956439	3	143956439	4.84568332093538e-06
S3_144316179	3	144316179	4.44254779813432e-06
S3_187442127	3	187442127	7.71543867992321e-07
S3_187442143	3	187442143	3.12766830212507e-06
S3_187442144	3	187442144	1.62382388607535e-06
S3_187442145	3	187442145	1.81790636320912e-06
S3_187442152	3	187442152	9.09858375104018e-07
S3_187442167	3	187442167	6.13979458628101e-07
S3_187444682	3	187444682	8.74290218221058e-06
S3_191639133	3	191639133	5.56981954160185e-06
S3_193476216	3	193476216	1.28852151805076e-07
S3_202354281	3	202354281	5.88934693045609e-06
S3_202354601	3	202354601	2.31319745779112e-06
S3_220674707	3	220674707	6.42426038629614e-06
S4_29146552	4	29146552	1.11077294355694e-06
S4_33730371	4	33730371	6.94897647483548e-06
S4_78793087	4	78793087	5.16296123255814e-06
S4_104092254	4	104092254	1.20515334534425e-06
S4_105472849	4	105472849	2.52155338663046e-06
S4_121084651	4	121084651	8.16420413115326e-06
S4_194855591	4	194855591	8.78394092809483e-06
S4_194855775	4	194855775	5.42865176140695e-06
S4_194855893	4	194855893	3.45385684829327e-06
S4_194871134	4	194871134	4.05046049466394e-06
S4_230839889	4	230839889	3.69819733382133e-07
S4_233608031	4	233608031	4.1888844588379e-06
S4_233608034	4	233608034	4.18888445885034e-06
S4_235391829	4	235391829	7.61355449875927e-06
S4_244567468	4	244567468	2.75090607350471e-06
S5_13829353	5	13829353	9.40331010927416e-06
S5_13829422	5	13829422	5.48822492724438e-06
S5_13829478	5	13829478	1.62245324242051e-06
S5_13829543	5	13829543	6.76934539547429e-07
S5_14748866	5	14748866	1.4805362155599e-07
S5_70367515	5	70367515	6.36451313282641e-06
S6_23136743	6	23136743	5.30159349612417e-06
S6_30475966	6	30475966	9.25785504992193e-06
S6_75790469	6	75790469	8.08180246338929e-06
S6_106598516	6	106598516	9.59638430338421e-06
S6_106820756	6	106820756	7.73643166941576e-07
S6_120518000	6	120518000	3.39286177274007e-06
S6_164728289	6	164728289	4.29770744637758e-07
S6_169375760	6	169375760	3.5543213636144e-06
S7_94289659	7	94289659	4.88330663983824e-06
S7_94290199	7	94290199	1.84751015770921e-06
S7_94290249	7	94290249	9.47349372550707e-07
S7_94292336	7	94292336	7.46177390007195e-06
S7_94292367	7	94292367	8.69712559918132e-06
S7_94293367	7	94293367	7.84462504070198e-06
S7_94293413	7	94293413	6.11083802394647e-06
S7_94293447	7	94293447	5.81969315899193e-07
S7_94293585	7	94293585	7.18632921807467e-06
S7_94294698	7	94294698	9.71446946085883e-06
S7_94295816	7	94295816	9.80956870687122e-06
S7_94296962	7	94296962	7.68682450519611e-06
S7_94297175	7	94297175	8.20235501013806e-06
S7_94297211	7	94297211	3.61396762605295e-06
S7_94297215	7	94297215	4.7444015912357e-06
S7_94297296	7	94297296	1.78932881237871e-06
S7_94298125	7	94298125	9.82930126961367e-06
S7_94301254	7	94301254	1.88203462858568e-06
S7_94301309	7	94301309	2.61448449500604e-07
S7_94301330	7	94301330	1.56295391012052e-07
S7_94301345	7	94301345	2.00945099743457e-07
S7_94301384	7	94301384	2.02983549961944e-06
S7_94301442	7	94301442	4.36538528422442e-06
S7_94301554	7	94301554	9.82332474717228e-06
S7_94301705	7	94301705	3.31909436231927e-06
S7_94301816	7	94301816	6.9500517905625e-06
S7_94302432	7	94302432	6.5061575961586e-06
S7_94302506	7	94302506	7.76253084628329e-06
S7_94341707	7	94341707	5.26210314143352e-06
S7_94341958	7	94341958	7.17223827544613e-06
S7_94349562	7	94349562	9.48338954980683e-06
S7_94349621	7	94349621	7.01406251897978e-07
S7_94349693	7	94349693	1.14340929049398e-06
S7_94349785	7	94349785	9.4662127825974e-07
S7_94351169	7	94351169	7.58547941060353e-07
S7_94351175	7	94351175	8.57787728132475e-06
S7_94353438	7	94353438	3.61745086755003e-06
S7_94353513	7	94353513	1.75144798347969e-06
S7_94353525	7	94353525	2.39522113299659e-06
S7_94353532	7	94353532	3.40691725122051e-06
S7_94353571	7	94353571	9.91174974130059e-06
S7_94368188	7	94368188	2.45209314875219e-06
S7_94368692	7	94368692	4.08431955185423e-06
S7_94368718	7	94368718	5.18115467963995e-07
S7_94368787	7	94368787	8.36628779021979e-06
S7_94377008	7	94377008	3.72363866053342e-06
S7_94377134	7	94377134	1.32537368020424e-06
S7_94377495	7	94377495	3.93160443267107e-06
S7_94377511	7	94377511	9.28675775457231e-06
S7_94377588	7	94377588	8.45238322921365e-06
S7_94377708	7	94377708	3.41738539922648e-06
S7_94377926	7	94377926	9.51749666014246e-06
S7_94420373	7	94420373	8.02557936979197e-06
S7_94420485	7	94420485	2.54186185408185e-06
S7_94420487	7	94420487	5.59930655558565e-06
S7_94421256	7	94421256	8.74046315187316e-06
S7_94421297	7	94421297	8.19933879949247e-06
S7_94426469	7	94426469	4.68975387888401e-06
S7_94426493	7	94426493	4.30388104007319e-06
S7_94426581	7	94426581	8.71510772536343e-06
S7_94428723	7	94428723	5.3181782634736e-06
S7_94428869	7	94428869	4.69202583037051e-06
S7_94428876	7	94428876	8.31580560823274e-06
S7_94429212	7	94429212	6.49750522091067e-06
S7_94429556	7	94429556	7.77829102738372e-06
S7_94429633	7	94429633	9.22196628023614e-06
S7_94433881	7	94433881	8.52106381148338e-06
S7_94433966	7	94433966	6.73304430267747e-06
S7_94434370	7	94434370	4.12948788936068e-06
S7_94453182	7	94453182	3.00485075257739e-06
S7_94471153	7	94471153	6.45044686944707e-06
S7_94627741	7	94627741	2.66032345095521e-06
S7_94627767	7	94627767	8.83681853273969e-06
S7_94627768	7	94627768	1.03704709675719e-06
S7_94627774	7	94627774	6.66018264401556e-06
S7_94627776	7	94627776	5.06084926920818e-06
S7_94627777	7	94627777	7.01751569195044e-06
S7_94627794	7	94627794	9.19473360957043e-06
S7_94633083	7	94633083	7.52852425828875e-06
S7_94633705	7	94633705	7.14596282732986e-06
S7_94634301	7	94634301	7.25274884940548e-06
S7_94815606	7	94815606	9.4642464971308e-06
S7_94846023	7	94846023	8.61474593725883e-06
S7_136248440	7	136248440	4.86961314341977e-06
S7_176266850	7	176266850	4.75926415829966e-06
S8_39001967	8	39001967	7.79117157293013e-06
S8_59709509	8	59709509	7.95789323271086e-06
S8_70010867	8	70010867	4.63584832788044e-06
S8_87204191	8	87204191	1.77168177546492e-06
S8_94871115	8	94871115	4.84302507420288e-07
S8_124199916	8	124199916	8.37981035582931e-06
S8_126694320	8	126694320	8.25996482713577e-07
S8_126695051	8	126695051	2.34512536569958e-06
S8_126924099	8	126924099	9.15903553046753e-06
S8_126930045	8	126930045	4.95059715229181e-06
S8_139940881	8	139940881	4.82440693257104e-06
S8_153158147	8	153158147	1.2636889362608e-06
S8_153171942	8	153171942	5.3918238552348e-06
S8_153172031	8	153172031	8.9081706918894e-06
S8_158508361	8	158508361	9.25917013398428e-06
S8_162397657	8	162397657	1.18099456602874e-06
S8_162397668	8	162397668	3.41400814961816e-07
S8_165283855	8	165283855	4.12133820759719e-06
S8_165283859	8	165283859	9.67234215534085e-06
S9_89653107	9	89653107	5.83047428619934e-06
S9_93574441	9	93574441	4.10107285539387e-06
S9_116721451	9	116721451	7.42060080393753e-06
S9_154976610	9	154976610	3.7232951647982e-06
S10_8868714	10	8868714	9.72997949235527e-06
S10_65048566	10	65048566	8.58002651400827e-06
S10_66102838	10	66102838	8.52357738505364e-06
S10_70825776	10	70825776	9.67994384045276e-07
S10_70863277	10	70863277	3.29227945692313e-06
S10_70865346	10	70865346	4.28029838030209e-06
S10_71522834	10	71522834	5.04682661279402e-06
S10_71666170	10	71666170	1.82754930858568e-06
S10_71832390	10	71832390	6.2497161184333e-06
S10_71947762	10	71947762	2.75722022415131e-06
S10_116610152	10	116610152	8.83650293008452e-06
S10_129019762	10	129019762	5.05358209983612e-06
S10_130972668	10	130972668	2.42735866966208e-06
S10_134547450	10	134547450	5.05284302865915e-06
