SNP	Chromosome	Position	P.value
S1_23187404	1	23187404	9.22181654605629e-06
S1_23252779	1	23252779	6.31119371350871e-07
S1_45360017	1	45360017	2.30690930055788e-06
S1_45371543	1	45371543	3.82887268149018e-06
S1_45373510	1	45373510	4.11423023951299e-06
S1_45374268	1	45374268	7.29734119865456e-07
S1_45374329	1	45374329	6.75094445806332e-06
S1_45374364	1	45374364	1.30984398257984e-06
S1_61047662	1	61047662	9.27345805101726e-06
S1_64695511	1	64695511	8.00205333705347e-06
S1_68548200	1	68548200	7.96334488358573e-06
S1_72426541	1	72426541	4.5156524621647e-06
S1_127060278	1	127060278	1.42947334465628e-06
S1_127228004	1	127228004	1.3473762908605e-06
S1_127256739	1	127256739	1.73688977862715e-06
S1_127266514	1	127266514	7.7817413499185e-06
S1_127308102	1	127308102	9.39520529509719e-06
S1_127444954	1	127444954	4.43244853584306e-06
S1_127531009	1	127531009	4.55591867512538e-06
S1_127535017	1	127535017	9.08061256248903e-06
S1_127580024	1	127580024	8.58909424522003e-06
S1_127604653	1	127604653	2.88044774255383e-06
S1_127627017	1	127627017	1.67120537124205e-06
S1_127630325	1	127630325	2.41584860936018e-06
S1_127645627	1	127645627	3.54582754440275e-07
S1_127808835	1	127808835	8.89046818832226e-06
S1_127817783	1	127817783	6.47902581113913e-06
S1_127853451	1	127853451	8.58240764102986e-06
S1_128162632	1	128162632	6.35925761037989e-06
S1_128262262	1	128262262	5.33938508093068e-06
S1_128265005	1	128265005	3.90249223355949e-06
S1_128287714	1	128287714	9.14928835025929e-06
S1_128287737	1	128287737	1.58045711013826e-06
S1_128296777	1	128296777	3.68104592414589e-06
S1_128297991	1	128297991	9.835062735535e-06
S1_128319789	1	128319789	6.52106153147134e-06
S1_128438334	1	128438334	2.74933963827439e-07
S1_128559363	1	128559363	5.52804047096467e-06
S1_128656480	1	128656480	8.84621758270687e-06
S1_128676714	1	128676714	5.49422422820284e-06
S1_128719386	1	128719386	8.65630698220908e-06
S1_128821093	1	128821093	6.81817371995429e-06
S1_159128109	1	159128109	5.90288898933713e-06
S1_170280390	1	170280390	3.07619124491058e-06
S1_175996824	1	175996824	3.13937088313497e-06
S1_205064326	1	205064326	9.71658603403491e-06
S1_205334932	1	205334932	3.70941775569632e-06
S1_205856300	1	205856300	1.22207394975739e-06
S1_241789816	1	241789816	3.30405560087351e-06
S1_249870631	1	249870631	5.69534719049555e-07
S1_288684029	1	288684029	3.06766702951168e-06
S2_3924564	2	3924564	2.08995017553452e-07
S2_73189546	2	73189546	1.00728866700912e-06
S2_73189555	2	73189555	8.74380692726246e-07
S2_73189561	2	73189561	6.96928529930701e-06
S2_73252000	2	73252000	9.2007826891168e-06
S2_73262367	2	73262367	4.27695708669871e-06
S2_124375246	2	124375246	6.69344546433416e-06
S2_130337298	2	130337298	2.59695709703068e-08
S2_161667538	2	161667538	7.68202426884655e-06
S2_172530502	2	172530502	8.08040741577694e-06
S2_174542057	2	174542057	3.34622718505573e-06
S2_176167696	2	176167696	7.26033295886636e-06
S2_187353600	2	187353600	4.26320754440122e-06
S2_229068077	2	229068077	9.83707238461595e-06
S2_229068113	2	229068113	2.89959323621193e-06
S2_229068660	2	229068660	7.27649125595984e-06
S2_229070616	2	229070616	7.24406568843939e-06
S2_229070686	2	229070686	1.23300347869608e-06
S2_229071450	2	229071450	8.36749529605084e-06
S2_229105217	2	229105217	1.04592429173226e-06
S2_229129617	2	229129617	9.7694100403543e-06
S2_229143226	2	229143226	5.8731581130414e-06
S2_229146333	2	229146333	6.82090811609472e-06
S2_239070155	2	239070155	2.15273345487753e-06
S3_6390821	3	6390821	9.97813511217384e-06
S3_8117016	3	8117016	4.55943180157879e-06
S3_26177067	3	26177067	9.75863355669785e-06
S3_42936973	3	42936973	4.56399925902144e-06
S3_58079593	3	58079593	9.82147522460989e-06
S3_76679592	3	76679592	8.48450019444088e-06
S3_143956439	3	143956439	4.84567607718074e-06
S3_144316179	3	144316179	4.44254110988416e-06
S3_187442127	3	187442127	7.71542541441799e-07
S3_187442143	3	187442143	3.12766345934178e-06
S3_187442144	3	187442144	1.62382124177075e-06
S3_187442145	3	187442145	1.81790342792437e-06
S3_187442152	3	187442152	9.09856829070455e-07
S3_187442167	3	187442167	6.1397838585241e-07
S3_187444682	3	187444682	8.74288974283806e-06
S3_191639133	3	191639133	5.5698113101058e-06
S3_193476216	3	193476216	1.28851902093044e-07
S3_202354281	3	202354281	5.88933826686986e-06
S3_202354601	3	202354601	2.31319379086867e-06
S3_220674707	3	220674707	6.42425100404474e-06
S4_29146552	4	29146552	1.11077108320179e-06
S4_33730371	4	33730371	6.94896639291428e-06
S4_78793087	4	78793087	5.16295355450826e-06
S4_104092254	4	104092254	1.20515133892376e-06
S4_105472849	4	105472849	2.52154941598388e-06
S4_121084651	4	121084651	8.16419244685136e-06
S4_194855591	4	194855591	8.78392843535743e-06
S4_194855775	4	194855775	5.42864372151498e-06
S4_194855893	4	194855893	3.45385154230524e-06
S4_194871134	4	194871134	4.05045435098319e-06
S4_230839889	4	230839889	3.69819064312739e-07
S4_233608031	4	233608031	4.18887812239281e-06
S4_233608034	4	233608034	4.18887812240524e-06
S4_235391829	4	235391829	7.61354353758193e-06
S4_244567468	4	244567468	2.75090177095467e-06
S5_13829353	5	13829353	9.40329681392182e-06
S5_13829422	5	13829422	5.48821680644096e-06
S5_13829478	5	13829478	1.62245060018057e-06
S5_13829543	5	13829543	6.76933364845316e-07
S5_14748866	5	14748866	1.48053337144299e-07
S5_70367515	5	70367515	6.36450383056783e-06
S6_23136743	6	23136743	5.30158562906887e-06
S6_30475966	6	30475966	9.25784194259847e-06
S6_75790469	6	75790469	8.08179088700259e-06
S6_106598516	6	106598516	9.59637075886989e-06
S6_106820756	6	106820756	7.73641837038426e-07
S6_120518000	6	120518000	3.39285655307094e-06
S6_164728289	6	164728289	4.29769974993695e-07
S6_169375760	6	169375760	3.55431591573697e-06
S7_94289659	7	94289659	4.88329934445469e-06
S7_94290199	7	94290199	1.84750717827023e-06
S7_94290249	7	94290249	9.47347767485225e-07
S7_94292336	7	94292336	7.46176313905698e-06
S7_94292367	7	94292367	8.69711321936231e-06
S7_94293367	7	94293367	7.84461377550507e-06
S7_94293413	7	94293413	6.11082906209262e-06
S7_94293447	7	94293447	5.81968295246717e-07
S7_94293585	7	94293585	7.1863188212742e-06
S7_94294698	7	94294698	9.71445576419026e-06
S7_94295816	7	94295816	9.80955488779362e-06
S7_94296962	7	94296962	7.68681344752585e-06
S7_94297175	7	94297175	8.20234327590733e-06
S7_94297211	7	94297211	3.61396209409986e-06
S7_94297215	7	94297215	4.74439448664384e-06
S7_94297296	7	94297296	1.78932591977336e-06
S7_94298125	7	94298125	9.82928742515101e-06
S7_94301254	7	94301254	1.88203159772642e-06
S7_94301309	7	94301309	2.61447965418728e-07
S7_94301330	7	94301330	1.56295091802189e-07
S7_94301345	7	94301345	2.00944721225002e-07
S7_94301384	7	94301384	2.02983224948525e-06
S7_94301442	7	94301442	4.36537870279872e-06
S7_94301554	7	94301554	9.82331091039762e-06
S7_94301705	7	94301705	3.31908924722335e-06
S7_94301816	7	94301816	6.95004170721255e-06
S7_94302432	7	94302432	6.50614810436901e-06
S7_94302506	7	94302506	7.76251968900123e-06
S7_94341707	7	94341707	5.2620953281721e-06
S7_94341958	7	94341958	7.1722278973121e-06
S7_94349562	7	94349562	9.48337615105389e-06
S7_94349621	7	94349621	7.01405037772253e-07
S7_94349693	7	94349693	1.14340737952328e-06
S7_94349785	7	94349785	9.46619674338938e-07
S7_94351169	7	94351169	7.58546635280222e-07
S7_94351175	7	94351175	8.57786505678162e-06
S7_94353438	7	94353438	3.6174453306908e-06
S7_94353513	7	94353513	1.75144514753391e-06
S7_94353525	7	94353525	2.39521734624408e-06
S7_94353532	7	94353532	3.40691201164858e-06
S7_94353571	7	94353571	9.91173579082396e-06
S7_94368188	7	94368188	2.45208927911635e-06
S7_94368692	7	94368692	4.08431336096991e-06
S7_94368718	7	94368718	5.18114551942112e-07
S7_94368787	7	94368787	8.36627584169233e-06
S7_94377008	7	94377008	3.72363297430362e-06
S7_94377134	7	94377134	1.32537148902787e-06
S7_94377495	7	94377495	3.93159845496553e-06
S7_94377511	7	94377511	9.28674460986442e-06
S7_94377588	7	94377588	8.45237116829789e-06
S7_94377708	7	94377708	3.41738014483608e-06
S7_94377926	7	94377926	9.51748321737466e-06
S7_94420373	7	94420373	8.02556786709522e-06
S7_94420485	7	94420485	2.54185785394667e-06
S7_94420487	7	94420487	5.59929828412304e-06
S7_94421256	7	94421256	8.74045071567298e-06
S7_94421297	7	94421297	8.19932706920834e-06
S7_94426469	7	94426469	4.68974684948838e-06
S7_94426493	7	94426493	4.30387454391369e-06
S7_94426581	7	94426581	8.71509532214687e-06
S7_94428723	7	94428723	5.31817037383722e-06
S7_94428869	7	94428869	4.69201879784709e-06
S7_94428876	7	94428876	8.31579372565458e-06
S7_94429212	7	94429212	6.49749574068771e-06
S7_94429556	7	94429556	7.7782798493763e-06
S7_94429633	7	94429633	9.22195321934866e-06
S7_94433881	7	94433881	8.52105166098941e-06
S7_94433966	7	94433966	6.73303450807793e-06
S7_94434370	7	94434370	4.12948163555961e-06
S7_94453182	7	94453182	3.00484608525641e-06
S7_94471153	7	94471153	6.45043745215724e-06
S7_94627741	7	94627741	2.66031927919968e-06
S7_94627767	7	94627767	8.83680597127724e-06
S7_94627768	7	94627768	1.03704535117985e-06
S7_94627774	7	94627774	6.66017294655608e-06
S7_94627776	7	94627776	5.06084173066364e-06
S7_94627777	7	94627777	7.01750551900281e-06
S7_94627794	7	94627794	9.1947205839303e-06
S7_94633083	7	94633083	7.52851340919998e-06
S7_94633705	7	94633705	7.1459524840122e-06
S7_94634301	7	94634301	7.25273836466363e-06
S7_94815606	7	94815606	9.46423312308832e-06
S7_94846023	7	94846023	8.61473366468671e-06
S7_136248440	7	136248440	4.86960586682311e-06
S7_176266850	7	176266850	4.75925703326999e-06
S8_39001967	8	39001967	7.79116037798711e-06
S8_59709509	8	59709509	7.95788181879219e-06
S8_70010867	8	70010867	4.63584137273601e-06
S8_87204191	8	87204191	1.7716789092425e-06
S8_94871115	8	94871115	4.84301647186632e-07
S8_124199916	8	124199916	8.37979838964247e-06
S8_126694320	8	126694320	8.25995069421354e-07
S8_126695051	8	126695051	2.34512165209144e-06
S8_126924099	8	126924099	9.15902255104645e-06
S8_126930045	8	126930045	4.95058976465644e-06
S8_139940881	8	139940881	4.82439971802887e-06
S8_153158147	8	153158147	1.26368683970776e-06
S8_153171942	8	153171942	5.39181586540185e-06
S8_153172031	8	153172031	8.90815803775172e-06
S8_158508361	8	158508361	9.25915702495959e-06
S8_162397657	8	162397657	1.18099259690803e-06
S8_162397668	8	162397668	3.41400193972651e-07
S8_165283855	8	165283855	4.12133196514365e-06
S8_165283859	8	165283859	9.67232851293363e-06
S9_89653107	9	89653107	5.83046570206269e-06
S9_93574441	9	93574441	4.10106664116613e-06
S9_116721451	9	116721451	7.42059009728475e-06
S9_154976610	9	154976610	3.72328947905097e-06
S10_8868714	10	8868714	9.72996577571488e-06
S10_65048566	10	65048566	8.58001428666481e-06
S10_66102838	10	66102838	8.52356523128256e-06
S10_70825776	10	70825776	9.67992746550788e-07
S10_70863277	10	70863277	3.29227437988962e-06
S10_70865346	10	70865346	4.28029191686474e-06
S10_71522834	10	71522834	5.04681909342677e-06
S10_71666170	10	71666170	1.827546358912e-06
S10_71832390	10	71832390	6.24970697006396e-06
S10_71947762	10	71947762	2.75721591249784e-06
S10_116610152	10	116610152	8.83649036903213e-06
S10_129019762	10	129019762	5.05357457122952e-06
S10_130972668	10	130972668	2.4273548360534e-06
S10_134547450	10	134547450	5.05283550106331e-06
