trait	pval	eff	std	Nhap1	hap1	Nhap2	hap2	Nhap3	hap3
UpperLeafAngle	0.00013487	6.215285595	1.604359282	157	56.92443499	91	63.13972059	21	48.49906256
X.5321515..stigmasterol..28.442.	0.000670375	0.00026662	7.67E-05	89	0.000773974	51	0.001040594	11	0.000786401
MiddleLeafAngle	0.001229554	2.897835935	0.886691991	151	61.35273103	89	64.25056697	21	58.48113345
G_K	0.002923571	0.262092391	0.086955537	112	2.433125	69	2.695217391	15	2.498666667
EarRowNumber	0.004942214	0.557527194	0.19668897	157	13.32263466	90	13.88016185	21	12.61026952
X.51..alpha.ketoglutaric.acid..13.859.	0.00496987	-0.001267907	0.000446209	113	0.007484996	68	0.00621709	16	0.00662521
X.5984..fructose.1..17.18..s100	0.006708036	-0.015890579	0.005798818	113	0.077269351	69	0.061378772	16	0.07620684
Spikelets.MainSpike	0.007623299	1.188376225	0.44195605	156	23.21296617	91	24.4013424	21	22.75052982
G_Zn	0.011526015	-19.24262422	7.544023188	112	92.63392857	69	73.39130435	15	92.93333333
EarDiameter	0.01191647	1.042127606	0.411567334	157	36.48013994	90	37.52226755	21	35.73098514
Woebbecke.LN.6.Jul	0.01233504	0.355670318	0.140706182	106	3.873579698	61	4.229250016	17	4.207234706
G_Ca	0.013197557	-0.139202899	0.055647207	112	0.825	69	0.685797101	15	0.780666667
LN.CD	0.01445098	0.608193618	0.246587264	124	22.40278232	71	23.01097594	17	22.45067055
HN.B	0.021564132	-1.353104961	0.584448702	126	17.23561434	71	15.88250938	17	16.53097929
G_N	0.041878079	-0.161476449	0.078831838	112	3.254375	69	3.092898551	15	3.164
X.2724705..1.6.anhydro.glucose..15.326.	0.04220117	-0.000245445	0.000120015	113	0.001772385	68	0.001526941	15	0.001672227
HN.FW	0.044610281	2.04681201	1.01317898	123	30.53012697	76	32.57693898	18	29.15027267
SouthernLeafBlight	0.054810731	0.257900019	0.133705144	157	6.689404891	91	6.94730491	21	5.910080187
LN.Zn	0.055712747	-1.489848666	0.773505918	102	21.85829193	63	20.36844327	13	19.68983408
CobDiameter	0.058341271	0.584127321	0.307222702	157	25.3637626	91	25.94788992	21	24.68009042
NIRStarch	0.061898142	0.469228704	0.250244498	154	66.38832279	90	66.85755149	20	66.2326312
G_LA	0.062097692	-161.1091954	85.85418539	111	1404.460243	69	1243.351048	15	1250.270133
X.12647..L.homoserine.2..12.359.	0.062358697	0.000451286	0.000240737	112	0.002195107	68	0.002646392	16	0.002662504
X.128869..galactonic.acid.2..18.504.	0.062411671	-7.73E-05	4.12E-05	112	0.000586903	67	0.000509634	16	0.000493463
HN.Zn	0.064581833	-1.638448249	0.881810616	121	28.18578728	72	26.54733903	17	28.93831706
HN.DW	0.067144225	0.355837218	0.193397041	126	7.159830246	76	7.515667464	18	6.892186218
VARI.LN.6.Jul	0.071602896	-0.017166739	0.009472547	106	0.216717813	61	0.199551074	17	0.192054758
HN.K	0.072428624	0.052174325	0.028908384	133	2.299774829	79	2.351949154	18	2.259072038
G_Thickness	0.074364845	2.57773208	1.436753996	111	58.2527027	69	60.83043478	15	56.78333333
G_S	0.078898807	-0.041525621	0.023507764	112	0.368482143	69	0.326956522	15	0.352
VEG.HN.16.Aug	0.079607525	-0.347637736	0.197245426	109	7.992642026	66	7.64500429	17	8.651703895
G_B	0.081276295	-12.17326605	6.946239124	112	64.41964286	69	52.24637681	15	83.26666667
X.5951..L.serine.2..11.174..s100	0.082562744	0.017668819	0.010125212	112	0.097521999	69	0.115190818	16	0.12515963
HN.CD	0.090470545	0.478296239	0.281239206	123	22.44287041	75	22.92116664	17	21.68499357
MGR.LN.6.Jul	0.091251375	-0.016570528	0.009759614	106	0.254106438	61	0.23753591	17	0.231102753
X.5962..L.lysine.2..17.643.	0.091641204	0.000322799	0.000190414	113	0.000974579	67	0.001297378	16	0.001754692
NGR.LN.6.Jul	0.099303674	-0.009215678	0.005562524	106	0.136572212	61	0.127356534	17	0.124316426
canopy.LN.12.Aug	0.107770146	-4.799707796	2.970031428	110	56.16822907	63	51.36852127	17	48.96304767
LN.FW	0.108910215	1.017444444	0.63209407	128	23.94567877	77	24.96312322	18	22.05279857
canopy.LN.6.Jul	0.108941507	-2.141732481	1.329727312	110	29.77621921	63	27.63448673	17	27.58738769
X.1060..pyruvic.acid..6.714.	0.1134293	-0.000373956	0.000235176	114	0.000373956	68	0	16	0
VEG.HN.22.Aug	0.114235667	-0.133320502	0.084019895	109	4.371249556	66	4.237929054	17	4.30057896
X.6255..maltose.1..24.702.	0.117833265	-0.000335557	0.000213607	113	0.003868959	68	0.003533401	16	0.003682655
VARI.HN.22.Aug	0.118581738	-0.011428149	0.007288916	109	0.222883683	66	0.211455534	17	0.184515412
X.892..myo.inositol..19.354..s100	0.120657146	-0.004843128	0.003106821	112	0.056072872	69	0.051229744	16	0.05570249
X.439194..glyceric.acid..10.735.	0.121483919	-0.001562423	0.001004524	113	0.013866848	68	0.012304425	16	0.017810925
X.5988..Sucrose..23.988..s100	0.12190156	-0.126131341	0.081186546	113	0.948115246	69	0.821983905	16	1.021546995
VEG.HN.30.Aug	0.122904971	-0.141878963	0.091557105	109	4.222574499	66	4.080695536	17	4.030929292
HN.Cu	0.124132588	0.491243678	0.31825407	131	11.3408382	74	11.83208188	18	11.27237473
X.6537496..chlorogenic.acid.2..27.18._alt	0.124440945	-0.004137014	0.00268107	114	0.018948831	68	0.014811817	16	0.018470036
TotalKernelVolume	0.124997479	1.537084328	0.998617986	149	59.91190658	89	61.44899091	19	62.3251442
HN.CHL	0.126286788	7.704828684	5.020819946	133	396.7717332	78	404.4765619	18	394.4458014
G_DW	0.127522485	-0.696375518	0.454989172	112	8.048839286	69	7.352463768	15	7.024666667
HN_LN.B	0.128950013	-0.054882503	0.035995218	119	1.16721206	63	1.112329556	16	1.141504754
X.8742..shikimic.acid..16.433..s100	0.133723844	-0.004370705	0.002902421	112	0.037348632	69	0.032977927	16	0.032113975
X.6912..xylitol..15.376.	0.134718789	-0.000386528	0.000256856	78	0.002248994	45	0.001862466	14	0.002266111
LN.DW	0.138113588	0.199757948	0.134217737	127	5.884508136	76	6.084266084	18	5.6122323
LN.K	0.145483981	0.045621083	0.031231657	133	2.212595087	77	2.258216171	18	2.086832298
X.938..nicotinic.acid..10.27.	0.147323823	-0.000142178	9.77E-05	105	0.000925691	65	0.000783512	16	0.001003943
HN_LN.X20KW	0.147925454	-0.029239679	0.020121208	100	1.05786439	69	1.028624711	13	1.017520975
VARI.HN.12.Aug	0.148723425	-0.011732065	0.008091229	109	0.28758834	66	0.275856275	17	0.244850346
X.700..ethanolamine..9.879.	0.157687165	-0.001057731	0.000745692	112	0.006612917	66	0.005555186	16	0.005784633
X.60961..adenosine..23.825.	0.160887341	-7.77E-05	5.52E-05	113	0.000351307	68	0.000273591	16	0.000431981
MGR.HN.22.Aug	0.162514827	-0.011350196	0.008094931	109	0.250870826	66	0.23952063	17	0.208530833
NGR.HN.22.Aug	0.162625881	-0.005701266	0.004067209	109	0.125728327	66	0.120027061	17	0.104480197
G_LWC	0.163797407	0.007730826	0.005530861	111	0.757805405	69	0.765536232	15	0.758806667
ExG.HN.16.Aug	0.172183388	0.009519233	0.00694625	109	0.510673228	66	0.520192461	17	0.519649272
X.6255..maltose..2..24.915.	0.174898525	-0.000433646	0.000318388	106	0.003612468	62	0.003178822	15	0.003835804
canopy.LN.20.Aug	0.175348953	-4.096194407	3.011078233	110	51.42779477	63	47.33160036	17	47.64868143
LN.X20KW	0.182380801	0.146395499	0.10937839	107	4.597035882	69	4.743431381	14	4.622472827
RGB.HN.16.Aug	0.182453343	0.012751428	0.009529105	109	0.750550679	66	0.763302107	17	0.764163707
RGB.LN.6.Jul	0.18416633	-0.008837773	0.006629366	106	0.31904623	61	0.310208457	17	0.307563253
GLI.HN.16.Aug	0.184542938	0.006519171	0.004895155	109	0.375042414	66	0.381561585	17	0.382151436
LN.CL	0.192499308	-0.149612291	0.114441699	127	12.01910991	74	11.86949762	17	11.98658115
GDDAnthesis.SilkingInterval	0.194710965	-2.266437202	1.743353086	157	23.99809177	91	21.73165456	21	24.28695568
canopy.LN.14.Aug	0.194968581	-4.123700954	3.170419336	110	53.41284187	63	49.28914092	17	46.576755
VARI.HN.23.Aug	0.195799079	-0.011728072	0.009034073	109	0.260254872	66	0.2485268	17	0.207962945
X.448388..D.allose.1..17.278.	0.197421336	-7.01E-05	5.42E-05	112	0.000877396	67	0.000807327	16	0.000987212
VEG.HN.26.Aug	0.198831718	-0.145865413	0.113125807	109	4.541110263	66	4.395244849	17	4.703382256
VARI.HN.30.Aug	0.203118604	-0.01087432	0.008514569	109	0.182776487	66	0.171902167	17	0.147160103
EarWeight	0.210880047	2.420566409	1.929974271	156	64.45552386	90	66.87609027	21	60.4045731
VEG.HN.12.Aug	0.213160621	-0.1213836	0.09717414	109	4.683557282	66	4.562173682	17	4.716659872
MGR.HN.12.Aug	0.216532021	-0.01130437	0.009116812	109	0.325565079	66	0.31426071	17	0.278214503
NGR.HN.12.Aug	0.216730781	-0.005692649	0.004593034	109	0.163322085	66	0.157629437	17	0.13952055
GLI.LN.6.Jul	0.217367653	-0.004879683	0.003942	106	0.168619756	61	0.163740073	17	0.162773294
HN.CL	0.218340808	-0.208686122	0.169038732	126	12.39312639	75	12.18444027	18	12.02956356
HN.LA	0.220404867	35.7450413	29.08848605	133	1228.00408	79	1263.749121	18	1174.119959
canopy.LN.16.Aug	0.220585281	-3.60762471	2.935218007	110	50.89076759	63	47.28314288	17	43.98543457
canopy.LN.30.Aug	0.221178652	-3.927396917	3.199515325	110	52.20609493	63	48.27869801	17	43.22952057
Woebbecke.HN.16.Aug	0.221409634	-0.650581522	0.53029136	109	10.50107823	66	9.850496703	17	11.05814776
X.750..glycine..10.456..s100	0.222401685	0.022472399	0.018358713	113	0.155306479	69	0.177778878	16	0.16893746
Woebbecke.LN.5.Sep	0.225299368	-0.895102713	0.735756487	110	16.53361786	63	15.63851515	17	18.50298347
VEG.HN.23.Aug	0.228217653	-0.09416859	0.077897137	109	3.668708757	66	3.574540168	17	3.582049272
X.637775..3.5.dimethoxy.4.hydroxycinnamic.acid.2..20.65.	0.231747242	8.41E-05	7.01E-05	112	0.000262891	68	0.000347032	16	0.000320886
X.637542..4.hydroxycinnamic.acid..17.854.	0.233604431	0.000343282	0.000287302	113	0.002688632	68	0.003031915	16	0.002362918
G_Mg	0.236166756	-0.022054865	0.01855967	112	0.273214286	69	0.25115942	15	0.226666667
NGR.HN.30.Aug	0.237101179	-0.005655906	0.004768791	109	0.103969462	66	0.098313556	17	0.084205944
MGR.HN.30.Aug	0.237420897	-0.011263186	0.009503081	109	0.20749739	66	0.196234204	17	0.16806869
VARI.LN.22.Aug	0.242522618	-0.007590012	0.006473837	110	0.163814773	63	0.156224761	17	0.136905891
X.439183..3.phosphoglyceric.acid..16.504.	0.242733298	0.000528089	0.000450683	113	0.004638101	68	0.00516619	16	0.005991137
ExG.LN.6.Jul	0.242798229	-0.007232607	0.006171966	106	0.245547484	61	0.238314877	17	0.237597929
LN.B	0.2482202	-0.390671572	0.33739675	126	14.76290927	70	14.3722377	17	14.65075472
canopy.LN.22.Aug	0.249039349	-3.394334265	2.935549564	110	51.58671779	63	48.19238353	17	45.07732617
X.6288..L.threonine.2..11.464.	0.254689721	0.001465697	0.001282982	113	0.014335058	68	0.015800755	16	0.016575585
canopy.LN.23.Aug	0.255423374	-3.348290111	2.935107076	110	56.48117944	63	53.13288933	17	50.60479958
VARI.HN.26.Aug	0.258501027	-0.013700243	0.012088224	109	0.250557015	66	0.236856773	17	0.228943427
X.6537496..chlorogenic.acid.2..27.18..s100	0.259771266	0.00295784	0.002616588	109	0.008637831	66	0.011595671	12	0.004777081
VEG.HN.5.Sep	0.263908777	-0.09104177	0.081248674	109	3.54471743	66	3.45367566	17	3.444142353
NGR.LN.20.Aug	0.266827442	-0.004568753	0.004102234	110	0.091108808	63	0.086540054	17	0.069213155
NGR.HN.23.Aug	0.267597208	-0.005642987	0.005075124	109	0.150146318	66	0.144503331	17	0.121121722
MGR.HN.23.Aug	0.268413206	-0.011135957	0.010032476	109	0.29862894	66	0.287492983	17	0.241109436
MGR.LN.20.Aug	0.268723627	-0.009043556	0.00815246	110	0.181552558	63	0.172509002	17	0.137978483
VEG.HN.3.Sep	0.274443837	-0.142273774	0.129803826	109	5.588475526	66	5.446201753	17	5.741484493
PlantHeight	0.274632197	2.863462298	2.615717196	157	135.3924693	91	138.2559316	21	122.1006233
NGR.LN.22.Aug	0.274973715	-0.003917877	0.003578334	110	0.095008526	63	0.09109065	17	0.079385921
MGR.LN.22.Aug	0.275768367	-0.00779198	0.007128515	110	0.189575397	63	0.181783417	17	0.158472473
VARI.LN.20.Aug	0.277794801	-0.008150751	0.007488363	110	0.155536846	63	0.147386095	17	0.117165141
X.444266..maleic.acid..10.323.	0.284007128	7.06E-06	6.57E-06	111	4.88E-05	67	5.59E-05	16	4.49E-05
GLI.LN.20.Aug	0.28559624	-0.002883216	0.002692339	110	0.187502423	63	0.184619207	17	0.171208168
VARI.HN.5.Sep	0.29315982	-0.010427835	0.009892171	109	0.182311962	66	0.171884127	17	0.166343713
NGR.HN.5.Sep	0.293334343	-0.005619218	0.005332499	109	0.102830196	66	0.097210978	17	0.094247164
ExG.LN.20.Aug	0.296118817	-0.003946426	0.003766672	110	0.257064367	63	0.25311794	17	0.234365962
MGR.HN.5.Sep	0.296514799	-0.011075095	0.010579647	109	0.204595853	66	0.193520759	17	0.187587131
Woebbecke.LN.3.Sep	0.298592379	-0.80808229	0.775246019	110	22.38661181	63	21.57852952	17	23.99545529
EarRankNumber	0.300320665	0.301131775	0.290155069	154	21.29620851	87	21.59734028	20	21.32014749
RGB.LN.20.Aug	0.314334557	-0.005161926	0.005116478	110	0.381322909	63	0.376160983	17	0.349852856
X.6262..L.ornithine.2..16.632.	0.314358599	0.00084407	0.000836761	113	0.00551769	68	0.00636176	16	0.006530839
HN_LN.Fe	0.327556886	0.015155486	0.015445698	132	1.351576346	75	1.366731832	18	1.354006956
canopy.LN.26.Aug	0.333008325	-2.796623999	2.881377579	110	56.93144557	63	54.13482157	17	49.59965523
X.2116..alpha.tocophereol..27.379.	0.337952967	-0.000158761	0.000165213	101	0.001264719	60	0.001105959	11	0.001801637
X.439451..galactinol.2..26.479.	0.33873868	0.001845278	0.001924139	114	0.015950027	68	0.017795305	16	0.017173857
RGB.LN.26.Aug	0.338772552	0.007504454	0.007824894	110	0.541573655	63	0.54907811	17	0.526219138
X.642609..trans.caftaric.acid.2..25.529.	0.338780087	-0.00061122	0.000637207	101	0.001935326	61	0.001324106	15	0.002154106
X.9750..citrulline.2..16.691.	0.339543898	0.000380053	0.000396953	113	0.002376974	68	0.002757027	16	0.00273359
X.444972..fumaric.acid..10.94.	0.340457028	0.000660253	0.000690921	113	0.007330907	68	0.00799116	16	0.006944639
X.1001..phenethylamine..13.742.	0.340871329	-0.000332058	0.000347781	114	0.001746091	67	0.001414033	16	0.000816554
GLI.HN.5.Sep	0.341304884	-0.003067816	0.003215758	109	0.185975575	66	0.182907758	17	0.181280081
X.6508..quinic.acid..17.076..s100	0.345013241	-0.006706249	0.007084373	112	0.037923292	68	0.031217043	16	0.016828853
X.6106..L.leucine.2..9.945.	0.348775399	-0.001067472	0.001136528	114	0.005999276	68	0.004931803	15	0.006953733
G_FW	0.351389702	-2.151684293	2.303311948	111	34.24009009	69	32.0884058	15	30.45333333
ExG.HN.5.Sep	0.351884783	-0.004190524	0.004490278	109	0.254275414	66	0.25008489	17	0.24783235
HN_LN.CW	0.352096858	-0.019088464	0.020466175	117	1.080232036	71	1.061143573	17	1.006797821
MGR.HN.26.Aug	0.359061331	-0.012795294	0.013917093	109	0.291922132	66	0.279126838	17	0.267485091
NGR.HN.26.Aug	0.359577025	-0.006445615	0.007018265	109	0.146684372	66	0.140238757	17	0.134387944
Spikelets.PrimaryBranch	0.360432312	-0.342108993	0.373428958	156	15.54555533	91	15.20344634	21	14.44860228
X.311..citric.acid..16.615..s100	0.36349648	-0.001481926	0.001626903	110	0.023418675	69	0.021936749	16	0.025587574
LN.LA	0.365680506	20.7291942	22.86854661	130	1074.55433	77	1095.283525	18	1019.564205
HN_LN.Mn	0.368674842	0.046974155	0.052117458	108	1.361983822	57	1.408957977	11	1.330690815
LeafWidth	0.372846169	1.424585332	1.595888122	157	85.46526308	91	86.88984841	21	80.43393032
VEG.LN.16.Aug	0.374816277	-0.179259972	0.201503127	110	6.788337432	63	6.60907746	17	7.397901471
RGB.HN.5.Sep	0.375905415	-0.005434217	0.006122646	109	0.376565748	66	0.371131531	17	0.367915261
LN.Cu	0.378837206	0.194471284	0.220466633	117	6.65577223	66	6.850243514	11	6.753345096
X.1549111..caffeic.acid..19.755.	0.382638338	-0.000673921	0.00077013	112	0.009871005	65	0.009197085	16	0.011240214
HN_LN.P	0.384967652	-0.008885357	0.010207099	130	1.004194342	76	0.995308985	18	1.02623944
HN_LN.Cu	0.386067066	0.040438883	0.046543586	115	1.704686895	61	1.745125778	11	1.658726045
VEG.LN.22.Aug	0.386201422	-0.0813273	0.093634684	110	3.667009364	63	3.585682063	17	3.834665265
NGR.LN.14.Aug	0.39310585	-0.002871672	0.003354847	110	0.079161946	63	0.076290274	17	0.070007699
MGR.LN.14.Aug	0.393619555	-0.00570114	0.006667638	110	0.157769513	63	0.152068373	17	0.139594603
X.5460935..turanose.1..24.81.	0.406027574	-0.000373226	0.000448131	103	0.002384946	67	0.00201172	14	0.002345521
Woebbecke.LN.30.Aug	0.40672468	-0.732891147	0.881357595	110	20.009969	63	19.27707786	17	23.93820471
HN_LN.FW	0.410654869	0.028025955	0.033995447	119	1.285168937	74	1.313194892	18	1.324329707
canopy.HN.6.Jul	0.411388674	-1.257483167	1.527413943	109	35.78091603	66	34.52343286	17	31.21003032
VARI.LN.14.Aug	0.412035442	-0.004874386	0.005928788	110	0.132650515	63	0.127776129	17	0.117695218
X.439958..D.glucose.6.phosphate.1..21.394.	0.412386043	-0.000785951	0.00095676	113	0.017959873	68	0.017173922	16	0.01756816
X.5280450..linoleic.acid..20.399.	0.416357715	-0.000131219	0.000161081	105	0.001036941	65	0.000905723	15	0.000636582
LN.P	0.42137692	0.002850003	0.003538055	131	0.297043306	76	0.299893308	18	0.290735066
X.5810..trans.4.hydroxy.L.proline.2..13.267.	0.422689845	-0.000198608	0.000247189	113	0.001270406	68	0.001071798	16	0.000611349
Woebbecke.LN.14.Aug	0.422889809	0.567042341	0.705995691	110	13.7367664	63	14.30380875	17	17.15076347
HN.Ca	0.425034782	-0.007393281	0.009250897	129	0.415541966	77	0.408148684	18	0.41414548
X.92824..D.malic.acid..12.794..s100	0.429945668	-0.001675087	0.002117824	112	0.028149811	68	0.026474723	16	0.022959031
ExG.LN.26.Aug	0.434374353	0.004490812	0.005732351	110	0.364478645	63	0.368969456	17	0.352856029
GLI.LN.26.Aug	0.434498099	0.003181429	0.004062069	110	0.26445342	63	0.267634848	17	0.256856706
TasselLength	0.44070684	4.168553681	5.398582012	157	324.594511	91	328.7630646	21	308.7021569
X.754..glycerol.1.phosphate..16.056.	0.442130573	-0.003144029	0.004082248	114	0.01942135	68	0.016277321	16	0.018005414
NIROil	0.445188317	-0.063832823	0.083483014	154	4.352012469	90	4.288179646	20	4.633521078
TasselPrimaryBranches	0.446133545	0.464821084	0.609193928	157	10.9727991	91	11.43762018	21	10.02709121
RGB.LN.3.Sep	0.453197238	0.006458769	0.008592611	110	0.503703914	63	0.510162683	17	0.501427003
RGB.LN.5.Sep	0.453481547	0.003813273	0.005076297	110	0.347139642	63	0.350952915	17	0.344033009
Woebbecke.LN.16.Aug	0.462564079	-0.324370422	0.440633085	110	10.81894141	63	10.49457099	17	11.61540709
HN.S	0.46589194	-0.001252353	0.00171456	132	0.184176321	78	0.182923969	18	0.191220086
LN.CHL	0.467479733	3.417133231	4.694872742	129	279.5624963	77	282.9796295	18	284.7412353
HN_LN.CD	0.481661721	-0.005289678	0.007503764	117	1.004139939	71	0.998850261	17	0.967145264
HN.X20KW	0.484346117	0.059747427	0.085277096	116	4.779083393	73	4.83883082	15	4.748323021
HN.Fe	0.484655352	0.59770243	0.853876505	133	101.061287	78	101.6589895	18	103.3754255
ExG.LN.5.Sep	0.484780577	0.002623201	0.003747287	110	0.232310675	63	0.234933876	17	0.229816638
TilleringIndex	0.485951491	0.005031919	0.007211777	157	0.57686743	91	0.581899349	21	0.596588395
ExG.LN.3.Sep	0.492828341	0.004235292	0.006163403	110	0.337482234	63	0.341717526	17	0.335692703
RGB.HN.20.Aug	0.493932864	0.004774378	0.006965851	109	0.410154478	66	0.414928855	17	0.397705285
GLI.HN.30.Aug	0.497998208	-0.002111499	0.003109933	109	0.212043898	66	0.2099324	17	0.198359863
GLI.LN.3.Sep	0.50154543	0.003019687	0.004484462	110	0.246988965	63	0.250008652	17	0.246130403
GLI.LN.5.Sep	0.50416058	0.001814588	0.00271137	110	0.169651443	63	0.171466031	17	0.16804375
Woebbecke.HN.6.Jul	0.505945106	0.096861651	0.145335207	107	3.836888222	63	3.933749873	17	4.145833445
VARI.HN.1.Sep	0.510889135	-0.00607571	0.009223769	109	0.15953165	66	0.15345594	17	0.134590666
VARI.LN.23.Aug	0.511276719	-0.004626095	0.007029362	110	0.191338608	63	0.186712513	17	0.171931614
RowQuality	0.513021039	0.008624855	0.013167253	157	2.186722886	91	2.19534774	20	2.216730048
canopy.LN.1.Sep	0.515286102	-2.240338886	3.436793351	110	49.3814332	63	47.14109432	17	41.61374999
X.5321342..beta.sitosterol..28.848.	0.521785613	0.000213737	0.000332884	92	0.003655391	53	0.003869127	11	0.003525654
canopy.HN.26.Aug	0.522667999	-2.036537752	3.179947855	109	60.58364545	66	58.5471077	17	51.23698368
VARI.HN.3.Sep	0.523035725	-0.011493082	0.01796175	109	0.307132468	66	0.295639386	17	0.320440191
ExG.HN.30.Aug	0.528623596	-0.002729501	0.004323792	109	0.288838083	66	0.286108582	17	0.270126431
canopy.HN.14.Aug	0.529697631	-2.171169747	3.448331047	109	52.37321227	66	50.20204253	17	45.03176897
X.239..Beta..alanine..1..12.044.	0.530872093	0.000544618	0.0008675	113	0.005279206	68	0.005823825	16	0.006055027
X.5960..aspartic.acid.2..13.207.	0.530896373	0.001457597	0.002321863	113	0.073520001	67	0.074977598	16	0.069983037
NGR.HN.1.Sep	0.532326515	-0.003171385	0.005069281	109	0.089908466	66	0.086737081	17	0.076251436
MGR.HN.1.Sep	0.533420419	-0.006304322	0.010104078	109	0.17944924	66	0.173144918	17	0.152209899
VEG.HN.20.Aug	0.536336041	-0.054608508	0.088149962	109	3.784053167	66	3.72944466	17	3.823935572
ExG.HN.20.Aug	0.54612589	0.00306349	0.005066414	109	0.278075219	66	0.281138709	17	0.269070333
ExG.LN.14.Aug	0.548077048	-0.001846011	0.003067796	110	0.245769084	63	0.243923073	17	0.236184147
GLI.LN.14.Aug	0.552172517	-0.00129435	0.002173241	110	0.178991618	63	0.177697267	17	0.172403738
G_Cu	0.553011465	-0.527950311	0.888365496	112	12.57142857	69	12.04347826	15	11.06666667
NGR.HN.3.Sep	0.557451375	-0.005642177	0.009600831	109	0.169057795	66	0.163415618	17	0.175988952
MGR.HN.3.Sep	0.558716159	-0.011185825	0.019095314	109	0.336911039	66	0.325725214	17	0.35067676
X.439742..beta.cyano.L.alanine..11.288.	0.561615668	0.00098957	0.001701932	114	0.004937649	68	0.00592722	16	0.009768166
canopy.HN.12.Aug	0.562472653	-1.873424625	3.228944141	109	57.37760778	66	55.50418315	17	48.58564935
NGR.LN.23.Aug	0.563094399	-0.002240833	0.003868277	110	0.114277387	63	0.112036555	17	0.102135257
GLI.HN.20.Aug	0.563263637	0.002095611	0.003619224	109	0.203447406	66	0.205543017	17	0.196975552
MGR.LN.23.Aug	0.564440961	-0.004427769	0.00766998	110	0.227412724	63	0.222984956	17	0.203447389
HN.Mg	0.566499229	-0.003274644	0.005704301	132	0.207639733	77	0.204365089	18	0.20758035
RGB.HN.30.Aug	0.56851079	-0.003395419	0.00594387	109	0.429826719	66	0.426431301	17	0.403796004
VARI.LN.1.Sep	0.573112157	-0.004276172	0.00757558	110	0.131497802	63	0.12722163	17	0.112500633
RGB.LN.16.Aug	0.575572338	0.004185169	0.007462213	110	0.735340316	63	0.739525486	17	0.717479026
X.5460673..D.saccharic.acid..18.614.	0.577932196	8.42E-05	0.000151136	110	0.001203999	67	0.001288237	16	0.00159466
X.971..oxalic.acid..7.883.	0.578036918	-1.10E-05	1.97E-05	112	0.000243226	66	0.000232223	16	0.000289188
NGR.LN.1.Sep	0.581513597	-0.002301303	0.004167991	110	0.075516731	63	0.073215428	17	0.064725876
X.6287..L.valine.2..9.151.	0.582282381	-0.000823398	0.001494415	113	0.016130846	68	0.015307448	15	0.020541058
RGB.LN.30.Aug	0.582308228	0.002552522	0.004632734	110	0.39456656	63	0.397119083	17	0.372484124
MGR.LN.1.Sep	0.582642394	-0.004576124	0.008312865	110	0.150760147	63	0.146184023	17	0.129253811
VARI.HN.16.Aug	0.583050102	-0.010780236	0.019604666	109	0.704893312	66	0.694113076	17	0.71259683
VARI.LN.12.Aug	0.586382717	-0.003743374	0.006868206	110	0.21928478	63	0.215541406	17	0.196242532
canopy.LN.5.Sep	0.586768317	-1.695381741	3.113833367	110	41.31040514	63	39.6150234	17	33.24433885
canopy.HN.23.Aug	0.588066932	-1.751275673	3.227757256	109	59.65002299	66	57.89874732	17	49.86368027
VEG.HN.6.Jul	0.589764101	0.012171223	0.022534094	107	1.698276094	63	1.710447317	17	1.619612622
VEG.LN.1.Sep	0.592546102	-0.055203112	0.102977114	110	3.654866009	63	3.599662897	17	3.745993265
Woebbecke.HN.5.Sep	0.592723594	-0.419511445	0.78295607	109	15.45815695	66	15.0386455	17	16.04825223
Woebbecke.HN.22.Aug	0.602009687	0.361090728	0.691226555	109	15.20216693	66	15.56325766	17	19.0358965
canopy.LN.3.Sep	0.604953645	-1.366648655	2.637462873	110	41.64061149	63	40.27396283	17	34.46943949
Woebbecke.HN.3.Sep	0.606087646	-0.443717982	0.859035056	109	20.2618661	66	19.81814812	17	20.51075548
RGB.LN.14.Aug	0.606487271	-0.002104096	0.00407797	110	0.365405699	63	0.363301602	17	0.352292626
ExG.LN.16.Aug	0.606640134	0.002792314	0.005414113	110	0.502205669	63	0.504997983	17	0.488423829
HN_LN.CHL	0.606971793	0.011537455	0.022396845	130	1.431662376	76	1.443199831	18	1.396112977
VEG.HN.14.Aug	0.613595239	-0.043198541	0.085408482	109	3.526120652	66	3.482922111	17	3.529492713
VARI.LN.16.Aug	0.61377387	-0.00920695	0.018212053	110	0.562026455	63	0.552819505	17	0.554679491
Woebbecke.HN.12.Aug	0.615435544	0.348747005	0.693109387	109	13.31030312	66	13.65905013	17	17.06536312
HN.CW	0.616152152	-0.163581466	0.325825907	123	13.5774597	75	13.41387824	17	12.25614067
ExG.LN.30.Aug	0.623394758	0.001677304	0.00341012	110	0.263151705	63	0.264829009	17	0.247261868
VEG.LN.30.Aug	0.633403673	-0.040889876	0.085592865	110	3.503639432	63	3.462749556	17	3.5519185
MainSpikeLength	0.63411933	2.181826464	4.578993684	157	229.2169146	91	231.398741	21	225.1600013
X.6537496..chlorogenic.acid.1..26.37.	0.63710818	-0.00036284	0.000767932	114	0.001924923	67	0.001562083	16	0.001387116
NGR.LN.12.Aug	0.637908093	-0.001767249	0.003748977	110	0.128467935	63	0.126700686	17	0.114521773
MGR.LN.12.Aug	0.638112396	-0.003511409	0.007453505	110	0.256065572	63	0.252554163	17	0.228389406
HN.Mn	0.639646173	1.229025786	2.621058566	120	73.26035251	69	74.48937829	15	76.1087745
LN.S	0.640120971	-0.001401861	0.002994293	130	0.15737027	77	0.155968408	16	0.17055483
canopy.HN.30.Aug	0.640229312	-1.58088723	3.377008834	109	52.9287507	66	51.34786347	17	44.31221408
LN.CW	0.646648707	0.092533736	0.201560297	124	12.57403869	71	12.66657242	17	12.17113206
VEG.LN.5.Sep	0.647632048	-0.04444237	0.097079444	110	3.034580355	63	2.990137984	17	3.216038882
HN_LN.DW	0.65005541	0.013565949	0.029858357	120	1.231058484	73	1.244624433	18	1.23984004
GLI.LN.30.Aug	0.650807398	0.001111959	0.002452649	110	0.192729695	63	0.193841655	17	0.181358218
X.827..ribitol..15.66.	0.651480267	8.16E-05	0.000180426	113	0.019594282	69	0.019675909	15	0.020192719
GLI.LN.16.Aug	0.652096556	0.001737796	0.003848277	110	0.367509605	63	0.369247402	17	0.358217138
CobWeight	0.652481335	0.228714974	0.507322877	157	15.90277658	91	16.13149155	21	14.57500599
G_CHL	0.653169133	-6.113865546	13.58431441	112	508.9785714	68	502.8647059	15	486.0133333
G_P	0.654836237	0.010341615	0.023096882	112	0.433571429	69	0.443913043	15	0.446666667
VEG.LN.6.Jul	0.654951968	-0.011235638	0.025100004	106	1.667803179	61	1.656567541	17	1.603933941
X.738..L.glutamine.2..14.083.	0.655989894	-3.97E-05	8.89E-05	112	0.000771067	67	0.000731391	16	0.000918824
NGR.LN.16.Aug	0.657822555	-0.003836839	0.008648726	110	0.30629488	63	0.302458041	17	0.299659226
MGR.LN.16.Aug	0.657963851	-0.007628802	0.017203885	110	0.609993552	63	0.60236475	17	0.59724295
GLI.LN.22.Aug	0.658024144	-0.001082113	0.002440758	110	0.202995454	63	0.20191334	17	0.192866374
LN.Ca	0.667213756	-0.004359863	0.010125968	127	0.331697571	75	0.327337708	18	0.34245062
X.204..allantoin.1..17.293.	0.668581238	-0.001092923	0.002549115	114	0.013327753	68	0.01223483	16	0.023038854
Woebbecke.LN.20.Aug	0.668865039	0.260041724	0.60703039	110	13.65186517	63	13.9119069	17	17.42099638
TasselBranchLength	0.67056194	-1.819514651	4.272671496	157	202.6648767	91	200.845362	21	191.3390663
GLI.LN.1.Sep	0.671440261	-0.001267814	0.002984202	110	0.180141728	63	0.178873913	17	0.172183121
ExG.LN.1.Sep	0.67872503	-0.001706872	0.004114401	110	0.245416281	63	0.24370941	17	0.234318862
canopy.HN.22.Aug	0.681481412	-1.298839932	3.159598532	109	54.17406026	66	52.87522033	17	44.62950619
MGR.LN.5.Sep	0.686411992	0.003535446	0.008743368	110	0.141260157	63	0.144795603	17	0.132364529
VEG.HN.1.Sep	0.688914644	-0.039881893	0.099470114	109	3.922735386	66	3.882853493	17	3.752670609
HN_LN.CL	0.688972997	-0.004238429	0.010574926	123	1.031681897	74	1.027443468	17	1.000327653
NGR.LN.5.Sep	0.689717544	0.001759415	0.004400101	110	0.070917038	63	0.072676454	17	0.066400189
ExG.LN.22.Aug	0.692138699	-0.001348001	0.003399174	110	0.27731617	63	0.275968168	17	0.262971288
HN_LN.LA	0.693134837	0.007951969	0.020125531	130	1.148919855	77	1.156871824	18	1.157710337
VEG.LN.12.Aug	0.693956997	-0.041449878	0.105176311	110	3.910385695	63	3.868935817	17	4.186934618
RGB.LN.23.Aug	0.698265993	0.001755101	0.004520439	110	0.43332748	63	0.435082582	17	0.419396115
RGB.LN.1.Sep	0.703406099	-0.002198668	0.005766089	110	0.367074692	63	0.364876025	17	0.351483212
canopy.HN.20.Aug	0.708143219	-1.277250534	3.406763509	109	53.00233728	66	51.72508675	17	43.5670081
NumberofTilleringPlants	0.70839153	-0.011581002	0.030930663	157	1.275220964	91	1.263639962	21	1.396115506
canopy.HN.1.Sep	0.713873149	-1.406188341	3.829383748	109	52.60516101	66	51.19897267	17	42.7680728
VEG.LN.20.Aug	0.715050104	-0.030965291	0.084688888	110	3.151428823	63	3.120463532	17	3.093146941
Woebbecke.HN.1.Sep	0.727354528	0.327106916	0.936827568	109	17.98803647	66	18.31514339	17	20.33197169
HN_LN.K	0.728751486	0.004138882	0.011920096	133	1.043303188	77	1.047442069	18	1.085005794
MGR.LN.3.Sep	0.732133977	0.004508933	0.013153249	110	0.228421933	63	0.232930866	17	0.234045301
Woebbecke.HN.23.Aug	0.733137173	0.194753981	0.570357824	109	10.64573368	66	10.84048766	17	14.00456402
LN.Fe	0.735530054	-0.304200507	0.89946713	132	75.05675821	76	74.75255771	18	76.56210954
X.835..dehydroascorbic.acid..1..16.863.	0.736692241	-7.78E-05	0.000230924	114	0.00198772	68	0.001909964	16	0.001798492
NGR.LN.3.Sep	0.737064955	0.002220604	0.006604174	110	0.114566825	63	0.11678743	17	0.117338247
VARI.LN.5.Sep	0.739084438	0.002713459	0.008134818	110	0.12151025	63	0.124223709	17	0.113776641
X.5460407..threonic.acid..13.652.	0.742385428	-0.000151049	0.000458883	113	0.00804076	68	0.007889711	16	0.008047447
NIRProtein	0.746309646	-0.043189236	0.13336114	154	14.10395297	90	14.06076373	20	14.57778018
RGB.HN.14.Aug	0.746548204	0.001673464	0.005170331	109	0.397594518	66	0.399267982	17	0.377544609
StandCount	0.751089359	0.021032443	0.066237317	157	7.630387941	91	7.651420384	21	7.436178973
RGB.LN.22.Aug	0.753076637	-0.001468424	0.004660957	110	0.412695245	63	0.411226821	17	0.393037062
MGR.HN.16.Aug	0.753773862	-0.005895819	0.018769125	109	0.736629769	66	0.73073395	17	0.745020407
HN.P	0.756621	-0.001086245	0.00350066	132	0.298205388	79	0.297119144	18	0.297925286
Woebbecke.LN.23.Aug	0.757016559	0.15581741	0.502872685	110	11.72490277	63	11.88072018	17	14.35102885
NGR.HN.16.Aug	0.759961684	-0.002897084	0.009468417	109	0.369960851	66	0.367063768	17	0.374014501
X20KernelWeight	0.761554119	0.026511231	0.087278453	156	4.537327349	90	4.563838581	21	4.557785278
GerminationCount	0.7624509	0.051587513	0.170495449	157	6.462775317	91	6.51436283	21	6.387396707
HN_LN.Mg	0.765177458	-0.009898265	0.033098052	131	1.368878554	74	1.358980289	18	1.299018117
RGB.HN.1.Sep	0.765404964	0.002136755	0.007150619	109	0.370511558	66	0.372648313	17	0.350079446
LN.Mn	0.76878804	0.793140349	2.694283553	115	54.97221197	66	55.76535232	13	60.70589684
VARI.LN.3.Sep	0.769036861	0.003612927	0.012286288	110	0.200170296	63	0.203783223	17	0.207987916
RGB.HN.26.Aug	0.773089811	0.003271274	0.01132912	109	0.579195317	66	0.58246659	17	0.570779633
VEG.LN.14.Aug	0.773520305	-0.023811274	0.082623463	110	2.908359782	63	2.884548508	17	3.119086059
VEG.LN.23.Aug	0.774524382	-0.024829428	0.086550884	110	3.121534118	63	3.09670469	17	3.339300441
Woebbecke.LN.1.Sep	0.778288195	-0.261914276	0.928915313	110	19.49907667	63	19.2371624	17	22.13612932
GLI.HN.3.Sep	0.78012921	-0.001806839	0.006463405	109	0.272118117	66	0.270311278	17	0.27680167
ExG.LN.23.Aug	0.786888727	0.000927711	0.00342656	110	0.294886472	63	0.295814183	17	0.283883306
VEG.LN.26.Aug	0.788255387	0.028501084	0.105966929	110	3.900490741	63	3.928991825	17	4.216406382
ExG.HN.3.Sep	0.792505382	-0.002352707	0.008931017	109	0.370778406	66	0.368425699	17	0.377099228
SeedSetLength	0.793057698	0.414885846	1.579874742	157	111.1429375	90	111.5578233	21	111.0225643
GLI.HN.22.Aug	0.793586702	-0.000740628	0.002826542	109	0.220924462	66	0.220183835	17	0.20656473
VARI.HN.20.Aug	0.794479636	-0.002578343	0.009883773	109	0.219771175	66	0.217192832	17	0.193802793
Woebbecke.LN.12.Aug	0.795835933	0.157373134	0.607362015	110	14.40671241	63	14.56408555	17	17.77634659
RGB.HN.3.Sep	0.80512435	-0.003100658	0.012549854	109	0.549399814	66	0.546299156	17	0.558353192
SecondaryBranchNumber	0.808031067	0.041038425	0.168737392	157	2.01918866	91	2.060227085	21	1.651847053
Woebbecke.LN.22.Aug	0.808908024	0.161717991	0.667766395	110	16.37107145	63	16.53278944	17	20.93845859
G_Mn	0.811407153	1.534161491	6.420750127	112	55.85714286	69	57.39130435	15	54.26666667
Woebbecke.HN.20.Aug	0.816430981	-0.160711148	0.691344703	109	12.61899259	66	12.45828144	17	15.62237492
Woebbecke.HN.14.Aug	0.816516961	-0.173882509	0.748361988	109	12.26935074	66	12.09546823	17	16.07952073
ExG.HN.14.Aug	0.81773608	0.000889377	0.003853803	109	0.26964729	66	0.270536667	17	0.254975317
GLI.LN.23.Aug	0.818822144	0.000557753	0.002431541	110	0.214023079	63	0.214580833	17	0.206641735
X.3037582..mucic.acid..18.907.	0.824016867	0.000145043	0.000651344	112	0.004914972	69	0.005060015	16	0.005812719
Woebbecke.LN.26.Aug	0.825812428	0.155157568	0.704032423	110	19.75051759	63	19.90567516	17	23.94701735
canopy.HN.5.Sep	0.828837545	-0.709944687	3.279307341	109	41.42404018	66	40.71409549	17	33.7657876
GLI.HN.14.Aug	0.830946839	0.000579952	0.002712808	109	0.196964203	66	0.197544155	17	0.186394909
ExG.HN.1.Sep	0.833530562	0.001069725	0.005082645	109	0.248758037	66	0.249827762	17	0.23433199
GDDDaystoTassel	0.834292232	2.821301756	13.47293188	157	914.1891192	91	917.010421	21	850.8539728
ExG.HN.22.Aug	0.83454577	-0.000827798	0.003957656	109	0.301030024	66	0.300202226	17	0.28119671
ExG.HN.26.Aug	0.83489288	0.001728542	0.008281698	109	0.391794399	66	0.393522941	17	0.385094966
GLI.HN.1.Sep	0.838310765	0.00075232	0.00368178	109	0.182848828	66	0.183601148	17	0.172272218
Woebbecke.HN.26.Aug	0.842359942	0.158423947	0.795502912	109	19.65695711	66	19.81538106	17	23.28933272
DaysToTassel	0.845440099	0.212602528	1.089542727	157	78.01255128	91	78.22515381	21	73.23682094
EarLength	0.849759709	-0.365418602	1.927216257	157	128.3220539	91	127.9566353	21	124.4172201
LN.N	0.850105698	-0.004018815	0.021240175	130	2.004377152	74	2.000358337	17	2.031726344
HN_LN.N	0.851975661	0.002612845	0.013985832	130	1.4103763	73	1.412989145	17	1.388457981
NGR.HN.20.Aug	0.855370545	-0.000985675	0.005400377	109	0.12400372	66	0.123018045	17	0.110151733
MGR.HN.20.Aug	0.856973143	-0.001935031	0.010721885	109	0.247026369	66	0.245091338	17	0.219474271
Woebbecke.HN.30.Aug	0.868658355	-0.157603511	0.951782273	109	18.96260293	66	18.80499942	17	22.006049
HN_LN.Ca	0.871761885	0.005363051	0.033183834	124	1.273757266	73	1.279120317	18	1.245476001
EarHeight	0.872100054	0.357429204	2.218033898	157	65.34818294	91	65.70561214	21	53.60223974
canopy.HN.3.Sep	0.873693782	-0.469906938	2.951970989	109	42.72678057	66	42.25687363	17	34.14854536
GLI.HN.26.Aug	0.874863091	0.000930861	0.005902805	109	0.285270132	66	0.286200993	17	0.28066992
X.33032..L.glutamic.acid.3..dehydrated...13.232..s100	0.882756062	9.89E-05	0.000669401	107	0.011329719	67	0.011428575	16	0.011582609
RGB.HN.23.Aug	0.891851725	0.000842758	0.006190161	109	0.470252831	66	0.471095589	17	0.436068898
X.444212..trans.aconitic.acid..15.842..s100	0.898810409	0.00022745	0.001786291	112	0.017313039	69	0.017540489	16	0.015605674
RGB.HN.22.Aug	0.902898176	-0.000667263	0.00546198	109	0.445721824	66	0.445054561	17	0.418036432
X.791..DL.isoleucine.2..10.225.	0.904109708	-8.42E-05	0.000697951	112	0.005182505	67	0.00509831	15	0.007692854
RGB.LN.12.Aug	0.907138593	0.000523854	0.004484795	110	0.485293215	63	0.485817069	17	0.466663921
VEG.LN.3.Sep	0.910526351	-0.014762588	0.131191644	110	4.566778286	63	4.552015698	17	4.933276
HN_LN.S	0.911664417	-0.002046041	0.018421477	129	1.184640368	76	1.182594327	16	1.147819084
LN.Mg	0.921963364	0.000535077	0.005455945	131	0.15488073	76	0.155415807	18	0.166613302
MGR.LN.30.Aug	0.923556967	0.000724634	0.007541688	110	0.145401223	63	0.146125856	17	0.112963657
NGR.LN.30.Aug	0.925670546	0.000353427	0.003783235	110	0.072852462	63	0.073205889	17	0.056582418
GLI.HN.12.Aug	0.930902369	-0.000271758	0.003129939	109	0.260359341	66	0.260087583	17	0.245181264
canopy.HN.16.Aug	0.939795412	0.26008181	3.43898251	109	51.40806754	66	51.66814935	17	41.82772572
X.236..L.asparagine.2..14.984.	0.940744614	0.000946642	0.012718566	114	0.029834897	68	0.030781538	16	0.036365462
RGB.HN.6.Jul	0.941333942	-0.000533892	0.007244714	107	0.329695161	63	0.329161269	17	0.311071248
LeafLength	0.941373598	-0.977019236	13.27236148	157	743.6901771	91	742.7131579	21	691.4357718
ExG.LN.12.Aug	0.948536696	0.00021643	0.003348689	110	0.328960541	63	0.329176971	17	0.315153574
G_Fe	0.948786357	-0.222437888	3.458595222	112	95.52678571	69	95.30434783	15	94.4
VARI.LN.26.Aug	0.948932309	-0.00051535	0.00803556	110	0.184565021	63	0.184049671	17	0.167025491
NGR.HN.14.Aug	0.955867256	-0.000230449	0.00415868	109	0.112482213	66	0.112251764	17	0.094466788
MGR.HN.14.Aug	0.958098068	-0.000434069	0.008250674	109	0.224059616	66	0.223625546	17	0.188220304
VARI.HN.14.Aug	0.960594158	-0.000365125	0.007380206	109	0.195906753	66	0.195541628	17	0.163381162
GLI.HN.6.Jul	0.962092995	-0.000207662	0.004363373	107	0.176114905	63	0.175907244	17	0.165704309
DaystoSilk	0.963199434	-0.05154026	1.116012503	157	79.57380894	91	79.52226868	21	74.89843757
HN_LN.Zn	0.964295085	-0.001929356	0.043033214	94	1.32066477	58	1.318735414	12	1.485078518
ExG.HN.23.Aug	0.965566113	0.000201689	0.004665789	109	0.321612964	66	0.321814653	17	0.296436359
G_Na	0.968147747	-6.47E-06	0.000161817	112	0.001803571	69	0.001797101	15	0.001733333
RGB.HN.12.Aug	0.968603258	0.000237379	0.006022963	109	0.523442782	66	0.523680161	17	0.494186588
X.119..gamma.aminobutyric.acid..GABA...13.326.	0.968976619	0.000146349	0.003758161	114	0.014603141	69	0.014749489	16	0.010799544
X.6057..tyrosine.2..17.871.	0.96940423	5.71E-05	0.001486202	113	0.0207036	68	0.020760678	16	0.0192255
ExG.HN.12.Aug	0.969797049	-0.000169007	0.004457756	109	0.355856568	66	0.355687561	17	0.334678552
HN.N	0.970211597	-0.000546278	0.014612492	133	2.816222134	78	2.815675856	18	2.804856111
ExG.HN.6.Jul	0.970619569	-0.000254757	0.006907478	107	0.258185563	63	0.257930806	17	0.242964805
NGR.LN.26.Aug	0.974043695	-0.000151266	0.004642823	110	0.112316369	63	0.112165103	17	0.100930166
VARI.HN.6.Jul	0.978113021	0.000249918	0.009097178	107	0.225567634	63	0.225817551	17	0.200295463
MGR.LN.26.Aug	0.982006164	-0.000208288	0.009222785	110	0.22361191	63	0.223403622	17	0.201102136
VARI.LN.30.Aug	0.987088682	0.000108332	0.006685409	110	0.124265737	63	0.124374069	17	0.096018531
GDDDaystoSilk	0.988783169	0.18580588	13.20403803	157	931.7325807	91	931.9183866	21	873.1284471
GLI.LN.12.Aug	0.989760417	3.04E-05	0.002364247	110	0.239889542	63	0.239919925	17	0.230358503
GLI.HN.23.Aug	0.990689072	-3.83E-05	0.003277063	109	0.234106001	66	0.234067708	17	0.216094687
NGR.HN.6.Jul	0.994175584	4.13E-05	0.005649128	107	0.144136127	63	0.144177421	17	0.129375791
X.439242..Raffinose..29.282.	0.995570606	1.95E-05	0.003515651	114	0.018682638	68	0.01870218	16	0.016551895
MGR.HN.6.Jul	0.997139595	-3.50E-05	0.009751233	107	0.26570885	63	0.265673844	17	0.238169161
