trait	pval	eff	std	Nhap1	hap1	Nhap2	hap2	Nhap3	hap3
DaysToTassel	1.13E-07	6.375833345	1.169009039	97	74.73050367	88	81.10633701	84	77.59781279
GDDDaystoTassel	5.62E-07	74.71860867	14.56785433	97	874.6380042	88	949.3566129	84	910.2417274
DaystoSilk	1.41E-06	5.955365022	1.206580552	97	76.40370053	88	82.35906555	84	79.09196335
UpperLeafAngle	3.06E-06	8.521493303	1.787149396	97	52.81334194	88	61.33483525	84	61.67823227
GDDDaystoSilk	9.26E-06	65.07885868	14.39372791	97	896.715598	88	961.7944567	84	926.2257209
LeafLength	1.24E-05	64.19226382	14.4093191	97	713.4595694	88	777.6518333	84	728.8984145
SecondaryBranchNumber	1.98E-05	0.794113817	0.182767587	97	1.643067648	88	2.437181465	84	1.968244543
VEG.HN.12.Aug	0.000120799	-0.421929517	0.107463478	73	4.833383644	55	4.411454127	64	4.630116275
VEG.HN.22.Aug	0.000124954	-0.364684764	0.093092477	73	4.485600502	55	4.120915738	64	4.299689989
VEG.HN.30.Aug	0.000145234	-0.394411988	0.101703212	73	4.338012634	55	3.943600646	64	4.133427593
EarHeight	0.000147832	9.453650819	2.455288702	97	59.89977257	88	69.35342338	84	64.89456266
SouthernLeafBlight	0.00022829	0.561276498	0.150210618	97	6.405658802	88	6.966935301	84	6.810878432
HN.FW	0.000259688	4.1656589	1.121418756	82	29.0072697	67	33.1729286	68	31.68493465
VEG.LN.20.Aug	0.000289854	-0.34610824	0.093698128	74	3.276613365	52	2.930505125	64	3.140222117
VEG.HN.5.Sep	0.000343327	-0.329121464	0.090251146	73	3.651500576	55	3.322379112	64	3.493387817
VEG.LN.5.Sep	0.000474335	-0.384648571	0.108120848	74	3.193703014	52	2.809054442	64	3.038286547
VEG.HN.23.Aug	0.000530561	-0.305818011	0.086747705	73	3.763479641	55	3.45766163	64	3.621849059
HN.DW	0.000615945	0.743289527	0.213872988	85	6.892064926	67	7.635354454	68	7.352859162
VEG.LN.14.Aug	0.000641124	-0.320841505	0.092402216	74	3.050854466	52	2.730012962	64	2.921042039
VEG.LN.22.Aug	0.000694137	-0.360613624	0.104542144	74	3.82430423	52	3.463690606	64	3.614810703
VEG.LN.23.Aug	0.000869402	-0.327991935	0.096915744	74	3.273015926	52	2.94502399	64	3.123200469
VEG.HN.1.Sep	0.001028012	-0.369919589	0.110933255	73	4.0400616	55	3.670142011	64	3.919680946
VEG.HN.16.Aug	0.001042754	-0.745175841	0.223748519	73	8.335665888	55	7.590490047	64	7.763541683
HN.B	0.001105659	-2.125721326	0.64265291	83	17.84391729	65	15.71819596	66	16.32794467
X.892..myo.inositol..19.354..s100	0.00125631	0.011137947	0.003402114	73	0.050584184	63	0.061722131	61	0.051231381
VEG.LN.30.Aug	0.001440493	-0.308885886	0.095494997	74	3.62801202	52	3.319126135	64	3.482323836
G_B	0.001664826	-24.93306011	7.817914872	72	74.91666667	61	49.98360656	63	57.55555556
VEG.HN.14.Aug	0.001888944	-0.30036204	0.095307041	73	3.626357051	55	3.325995011	64	3.54011869
VEG.LN.1.Sep	0.002405851	-0.35469246	0.115276214	74	3.784557527	52	3.429865067	64	3.65758857
HN.LA	0.00241809	99.41970442	32.40704106	86	1189.350806	71	1288.770511	73	1239.835711
VEG.LN.12.Aug	0.002734317	-0.359944751	0.11853603	74	4.081434885	52	3.721490135	64	3.898743797
G_Zn	0.003023111	-25.37613843	8.449024191	72	102.2777778	61	76.90163934	63	75.84126984
VEG.LN.16.Aug	0.003142776	-0.682550512	0.228104583	74	7.119676243	52	6.437125731	64	6.676042852
G_S	0.003248243	-0.078280965	0.026264545	72	0.396805556	61	0.31852459	63	0.335079365
LN.FW	0.004029598	2.075507985	0.714109366	83	23.08653815	68	25.16204614	72	24.40216584
G_N	0.004080597	-0.252832423	0.086984154	72	3.376111111	61	3.123278689	63	3.043809524
PlantHeight	0.004296433	8.454681722	2.93534761	97	130.6493052	88	139.1039869	84	136.7605606
LN.N	0.004469893	-0.067057709	0.023341935	84	2.02885999	68	1.961802282	69	2.018957974
VEG.HN.3.Sep	0.005035163	-0.415365016	0.146356661	73	5.734472978	55	5.319107962	64	5.547358112
X.444212..trans.aconitic.acid..15.842..s100	0.005266149	0.005492054	0.00194601	73	0.015893893	63	0.021385947	61	0.014614363
G_FW	0.005459424	7.221944444	2.569644689	72	30.96805556	60	38.19	63	30.95952381
TasselBranchLength	0.00557068	13.16463172	4.710344399	97	196.6604581	88	209.8250898	84	197.2947812
VEG.LN.26.Aug	0.005782132	-0.334750598	0.119895266	74	4.062125108	52	3.72737451	64	3.966228789
TasselPrimaryBranches	0.005907199	1.868184891	0.673158836	97	10.20708612	88	12.07527101	84	10.96917391
LN.CHL	0.006093361	-14.46251289	5.222262594	85	285.4494796	67	270.9869667	72	285.541711
LN.B	0.006945952	-1.011622928	0.371060412	83	15.10746753	64	14.0958446	66	14.53321482
VEG.HN.26.Aug	0.007362255	-0.346786609	0.127998572	73	4.673115487	55	4.326328878	64	4.467799347
MiddleLeafAngle	0.007858372	2.679298129	1.000103058	96	60.20684882	84	62.88614695	81	63.56015825
G_LA	0.008681554	254.8865292	96.12703689	72	1275.064338	60	1529.950867	63	1219.66154
canopy.LN.20.Aug	0.010840958	8.719515261	3.388136997	74	47.5852002	52	56.30471546	64	46.87227833
canopy.LN.22.Aug	0.011314774	8.481113959	3.315305738	74	47.50764566	52	55.98875962	64	47.65613101
canopy.LN.26.Aug	0.011439651	8.326698117	3.25998476	74	52.8238938	52	61.15059191	64	53.55231235
VEG.HN.20.Aug	0.011926225	-0.252321512	0.099382405	73	3.875922116	55	3.623600604	64	3.771432809
LN.DW	0.013234505	0.377026206	0.150941383	81	5.734280112	69	6.111306318	71	5.980283269
ExG.HN.16.Aug	0.01355146	0.019538168	0.007839354	73	0.50366867	55	0.523206837	64	0.520092703
X.439958..D.glucose.6.phosphate.1..21.394.	0.015705236	-0.002577413	0.001057551	73	0.018941208	63	0.016363794	61	0.017455011
canopy.LN.16.Aug	0.015891432	8.085936683	3.322677004	74	46.89122769	52	54.97716438	64	46.80955354
canopy.HN.30.Aug	0.016791684	9.230425608	3.82581707	73	48.47711451	55	57.70754012	64	49.98056859
canopy.HN.16.Aug	0.017270507	9.387086063	3.907903329	73	46.9402674	55	56.32735347	64	50.00007179
canopy.LN.14.Aug	0.017384781	8.60724664	3.586627565	74	49.23858087	52	57.84582751	64	48.76242663
canopy.LN.12.Aug	0.017785224	8.048860446	3.366027926	74	52.05143278	52	60.10029323	64	51.09488396
HN_LN.FW	0.018494286	0.090278245	0.038023876	79	1.255223418	65	1.345501663	67	1.303420927
X.5960..aspartic.acid.2..13.207.	0.018584761	0.006090996	0.002565862	73	0.070167001	62	0.076257997	61	0.075422965
LN.LA	0.020020793	60.18219171	25.6874389	83	1049.619389	70	1109.801581	72	1077.451808
GLI.HN.16.Aug	0.020127321	0.012975382	0.005536039	73	0.370506968	55	0.38348235	64	0.381573816
RGB.HN.16.Aug	0.020450448	0.025190406	0.010775822	73	0.741675432	55	0.766865838	64	0.763419039
TasselLength	0.020846007	13.98384231	6.015567296	97	318.8577416	88	332.8415839	84	323.1221676
canopy.LN.23.Aug	0.022594521	7.638059853	3.321947367	74	52.86452316	52	60.50258301	64	52.53866139
G_DW	0.022752159	1.174704007	0.51163821	72	7.409722222	61	8.58442623	63	7.254126984
canopy.HN.1.Sep	0.023418214	9.928551802	4.34493521	73	47.93373484	55	57.86228665	64	49.35255584
Woebbecke.HN.5.Sep	0.024364672	-2.003817345	0.882917229	73	16.51314814	55	14.5093308	64	14.79432797
HN.P	0.024658839	-0.008851361	0.003913357	85	0.301979248	71	0.293127887	73	0.297504969
G_CHL	0.025863134	-34.17033242	15.2159062	72	520.2736111	61	486.1032787	62	506.1064516
canopy.LN.1.Sep	0.026057375	8.744836902	3.898375114	74	45.23164824	52	53.97648515	64	46.17751791
GerminationCount	0.027944048	-0.417377661	0.188843112	97	6.664143662	88	6.246766001	84	6.493580117
HN_LN.Fe	0.029725105	0.03753378	0.017155661	85	1.337929744	69	1.375463524	71	1.361325054
HN_LN.X20KW	0.029910155	0.050439464	0.023044958	64	1.033115111	57	1.083554574	61	1.018153097
HN.N	0.029963177	-0.035669445	0.016329363	86	2.831468107	70	2.795798662	73	2.814459
X.1549111..caffeic.acid..19.755.	0.03031175	-0.001875178	0.000859254	73	0.010591535	59	0.008716357	61	0.009766548
canopy.HN.20.Aug	0.033052044	8.322861481	3.876163757	73	48.93838987	55	57.26125136	64	50.15434908
canopy.LN.5.Sep	0.034318807	7.551456685	3.542095844	74	37.66162014	52	45.21307682	64	38.54695181
Woebbecke.HN.3.Sep	0.035406927	-2.054484932	0.969610479	73	21.32988752	55	19.27540258	64	19.49992334
X.60961..adenosine..23.825.	0.035421345	0.000130362	6.15E-05	73	0.000287461	63	0.000417823	61	0.000293543
canopy.LN.3.Sep	0.035979574	6.349522525	3.005834104	74	38.26121003	52	44.61073255	64	39.88468372
LN.Fe	0.036758644	-2.103283402	1.001057552	85	75.97683666	70	73.87355326	71	75.17781122
HN_LN.B	0.03929995	-0.082182631	0.039606268	80	1.188851377	58	1.106668746	60	1.132402929
Woebbecke.LN.16.Aug	0.039698685	-1.034762108	0.499558621	74	11.40071372	52	10.36595162	64	10.40658045
canopy.HN.22.Aug	0.040100386	7.450821368	3.604715182	73	50.25957312	55	57.71039448	64	51.72528409
G_Cu	0.042288308	-2.04348816	0.999633776	72	13.48611111	61	11.44262295	63	11.68253968
VEG.LN.3.Sep	0.043570994	-0.304492601	0.149850652	74	4.717065101	52	4.4125725	64	4.601120391
canopy.HN.23.Aug	0.045690996	7.411547509	3.684551015	73	55.63452037	55	63.04606788	64	56.90622926
G_Mn	0.046797219	-14.46288707	7.227952069	72	63.06944444	61	48.60655738	63	55.93650794
HN_LN.Cu	0.04759894	0.102413898	0.051354021	71	1.662657545	59	1.765071443	57	1.728943001
HN_LN.DW	0.048970033	0.065940397	0.033295517	80	1.207111541	65	1.273051938	66	1.236127623
canopy.HN.12.Aug	0.049570734	7.266101119	3.67653938	73	53.81856652	55	61.08466764	64	53.98405154
X.1001..phenethylamine..13.742.	0.05053502	-0.000762322	0.00038743	73	0.001918074	63	0.001155752	61	0.001541439
HN.Mg	0.051796249	0.012408953	0.006346451	85	0.200677836	71	0.213086788	71	0.206960913
canopy.HN.26.Aug	0.052774862	7.074979563	3.630045625	73	56.71333979	55	63.78831935	64	57.66130961
CobDiameter	0.052827496	0.668991217	0.343952644	97	25.06652021	88	25.73551143	84	25.77944218
VARI.LN.22.Aug	0.054628955	-0.014449834	0.007471672	74	0.165321308	52	0.150871474	64	0.157970181
G_LWC	0.055754851	0.012084167	0.006278721	72	0.754945833	60	0.76703	63	0.760993651
Woebbecke.LN.3.Sep	0.05698275	-1.682129076	0.87826812	74	23.45460148	52	21.7724724	64	21.28263008
canopy.HN.3.Sep	0.060030295	6.385228023	3.374993436	73	39.09834178	55	45.4835698	64	41.73316756
canopy.LN.30.Aug	0.060766496	6.886401368	3.650202167	74	48.56831686	52	55.45471823	64	47.52233548
canopy.HN.14.Aug	0.063672477	7.310577551	3.919000458	73	48.9904737	55	56.30105125	64	48.66707217
canopy.HN.5.Sep	0.063953816	6.967075533	3.738855539	73	37.75538058	55	44.72245611	64	40.00767505
Woebbecke.HN.30.Aug	0.064426067	-2.027014727	1.089738111	73	20.27424443	55	18.2472297	64	18.72717244
Spikelets.PrimaryBranch	0.064662767	-0.768468432	0.414200107	97	15.90892394	88	15.14045551	83	14.89777337
Woebbecke.LN.30.Aug	0.06771846	-1.877300073	1.021642896	74	21.23732317	52	19.3600231	64	19.44091969
Woebbecke.LN.26.Aug	0.069128014	-1.511399913	0.826760123	74	20.92584743	52	19.41444752	64	19.93202788
X.5460673..D.saccharic.acid..18.614.	0.070834421	0.000307905	0.000169483	73	0.001136469	60	0.001444373	60	0.001244028
VARI.LN.23.Aug	0.076006006	-0.01435203	0.008043775	74	0.193611857	52	0.179259827	64	0.188815378
LN.S	0.080710394	-0.006015544	0.003428334	82	0.160354854	69	0.154339309	72	0.15830652
HN.S	0.081297215	-0.003426777	0.001956966	86	0.185904078	69	0.182477301	73	0.184145494
X.2116..alpha.tocophereol..27.379.	0.088435644	-0.000322401	0.000188142	62	0.001443553	55	0.001121152	55	0.001140882
HN.CL	0.095980306	-0.321129924	0.192068036	82	12.4790255	65	12.15789558	72	12.19938591
ExG.LN.16.Aug	0.097399074	0.010325881	0.006198221	74	0.496350143	52	0.506676024	64	0.504431841
X.444266..maleic.acid..10.323.	0.098977387	1.22E-05	7.37E-06	72	4.47E-05	61	5.69E-05	61	5.23E-05
X.6255..maltose.1..24.702.	0.099657246	-0.000395055	0.000238786	73	0.003974989	63	0.003579934	61	0.00361764
VARI.LN.5.Sep	0.101873962	-0.015186151	0.009237797	74	0.125257494	52	0.110071343	64	0.127088432
X.5321342..beta.sitosterol..28.848.	0.1027303	-0.000609715	0.000371419	57	0.003996287	50	0.003386571	49	0.003735204
HN_LN.N	0.104580885	0.025391653	0.015579	84	1.401754073	67	1.427145727	69	1.401953716
MGR.LN.22.Aug	0.108053958	-0.013343654	0.008263677	74	0.189961769	52	0.176618115	64	0.183724502
HN.Mn	0.108447332	4.740364174	2.939971569	76	71.96569778	63	76.70606195	65	73.39640133
NGR.LN.22.Aug	0.111298875	-0.006637832	0.004148787	74	0.09517404	52	0.088536208	64	0.092069495
HN_LN.CHL	0.111395713	0.040226525	0.025167666	85	1.414469839	68	1.454696364	71	1.433521698
X.6537496..chlorogenic.acid.1..26.37.	0.111704668	0.001361401	0.000852023	73	0.001282755	63	0.002644157	61	0.001411009
X20KernelWeight	0.111934689	-0.154439652	0.096834437	96	4.611251261	88	4.456811609	83	4.571114301
G_P	0.113168907	-0.04154827	0.026108928	72	0.457777778	61	0.416229508	63	0.437142857
VARI.LN.20.Aug	0.113860022	-0.013879548	0.008737455	74	0.154325597	52	0.140446049	64	0.150982746
Woebbecke.HN.26.Aug	0.115390062	-1.459370977	0.922659758	73	20.73028503	55	19.27091406	64	19.89267267
HN.Zn	0.11770929	-1.56448976	0.995854288	81	29.0112724	61	27.44678264	68	26.31872435
HN.CHL	0.121235574	-8.716488684	5.603798071	86	400.1532777	71	391.436789	72	405.7589287
Woebbecke.LN.5.Sep	0.128532775	-1.290670709	0.84541585	74	17.25623076	52	15.96556005	64	15.80163969
X.6288..L.threonine.2..11.464.	0.138723804	0.002131854	0.001433974	73	0.013711005	63	0.015842859	61	0.015746208
VARI.HN.16.Aug	0.142028761	-0.032936476	0.0223384	73	0.71461431	55	0.681677833	64	0.70468523
X.1060..pyruvic.acid..6.714.	0.144171439	-0.000385981	0.000263231	73	0.000492263	63	0.000106283	62	0
X.6537496..chlorogenic.acid.2..27.18..s100	0.146606044	0.004290072	0.002942882	69	0.006678865	61	0.010968938	57	0.011126594
LN.Zn	0.151337428	-1.261312295	0.875229991	62	22.18286232	60	20.92155002	56	20.32312644
Woebbecke.LN.14.Aug	0.15382069	-1.177238485	0.822109013	74	14.61736551	52	13.44012703	64	14.42461845
RGB.LN.16.Aug	0.155526907	0.012199132	0.008554611	74	0.728331689	52	0.74053082	64	0.738602129
X.448388..D.allose.1..17.278.	0.157662378	8.60E-05	6.06E-05	72	0.000840416	63	0.000926405	60	0.000821353
GLI.LN.16.Aug	0.159735676	0.006227553	0.004411764	74	0.363884609	52	0.370112162	64	0.368828763
MGR.LN.5.Sep	0.162180036	-0.013960183	0.009947975	74	0.144280689	52	0.130320506	64	0.147773437
X.439183..3.phosphoglyceric.acid..16.504.	0.16224932	-0.00070572	0.000503049	73	0.005007963	63	0.004302243	61	0.005485935
Woebbecke.HN.1.Sep	0.165670782	-1.492022214	1.072141644	73	19.14834254	55	17.65632032	64	17.90956773
LN.X20KW	0.166080518	-0.174493287	0.125504727	66	4.659478699	59	4.484985412	65	4.796222935
NGR.LN.5.Sep	0.166415338	-0.006955842	0.005006982	74	0.072403125	52	0.065447283	64	0.074175063
X.33032..L.glutamic.acid.3..dehydrated...13.232..s100	0.170777867	0.00102961	0.000748809	70	0.010853179	61	0.011882789	59	0.011504127
MGR.LN.23.Aug	0.172998847	-0.012068275	0.008822771	74	0.228049745	52	0.21598147	64	0.225239687
Woebbecke.HN.20.Aug	0.178052467	-1.085426135	0.802944314	73	13.34496915	55	12.25954302	64	12.73186762
NGR.LN.23.Aug	0.183871027	-0.005937188	0.004451123	74	0.114525772	52	0.108588584	64	0.113181272
X.439451..galactinol.2..26.479.	0.185771015	0.002841665	0.002140006	73	0.014373916	63	0.017215581	62	0.018859484
HN_LN.P	0.191259479	-0.015029086	0.0114649	84	1.011155331	70	0.996126245	70	0.999931034
X.637775..3.5.dimethoxy.4.hydroxycinnamic.acid.2..20.65.	0.19277188	0.000102498	7.84E-05	73	0.000222014	62	0.000324513	61	0.000358185
HN.Ca	0.19401864	0.013490591	0.010355535	86	0.407715571	69	0.421206162	69	0.411017633
MGR.LN.20.Aug	0.194762251	-0.012431009	0.00955288	74	0.178795795	52	0.166364786	64	0.176603517
X.5962..L.lysine.2..17.643.	0.196328556	0.000273538	0.000210971	73	0.000839448	62	0.001112986	61	0.001554788
LN.CL	0.198539209	-0.16771087	0.130038314	80	12.06362279	66	11.89591192	72	11.92113405
NGR.LN.20.Aug	0.201554898	-0.006161183	0.004807255	74	0.089679046	52	0.083517863	64	0.088616213
Woebbecke.HN.16.Aug	0.208004925	-0.765291883	0.605744294	73	10.87556555	55	10.11027367	64	9.886835686
HN_LN.K	0.211975569	-0.016856149	0.013466506	86	1.054042487	70	1.037186338	72	1.051274583
NumberofTilleringPlants	0.218063444	0.042946714	0.034785519	97	1.252608392	88	1.295555106	84	1.297708217
TotalKernelVolume	0.219438006	1.388001078	1.127481802	93	59.64358853	83	61.03158961	81	61.32760915
Woebbecke.LN.12.Aug	0.237905779	-0.845321701	0.713938733	74	15.04882073	52	14.20349903	64	14.8793588
HN_LN.LA	0.24046288	0.026658366	0.022649756	83	1.139775535	70	1.166433901	72	1.15313549
ExG.HN.20.Aug	0.242449037	0.006790964	0.005791582	73	0.273706545	55	0.28049751	64	0.281743883
VARI.LN.12.Aug	0.249604353	-0.009151894	0.007924393	74	0.219949068	52	0.210797173	64	0.215607398
X.642609..trans.caftaric.acid.2..25.529.	0.251908107	-0.000825819	0.000718386	65	0.002271013	55	0.001445194	57	0.001428919
VARI.LN.1.Sep	0.254468306	-0.009941564	0.008697202	74	0.131538776	52	0.121597212	64	0.130239176
X.239..Beta..alanine..1..12.044.	0.255021983	0.001106975	0.000969659	73	0.005130759	63	0.006237734	61	0.005277511
Spikelets.MainSpike	0.261587588	-0.561180307	0.498806644	97	23.68877457	88	23.12759426	83	23.93333228
X.2724705..1.6.anhydro.glucose..15.326.	0.264895349	0.000151002	0.000135047	73	0.00165138	63	0.001802381	60	0.001584902
RGB.HN.20.Aug	0.266948647	0.008869995	0.00796655	73	0.404400205	55	0.4132702	64	0.415657131
LN.Cu	0.269756536	-0.27411739	0.247658364	72	6.817829733	62	6.543712343	60	6.808905214
HN_LN.Mn	0.27357876	0.063124866	0.057472548	67	1.360909639	56	1.424034506	53	1.341803363
GLI.LN.22.Aug	0.282856181	-0.003051131	0.002832922	74	0.202747964	52	0.199696834	64	0.202206
Woebbecke.HN.14.Aug	0.283821832	-0.942377361	0.876770121	73	12.96904132	55	12.02666396	64	12.5125852
Woebbecke.LN.23.Aug	0.284590951	-0.632653847	0.589534956	74	12.3045437	52	11.67188986	64	11.94871345
LN.Mg	0.28931408	0.006493632	0.006113571	84	0.151217331	70	0.157710963	71	0.159971735
LN.P	0.292645167	-0.004181957	0.003964542	85	0.298577028	70	0.29439507	70	0.299301335
HN_LN.CL	0.293389779	-0.012724522	0.012080163	79	1.035059302	65	1.02233478	70	1.024454493
GLI.HN.20.Aug	0.294108951	0.004355726	0.004140133	73	0.200518824	55	0.20487455	64	0.206003381
HN_LN.S	0.300248094	0.021788877	0.020983728	82	1.172634563	67	1.19442344	72	1.178867737
G_K	0.301374797	-0.103913934	0.100277303	72	2.53375	61	2.429836066	63	2.623968254
VARI.LN.14.Aug	0.309204399	-0.00695198	0.006817901	74	0.132444353	52	0.125492373	64	0.129934156
G_Ca	0.316247647	-0.06367031	0.063365677	72	0.840555556	61	0.776885246	63	0.690793651
X.6255..maltose..2..24.915.	0.329190221	0.000344622	0.000352231	70	0.003426618	59	0.00377124	54	0.003244059
HN_LN.Ca	0.329874726	0.036255079	0.037123348	83	1.267021123	65	1.303276202	67	1.251709638
X.439242..Raffinose..29.282.	0.331144372	0.003828388	0.003929615	73	0.01578109	63	0.019609479	62	0.02062875
ExG.LN.26.Aug	0.336705477	0.006315518	0.006557004	74	0.359527249	52	0.365842766	64	0.370428733
MGR.HN.16.Aug	0.337185966	-0.02062882	0.021439552	73	0.742009712	55	0.721380892	64	0.739746475
VEG.LN.6.Jul	0.343752785	0.027604292	0.02907972	73	1.639574521	48	1.667178813	63	1.672874778
VARI.LN.16.Aug	0.349280119	-0.019539891	0.020823894	74	0.56593912	52	0.546399229	64	0.559184927
NGR.HN.16.Aug	0.351278631	-0.010107142	0.010816466	73	0.372528955	55	0.362421812	64	0.371599603
LN.K	0.355967521	0.033056286	0.035737315	86	2.20763697	70	2.240693255	72	2.208548137
GLI.LN.23.Aug	0.360804671	-0.002565852	0.002800903	74	0.213897775	52	0.211331923	64	0.214942895
EarRankNumber	0.361139409	0.29430271	0.321704977	94	21.12892078	86	21.42322349	81	21.68483816
MGR.LN.1.Sep	0.362297991	-0.008729032	0.009558425	74	0.149790803	52	0.141061771	64	0.149543639
GDDAnthesis.SilkingInterval	0.362768017	-1.776279483	1.948380268	97	24.61267845	88	22.83639896	84	22.122311
VARI.HN.22.Aug	0.362947684	-0.0078016	0.008554693	73	0.217944916	55	0.210143316	64	0.217488866
RGB.LN.22.Aug	0.366097486	-0.004908444	0.005417661	74	0.411899229	52	0.406990785	64	0.411583327
NGR.LN.1.Sep	0.366167533	-0.004341632	0.004792748	74	0.075016018	52	0.070674385	64	0.07489842
X.750..glycine..10.456..s100	0.366252537	-0.018685628	0.020632878	74	0.171451926	63	0.152766297	61	0.167338604
RGB.LN.26.Aug	0.369053466	0.008062254	0.008953855	74	0.535310695	52	0.543372949	64	0.550661931
HN_LN.Mg	0.370186416	0.033029019	0.03678212	84	1.356609833	70	1.389638852	69	1.333913225
ExG.HN.3.Sep	0.371463744	0.009131535	0.010192966	73	0.364213327	55	0.373344862	64	0.375313889
G_Fe	0.374126596	-3.495901639	3.924295328	72	97.25	61	93.75409836	63	94.76190476
Woebbecke.HN.12.Aug	0.379010079	-0.716176859	0.812184676	73	13.87804384	55	13.16186699	64	14.14736933
RowQuality	0.382548425	-0.012820764	0.01465792	97	2.190928201	88	2.178107437	83	2.2076295
Woebbecke.LN.1.Sep	0.385409772	-0.930821177	1.06989584	74	20.2540714	52	19.32325022	64	19.21161826
Woebbecke.HN.23.Aug	0.389566348	-0.580216715	0.672801534	73	11.33461659	55	10.75439988	64	10.85962096
ExG.LN.22.Aug	0.39696059	-0.003355235	0.003951932	74	0.276570764	52	0.273215529	64	0.276372518
RGB.HN.3.Sep	0.398389577	0.012125144	0.014325231	73	0.540500351	55	0.552625495	64	0.555959382
VARI.HN.5.Sep	0.399601792	-0.009584258	0.011352507	73	0.181000433	55	0.171416175	64	0.178176221
X.5460935..turanose.1..24.81.	0.406795612	-0.000428108	0.000514871	69	0.00257415	55	0.002146042	60	0.001960389
RGB.LN.23.Aug	0.406950085	-0.004331352	0.005211289	74	0.432977069	52	0.428645717	64	0.435563735
GLI.LN.5.Sep	0.410344307	-0.002553882	0.003095095	74	0.170164868	52	0.167610986	64	0.172074859
X.6287..L.valine.2..9.151.	0.41064423	-0.00139364	0.00169018	72	0.016510655	63	0.015117015	61	0.016896211
CobWeight	0.41130862	0.467356345	0.567946297	97	15.48676004	88	15.95411639	84	16.24522398
LeafWidth	0.417604461	1.459009785	1.797145359	97	84.77667439	88	86.23568417	84	85.73877884
GLI.HN.3.Sep	0.420018028	0.005964416	0.007380297	73	0.267634904	55	0.27359932	64	0.275339639
X.791..DL.isoleucine.2..10.225.	0.421076746	0.000635552	0.000788239	71	0.004860133	63	0.005495685	60	0.005768709
Woebbecke.HN.6.Jul	0.427184328	0.132549782	0.166565495	73	3.828238468	52	3.96078825	62	3.926291181
VARI.LN.30.Aug	0.427876732	-0.006177523	0.007774772	74	0.122851091	52	0.116673568	64	0.124673535
GLI.LN.20.Aug	0.43977687	-0.002467136	0.003186597	74	0.18573462	52	0.183267484	64	0.185821006
VARI.HN.23.Aug	0.447404055	-0.008110109	0.01065244	73	0.25396055	55	0.245850441	64	0.253828522
Woebbecke.LN.20.Aug	0.449267633	-0.546053637	0.720168556	74	14.35030461	52	13.80425097	64	13.97763516
NIROil	0.449540834	0.071276231	0.094116297	96	4.335086732	86	4.406362963	82	4.313426451
TilleringIndex	0.460941329	0.005972374	0.008088606	97	0.577299881	88	0.583272255	84	0.580039723
G_Thickness	0.461571576	-1.204527778	1.632720965	72	58.57069444	60	57.36616667	63	61.20698413
LN.Mn	0.461725675	2.224694391	3.016550165	71	53.68709638	63	55.91179077	60	57.62112713
VARI.LN.26.Aug	0.464879143	-0.006746794	0.009212677	74	0.183151768	52	0.176404974	64	0.187662897
ExG.LN.6.Jul	0.467065031	0.005214129	0.007154388	73	0.239361219	48	0.244575348	63	0.244308252
X.5280450..linoleic.acid..20.399.	0.474786409	0.000131915	0.000184187	67	0.000839513	57	0.000971428	61	0.001076734
ExG.HN.26.Aug	0.478102396	0.006715249	0.009447839	73	0.386000101	55	0.392715351	64	0.397615099
MGR.LN.12.Aug	0.4790052	-0.006128319	0.008639629	74	0.254887293	52	0.248758973	64	0.252556544
GLI.LN.26.Aug	0.486133526	0.003244595	0.00464937	74	0.261540537	52	0.264785132	64	0.268665766
ExG.HN.12.Aug	0.492986392	0.003574717	0.005204114	73	0.351441972	55	0.355016689	64	0.355814037
NGR.LN.12.Aug	0.494773782	-0.002973126	0.004346191	74	0.127820258	52	0.124847132	64	0.126714629
GLI.LN.6.Jul	0.495698909	0.003123102	0.004574948	73	0.164720179	48	0.167843281	63	0.167427523
NIRStarch	0.504208087	-0.188085685	0.281224586	96	66.5334441	86	66.34535842	82	66.74051842
VARI.HN.1.Sep	0.505191084	-0.007079861	0.01060464	73	0.15587766	55	0.148797799	64	0.160033359
RGB.HN.26.Aug	0.509241108	0.008545237	0.01292236	73	0.571684204	55	0.580229442	64	0.588012063
VARI.HN.12.Aug	0.512799934	-0.0062303	0.009501424	73	0.283741576	55	0.277511276	64	0.277185059
Woebbecke.LN.6.Jul	0.521389188	0.106236451	0.165359532	73	3.937759507	48	4.043995958	63	4.103784746
X.6106..L.leucine.2..9.945.	0.523557355	0.000815518	0.001276181	72	0.004819085	63	0.005634602	62	0.006800516
X.5984..fructose.1..17.18..s100	0.531611684	0.004064332	0.006485651	73	0.075472677	63	0.079537009	62	0.059121683
RGB.LN.3.Sep	0.532867244	0.00612102	0.009796847	74	0.499176851	52	0.505297871	64	0.513396288
X.439194..glyceric.acid..10.735.	0.533590578	0.000712828	0.001142996	73	0.013857819	63	0.014570648	61	0.012443572
RGB.LN.20.Aug	0.534188321	-0.003777219	0.0060651	74	0.377617733	52	0.373840514	64	0.378245961
NIRProtein	0.534783803	-0.093444221	0.150341921	96	14.18834171	86	14.09489749	82	14.08281839
HN_LN.CW	0.537298486	-0.014397931	0.02329917	76	1.083529311	63	1.06913138	66	1.047581823
ExG.LN.3.Sep	0.537724546	0.004338394	0.007026922	74	0.334160653	52	0.338499047	64	0.344190423
MGR.LN.14.Aug	0.538552864	-0.004737555	0.007689116	74	0.156080034	52	0.151342479	64	0.154505169
ExG.HN.30.Aug	0.540144506	0.003083525	0.005024395	73	0.283841062	55	0.286924586	64	0.288397141
ExG.LN.5.Sep	0.543289794	-0.002607539	0.004281953	74	0.232637509	52	0.23002997	64	0.23570558
RGB.LN.6.Jul	0.545182322	0.004671696	0.007707311	73	0.312735177	48	0.317406873	63	0.315952283
RGB.LN.5.Sep	0.546842289	-0.003501809	0.005801556	74	0.347684647	52	0.344182838	64	0.351840374
NGR.LN.14.Aug	0.550587901	-0.002313576	0.003869094	74	0.078277111	52	0.075963534	64	0.077525348
X.835..dehydroascorbic.acid..1..16.863.	0.552035316	-0.00015383	0.000258214	74	0.002113449	62	0.001959619	62	0.001731644
ExG.LN.23.Aug	0.564370881	-0.002284258	0.003956183	74	0.294075009	52	0.291790751	64	0.296330498
MGR.LN.30.Aug	0.564679537	-0.005067381	0.00878333	74	0.142991349	52	0.137923968	64	0.146359991
MGR.LN.16.Aug	0.564961429	-0.011358202	0.019701537	74	0.610091645	52	0.598733443	64	0.608132489
NGR.LN.30.Aug	0.571201573	-0.002499569	0.004406204	74	0.071625903	52	0.069126334	64	0.073324324
GLI.HN.26.Aug	0.57356381	0.00379876	0.006737871	73	0.281551683	55	0.285350443	64	0.28918049
X.6508..quinic.acid..17.076..s100	0.576449947	-0.004477108	0.008001575	72	0.034490967	63	0.030013859	61	0.037134533
MGR.HN.22.Aug	0.57645741	-0.005316856	0.009502232	73	0.244169782	55	0.238852926	64	0.245890635
NGR.LN.16.Aug	0.583718256	-0.005437246	0.009905434	74	0.306194731	52	0.300757485	64	0.305370328
ExG.LN.20.Aug	0.584494863	-0.002443126	0.004460034	74	0.254176676	52	0.25173355	64	0.25482052
NGR.HN.22.Aug	0.585723308	-0.002606623	0.004774206	73	0.122335743	55	0.11972912	64	0.123230097
MGR.HN.5.Sep	0.587102156	-0.006611494	0.012154117	73	0.201617438	55	0.195005944	64	0.200295302
NGR.HN.5.Sep	0.589305893	-0.003312941	0.00612639	73	0.101316553	55	0.098003612	64	0.100629853
RGB.HN.30.Aug	0.5903833	0.003725991	0.006910217	73	0.423192052	55	0.426918042	64	0.429478097
Woebbecke.HN.22.Aug	0.590842767	-0.437974755	0.813273632	73	15.93117096	55	15.4931962	64	15.51125267
X.439742..beta.cyano.L.alanine..11.288.	0.592662236	0.001014759	0.001893683	73	0.003918518	63	0.004933277	62	0.008473957
GLI.LN.30.Aug	0.598107138	-0.001514467	0.002868165	74	0.191962322	52	0.190447856	64	0.193545002
RGB.HN.12.Aug	0.60723231	0.00362571	0.007041732	73	0.517918462	55	0.521544172	64	0.523849197
X.637542..4.hydroxycinnamic.acid..17.854.	0.607799942	0.000165559	0.000322065	73	0.002582835	63	0.002748394	61	0.003050764
VARI.HN.26.Aug	0.612666294	-0.007049074	0.013900384	73	0.246274869	55	0.239225796	64	0.245309621
GLI.LN.3.Sep	0.617184135	0.002560997	0.005115023	74	0.244887622	52	0.247448619	64	0.251789621
HN_LN.CD	0.617426546	-0.004328493	0.008652241	76	1.002978628	63	0.998650134	66	0.995498132
GLI.HN.12.Aug	0.633276214	0.001748677	0.003659113	73	0.257511278	55	0.259259955	64	0.260240769
ExG.HN.1.Sep	0.639093891	0.002742293	0.005838097	73	0.244462727	55	0.24720502	64	0.252263234
HN.X20KW	0.645451157	-0.045314855	0.098342769	77	4.805351361	60	4.760036506	67	4.824163039
GLI.HN.30.Aug	0.645785363	0.001665494	0.00361779	73	0.208632338	55	0.210297832	64	0.21162343
VARI.HN.6.Jul	0.649945278	-0.0047567	0.010463882	73	0.223503057	52	0.218746357	62	0.22704406
RGB.HN.1.Sep	0.650034685	0.003733072	0.00821469	73	0.36462545	55	0.368358522	64	0.375851913
EarWeight	0.650912421	-0.968545015	2.138013361	97	63.99958604	88	63.03104102	82	68.14285886
MGR.HN.6.Jul	0.653651831	-0.005041193	0.011216907	73	0.263190341	52	0.258149148	62	0.267427809
X.5951..L.serine.2..11.174..s100	0.659794105	0.005059288	0.011475552	73	0.100539915	63	0.105599203	61	0.112803621
ExG.HN.14.Aug	0.669918049	0.001906296	0.004465152	73	0.266583029	55	0.268489326	64	0.271157514
X.119..gamma.aminobutyric.acid..GABA...13.326.	0.671664271	0.001789802	0.004216224	74	0.012420797	63	0.014210599	62	0.016788045
X.700..ethanolamine..9.879.	0.68082678	-0.000345509	0.000838684	71	0.006197849	62	0.005852341	61	0.006507389
X.738..L.glutamine.2..14.083.	0.685717728	4.06E-05	0.000100069	72	0.000747968	62	0.000788524	61	0.000775765
MGR.HN.1.Sep	0.687468906	-0.00468287	0.011622585	73	0.174135542	55	0.169452671	64	0.180364196
Woebbecke.LN.22.Aug	0.688984777	-0.320520245	0.799592204	74	17.02939928	52	16.70887904	64	16.70781457
VARI.HN.14.Aug	0.690146961	-0.003427701	0.008584976	73	0.192011967	55	0.188584265	64	0.197625862
NGR.HN.1.Sep	0.690979709	-0.002321595	0.005831169	73	0.087229852	55	0.084908257	64	0.090362676
X.754..glycerol.1.phosphate..16.056.	0.697256474	-0.001774629	0.004554986	73	0.016950436	63	0.015175807	62	0.022830978
X.5321515..stigmasterol..28.442.	0.698060905	-3.41E-05	8.78E-05	55	0.000825203	49	0.000791083	47	0.000988408
MGR.HN.23.Aug	0.698286419	-0.004592119	0.011828496	73	0.290041465	55	0.285449346	64	0.292987669
SeedSetLength	0.705613073	-0.662922052	1.753011228	97	110.9350554	88	110.2721334	83	112.7285665
NGR.HN.6.Jul	0.709407271	-0.002422366	0.006490285	73	0.142493427	52	0.140071061	62	0.145474454
NGR.LN.6.Jul	0.710894145	0.002411091	0.006494725	73	0.130936717	48	0.133347809	63	0.133328683
GLI.HN.1.Sep	0.713738558	0.00155437	0.004230835	73	0.179908224	55	0.181462594	64	0.185360666
RGB.LN.30.Aug	0.718420836	-0.001960195	0.005428167	74	0.392749624	52	0.39078943	64	0.396383303
G_Mg	0.720552785	0.007600182	0.021215142	72	0.263055556	61	0.270655738	63	0.252063492
ExG.HN.23.Aug	0.723021838	0.001941591	0.005470021	73	0.316629761	55	0.318571352	64	0.323431271
NGR.HN.23.Aug	0.723646173	-0.002118766	0.005983243	73	0.145717701	55	0.143598935	64	0.147295376
X.938..nicotinic.acid..10.27.	0.723954885	-3.88E-05	0.000109748	68	0.00092675	61	0.00088793	57	0.000824669
LN.Ca	0.727080001	0.004003427	0.011455912	83	0.326030657	66	0.330034084	71	0.337989248
X.3037582..mucic.acid..18.907.	0.72940232	-0.000253656	0.00073222	73	0.005272451	63	0.005018795	61	0.004779481
X.92824..D.malic.acid..12.794..s100	0.729860244	-0.000820017	0.002371277	73	0.028385458	63	0.02756544	60	0.025194056
ExG.LN.30.Aug	0.732010955	-0.001368665	0.003990699	74	0.261779221	52	0.260410556	64	0.264396181
HN_LN.Zn	0.742089521	-0.01629228	0.049422285	59	1.358408215	52	1.342115935	53	1.29271644
EarLength	0.751115629	-0.685208653	2.158158188	97	128.0778162	88	127.3926076	84	128.2057174
VARI.HN.3.Sep	0.75174353	-0.006517601	0.020573108	73	0.303095173	55	0.296577572	64	0.312490746
NGR.HN.20.Aug	0.763453648	0.001873194	0.006215323	73	0.120719334	55	0.122592528	64	0.124266804
MGR.LN.6.Jul	0.769413122	0.003349249	0.011408194	73	0.244653078	48	0.248002327	63	0.247459259
MGR.HN.20.Aug	0.771261151	0.003592825	0.01234041	73	0.240565811	55	0.244158636	64	0.247545876
HN.CW	0.773606171	-0.108611445	0.377085521	80	13.53884711	64	13.43023567	71	13.26450635
X.8742..shikimic.acid..16.433..s100	0.776005145	0.000925049	0.003246634	73	0.036873091	63	0.03779814	61	0.031136541
X.5988..Sucrose..23.988..s100	0.777653111	0.025729564	0.090991148	74	0.945651241	63	0.971380805	61	0.803663633
RGB.HN.14.Aug	0.786957752	0.00162233	0.005994263	73	0.393827541	55	0.395449871	64	0.400134285
X.971..oxalic.acid..7.883.	0.787012668	-6.00E-06	2.22E-05	73	0.00025067	61	0.000244667	60	0.000232859
X.311..citric.acid..16.615..s100	0.789846935	0.00049199	0.001843478	72	0.022718681	62	0.023210671	61	0.023348926
canopy.LN.6.Jul	0.791127627	-0.406749598	1.533597132	74	29.28523764	52	28.87848805	64	28.38364694
X.827..ribitol..15.66.	0.796147936	-5.30E-05	0.000204789	74	0.019651619	62	0.019598642	61	0.019759783
RGB.HN.6.Jul	0.796956751	-0.002143898	0.008320628	73	0.32692256	52	0.324778662	62	0.331434129
G_Na	0.803013517	4.58E-05	0.000183212	72	0.001708333	61	0.001754098	63	0.001936508
VARI.LN.6.Jul	0.803980574	0.002757718	0.011094643	73	0.207269629	48	0.210027348	63	0.209486332
X.128869..galactonic.acid.2..18.504.	0.807532777	-1.14E-05	4.66E-05	73	0.000563671	62	0.000552306	60	0.000539719
X.51..alpha.ketoglutaric.acid..13.859.	0.808773702	0.00012149	0.000501325	73	0.007293623	63	0.007415114	61	0.006147268
HN.K	0.810187984	-0.007926785	0.032964608	86	2.31941737	71	2.311490585	73	2.311665847
GLI.HN.14.Aug	0.810366917	0.000755829	0.003145505	73	0.194988864	55	0.195744693	64	0.198055947
ExG.HN.22.Aug	0.812177834	0.001098835	0.004617927	73	0.296775677	55	0.297874511	64	0.302472516
X.6262..L.ornithine.2..16.632.	0.812533302	-0.000221587	0.000933067	73	0.005539537	63	0.00531795	61	0.006904509
MainSpikeLength	0.812988693	-1.212872318	5.121773083	97	230.1705569	88	228.9576846	84	229.7366761
X.204..allantoin.1..17.293.	0.825093831	-0.00063555	0.00287195	73	0.012422489	63	0.011786939	62	0.017266695
X.6537496..chlorogenic.acid.2..27.18._alt	0.825560438	-0.000663308	0.003005537	73	0.019209315	63	0.018546007	62	0.014390522
EarDiameter	0.828878296	0.099735346	0.460982281	97	36.41817449	88	36.51790983	83	37.45298491
GLI.LN.1.Sep	0.833615105	-0.000723159	0.003437708	74	0.178703058	52	0.177979899	64	0.180199666
MGR.LN.26.Aug	0.835710726	-0.002200553	0.010596267	74	0.219341856	52	0.217141304	64	0.227622334
ExG.HN.5.Sep	0.839196267	0.001047939	0.005157148	73	0.251512997	55	0.252560937	64	0.252866758
HN.Cu	0.842633031	0.071169039	0.358062853	85	11.43924419	68	11.51041323	70	11.55832504
LN.CD	0.844708585	0.054396004	0.277364048	79	22.38847175	65	22.44286776	68	23.02808863
GLI.HN.6.Jul	0.845562233	-0.00097632	0.005005262	73	0.174299641	52	0.173323321	62	0.177528033
MGR.HN.12.Aug	0.847715834	-0.00205824	0.010703428	73	0.319492261	55	0.317434022	64	0.315244387
X.6057..tyrosine.2..17.871.	0.851145423	-0.000312525	0.001663182	73	0.02033685	63	0.020024325	61	0.021519973
NGR.LN.26.Aug	0.85357163	-0.000985969	0.005334793	74	0.110106533	52	0.109120564	64	0.114294721
GLI.LN.14.Aug	0.855596063	-0.000457571	0.002510893	74	0.177970056	52	0.177512485	64	0.178350563
X.236..L.asparagine.2..14.984.	0.857647953	0.002531706	0.014095843	73	0.020703708	63	0.023235413	62	0.050015622
HN.CD	0.864952631	-0.055375865	0.325205485	80	22.43546392	64	22.38008806	71	22.83158731
NGR.HN.12.Aug	0.866595504	-0.000906994	0.005391934	73	0.160210356	55	0.159303363	64	0.158132164
NGR.HN.30.Aug	0.867674963	0.000926096	0.005550831	73	0.099296275	55	0.100222372	64	0.101437634
EarRowNumber	0.868383279	0.036813128	0.221935464	97	13.26216699	88	13.29898012	83	13.8426918
MGR.HN.30.Aug	0.873918507	0.00175772	0.011061905	73	0.19821881	55	0.19997653	64	0.202455601
ExG.LN.12.Aug	0.877404883	0.000602388	0.003899678	74	0.32696698	52	0.327569367	64	0.328941497
MGR.HN.26.Aug	0.8817331	-0.002382717	0.015994194	73	0.284953244	55	0.282570527	64	0.288221318
RGB.HN.22.Aug	0.882673307	0.000942205	0.006375695	73	0.440107529	55	0.441049735	64	0.448098658
ExG.HN.6.Jul	0.884052639	-0.001155918	0.007915279	73	0.255174936	52	0.254019018	62	0.260792554
RGB.HN.23.Aug	0.884583034	0.001056467	0.00726803	73	0.464272084	55	0.465328552	64	0.473095409
GLI.LN.12.Aug	0.888622687	-0.000385835	0.002751281	74	0.238852099	52	0.238466264	64	0.239743723
GLI.HN.23.Aug	0.889416765	0.000535566	0.003846631	73	0.230891428	55	0.231426994	64	0.235251151
VARI.HN.30.Aug	0.892194348	-0.001345979	0.009917993	73	0.17556281	55	0.174216831	64	0.177685798
NGR.HN.26.Aug	0.893725269	-0.001078962	0.008065681	73	0.143118206	55	0.142039244	64	0.144830656
RGB.HN.5.Sep	0.898538007	0.00089766	0.007030551	73	0.373074244	55	0.373971904	64	0.374875509
VARI.LN.3.Sep	0.908223095	-0.001619326	0.014027866	74	0.198095416	52	0.19647609	64	0.211203948
X.9750..citrulline.2..16.691.	0.918623325	-4.52E-05	0.000441513	73	0.002316412	63	0.002271245	61	0.003075851
HN.Fe	0.920605984	-0.096606032	0.96817253	86	101.3073349	70	101.2107289	73	101.8373724
ExG.LN.14.Aug	0.924426167	0.00033688	0.003546556	74	0.243881386	52	0.244218266	64	0.244848608
X.12647..L.homoserine.2..12.359.	0.930028144	-2.39E-05	0.000271461	72	0.002290632	63	0.002266764	61	0.002634016
NGR.LN.3.Sep	0.937101941	0.000595489	0.007536021	74	0.112655535	52	0.113251024	64	0.12076791
MGR.LN.3.Sep	0.939080367	0.001148623	0.015009063	74	0.224653371	52	0.225801993	64	0.240840222
GLI.HN.22.Aug	0.939619668	0.000250348	0.003300624	73	0.218060605	55	0.218310953	64	0.221858958
LN.CW	0.94588369	0.015440422	0.227203894	79	12.499265	65	12.51470542	68	12.7135132
ExG.LN.1.Sep	0.946516063	-0.000318457	0.004740874	74	0.243153577	52	0.24283512	64	0.245501773
GLI.HN.5.Sep	0.948204861	0.000240301	0.003694236	73	0.184189311	55	0.184429613	64	0.184930666
MGR.HN.14.Aug	0.950110767	-0.000601488	0.009600642	73	0.218611588	55	0.2180101	64	0.225505123
StandCount	0.961089769	-0.003635644	0.074451971	97	7.628899783	88	7.625264139	84	7.611707105
MGR.HN.3.Sep	0.964106757	-0.000985435	0.021869222	73	0.330201315	55	0.32921588	64	0.343298482
X.5460407..threonic.acid..13.652.	0.964684292	-2.27E-05	0.000512158	73	0.008181101	63	0.008158396	61	0.00758469
RGB.LN.12.Aug	0.965536842	-0.000226073	0.005225368	74	0.483119805	52	0.482893732	64	0.485323063
RGB.LN.1.Sep	0.965840598	-0.000284911	0.006643922	74	0.363866095	52	0.363581184	64	0.367317309
NGR.HN.14.Aug	0.966108626	-0.000205866	0.004838706	73	0.109699284	55	0.109493418	64	0.113201989
NGR.HN.3.Sep	0.967931217	-0.000442646	0.010995665	73	0.1656594	55	0.165216754	64	0.172257577
X.6912..xylitol..15.376.	0.970130272	1.06E-05	0.000281801	54	0.00224964	42	0.002260211	41	0.00181826
X.444972..fumaric.acid..10.94.	0.972696444	-2.66E-05	0.000776537	73	0.007530766	63	0.007504153	61	0.007547509
VEG.HN.6.Jul	0.976202674	-0.000777131	0.026016636	73	1.685843047	52	1.685065916	62	1.714793024
canopy.HN.6.Jul	0.991820553	-0.018109451	1.764165351	73	34.91789111	55	34.89978166	64	35.01160764
X.5810..trans.4.hydroxy.L.proline.2..13.267.	0.992311244	2.69E-06	0.000278396	73	0.001205	63	0.001207686	61	0.001019188
RGB.LN.14.Aug	0.995676134	-2.56E-05	0.004716532	74	0.363129482	52	0.363103888	64	0.364353415
VARI.HN.20.Aug	0.995862525	5.91E-05	0.011381987	73	0.215004818	55	0.215063918	64	0.219696332
