Range1	Range2	Range3	Range4	Range5	Range6	Range7	Range8	Range9	Range10	Range11	Range12	Range13	Range14	Range15
1	101	201	301	401	501	601	701	801	901	1001	1101	1201	1301	1401
2	102	202	302	402	502	602	702	802	902	1002	1102	1202	1302	1402
3	103	203	303	403	503	603	703	803	903	1003	1103	1203	1303	1403
4	104	204	304	404	504	604	704	804	904	1004	1104	1204	1304	1404
5	105	205	305	405	505	605	705	805	905	1005	1105	1205	1305	1405
6	106	206	306	406	506	606	706	806	906	1006	1106	1206	1306	1406
7	107	207	307	407	507	607	707	807	907	1007	1107	1207	1307	1407
8	108	208	308	408	508	608	708	808	908	1008	1108	1208	1308	1408
9	109	209	309	409	509	609	709	809	909	1009	1109	1209	1309	1409
10	110	210	310	410	510	610	710	810	910	1010	1110	1210	1310	1410
11	111	211	311	411	511	611	711	811	911	1011	1111	1211	1311	1411
12	112	212	312	412	512	612	712	812	912	1012	1112	1212	1312	1412
13	113	213	313	413	513	613	713	813	913	1013	1113	1213	1313	1413
14	114	214	314	414	514	614	714	814	914	1014	1114	1214	1314	1414
15	115	215	315	415	515	615	715	815	915	1015	1115	1215	1315	1415
16	116	216	316	416	516	616	716	816	916	1016	1116	1216	1316	1416
17	117	217	317	417	517	617	717	817	917	1017	1117	1217	1317	1417
18	118	218	318	418	518	618	718	818	918	1018	1118	1218	1318	1418
19	119	219	319	419	519	619	719	819	919	1019	1119	1219	1319	1419
20	120	220	320	420	520	620	720	820	920	1020	1120	1220	1320	1420
21	121	221	321	421	521	621	721	821	921	1021	1121	1221	1321	1421
22	122	222	322	422	522	622	722	822	922	1022	1122	1222	1322	1422
23	123	223	323	423	523	623	723	823	923	1023	1123	1223	1323	1423
24	124	224	324	424	524	624	724	824	924	1024	1124	1224	1324	1424
25	125	225	325	425	525	625	725	825	925	1025	1125	1225	1325	1425
26	126	226	326	426	526	626	726	826	926	1026	1126	1226	1326	1426
27	127	227	327	427	527	627	727	827	927	1027	1127	1227	1327	1427
28	128	228	328	428	528	628	728	828	928	1028	1128	1228	1328	1428
29	129	229	329	429	529	629	729	829	929	1029	1129	1229	1329	1429
30	130	230	330	430	530	630	730	830	930	1030	1130	1230	1330	1430
31	131	231	331	431	531	631	731	831	931	1031	1131	1231	1331	1431
32	132	232	332	432	532	632	732	832	932	1032	1132	1232	1332	1432
33	133	233	333	433	533	633	733	833	933	1033	1133	1233	1333	1433
34	134	234	334	434	534	634	734	834	934	1034	1134	1234	1334	1434
35	135	235	335	435	535	635	735	835	935	1035	1135	1235	1335	1435
36	136	236	336	436	536	636	736	836	936	1036	1136	1236	1336	1436
37	137	237	337	437	537	637	737	837	937	1037	1137	1237	1337	1437
38	138	238	338	438	538	638	738	838	938	1038	1138	1238	1338	1438
39	139	239	339	439	539	639	739	839	939	1039	1139	1239	1339	1439
40	140	240	340	440	540	640	740	840	940	1040	1140	1240	1340	1440
41	141	241	341	441	541	641	741	841	941	1041	1141	1241	1341	1441
42	142	242	342	442	542	642	742	842	942	1042	1142	1242	1342	1442
43	143	243	343	443	543	643	743	843	943	1043	1143	1243	1343	1443
44	144	244	344	444	544	644	744	844	944	1044	1144	1244	1344	1444
45	145	245	345	445	545	645	745	845	945	1045	1145	1245	1345	1445
46	146	246	346	446	546	646	746	846	946	1046	1146	1246	1346	1446
47	147	247	347	447	547	647	747	847	947	1047	1147	1247	1347	1447
48	148	248	348	448	548	648	748	848	948	1048	1148	1248	1348	1448
49	149	249	349	449	549	649	749	849	949	1049	1149	1249	1349	1449
50	150	250	350	450	550	650	750	850	950	1050	1150	1250	1350	1450
51	151	251	351	451	551	651	751	851	951	1051	1151	1251	1351	1451
52	152	252	352	452	552	652	752	852	952	1052	1152	1252	1352	1452
53	153	253	353	453	553	653	753	853	953	1053	1153	1253	1353	1453
54	154	254	354	454	554	654	754	854	954	1054	1154	1254	1354	1454
55	155	255	355	455	555	655	755	855	955	1055	1155	1255	1355	1455
56	156	256	356	456	556	656	756	856	956	1056	1156	1256	1356	1456
57	157	257	357	457	557	657	757	857	957	1057	1157	1257	1357	1457
58	158	258	358	458	558	658	758	858	958	1058	1158	1258	1358	1458
59	159	259	359	459	559	659	759	859	959	1059	1159	1259	1359	1459
60	160	260	360	460	560	660	760	860	960	1060	1160	1260	1360	1460
61	161	261	361	461	561	661	761	861	961	1061	1161	1261	1361	1461
62	162	262	362	462	562	662	762	862	962	1062	1162	1262	1362	1462
63	163	263	363	463	563	663	763	863	963	1063	1163	1263	1363	1463
64	164	264	364	464	564	664	764	864	964	1064	1164	1264	1364	1464
65	165	265	365	465	565	665	765	865	965	1065	1165	1265	1365	1465
66	166	266	366	466	566	666	766	866	966	1066	1166	1266	1366	1466
67	167	267	367	467	567	667	767	867	967	1067	1167	1267	1367	1467
68	168	268	368	468	568	668	768	868	968	1068	1168	1268	1368	1468
69	169	269	369	469	569	669	769	869	969	1069	1169	1269	1369	1469
70	170	270	370	470	570	670	770	870	970	1070	1170	1270	1370	1470
71	171	271	371	471	571	671	771	871	971	1071	1171	1271	1371	1471
72	172	272	372	472	572	672	772	872	972	1072	1172	1272	1372	1472
73	173	273	373	473	573	673	773	873	973	1073	1173	1273	1373	1473
74	174	274	374	474	574	674	774	874	974	1074	1174	1274	1374	1474
75	175	275	375	475	575	675	775	875	975	1075	1175	1275	1375	1475
76	176	276	376	476	576	676	776	876	976	1076	1176	1276	1376	1476
77	177	277	377	477	577	677	777	877	977	1077	1177	1277	1377	1477
78	178	278	378	478	578	678	778	878	978	1078	1178	1278	1378	1478
79	179	279	379	479	579	679	779	879	979	1079	1179	1279	1379	1479
80	180	280	380	480	580	680	780	880	980	1080	1180	1280	1380	1480
81	181	281	381	481	581	681	781	881	981	1081	1181	1281	1381	1481
82	182	282	382	482	582	682	782	882	982	1082	1182	1282	1382	1482
83	183	283	383	483	583	683	783	883	983	1083	1183	1283	1383	1483
84	184	284	384	484	584	684	784	884	984	1084	1184	1284	1384	1484
85	185	285	385	485	585	685	785	885	985	1085	1185	1285	1385	1485
86	186	286	386	486	586	686	786	886	986	1086	1186	1286	1386	1486
87	187	287	387	487	587	687	787	887	987	1087	1187	1287	1387	1487
88	188	288	388	488	588	688	788	888	988	1088	1188	1288	1388	1488
89	189	289	389	489	589	689	789	889	989	1089	1189	1289	1389	1489
90	190	290	390	490	590	690	790	890	990	1090	1190	1290	1390	1490
91	191	291	391	491	591	691	791	891	991	1091	1191	1291	1391	1491
92	192	292	392	492	592	692	792	892	992	1092	1192	1292	1392	1492
93	193	293	393	493	593	693	793	893	993	1093	1193	1293	1393	1493
94	194	294	394	494	594	694	794	894	994	1094	1194	1294	1394	1494
95	195	295	395	495	595	695	795	895	995	1095	1195	1295	1395	1495
96	196	296	396	496	596	696	796	896	996	1096	1196	1296	1396	1496
97	197	297	397	497	597	697	797	897	997	1097	1197	1297	1397	1497
98	198	298	398	498	598	698	798	898	998	1098	1198	1298	1398	1498
99	199	299	399	499	599	699	799	899	999	1099	1199	1299	1399	1499
100	200	300	400	500	600	700	800	900	1000	1100	1200	1300	1400	1500
