5	S5_45720937	47122287	36	A	G	0.067	-4.785815e-01	5.436313e-01	-1.584279e+04	1.349478e-01	1.214303e-01	3.787228e-01	3.731310e-01	3.732217e-01
5	S5_45744009	47123902	93	T	A	0.068	-4.124778e-01	5.271001e-01	-1.584287e+04	1.348643e-01	1.213690e-01	4.339390e-01	4.241577e-01	4.242763e-01
5	S5_45744054	47123947	92	C	T	0.066	-3.913737e-01	5.430480e-01	-1.584291e+04	1.348764e-01	1.213686e-01	4.711341e-01	4.602011e-01	4.603209e-01
5	S5_45744240	47124133	359	G	C	0.446	4.155560e-01	2.713571e-01	-1.584201e+04	1.351553e-01	1.216403e-01	1.257438e-01	1.256853e-01	1.258138e-01
5	S5_45744258	47124151	118	A	G	0.021	6.939007e-01	9.502873e-01	-1.584289e+04	1.346044e-01	1.211421e-01	4.653068e-01	4.417166e-01	4.421115e-01
5	S5_45744278	47124171	118	G	A	0.066	-3.439806e-01	5.431993e-01	-1.584297e+04	1.349027e-01	1.213925e-01	5.266042e-01	5.155536e-01	5.156569e-01
5	S5_45744413	47124306	66	T	C	0.043	3.446412e-01	6.211522e-01	-1.584302e+04	1.348236e-01	1.213545e-01	5.790316e-01	5.626380e-01	5.627851e-01
5	S5_45745056	47124949	138	C	G	0.023	-2.810165e-01	9.138813e-01	-1.584314e+04	1.351474e-01	1.216466e-01	7.584793e-01	7.786246e-01	7.787280e-01
5	S5_45748313	47128205	11	C	T	0.044	-1.046086e-02	6.021487e-01	-1.584318e+04	1.349963e-01	1.215320e-01	9.861402e-01	9.887281e-01	9.887349e-01
5	S5_45748448	47128340	41	G	A	0.134	-2.013326e-02	3.848128e-01	-1.584318e+04	1.350194e-01	1.215421e-01	9.582764e-01	9.630896e-01	9.630924e-01
5	S5_45907546	47271656	182	A	G	0.052	1.155189e-01	5.185333e-01	-1.584315e+04	1.348090e-01	1.213756e-01	8.237172e-01	7.902125e-01	7.904390e-01
5	S5_45909274	47273384	1942	C	T	0.479	7.642256e-02	3.325546e-01	-1.584316e+04	1.349520e-01	1.215125e-01	8.182545e-01	8.114954e-01	8.115133e-01
5	S5_46070997	47552321	26	C	T	0.291	1.840341e-01	3.024387e-01	-1.584300e+04	1.351328e-01	1.216198e-01	5.428874e-01	5.482377e-01	5.482979e-01
5	S5_46071070	47552394	15	G	C	0.291	1.578939e-01	3.047768e-01	-1.584305e+04	1.351235e-01	1.216056e-01	6.044401e-01	6.101975e-01	6.102461e-01
5	S5_46110412	47587277	13	T	C	0.189	4.491479e-02	3.298445e-01	-1.584317e+04	1.349989e-01	1.215062e-01	8.916935e-01	8.791308e-01	8.791529e-01
5	S5_46110581	47587446	51	A	C	0.290	2.423355e-01	3.029737e-01	-1.584288e+04	1.352564e-01	1.217285e-01	4.238377e-01	4.328249e-01	4.329591e-01
5	S5_46110598	47587463	51	A	C	0.211	1.468989e-01	3.252452e-01	-1.584308e+04	1.349700e-01	1.214711e-01	6.515394e-01	6.429082e-01	6.429549e-01
5	S5_46110602	47587467	47	C	G	0.503	2.893325e-01	2.648421e-01	-1.584260e+04	1.352591e-01	1.217064e-01	2.746865e-01	2.781858e-01	2.783106e-01
5	S5_46110613	47587478	51	G	C	0.290	2.423355e-01	3.029737e-01	-1.584288e+04	1.352564e-01	1.217285e-01	4.238377e-01	4.328249e-01	4.329591e-01
5	S5_46110751	47587616	34	T	C	0.269	3.394955e-01	3.130719e-01	-1.584259e+04	1.349583e-01	1.214443e-01	2.782473e-01	2.740893e-01	2.741928e-01
5	S5_46111727	47588591	47	A	G	0.043	-1.224134e-01	6.292367e-01	-1.584316e+04	1.349112e-01	1.214344e-01	8.457601e-01	8.195759e-01	8.196895e-01
5	S5_46111739	47588603	48	A	G	0.480	3.881448e-01	2.664010e-01	-1.584211e+04	1.350109e-01	1.214782e-01	1.451903e-01	1.430959e-01	1.432195e-01
5	S5_46111748	47588612	48	T	C	0.109	-2.987107e-01	4.271553e-01	-1.584296e+04	1.354002e-01	1.218924e-01	4.844006e-01	5.073822e-01	5.077644e-01
5	S5_46111775	47588639	106	T	C	0.329	5.282439e-01	2.829147e-01	-1.584144e+04	1.351351e-01	1.216332e-01	6.194822e-02	6.159413e-02	6.171548e-02
5	S5_46111779	47588643	106	C	A	0.023	6.064697e-01	8.684940e-01	-1.584295e+04	1.351653e-01	1.216994e-01	4.850268e-01	4.937859e-01	4.939007e-01
5	S5_46111780	47588644	181	G	A	0.472	3.730729e-01	2.713491e-01	-1.584222e+04	1.348737e-01	1.213422e-01	1.692393e-01	1.647714e-01	1.649129e-01
5	S5_46111793	47588657	106	A	G	0.329	5.282439e-01	2.829147e-01	-1.584144e+04	1.351351e-01	1.216332e-01	6.194822e-02	6.159413e-02	6.171548e-02
5	S5_46111804	47588668	106	A	C	0.022	4.510186e-01	8.853349e-01	-1.584305e+04	1.349785e-01	1.215264e-01	6.104749e-01	6.086162e-01	6.086483e-01
5	S5_46111838	47588702	19	G	A	0.327	3.102803e-01	2.834587e-01	-1.584256e+04	1.347914e-01	1.212896e-01	2.737427e-01	2.651984e-01	2.653605e-01
5	S5_46111876	47588740	20	T	C	0.327	3.548659e-01	2.830416e-01	-1.584238e+04	1.348042e-01	1.213053e-01	2.099972e-01	2.037570e-01	2.039094e-01
5	S5_46119338	47596202	19	G	T	0.044	-3.932066e-01	6.199267e-01	-1.584297e+04	1.347775e-01	1.213319e-01	5.259321e-01	5.100185e-01	5.101797e-01
5	S5_46260334	47750525	796	T	C	0.101	-2.494034e-01	4.801243e-01	-1.584306e+04	1.352423e-01	1.217540e-01	6.034694e-01	6.242070e-01	6.244234e-01
5	S5_46265118	47755309	37	A	G	0.222	4.540607e-01	3.054683e-01	-1.584207e+04	1.349335e-01	1.214533e-01	1.372352e-01	1.348829e-01	1.350092e-01
5	S5_46265175	47755366	14	G	A	0.329	5.090868e-01	2.831628e-01	-1.584156e+04	1.350010e-01	1.214988e-01	7.226896e-02	7.109178e-02	7.121431e-02
5	S5_46265225	47755416	21	G	A	0.438	2.600942e-01	2.702047e-01	-1.584269e+04	1.347103e-01	1.211821e-01	3.358110e-01	3.215659e-01	3.218225e-01
5	S5_46423377	47928466	440	T	C	0.148	1.211863e-01	3.997764e-01	-1.584312e+04	1.348112e-01	1.213021e-01	7.618013e-01	7.247837e-01	7.251331e-01
5	S5_46423413	47928502	440	A	C	0.174	9.525776e-02	3.645339e-01	-1.584313e+04	1.348000e-01	1.212810e-01	7.938629e-01	7.494848e-01	7.499384e-01
5	S5_46424229	47929318	73	A	G	0.355	4.084940e-03	2.741053e-01	-1.584318e+04	1.350496e-01	1.215370e-01	9.881104e-01	9.963047e-01	9.963057e-01
5	S5_46424244	47929333	145	C	T	0.162	1.174298e-01	3.726148e-01	-1.584313e+04	1.349473e-01	1.214505e-01	7.526625e-01	7.380721e-01	7.381383e-01
5	S5_46424269	47929358	78	A	T	0.143	-6.930667e-02	3.922111e-01	-1.584317e+04	1.350684e-01	1.215749e-01	8.597464e-01	8.720851e-01	8.721111e-01
5	S5_46424426	47929515	95	T	C	0.268	1.731936e-01	2.987793e-01	-1.584302e+04	1.350963e-01	1.215872e-01	5.621668e-01	5.649397e-01	5.649848e-01
5	S5_46425954	47931043	29	A	C	0.102	5.125352e-02	4.362586e-01	-1.584318e+04	1.350013e-01	1.215039e-01	9.064817e-01	8.921010e-01	8.921266e-01
5	S5_46425974	47931063	31	C	T	0.144	2.111157e-01	3.757138e-01	-1.584300e+04	1.347066e-01	1.211988e-01	5.742094e-01	5.464020e-01	5.467954e-01
5	S5_46425990	47931079	30	G	C	0.042	5.509440e-01	6.649084e-01	-1.584280e+04	1.344486e-01	1.209616e-01	4.073756e-01	3.804045e-01	3.810474e-01
5	S5_46426149	47931238	30	G	A	0.101	4.360050e-02	4.381500e-01	-1.584318e+04	1.350145e-01	1.215157e-01	9.207376e-01	9.095352e-01	9.095504e-01
5	S5_46426253	47931342	37	A	T	0.065	3.752539e-01	5.420794e-01	-1.584292e+04	1.346252e-01	1.211506e-01	4.888181e-01	4.640921e-01	4.644945e-01
5	S5_46426256	47931345	37	C	T	0.065	3.154864e-01	5.390458e-01	-1.584299e+04	1.346982e-01	1.212213e-01	5.583978e-01	5.330431e-01	5.333799e-01
5	S5_46426404	47931493	117	T	A	0.163	5.708513e-02	3.577553e-01	-1.584316e+04	1.349125e-01	1.213841e-01	8.732314e-01	8.321764e-01	8.324298e-01
5	S5_46426412	47931501	536	A	T	0.072	1.629038e-01	5.459148e-01	-1.584312e+04	1.348229e-01	1.213193e-01	7.654083e-01	7.302795e-01	7.305889e-01
5	S5_46426859	47931948	19	T	A	0.123	-8.545718e-02	4.014922e-01	-1.584316e+04	1.350035e-01	1.215191e-01	8.314548e-01	8.257701e-01	8.257845e-01
5	S5_46426896	47931985	12	G	A	0.124	-1.178434e-01	4.021888e-01	-1.584314e+04	1.349778e-01	1.214928e-01	7.695322e-01	7.603089e-01	7.603392e-01
5	S5_46426972	47932061	56	A	C	0.023	5.021899e-01	9.018455e-01	-1.584303e+04	1.350316e-01	1.215431e-01	5.776607e-01	5.763710e-01	5.764068e-01
5	S5_46427069	47932158	58	C	T	0.088	-2.449811e-01	4.768202e-01	-1.584304e+04	1.348110e-01	1.213452e-01	6.074314e-01	5.884959e-01	5.886621e-01
5	S5_46428587	47933676	89	T	C	0.443	9.708010e-02	2.615160e-01	-1.584312e+04	1.351354e-01	1.216175e-01	7.104915e-01	7.218442e-01	7.219002e-01
5	S5_46526990	48032076	28	T	G	0.209	1.216004e-01	3.256688e-01	-1.584311e+04	1.349783e-01	1.214797e-01	7.088788e-01	6.998671e-01	6.999068e-01
5	S5_46528585	48033671	630	T	C	0.026	-2.745418e-01	8.986254e-01	-1.584315e+04	1.351320e-01	1.216411e-01	7.599901e-01	7.791219e-01	7.792166e-01
5	S5_46528627	48033713	54	G	C	0.500	1.358922e-01	2.646957e-01	-1.584305e+04	1.350200e-01	1.214890e-01	6.077044e-01	6.016411e-01	6.016825e-01
5	S5_46528629	48033715	54	G	T	0.500	1.358922e-01	2.646957e-01	-1.584305e+04	1.350200e-01	1.214890e-01	6.077044e-01	6.016411e-01	6.016825e-01
5	S5_46528635	48033721	54	C	A	0.500	1.358922e-01	2.646957e-01	-1.584305e+04	1.350200e-01	1.214890e-01	6.077044e-01	6.016411e-01	6.016825e-01
5	S5_46528638	48033724	54	A	G	0.500	1.358922e-01	2.646957e-01	-1.584305e+04	1.350200e-01	1.214890e-01	6.077044e-01	6.016411e-01	6.016825e-01
5	S5_46528644	48033730	54	G	A	0.500	1.358922e-01	2.646957e-01	-1.584305e+04	1.350200e-01	1.214890e-01	6.077044e-01	6.016411e-01	6.016825e-01
5	S5_46528647	48033733	54	A	G	0.499	1.284155e-01	2.647077e-01	-1.584306e+04	1.350293e-01	1.214978e-01	6.276145e-01	6.221700e-01	6.222063e-01
5	S5_46528649	48033735	54	G	A	0.500	1.358922e-01	2.646957e-01	-1.584305e+04	1.350200e-01	1.214890e-01	6.077044e-01	6.016411e-01	6.016825e-01
5	S5_46528650	48033736	54	G	A	0.500	1.358922e-01	2.646957e-01	-1.584305e+04	1.350200e-01	1.214890e-01	6.077044e-01	6.016411e-01	6.016825e-01
5	S5_46528714	48033800	67	G	T	0.022	-5.042303e-02	9.097646e-01	-1.584318e+04	1.350469e-01	1.215492e-01	9.558030e-01	9.773403e-01	9.773510e-01
5	S5_46528715	48033801	67	T	C	0.022	-5.042303e-02	9.097646e-01	-1.584318e+04	1.350469e-01	1.215492e-01	9.558030e-01	9.773403e-01	9.773510e-01
5	S5_46529290	48034376	22	T	C	0.023	4.251536e-01	8.627512e-01	-1.584307e+04	1.350350e-01	1.215904e-01	6.221872e-01	6.269100e-01	6.269503e-01
5	S5_46529317	48034403	19	T	G	0.191	1.790783e-01	3.528483e-01	-1.584304e+04	1.347682e-01	1.212693e-01	6.118143e-01	5.860605e-01	5.863493e-01
5	S5_46533666	48038752	516	T	C	0.122	1.518641e+00	3.809744e-01	-1.583512e+04	1.336773e-01	1.203222e-01	6.824377e-05	5.923901e-05	6.145922e-05
5	S5_46537873	48042959	385	A	G	0.096	1.908095e-02	4.120378e-01	-1.584318e+04	1.349560e-01	1.215092e-01	9.630663e-01	9.411243e-01	9.411530e-01
5	S5_46538125	48043211	15	A	G	0.023	9.323990e-02	9.026576e-01	-1.584318e+04	1.349848e-01	1.214886e-01	9.177337e-01	8.961600e-01	8.962078e-01
5	S5_46538166	48043252	12	C	T	0.358	4.104026e-01	2.773280e-01	-1.584203e+04	1.343304e-01	1.208451e-01	1.389871e-01	1.293121e-01	1.296592e-01
5	S5_46538184	48043270	19	G	A	0.357	4.011313e-01	2.772383e-01	-1.584208e+04	1.343647e-01	1.208754e-01	1.480021e-01	1.380651e-01	1.384074e-01
5	S5_46766288	48261316	16	T	C	0.046	2.972377e-01	6.172995e-01	-1.584306e+04	1.348431e-01	1.213852e-01	6.301763e-01	6.142603e-01	6.143820e-01
5	S5_46766598	48261626	199	G	C	0.374	4.208502e-01	2.699419e-01	-1.584193e+04	1.345123e-01	1.210399e-01	1.190599e-01	1.126737e-01	1.128977e-01
5	S5_46768773	48263801	33	C	G	0.382	4.311235e-01	2.684813e-01	-1.584185e+04	1.344619e-01	1.209809e-01	1.083938e-01	1.020804e-01	1.023168e-01
5	S5_46769172	48264200	137	G	C	0.218	2.022350e-01	3.297040e-01	-1.584298e+04	1.347990e-01	1.213178e-01	5.396549e-01	5.222192e-01	5.224003e-01
5	S5_46769380	48264408	75	A	G	0.357	4.016579e-01	2.712310e-01	-1.584205e+04	1.346461e-01	1.211650e-01	1.387139e-01	1.328028e-01	1.329925e-01
5	S5_46769385	48264413	137	G	A	0.123	1.906860e-01	4.208055e-01	-1.584309e+04	1.351055e-01	1.216173e-01	6.504669e-01	6.584779e-01	6.585319e-01
5	S5_46769496	48264524	105	T	C	0.335	4.703364e-01	2.792304e-01	-1.584173e+04	1.345614e-01	1.210917e-01	9.217590e-02	8.756014e-02	8.774525e-02
5	S5_46769520	48264548	105	T	C	0.380	5.354034e-01	2.713981e-01	-1.584118e+04	1.344120e-01	1.209302e-01	4.858637e-02	4.548720e-02	4.565485e-02
5	S5_46769592	48264620	16	G	T	0.382	4.063381e-01	2.705054e-01	-1.584200e+04	1.343336e-01	1.208410e-01	1.331327e-01	1.238956e-01	1.242352e-01
5	S5_46769625	48264653	22	C	A	0.358	4.843209e-01	2.731837e-01	-1.584157e+04	1.345524e-01	1.210730e-01	7.631942e-02	7.239256e-02	7.256843e-02
5	S5_46769667	48264695	23	C	T	0.381	5.032883e-01	2.695337e-01	-1.584140e+04	1.345231e-01	1.210391e-01	6.193334e-02	5.855083e-02	5.871828e-02
5	S5_46769668	48264696	24	A	C	0.381	5.185383e-01	2.691927e-01	-1.584129e+04	1.345942e-01	1.211069e-01	5.413576e-02	5.145370e-02	5.160086e-02
5	S5_46769694	48264722	23	G	A	0.025	1.067263e+00	7.622658e-01	-1.584223e+04	1.354654e-01	1.220186e-01	1.615493e-01	1.680843e-01	1.683448e-01
5	S5_46769705	48264733	29	C	T	0.335	3.297982e-01	2.798450e-01	-1.584245e+04	1.345837e-01	1.210969e-01	2.386607e-01	2.269029e-01	2.271807e-01
5	S5_46771256	48266283	14	T	C	0.355	3.605448e-01	2.745153e-01	-1.584231e+04	1.349796e-01	1.214959e-01	1.891221e-01	1.868004e-01	1.869154e-01
5	S5_46779358	48278489	18	T	G	0.198	3.492354e-01	3.339637e-01	-1.584264e+04	1.350702e-01	1.215689e-01	2.957447e-01	2.954166e-01	2.955064e-01
5	S5_46779385	48278516	20	A	G	0.197	3.913090e-01	3.350071e-01	-1.584250e+04	1.351311e-01	1.216250e-01	2.428460e-01	2.437186e-01	2.438267e-01
5	S5_46779674	48278805	93	T	C	0.119	3.459176e-01	3.952023e-01	-1.584284e+04	1.355552e-01	1.220355e-01	3.814633e-01	4.037077e-01	4.042350e-01
5	S5_46779853	48278984	44	A	G	0.049	5.639815e-01	6.395271e-01	-1.584275e+04	1.344110e-01	1.209248e-01	3.778945e-01	3.519357e-01	3.525942e-01
5	S5_46779865	48278996	48	A	G	0.163	2.128171e-01	3.462801e-01	-1.584300e+04	1.351735e-01	1.216799e-01	5.388640e-01	5.486589e-01	5.487604e-01
5	S5_46779871	48279002	45	G	C	0.147	-1.219402e-01	3.653897e-01	-1.584312e+04	1.349297e-01	1.214540e-01	7.386021e-01	7.244500e-01	7.245111e-01
5	S5_46779900	48279031	294	C	G	0.359	1.957320e-01	2.753272e-01	-1.584293e+04	1.350524e-01	1.215359e-01	4.771802e-01	4.759446e-01	4.759959e-01
5	S5_46779949	48279080	224	G	A	0.354	2.944876e-01	2.752439e-01	-1.584261e+04	1.350380e-01	1.215201e-01	2.847171e-01	2.828027e-01	2.828947e-01
5	S5_46781459	48280590	29	T	C	0.108	-3.192773e-01	4.296501e-01	-1.584290e+04	1.348997e-01	1.214361e-01	4.574553e-01	4.497862e-01	4.498652e-01
5	S5_46781574	48280705	45	C	T	0.350	1.489110e-01	2.672210e-01	-1.584304e+04	1.351994e-01	1.216905e-01	5.773801e-01	5.902740e-01	5.903904e-01
5	S5_46781578	48280709	46	T	C	0.349	1.302076e-01	2.660594e-01	-1.584307e+04	1.351497e-01	1.216472e-01	6.245883e-01	6.353629e-01	6.354408e-01
5	S5_46781579	48280710	40	C	G	0.058	6.960356e-01	5.508898e-01	-1.584239e+04	1.350994e-01	1.216219e-01	2.064864e-01	2.069358e-01	2.070507e-01
5	S5_46781582	48280713	44	G	A	0.350	1.630522e-01	2.683421e-01	-1.584301e+04	1.352135e-01	1.217012e-01	5.434659e-01	5.556446e-01	5.557671e-01
5	S5_46781586	48280717	44	G	A	0.350	1.595635e-01	2.681390e-01	-1.584302e+04	1.352120e-01	1.216997e-01	5.518226e-01	5.642813e-01	5.644035e-01
5	S5_46781647	48280778	507	T	A	0.295	2.001737e-01	2.930005e-01	-1.584296e+04	1.351335e-01	1.216401e-01	4.945260e-01	4.999233e-01	4.999977e-01
5	S5_46867455	48368475	64	T	A	0.022	-3.363157e-01	9.249056e-01	-1.584312e+04	1.349392e-01	1.215032e-01	7.161583e-01	7.095083e-01	7.095356e-01
5	S5_46867461	48368481	139	A	T	0.248	1.960006e-01	3.118888e-01	-1.584297e+04	1.348118e-01	1.213384e-01	5.297548e-01	5.140221e-01	5.141769e-01
5	S5_46867542	48368562	68	G	A	0.042	-6.389206e-01	7.260629e-01	-1.584280e+04	1.350732e-01	1.215749e-01	3.789191e-01	3.789715e-01	3.790437e-01
5	S5_46867551	48368571	65	T	C	0.219	2.072858e-01	3.273769e-01	-1.584297e+04	1.348183e-01	1.213395e-01	5.266548e-01	5.111052e-01	5.112582e-01
5	S5_46867571	48368591	68	G	A	0.042	-6.389206e-01	7.260629e-01	-1.584280e+04	1.350732e-01	1.215749e-01	3.789191e-01	3.789715e-01	3.790437e-01
5	S5_46867603	48368623	2065	C	A	0.371	1.233001e-01	3.516179e-01	-1.584312e+04	1.349291e-01	1.214928e-01	7.258568e-01	7.178987e-01	7.179302e-01
5	S5_46867609	48368629	2065	G	A	0.371	1.233001e-01	3.516179e-01	-1.584312e+04	1.349291e-01	1.214928e-01	7.258568e-01	7.178987e-01	7.179302e-01
5	S5_46867611	48368631	2065	G	A	0.371	1.266208e-01	3.517736e-01	-1.584312e+04	1.349242e-01	1.214881e-01	7.189023e-01	7.104356e-01	7.104700e-01
5	S5_46880037	48378890	1311	G	C	0.028	-1.740314e+00	8.668953e-01	-1.584116e+04	1.349413e-01	1.214963e-01	4.475572e-02	4.396470e-02	4.407581e-02
5	S5_46880168	48379021	253	C	A	0.273	1.696546e-01	3.089195e-01	-1.584302e+04	1.348715e-01	1.213853e-01	5.829052e-01	5.685163e-01	5.686305e-01
5	S5_46880267	48379120	38	G	C	0.275	2.442738e-01	3.066130e-01	-1.584285e+04	1.347526e-01	1.212527e-01	4.256781e-01	4.100397e-01	4.102598e-01
5	S5_46880311	48379164	47	T	G	0.020	-7.688203e-01	9.234603e-01	-1.584287e+04	1.355037e-01	1.220143e-01	4.051484e-01	4.282387e-01	4.287615e-01
5	S5_46880312	48379165	47	T	C	0.020	-7.688203e-01	9.234603e-01	-1.584287e+04	1.355037e-01	1.220143e-01	4.051484e-01	4.282387e-01	4.287615e-01
5	S5_46884283	48383136	97	A	G	0.209	2.778272e-01	3.309853e-01	-1.584281e+04	1.347645e-01	1.212865e-01	4.012942e-01	3.881377e-01	3.883183e-01
5	S5_46922714	48419037	20	G	A	0.043	-1.035610e+00	7.247095e-01	-1.584215e+04	1.349970e-01	1.215076e-01	1.530761e-01	1.512771e-01	1.513981e-01
5	S5_46928345	48424665	1069	A	T	0.028	1.160960e+00	8.694749e-01	-1.584228e+04	1.348928e-01	1.214191e-01	1.818671e-01	1.786687e-01	1.787936e-01
5	S5_46945953	48441721	200	G	A	0.121	-4.285187e-01	3.971199e-01	-1.584262e+04	1.353140e-01	1.218632e-01	2.806183e-01	2.887568e-01	2.889728e-01
5	S5_46946200	48441968	129	T	G	0.154	-2.730627e-01	3.765453e-01	-1.584294e+04	1.352943e-01	1.217888e-01	4.683815e-01	4.827565e-01	4.829615e-01
5	S5_46946214	48441982	195	A	T	0.156	-2.327851e-01	3.764276e-01	-1.584301e+04	1.352517e-01	1.217476e-01	5.363402e-01	5.517133e-01	5.518891e-01
5	S5_46946857	48442625	19	C	T	0.135	-2.676894e-01	3.934047e-01	-1.584297e+04	1.352362e-01	1.217464e-01	4.962605e-01	5.090672e-01	5.092299e-01
5	S5_46946878	48442646	29	T	G	0.134	-1.570158e-01	3.941377e-01	-1.584311e+04	1.351078e-01	1.216225e-01	6.903711e-01	7.006709e-01	7.007302e-01
5	S5_46947024	48442792	13	G	C	0.159	-3.106111e-01	3.696764e-01	-1.584285e+04	1.352756e-01	1.217993e-01	4.008290e-01	4.118326e-01	4.120273e-01
5	S5_46947191	48442959	105	C	T	0.155	-3.003414e-01	3.620943e-01	-1.584283e+04	1.349391e-01	1.214882e-01	4.068919e-01	4.024080e-01	4.024778e-01
5	S5_46947524	48443292	219	C	G	0.296	-1.576945e-01	2.955036e-01	-1.584305e+04	1.351109e-01	1.216134e-01	5.936135e-01	5.991823e-01	5.992358e-01
5	S5_46947539	48443307	219	G	C	0.022	3.505305e-01	8.437569e-01	-1.584310e+04	1.350063e-01	1.215543e-01	6.778403e-01	6.783298e-01	6.783545e-01
5	S5_46947552	48443320	357	C	A	0.022	3.088837e-01	8.518123e-01	-1.584312e+04	1.349996e-01	1.215433e-01	7.169069e-01	7.161954e-01	7.162153e-01
5	S5_46948844	48444612	27	A	C	0.020	-1.770584e+00	8.763407e-01	-1.584113e+04	1.349657e-01	1.214960e-01	4.340025e-02	4.265739e-02	4.276759e-02
5	S5_46948852	48444620	27	A	C	0.020	-1.770584e+00	8.763407e-01	-1.584113e+04	1.349657e-01	1.214960e-01	4.340025e-02	4.265739e-02	4.276759e-02
5	S5_46948925	48444693	33	G	T	0.357	3.249869e-01	2.628206e-01	-1.584240e+04	1.348473e-01	1.213737e-01	2.163267e-01	2.113504e-01	2.114808e-01
5	S5_46948960	48444728	33	T	C	0.020	-2.408954e+00	9.842958e-01	-1.584006e+04	1.333178e-01	1.198114e-01	1.442898e-02	1.238897e-02	1.257450e-02
5	S5_46949036	48444804	29	G	T	0.151	-1.764081e-01	3.772127e-01	-1.584307e+04	1.350301e-01	1.215376e-01	6.400498e-01	6.392454e-01	6.392732e-01
5	S5_46949037	48444805	30	C	G	0.151	-1.671369e-01	3.773733e-01	-1.584309e+04	1.350346e-01	1.215422e-01	6.578635e-01	6.576465e-01	6.576723e-01
5	S5_46949044	48444812	29	A	G	0.024	5.298166e-01	8.249340e-01	-1.584298e+04	1.349921e-01	1.215635e-01	5.207427e-01	5.214981e-01	5.215436e-01
5	S5_46949138	48444906	21	C	G	0.129	-5.840845e-01	4.015693e-01	-1.584210e+04	1.347663e-01	1.212827e-01	1.458788e-01	1.412512e-01	1.414066e-01
5	S5_46949188	48444956	21	C	G	0.025	1.715233e-01	7.788755e-01	-1.584316e+04	1.349500e-01	1.215434e-01	8.257109e-01	8.267288e-01	8.267398e-01
5	S5_46949189	48444957	21	T	G	0.024	3.909212e-02	8.381155e-01	-1.584318e+04	1.349597e-01	1.215351e-01	9.628000e-01	9.593782e-01	9.593810e-01
5	S5_46949190	48444958	21	T	C	0.024	-4.568999e-02	8.344767e-01	-1.584318e+04	1.349663e-01	1.215432e-01	9.563379e-01	9.617470e-01	9.617503e-01
5	S5_46949191	48444959	21	T	A	0.024	-4.568999e-02	8.344767e-01	-1.584318e+04	1.349663e-01	1.215432e-01	9.563379e-01	9.617470e-01	9.617503e-01
5	S5_46949193	48444961	21	C	T	0.024	-9.904585e-02	8.069440e-01	-1.584318e+04	1.349680e-01	1.215542e-01	9.023172e-01	9.095902e-01	9.096005e-01
5	S5_46949279	48445047	11	C	A	0.154	-3.753444e-01	3.755256e-01	-1.584267e+04	1.348540e-01	1.213548e-01	3.175999e-01	3.101034e-01	3.102326e-01
5	S5_47036604	48525482	722	A	T	0.024	-7.818180e-01	9.427676e-01	-1.584286e+04	1.353368e-01	1.218540e-01	4.069918e-01	4.212330e-01	4.214933e-01
5	S5_47036670	48525548	606	C	T	0.313	3.561356e-01	3.047417e-01	-1.584245e+04	1.343138e-01	1.208076e-01	2.426100e-01	2.246636e-01	2.252369e-01
5	S5_47073598	48579124	14	T	G	0.086	-1.021083e-01	4.527842e-01	-1.584316e+04	1.349900e-01	1.215295e-01	8.215915e-01	8.189697e-01	8.189818e-01
5	S5_47090734	48592213	266	A	G	0.054	-6.419111e-01	5.168895e-01	-1.584245e+04	1.354868e-01	1.220292e-01	2.143506e-01	2.240127e-01	2.243274e-01
5	S5_47090729	48592218	113	A	C	0.021	-2.419423e+00	9.536395e-01	-1.583987e+04	1.339018e-01	1.203905e-01	1.121415e-02	1.004274e-02	1.014573e-02
5	S5_47090725	48592222	265	A	G	0.054	-6.424531e-01	5.168939e-01	-1.584244e+04	1.354871e-01	1.220295e-01	2.139678e-01	2.236153e-01	2.239299e-01
5	S5_47090713	48592234	265	T	C	0.054	-7.432796e-01	5.124123e-01	-1.584217e+04	1.355843e-01	1.221269e-01	1.469776e-01	1.543034e-01	1.546182e-01
5	S5_47090675	48592272	19	T	A	0.020	-2.281800e+00	9.717903e-01	-1.584032e+04	1.337168e-01	1.202026e-01	1.891733e-02	1.673128e-02	1.690476e-02
5	S5_47090670	48592277	20	A	G	0.085	-2.678186e-01	4.562581e-01	-1.584302e+04	1.350916e-01	1.216202e-01	5.572415e-01	5.630697e-01	5.631290e-01
5	S5_47119867	48619574	486	T	C	0.023	-2.710428e+00	9.588815e-01	-1.583907e+04	1.336619e-01	1.201545e-01	4.725231e-03	4.145104e-03	4.207477e-03
5	S5_47119876	48619583	488	A	C	0.078	-5.817834e-01	5.200914e-01	-1.584253e+04	1.346681e-01	1.211901e-01	2.633653e-01	2.529790e-01	2.532002e-01
5	S5_47119887	48619594	488	G	A	0.078	-5.817834e-01	5.200914e-01	-1.584253e+04	1.346681e-01	1.211901e-01	2.633653e-01	2.529790e-01	2.532002e-01
5	S5_47124940	48624647	27	A	C	0.084	-9.472364e-02	4.534961e-01	-1.584316e+04	1.350014e-01	1.215421e-01	8.345563e-01	8.352198e-01	8.352302e-01
5	S5_47125155	48624862	61	C	T	0.020	-2.137820e+00	9.357358e-01	-1.584047e+04	1.336931e-01	1.201986e-01	2.238204e-02	1.979329e-02	1.999140e-02
5	S5_47125163	48624870	59	C	G	0.020	-2.455159e+00	9.444079e-01	-1.583968e+04	1.334632e-01	1.199594e-01	9.362707e-03	8.120611e-03	8.239195e-03
5	S5_47125218	48624925	141	T	G	0.022	6.106034e-01	7.062931e-01	-1.584278e+04	1.345506e-01	1.211501e-01	3.873509e-01	3.696198e-01	3.699410e-01
5	S5_47125321	48625028	70	A	G	0.064	-2.812386e-01	5.090498e-01	-1.584303e+04	1.349527e-01	1.214830e-01	5.806496e-01	5.750618e-01	5.751080e-01
5	S5_47274555	48804605	443	A	G	0.052	4.578578e-01	6.314341e-01	-1.584293e+04	1.350794e-01	1.216123e-01	4.684251e-01	4.713417e-01	4.714067e-01
5	S5_47274558	48804608	443	A	G	0.052	4.578578e-01	6.314341e-01	-1.584293e+04	1.350794e-01	1.216123e-01	4.684251e-01	4.713417e-01	4.714067e-01
5	S5_47274613	48804663	632	A	C	0.030	8.659857e-01	9.218838e-01	-1.584270e+04	1.343383e-01	1.208850e-01	3.475956e-01	3.225705e-01	3.232420e-01
5	S5_47401007	48850124	432	T	C	0.029	9.960422e-01	9.260960e-01	-1.584255e+04	1.342695e-01	1.208195e-01	2.821983e-01	2.609600e-01	2.616012e-01
5	S5_47395617	48855508	546	G	A	0.145	1.121216e-01	4.037235e-01	-1.584314e+04	1.350212e-01	1.215243e-01	7.812416e-01	7.786295e-01	7.786454e-01
5	S5_47416486	48858010	147	A	G	0.016	1.056016e+00	8.934122e-01	-1.584247e+04	1.348366e-01	1.213066e-01	2.372692e-01	2.308614e-01	2.310137e-01
