33-16	33-16	14.87023016	0.384060556	NA	NA	5.820031258	78.20178198	24.16945405	2.07505392	1143.823748	0.187619722	NA	2.105841664	0.306039039	0.159274731	NA
38-11Goodman-Buckler	38-11Goodman-Buckler	15.85330705	0.405220479	303.6087224	12.6388719	6.949112546	94.21247931	25.95161675	2.155876488	1152.687105	0.12041846	69.90114863	2.200455945	0.31665414	0.229010838	20.95237373
4226	4226	14.5704684	0.453034714	251.826695	6.20644631	5.601377437	74.5528692	21.50847174	2.082046916	1057.893482	0.171443554	65.92262269	1.966010036	0.334945649	0.169011283	34.30092377
4722	4722	12.7718979	0.261439831	229.4789662	5.127553566	NA	70.17417387	NA	2.200927856	1097.415461	0.135047177	58.0105683	1.739948904	0.289176849	0.14953818	25.22484174
A6	A6	NA	NA	NA	NA	NA	NA	NA	NA	NA	NA	NA	NA	NA	NA	NA
A188	A188	13.9709449	0.334245887	370.2958809	10.8816482	NA	97.66265013	NA	2.068060924	NA	0.143135261	NA	2.411140719	0.339763417	0.230676109	22.95582123
A214NGoodman-Buckler	A214NGoodman-Buckler	16.06927716	0.288263115	272.571914	6.20644631	6.143116754	70.41743472	26.48076721	2.484144213	1086.471392	0.175487596	53.01348133	1.966010036	0.303630154	0.159274731	25.98118191
A239	A239	12.1723744	0.368732966	272.5136409	5.487184481	5.372933146	73.33656494	19.64473511	1.854774531	964.5999464	0.167399512	64.25692703	1.840161571	0.265088008	0.136556111	16.52692979
A441-5	A441-5	12.91987737	0.26854676	266.0174187	6.183494737	4.613468551	74.21480888	18.99932729	2.494288173	950.7051313	0.14295005	38.28577169	1.94488737	0.296083372	0.146501433	16.39133845
A554	A554	16.06927716	0.453034714	296.9592009	8.364231798	4.997631812	79.90460794	20.24616607	2.218410348	897.2903129	0.171443554	82.99600319	2.136138517	0.325310112	0.169011283	29.00654259
A556	A556	12.1723744	0.318918296	301.0091804	NA	4.831193829	NA	18.46285335	2.183445365	874.0839434	0.151223345	NA	NA	0.30122127	NA	NA
A619	A619	19.06689467	0.318918296	315.140404	8.723862713	6.126799305	94.01373735	25.10656741	2.445682733	1008.056078	0.110782926	55.51202482	2.241012238	0.30122127	0.165765765	24.84667166
A632	A632	16.66880066	0.261439831	303.8645617	6.20644631	5.203231673	70.66069557	19.96643074	2.050578432	911.3488339	0.159311429	43.8521552	2.105841664	0.334945649	0.169011283	24.09033149
A634	A634	14.87023016	0.326582092	267.2399265	6.20644631	4.377568738	69.44439131	16.44176559	2.001627457	804.8757128	0.195707806	53.01348133	1.935713183	0.31808346	0.165765765	NA
A635	A635	13.67118315	0.269103627	242.8526396	4.048660822	4.459155985	62.87634831	16.41029537	1.886243015	807.6936486	0.143135261	39.68791605	1.75160154	0.250634702	0.133310594	17.66144005
A641	A641	19.27799003	0.399008037	299.5793095	7.584477009	4.541405248	79.74680991	16.99388651	1.806414932	804.9750205	0.201897379	61.33827721	2.091062538	0.323000728	0.209790908	44.6704885
A654	A654	16.06927716	0.437707124	271.4938619	11.24127912	6.045212058	80.14786879	23.76383783	2.144983885	1089.89366	0.175487596	55.51202482	2.01961216	0.303630154	0.162520248	35.05726394
A659	A659	15.46975366	0.311254501	341.567249	7.285339054	NA	80.6343905	NA	1.910718503	NA	0.114826968	NA	2.180418532	0.298812386	0.1722568	21.82131098
A661	A661	19.36665642	0.284431217	298.5617108	5.487184481	4.025111833	71.39047812	15.73543389	2.309319302	780.9540739	0.106738884	63.00765528	2.024273214	0.298812386	0.14953818	21.44314089
A679	A679	16.96856241	0.349573477	292.0642616	4.767922652	5.979942261	75.76917346	23.87223527	1.970158973	1104.509948	0.126959093	46.76712261	1.912407912	0.279541313	0.152783697	17.28326996
A680	A680	17.26832417	0.433875226	313.2465287	NA	7.386506392	80.6343905	28.17666264	1.935193991	1220.635612	0.155267387	74.25110098	2.115163773	0.284359081	0.1722568	NA
A682	A682	16.36903891	0.364901068	282.3617926	7.285339054	5.722126562	80.6343905	22.17633984	2.379249266	1002.633178	0.11887101	57.17772047	2.070883757	0.291585734	0.14953818	18.7959503
Ab28A	Ab28A	NA	NA	NA	NA	NA	NA	NA	NA	NA	NA	NA	NA	NA	NA	NA
B2	B2	NA	NA	NA	NA	NA	NA	NA	NA	NA	NA	NA	NA	NA	NA	NA
B10	B10	15.85330705	0.336883619	239.5492805	6.461278145	5.098520618	75.24637944	21.35446228	2.349424428	1048.202906	0.195107469	62.05184983	1.981669131	0.303960964	0.152131118	25.20947125
B14A	B14A	14.5704684	0.303590706	273.4751468	6.20644631	NA	75.52591261	24.19742759	2.061067927	1100.803489	0.187619722	46.35069869	2.000967943	0.320492344	0.1722568	NA
B37	B37	16.66880066	0.4760261	256.5468151	5.846815396	5.944043872	68.4713479	23.68691061	1.854774531	1042.437977	0.191663764	38.43864431	1.891433168	0.286767965	0.159274731	21.82131098
B46	B46	15.76951541	0.303590706	257.6248672	6.92570814	5.229339592	71.87699983	21.95604826	2.375752768	935.7731132	0.11887101	46.35069869	2.000967943	0.289176849	0.139801628	22.95582123
B52	B52	15.06030423	0.380370712	275.9264852	5.621895305	6.105568848	71.96459364	22.54800794	1.924397018	1057.91247	0.13616014	56.12508714	1.896268078	0.270697021	0.151306416	18.21580882
B57	B57	NA	0.311254501	265.5208705	5.127553566	5.366406167	71.39047812	22.63440644	2.298829807	980.8279014	0.139091219	47.59997043	1.809864718	0.291585734	0.133310594	NA
B64	B64	12.1723744	0.341909682	254.7403494	5.846815396	5.699282133	69.44439131	24.03657977	2.256871828	1104.398326	0.187619722	40.9371878	1.92173002	0.281950197	0.175502317	16.52692979
B68	B68	14.27070665	0.292095013	285.9455875	5.846815396	6.250811919	75.28265176	26.51573413	2.137990888	996.471383	0.143135261	62.17480745	1.956687927	0.289176849	0.156029214	17.66144005
B73	B73	15.16999191	0.376396761	310.0123724	6.92570814	6.423776882	76.98547772	24.96669974	2.137990888	1135.831151	0.155267387	60.92553571	2.005628997	0.286767965	0.1722568	NA
B73Htrhm	B73Htrhm	11.87261264	0.311254501	306.6325333	NA	5.682964683	73.57982579	22.93861861	2.214913849	1032.517679	0.139091219	51.34778567	NA	0.313265691	NA	28.6283725
B75	B75	11.57285089	0.322750194	317.1799621	7.644969969	5.552425089	85.98612924	23.51557272	2.554074178	1050.004631	0.135047177	56.76129656	2.124485881	0.313265691	0.169011283	NA
B76	B76	14.27070665	0.368732966	306.9530353	6.566077225	6.94593526	76.98547772	26.81295292	2.064564425	1157.794273	0.139091219	47.18354652	2.033595323	0.291585734	0.14953818	19.55229047
B77	B77	14.5704684	0.303590706	NA	NA	5.141225366	80.14786879	21.54693535	2.19393486	1008.130721	0.106738884	40.52076388	NA	0.286767965	0.14953818	NA
B79	B79	12.47213615	0.387892454	256.8964536	NA	5.585059987	74.5528692	24.38974563	2.651976129	1004.228411	0.163355471	42.18645954	1.774906811	0.289176849	0.143047145	15.01424945
B84	B84	12.1723744	0.34574158	291.9477154	5.127553566	5.490418781	66.03873938	22.37565126	2.344284284	945.4540753	0.151223345	48.84924218	1.917068966	NA	0.146292662	21.82131098
B97	B97	15.46975366	0.257607934	227.7307736	5.487184481	5.679701193	64.57917427	21.81268391	2.103025906	1048.553549	0.131003135	41.35361171	1.665372036	0.265088008	0.117083008	17.28326996
B103	B103	19.36665642	0.399388147	305.7001639	6.20644631	5.255447511	77.47199942	19.48738399	2.106522404	900.7019669	0.171443554	NA	2.094189028	0.289176849	0.1722568	NA
B104	B104	12.1723744	0.288263115	270.7654483	5.487184481	6.068056487	72.85004324	24.41771916	1.977151969	1071.072383	0.151223345	NA	1.907746858	0.293994618	0.152783697	20.68680072
B105	B105	14.87023016	0.384060556	254.7986225	6.20644631	5.092273018	69.44439131	20.74269628	2.124004895	963.3481392	0.159311429	63.84050311	1.889102641	0.31808346	0.143047145	23.7121614
B109	B109	11.57285089	0.338077785	326.6493387	6.566077225	6.694646541	75.76917346	26.20802526	2.106522404	1117.727882	0.139091219	59.25984005	2.15012168	0.291585734	0.185238868	21.06497081
B164	B164	15.46975366	0.399388147	244.804788	5.846815396	5.030266711	75.0393909	19.95594066	1.973655471	968.1882778	0.18357568	56.76129656	1.945035292	0.277132428	0.136556111	19.93046055
C49A	C49A	17.86784767	0.468362305	317.2673717	10.16238637	4.289454512	76.49895602	15.24240037	2.204424355	757.0139454	0.24828035	57.59414439	2.122155354	0.373487796	0.191729903	36.56994428
C103	C103	NA	0.23078465	269.5417135	5.127553566	6.613059294	70.41743472	28.29205346	2.375752768	1199.411043	0.122915052	45.10142695	1.76791523	0.286767965	0.126819559	13.8797392
C123	C123	12.91987737	0.262334318	288.919286	6.745094169	5.926323033	79.67961732	23.35452626	2.171708274	1084.935592	0.11579041	51.13007881	2.020855014	0.30242996	0.146501433	19.4321224
CH9	CH9	14.87023016	0.284431217	353.0179106	9.443124542	6.097427896	76.98547772	24.30232834	2.641486634	1078.661293	0.122915052	71.75255749	2.1174943	0.286767965	0.159274731	NA
CH701-30	CH701-30	13.67118315	0.203961366	232.363484	NA	4.537479741	68.4713479	18.13066764	2.571556669	884.8325026	0.102694842	39.27149214	1.961348982	0.351807838	0.146292662	19.55229047
CI3A	CI3A	14.5704684	0.276767422	259.8975176	5.487184481	6.436830842	69.93091301	25.71149506	2.061067927	1149.750658	0.126959093	34.69082908	1.793551028	0.284359081	0.130065077	14.63607937
Ci7Goodman-Buckler	Ci7Goodman-Buckler	13.28479482	0.442495129	318.4928803	9.269275305	6.261196175	76.2107574	25.72041483	2.12899483	1151.736349	0.222267109	67.76043077	2.048520657	0.278574613	0.190570978	27.64209841
CI21E	CI21E	NA	NA	NA	NA	NA	NA	NA	NA	NA	NA	NA	NA	NA	NA	NA
CI28AGoodman-Buckler	CI28AGoodman-Buckler	NA	NA	NA	NA	NA	NA	NA	NA	NA	NA	NA	NA	NA	NA	NA
CI31A	CI31A	11.14436796	0.249909435	222.4859503	4.776479848	4.754562433	65.92405916	20.44578496	2.311790106	944.5616826	0.12041846	43.49896177	1.81757902	0.291267789	0.128106206	25.20947125
CI64	CI64	13.67118315	0.261439831	253.1087029	5.487184481	6.652221173	65.79547853	26.01570723	2.012116952	1189.736928	0.131003135	39.27149214	1.746940485	0.274723544	0.130065077	13.12339903
CI66	CI66	13.77604812	0.324458736	269.9645987	5.060295873	6.081346441	72.9289716	26.15045647	2.096439631	1121.643301	0.183689509	44.70792525	1.981351839	0.273870315	0.141696451	18.21580882
Ci90CGoodman-Buckler	Ci90CGoodman-Buckler	14.5704684	0.414715738	279.8269133	7.285339054	5.128171406	76.25569516	22.35467111	2.200927856	1013.978195	0.228060141	NA	2.066222703	0.344581186	0.169011283	NA
Ci91BGoodman-Buckler	Ci91BGoodman-Buckler	NA	NA	NA	NA	NA	NA	NA	NA	NA	NA	NA	NA	NA	NA	NA
CI187-2	CI187-2	12.42862408	0.243696993	253.5699928	5.33807928	5.311677804	71.06740828	21.74696786	2.311790106	996.0415114	0.093258821	37.79038083	1.911778898	0.297614377	0.137716171	19.73606015
CM7	CM7	20.56570343	0.464530407	331.5734146	8.364231798	6.090900916	75.76917346	23.41067198	1.753376082	1020.014672	0.215928015	NA	2.070883757	0.291585734	0.1722568	24.09033149
CM37	CM37	20.86546518	0.456866612	340.6348796	7.644969969	5.578533008	75.52591261	21.1098489	1.704425107	992.2174297	0.211883973	NA	2.014951106	0.277132428	0.175502317	20.68680072
CM105	CM105	17.86784767	NA	322.1331745	NA	4.295981491	79.66134709	16.28791116	1.756872581	818.3720163	0.187619722	NA	2.243342765	0.284359081	NA	25.60301182
CM174	CM174	18.76713292	0.422379533	338.6827312	8.723862713	4.638647927	78.93156453	17.57819037	1.77785157	860.8762815	0.256368434	35.10725299	2.222368021	0.298812386	0.198220937	NA
CML5	CML5	NA	NA	NA	NA	NA	NA	NA	NA	NA	NA	NA	NA	NA	NA	NA
CML10	CML10	15.76951541	NA	234.4613151	6.20644631	5.477364822	66.76852194	23.77083121	2.211417351	1088.923304	0.171443554	43.8521552	1.777237338	0.284359081	0.123574042	15.39241954
CML11	CML11	NA	NA	NA	NA	NA	NA	NA	NA	NA	NA	NA	NA	NA	NA	NA
CML14	CML14	15.06030423	0.299608969	269.0600366	6.183494737	6.63361733	71.64313432	29.29587795	2.488911841	1205.732593	0.13616014	51.13007881	1.911461607	0.277043608	0.151306416	20.04027919
CML38	CML38	NA	NA	NA	NA	NA	NA	NA	NA	NA	NA	NA	NA	NA	NA	NA
CML45	CML45	NA	NA	NA	NA	NA	NA	NA	NA	NA	NA	NA	NA	NA	NA	NA
CML52	CML52	13.67118315	0.376396761	285.7416317	5.846815396	8.009832956	80.39112965	34.61756859	2.428200242	1442.85639	0.187619722	NA	1.900755276	0.277132428	0.143047145	18.41778022
CML61	CML61	12.06370663	0.324458736	263.8382464	6.745094169	7.079309627	73.57189024	32.01115634	2.268482244	1311.325833	0.16331978	52.55722405	1.853726198	0.353202663	0.151306416	18.82396561
CML69	CML69	13.67118315	0.326582092	270.7945848	NA	9.360917759	72.85004324	36.84845784	2.309319302	1607.202997	0.114826968	NA	NA	0.30122127	NA	NA
CML77	CML77	NA	NA	NA	NA	NA	NA	NA	NA	NA	NA	NA	NA	NA	NA	NA
CML91	CML91	13.77604812	0.430070246	284.8076401	6.745094169	6.042590589	73.57189024	26.33864408	2.435148525	1161.05853	0.16331978	64.68795855	1.975274428	0.299256666	0.160916381	21.86474956
CML92	CML92	14.63221886	0.287184085	292.5786507	5.621895305	5.940856478	71.00021568	22.87061527	2.193213601	1015.737655	0.13616014	48.98936096	1.990467957	0.270697021	0.151306416	20.64843598
CML103	CML103	15.46975366	0.303590706	231.0814761	5.487184481	6.015840649	64.82243512	22.45607517	1.791837563	1111.471242	0.155267387	70.08686183	1.777237338	0.286767965	0.139801628	24.09033149
CML108	CML108	14.27070665	0.249944138	227.5559543	6.20644631	6.675065602	72.85004324	29.2781205	2.435193238	1269.850194	0.143135261	46.76712261	1.993976362	0.315674575	0.136556111	18.03961013
CML154Q	CML154Q	13.71288019	0.324458736	272.1135154	5.899678713	6.493731286	73.31762352	27.6184213	2.870928597	1122.130671	0.16115792	83.45902836	1.881391841	0.269054731	0.142521153	21.56053052
CML157Q	CML157Q	NA	NA	NA	NA	NA	NA	NA	NA	NA	NA	NA	NA	NA	NA	NA
CML158Q	CML158Q	11.57285089	0.272935524	290.9862095	7.285339054	9.608942989	67.9848262	43.79638407	2.739388584	1596.577016	0.110782926	63.4240792	1.982323726	0.344581186	0.156029214	21.06497081
CML218	CML218	14.87023016	NA	219.7764972	5.127553566	5.382723616	67.9848262	25.50519025	2.295333309	1184.786538	0.171443554	46.76712261	1.914738439	0.310856807	0.130065077	18.41778022
CML220	CML220	11.57285089	0.215457059	281.2837405	5.487184481	6.162697693	62.63308746	23.92818233	2.29183681	1040.096659	0.102694842	50.93136175	1.928721602	0.298812386	0.146292662	22.57765115
CML228	CML228	NA	0.26335578	266.0453283	5.487184481	6.492310169	66.03873938	26.36887307	2.068060924	1118.281539	0.159311429	55.0956009	1.854144734	0.274723544	0.136556111	19.17412038
CML238	CML238	12.91987737	0.225059668	245.3769567	6.183494737	5.684098959	78.39378004	23.00503499	2.478159178	1056.142169	0.109000501	46.13507049	1.850687492	0.353202663	0.151306416	17.60765203
CML247	CML247	NA	NA	NA	NA	NA	NA	NA	NA	NA	NA	NA	NA	NA	NA	NA
CML254	CML254	NA	0.299758808	245.9702498	5.127553566	5.52631717	64.82243512	NA	2.211417351	1033.517823	0.195707806	54.26275307	1.828508935	0.277132428	0.139801628	21.44314089
CML258	CML258	12.91987737	0.287184085	248.5018075	5.621895305	4.928359847	75.82210548	21.12315889	2.376008877	949.1431011	0.13616014	61.83366808	2.00262278	0.280216902	0.141696451	18.82396561
CML261	CML261	14.5704684	0.265271729	273.2420545	5.846815396	6.94919875	67.74156535	29.35854441	2.082046916	1264.144131	0.155267387	47.18354652	1.854144734	0.27231466	0.136556111	15.77058962
CML264	CML264	NA	NA	NA	NA	NA	NA	NA	NA	NA	NA	NA	NA	NA	NA	NA
CML277	CML277	12.7718979	0.391724352	265.0546858	5.487184481	6.24754843	70.17417387	26.62762825	2.256871828	1098.721024	0.187619722	59.25984005	1.942704765	0.274723544	0.139801628	NA
CML281	CML281	NA	NA	NA	NA	NA	NA	NA	NA	NA	NA	NA	NA	NA	NA	NA
CML287	CML287	14.56905093	0.2002099	231.3671053	4.776479848	6.028661064	64.63822188	25.11821448	2.247274126	1139.156279	0.12041846	37.79038083	1.732495259	0.291267789	0.118496241	16.6952762
CML311	CML311	15.4883896	0.324458736	294.7989395	5.621895305	6.081346441	81.92983256	23.27387443	2.101815963	1031.982769	0.14973996	56.12508714	1.999584074	0.30242996	0.160916381	18.82396561
CML314	CML314	13.9709449	NA	268.2597056	5.846815396	7.631268132	66.76852194	32.99510368	2.347780782	1339.640844	0.18357568	45.10142695	1.791220501	0.279541313	0.130065077	17.66144005
CML321	CML321	16.66880066	NA	280.934102	6.20644631	8.042467854	69.44439131	32.99860037	2.246382333	1354.171532	0.159311429	46.76712261	2.124485881	0.289176849	0.143047145	19.93046055
CML322	CML322	12.0005387	0.30582141	248.1015038	5.33807928	5.796125952	63.99530324	23.55894571	2.274155785	1089.288465	0.12720837	53.48897842	1.802385491	0.281747907	0.128106206	18.51974657
CML323	CML323	11.57285089	0.261439831	244.6882419	5.127553566	5.702545622	70.41743472	23.73936099	1.907222005	1008.316301	0.143135261	43.43573129	1.630414129	0.267496892	NA	15.01424945
CML328	CML328	NA	NA	NA	NA	NA	NA	NA	NA	NA	NA	NA	NA	NA	NA	NA
CML331	CML331	NA	NA	NA	NA	NA	NA	NA	NA	NA	NA	NA	NA	NA	NA	NA
CML332	CML332	12.491792	0.274759202	265.5651377	6.183494737	6.580328034	76.46502412	28.8388509	2.306116565	1209.898007	0.14295005	38.28577169	1.972235722	0.277043608	0.146501433	16.99949524
CML333	CML333	10.37380389	0.326582092	228.1678217	5.846815396	5.692755153	67.01178279	24.13099045	2.235892839	1042.523919	0.114826968	53.01348133	1.746940485	0.257861355	0.133310594	NA
CML341	CML341	12.491792	0.336883619	256.2728181	5.621895305	5.742232737	70.35729704	25.74719731	2.591062142	1147.312664	0.17010969	42.5672074	1.920577724	0.305603254	0.141696451	17.60765203
CMV3	CMV3	18.16760942	0.418547635	302.6699634	9.083493628	4.433048066	79.41808624	15.99069238	1.637991641	767.6906011	0.207839931	43.43573129	2.047578486	0.339763417	0.21769404	18.03961013
CO106	CO106	13.9709449	0.426211431	330.0000412	NA	4.619066988	83.31025987	17.51175323	2.281347316	808.2705893	0.171443554	NA	2.357538595	0.342172301	0.19497542	42.24249555
CO125	CO125	13.07165965	0.284431217	310.5659667	NA	4.145860958	72.36352153	16.11307658	2.061067927	762.4258888	0.106738884	NA	2.005628997	0.296403502	0.162520248	NA
CO255	CO255	16.96856241	0.441539021	358.1168057	NA	4.416730616	78.44504283	15.67948682	1.630998644	795.8576333	0.195707806	NA	2.159443788	0.279541313	0.159274731	NA
D940Y	D940Y	16.06927716	NA	250.107639	6.20644631	7.001414588	82.58047731	29.95997537	2.242885835	1303.645565	0.135047177	54.26275307	1.861136315	NA	NA	17.66144005
DE-2	DE-2	13.07165965	0.253776036	286.0038605	8.004600884	6.012577159	83.55352072	23.87223527	2.148480383	1090.238798	0.110782926	NA	1.982323726	0.313265691	0.143047145	NA
DE1	DE1	13.67118315	0.223120855	297.2214298	6.92570814	6.286710308	77.95852113	26.92834374	2.358270277	1173.853426	0.106738884	NA	2.164104842	0.310856807	0.156029214	NA
DE811	DE811	13.07165965	0.29592691	276.8841224	NA	5.451256903	76.74221687	22.18682991	2.235892839	994.822394	0.135047177	53.01348133	1.875119478	0.274723544	0.14953818	16.14875971
E2558W	E2558W	13.3714214	0.384060556	275.951753	4.767922652	7.164589081	71.87699983	28.75012006	1.991137962	1226.427617	0.175487596	38.43864431	1.949696346	0.248225818	0.146292662	16.14875971
EP1	EP1	12.1723744	0.315086399	363.1574277	9.083493628	4.517898802	77.71526027	18.81951589	2.368759772	772.8392404	0.122915052	83.82885102	2.366860703	0.34699007	0.178747834	29.76288276
F6	F6	14.63221886	0.256121876	298.8694689	6.183494737	8.36309722	79.358158	36.95780208	2.553427821	1519.232051	0.12258032	46.84864311	2.084667835	0.28656349	0.160916381	19.4321224
F7	F7	13.07165965	0.567991644	315.460906	11.60091003	5.173860265	80.39112965	18.55027064	1.725404097	879.0148176	0.405997984	NA	2.317919633	0.30122127	0.181993351	31.2755631
F44	F44	20.26594168	0.315086399	273.8539219	7.285339054	5.607904416	72.12026068	23.80929482	2.054074931	1089.704999	0.151223345	63.84050311	1.996306889	0.30122127	0.14953818	19.55229047
F2834T	F2834T	NA	0.215457059	228.8962353	4.048660822	4.749606582	67.25504364	20.48743779	2.599528655	915.7726166	0.106738884	48.84924218	1.779567865	0.325310112	0.146292662	NA
GA209	GA209	14.27070665	0.34574158	258.0619153	7.285339054	6.218177021	81.60743391	24.87928245	2.204424355	1069.870566	0.126959093	55.0956009	1.912407912	0.281950197	0.159274731	19.17412038
GT112	GT112	12.91987737	0.343096061	276.8310472	6.745094169	6.265436737	72.9289716	27.06451058	2.359879882	1153.456649	0.183689509	52.55722405	1.932732547	0.289736784	0.151306416	25.51369029
H49	H49	NA	NA	NA	NA	NA	NA	NA	NA	NA	NA	NA	NA	NA	NA	NA
H84	H84	16.06927716	0.422379533	315.2569502	6.20644631	5.248920531	77.22873857	19.20065528	1.798830559	867.4184808	0.195707806	NA	2.140799571	0.308447923	0.152783697	NA
H91	H91	18.46737117	0.403220045	360.5060023	NA	6.635903723	84.76982498	27.16961546	2.204424355	1142.57605	0.211883973	NA	2.462412316	0.373487796	0.207957489	NA
H95	H95	NA	0.215457059	258.1784615	4.767922652	6.103954876	65.79547853	23.53305618	2.183445365	1084.563208	0.102694842	52.59705741	1.73528785	0.308447923	0.130065077	15.39241954
H99	H99	12.7718979	0.272935524	258.9651482	5.846815396	3.812984992	73.82308664	14.80531392	2.176452369	730.0761222	0.139091219	NA	1.996306889	0.30122127	0.146292662	17.66144005
H105W	H105W	13.9709449	0.299758808	252.9338837	5.487184481	5.04005718	74.0663475	20.59583523	2.295333309	996.9966216	0.155267387	NA	2.000967943	0.274723544	0.152783697	NA
Hi27Goodman-Buckler	Hi27Goodman-Buckler	NA	NA	NA	NA	NA	NA	NA	NA	NA	NA	NA	NA	NA	NA	NA
HP301	HP301	13.3714214	0.372564863	240.5508527	6.20644631	5.885301055	73.33656494	24.95970636	2.183445365	1168.770185	0.151223345	53.42990524	1.952026873	0.284359081	0.143047145	22.57765115
I29	I29	12.0005387	0.30582141	316.3548245	8.707675873	5.684702878	79.4253506	23.65035112	2.215016136	1049.249987	0.14078819	74.89615695	2.167030182	0.313480846	0.166546065	28.2502552
I137TN	I137TN	15.91647498	0.262334318	290.3172455	5.060295873	6.318726034	70.67875636	26.7150193	2.021170988	1130.911347	0.12937023	36.85862646	1.941848664	0.270697021	0.146501433	18.82396561
I205	I205	15.42522168	0.212634784	238.4802526	4.214880416	5.486079137	62.70946596	22.20937171	2.188134478	1054.232343	0.13399828	30.65465465	1.811501608	0.291267789	0.128106206	16.08711941
i1677a	i1677a	NA	NA	NA	NA	NA	NA	NA	NA	NA	NA	NA	NA	NA	NA	NA
IA2132Goodman-Buckler	IA2132Goodman-Buckler	16.28139242	0.423857804	344.0262009	8.707675873	6.745644323	81.03264719	27.72058029	2.166629152	1078.239184	0.276586388	82.03188313	2.236920414	0.303960964	0.190570978	29.46656877
Ia5125	Ia5125	14.56905093	0.249909435	262.1222161	5.33807928	6.551865064	73.63908284	26.29573124	2.188134478	1209.619461	0.12720837	47.06682486	1.884430546	0.291267789	0.137716171	14.87080583
IDS28	IDS28	12.42862408	0.318246294	270.3866242	7.584477009	4.851452063	76.85367604	18.8327483	2.059102519	880.2711236	0.12041846	57.77041412	1.993823954	0.294441083	0.147326136	25.81762804
IDS69	IDS69	NA	NA	NA	NA	NA	NA	NA	NA	NA	NA	NA	NA	NA	NA	NA
IDS91	IDS91	15.85330705	0.355520945	320.0553057	8.707675873	6.871600842	77.818054	27.29043718	2.118242167	1189.913408	0.16115792	78.46402004	2.124488301	0.294441083	0.171351048	26.42578483
Il14H	Il14H	16.06927716	0.307422603	251.7101489	NA	6.149643734	72.85004324	26.4003433	2.540088185	1113.16714	0.139091219	46.35069869	2.15012168	0.310856807	0.233921626	NA
Il101	Il101	NA	NA	NA	NA	NA	NA	NA	NA	NA	NA	NA	NA	NA	NA	NA
ILLHy	ILLHy	15.76951541	0.487521793	279.0693632	6.566077225	6.515154598	80.14786879	27.01226434	2.316312298	1245.456731	0.219972057	53.84632916	2.110502718	0.284359081	0.162520248	26.73752208
K4	K4	12.1723744	0.276767422	259.6935618	7.285339054	6.900246402	72.36352153	29.97396213	2.144983885	1309.583774	0.195707806	48.01639435	1.933382656	0.253043587	0.156029214	NA
K55	K55	16.66880066	0.357237273	301.1839997	NA	4.867092217	74.79613005	18.52929049	1.987641464	874.295203	0.18357568	77.16606838	2.192071168	0.313265691	0.165765765	25.22484174
K64	K64	11.57285089	0.276767422	253.1961126	5.846815396	NA	68.22808705	NA	2.162466376	NA	0.135047177	47.59997043	1.877450005	0.267496892	0.146292662	20.30863064
K148	K148	NA	NA	NA	NA	NA	NA	NA	NA	NA	NA	NA	NA	NA	NA	NA
KI3	KI3	NA	NA	NA	NA	NA	NA	NA	NA	NA	NA	NA	NA	NA	NA	NA
Ki11	Ki11	19.27799003	0.293396527	289.7113595	7.022877577	6.740799842	75.24637944	27.37108901	2.182758147	1264.681025	0.188317559	42.78538915	2.005978777	0.300787671	0.142521153	17.30343299
Ki14	Ki14	NA	NA	NA	NA	NA	NA	NA	NA	NA	NA	NA	NA	NA	NA	NA
Ki21	Ki21	NA	NA	NA	NA	NA	NA	NA	NA	NA	NA	NA	NA	NA	NA	NA
Ki43	Ki43	NA	NA	NA	NA	NA	NA	NA	NA	NA	NA	NA	NA	NA	NA	NA
Ki44	Ki44	14.56905093	0.324458736	283.2971921	7.022877577	6.706888472	77.818054	27.20440856	2.177381815	1208.873331	0.195107469	47.06682486	1.975591719	0.297614377	0.152131118	26.42578483
Ki2021	Ki2021	NA	NA	NA	NA	NA	NA	NA	NA	NA	NA	NA	NA	NA	NA	NA
Ky21	Ky21	NA	NA	NA	NA	NA	NA	NA	NA	NA	NA	NA	NA	NA	NA	NA
KY226	KY226	12.85670945	0.349308503	313.887837	7.584477009	6.774711212	87.14037427	26.79039582	2.155876488	1118.05221	0.15436801	87.74046407	2.124488301	0.294441083	0.185765995	29.46656877
KY228	KY228	17.62881646	0.492194663	317.9886219	8.429892466	6.63361733	79.67961732	26.93009086	2.037299983	1209.325262	0.258378518	48.98936096	2.093783952	0.334162899	0.180136311	22.47290634
L317	L317	NA	NA	301.9706864	NA	6.038685078	72.36352153	25.05761372	2.103025906	1156.082968	0.151223345	43.43573129	1.849483679	0.250634702	0.14953818	19.17412038
L578	L578	NA	NA	NA	NA	NA	NA	NA	NA	NA	NA	NA	NA	NA	NA	NA
M14	M14	14.5704684	0.315086399	284.8383988	7.644969969	6.397668963	72.60751228	24.9841832	2.186941863	1124.477917	0.102694842	77.99891621	1.900755276	0.281950197	0.14953818	21.06497081
M37W	M37W	NA	0.34574158	231.1980222	NA	6.068056487	74.30960835	23.99112278	2.068060924	1205.309876	0.155267387	NA	2.049909013	0.293994618	0.169011283	NA
M162W	M162W	14.87023016	0.28059932	255.148261	NA	6.110481855	86.95917265	24.2743548	2.092536411	1150.260831	0.114826968	41.35361171	1.90541633	0.265088008	0.143047145	17.28326996
MEF156-55-2	MEF156-55-2	14.87023016	0.422379533	300.3681765	NA	4.132806998	88.66199861	15.74592396	1.935193991	717.515935	0.179531638	NA	2.329572269	0.286767965	0.214448523	NA
MO1W	MO1W	13.67118315	0.284431217	249.0295869	7.285339054	5.111853957	79.41808624	20.7322062	2.295333309	1040.114806	0.155267387	71.33613358	1.979993199	0.306039039	0.14953818	22.19948106
Mo17	Mo17	12.7718979	0.299758808	274.1161508	6.92570814	5.408831535	76.01243431	22.40362479	2.449179231	987.8676051	0.122915052	57.17772047	2.091858501	0.30122127	0.146292662	21.06497081
Mo18W	Mo18W	NA	NA	NA	NA	NA	NA	NA	NA	NA	NA	NA	NA	NA	NA	NA
Mo24W	Mo24W	11.57285089	0.338077785	315.1112675	8.723862713	7.938036179	84.28330328	35.16654917	2.365263273	1403.286818	0.191663764	77.5824923	2.227029075	0.296403502	0.169011283	16.14875971
Mo44	Mo44	15.16999191	0.288263115	269.8330789	6.20644631	5.908145484	74.5528692	23.97713602	2.512116199	1117.840531	0.11887101	62.59123137	2.157113261	0.315674575	0.175502317	NA
Mo45	Mo45	10.97332739	0.338077785	NA	NA	5.261974491	79.17482539	20.34057674	2.008620454	924.0500891	0.163355471	54.26275307	NA	0.257861355	0.143047145	NA
Mo46	Mo46	12.7718979	0.349573477	308.7886376	7.644969969	5.647066295	83.55352072	23.30926792	2.047081934	1005.727087	0.175487596	69.254014	2.194401695	0.371078912	0.188484386	20.30863064
Mo47	Mo47	15.16999191	0.449202817	269.1046653	7.285339054	6.165961183	72.12026068	22.93861861	1.886243015	1088.220704	0.244236308	82.57957928	1.861136315	0.277132428	0.165765765	29.00654259
MoG	MoG	NA	NA	NA	NA	NA	NA	NA	NA	NA	NA	NA	NA	NA	NA	NA
Mp339	Mp339	13.3714214	0.276767422	252.5259721	7.285339054	5.833085217	82.33721646	25.90381309	2.358270277	1160.870035	0.11887101	55.0956009	1.973001617	0.30122127	0.165765765	NA
Ms71	Ms71	15.76951541	0.292095013	301.2131363	6.20644631	6.96225271	75.52591261	27.94937769	2.169459372	1284.880098	0.143135261	47.59997043	2.033595323	0.315674575	0.14953818	17.28326996
MS153	MS153	15.16999191	0.349573477	263.9474971	7.285339054	5.089009528	74.0663475	19.53284098	2.064564425	955.4527828	0.147179303	57.59414439	1.991645834	0.296403502	0.159274731	NA
MS1334	MS1334	13.3714214	0.28059932	346.7244172	8.723862713	5.434939454	79.17482539	20.91753086	2.110018902	962.112767	NA	63.00765528	2.261986982	0.344581186	0.169011283	NA
Mt42	Mt42	17.86784767	0.633133904	380.6393538	9.802755457	5.164069795	90.85134628	19.12023137	2.130997892	885.2557066	0.236148225	163.3658187	2.406479665	0.327718996	0.201466454	NA
N6	N6	14.87023016	0.322750194	281.6625156	6.92570814	4.782241481	73.82308664	19.1062446	1.987641464	909.4858462	0.131003135	61.75838354	2.066222703	0.284359081	0.204711971	NA
N7A	N7A	14.14096556	0.448707571	289.1357291	5.899678713	5.26807747	72.35324556	19.78981672	1.940823223	912.9503571	0.222267109	67.76043077	2.072830303	0.323000728	0.1569361	27.64209841
N28Ht	N28Ht	15.16999191	0.353405375	290.3743421	7.644969969	5.487155291	78.93156453	21.70428647	1.952676482	1056.714263	0.195707806	43.8521552	2.06855323	0.303630154	0.159274731	NA
N192	N192	NA	0.387892454	289.5293823	7.285339054	5.76128844	75.0393909	22.1903266	2.082046916	1026.811273	0.143135261	47.59997043	2.005628997	0.337354533	0.185238868	17.66144005
NC33	NC33	12.491792	0.386583153	271.8559558	6.183494737	6.420460145	79.03669868	27.54842158	2.064181641	1272.223011	0.12937023	81.10012876	2.087706541	0.277043608	0.170526346	25.51369029
NC222	NC222	13.3714214	0.334245887	273.9704681	4.767922652	6.4825197	73.33656494	27.85496702	2.732395588	1270.107677	0.143135261	55.0956009	2.089527974	0.291585734	0.146292662	18.7959503
NC230	NC230	14.87023016	0.299758808	240.2303507	4.767922652	5.806977298	66.28200023	24.79536185	2.47015822	1133.608988	0.159311429	45.93427478	1.863466842	0.267496892	0.126819559	16.52692979
NC232	NC232	13.28479482	0.299608969	283.2149591	8.146076441	6.83284499	72.9961642	28.39805569	2.215016136	1236.205735	0.14078819	32.08179989	2.106256067	0.300787671	0.161741083	30.68288235
NC236	NC236	NA	0.315086399	263.2773566	5.846815396	6.208386551	73.57982579	25.86884618	2.106522404	1204.536741	0.171443554	40.10433997	2.005628997	0.308447923	0.139801628	18.41778022
NC238	NC238	14.20413349	0.262334318	280.2848297	6.745094169	6.783796256	79.67961732	27.30646608	2.273858575	1285.031659	0.12258032	52.55722405	1.966158311	0.292910078	0.151306416	20.64843598
NC250	NC250	14.87023016	0.376396761	316.3932754	7.285339054	4.749606582	74.30960835	19.02582069	2.228899842	771.9075753	0.18357568	66.75547051	2.042917431	0.30122127	0.169011283	22.57765115
NC258	NC258	13.3714214	0.226952752	250.3990044	5.846815396	6.557579967	66.52526109	27.78852987	2.393235259	1175.674641	0.090562716	43.01930737	1.940374238	0.27231466	0.139801628	16.52692979
NC260	NC260	13.77604812	0.26854676	330.6524911	6.183494737	5.451563848	73.89334956	23.32764232	2.510417168	1008.291977	0.11579041	58.97937761	1.905384195	0.321469724	0.180136311	21.25659277
NC262	NC262	15.76951541	0.29592691	285.8581778	8.004600884	5.565479048	71.14721727	21.69729309	2.148480383	927.8551585	0.151223345	45.10142695	2.06855323	0.281950197	0.159274731	17.28326996
NC264	NC264	17.26832417	0.292095013	268.0266132	6.92570814	6.208386551	79.66134709	24.43520262	2.561067175	1119.467264	0.159311429	53.01348133	2.126816408	0.308447923	0.165765765	23.7121614
NC290A	NC290A	NA	0.207793264	261.1212524	NA	5.692755153	64.57917427	22.20431337	2.386242263	978.2951831	0.11887101	49.68209001	NA	0.274723544	0.133310594	NA
NC294	NC294	16.06927716	0.36106917	314.5285366	5.846815396	5.588323477	72.85004324	22.41061817	1.95617298	871.2273166	0.151223345	53.84632916	1.966010036	0.296403502	0.169011283	20.68680072
NC296	NC296	NA	0.272935524	224.700573	5.487184481	5.927726423	62.87634831	25.52966709	2.641486634	1115.158184	0.135047177	61.75838354	1.800542609	0.306039039	0.130065077	22.57765115
NC296A	NC296A	NA	NA	NA	NA	NA	NA	NA	NA	NA	NA	NA	NA	NA	NA	NA
NC298	NC298	NA	0.315086399	298.5325742	6.20644631	NA	74.30960835	30.56140632	2.246382333	1288.630727	0.199751848	43.8521552	1.966010036	0.325310112	0.152783697	17.28326996
NC300	NC300	NA	NA	NA	NA	NA	NA	NA	NA	NA	NA	NA	NA	NA	NA	NA
NC302	NC302	14.27070665	0.368732966	295.997695	7.285339054	5.937516893	72.12026068	21.98052511	2.043585436	986.6438745	0.159311429	33.44155733	2.017281633	0.332536765	0.156029214	24.84667166
NC304	NC304	12.06370663	0.343096061	262.1935881	6.183494737	6.134635737	68.75000044	23.4351781	2.053428978	1061.557207	0.183689509	41.14006216	2.048203366	0.340509487	0.160916381	23.68921992
NC306	NC306	14.27070665	0.391724352	283.3232985	7.644969969	5.682964683	75.52591261	22.43859171	1.742886588	985.7978089	0.135047177	55.51202482	2.005628997	0.27231466	0.162520248	19.17412038
NC310	NC310	10.97332739	0.303590706	297.6876145	NA	5.75476146	75.0393909	22.26725382	2.117011899	1026.387727	0.151223345	NA	2.320250161	0.313265691	0.175502317	NA
NC314	NC314	NA	NA	NA	NA	NA	NA	NA	NA	NA	NA	NA	NA	NA	NA	NA
NC318	NC318	13.71288019	0.262334318	255.1324182	5.899678713	5.931771434	78.13951332	23.9998424	2.150500157	1125.819665	0.100048731	57.05684151	1.923933721	0.291267789	0.147326136	17.91158978
NC320	NC320	12.7718979	0.272935524	251.7684219	5.487184481	NA	67.01178279	26.00172046	2.267361323	1166.692171	0.126959093	46.35069869	1.840161571	0.260270239	0.139801628	16.14875971
NC324	NC324	15.16999191	0.487521793	316.8594601	NA	5.000895302	76.98547772	20.99445807	1.998130959	803.9111775	0.167399512	NA	2.108172191	0.296403502	0.178747834	18.7959503
NC326	NC326	14.87023016	0.322750194	285.8581778	6.20644631	5.898355014	77.47199942	23.94566579	2.068060924	1076.166581	0.143135261	45.10142695	1.984654253	0.267496892	0.162520248	17.66144005
NC328	NC328	16.66880066	0.403220045	322.1914476	8.004600884	5.9995232	79.17482539	23.72537422	1.89673251	1065.028715	0.171443554	NA	2.115163773	0.315674575	0.178747834	21.44314089
NC336	NC336	17.56808592	0.29592691	240.9296278	7.285339054	4.028375323	90.36482457	18.62370116	2.770857069	815.0284994	0.171443554	68.00474226	1.973001617	0.281950197	0.159274731	22.19948106
NC338	NC338	13.3714214	0.288263115	285.7124951	6.92570814	6.903509892	76.49895602	28.12770896	2.211417351	1315.179928	0.151223345	42.60288346	2.038256377	NA	0.146292662	NA
NC340	NC340	10.97332739	0.491353691	277.7290822	5.846815396	5.921199443	68.95786961	24.3582754	2.49113721	1034.681634	0.171443554	65.08977486	1.865797369	0.27231466	0.143047145	24.46850157
NC342	NC342	14.27070665	0.249944138	257.0712729	6.20644631	7.624741152	70.41743472	31.14185712	2.155473379	1345.69718	0.122915052	48.01639435	1.854144734	0.269905776	0.136556111	18.41778022
NC344	NC344	12.47213615	0.238448445	290.3743421	NA	7.308182635	70.17417387	30.63134015	2.183445365	1204.228583	0.102694842	41.35361171	1.858805788	0.260270239	0.136556111	16.14875971
NC346	NC346	14.27070665	0.311254501	202.7316192	6.20644631	5.549161599	76.74221687	23.34073814	2.554074178	1035.031565	0.135047177	75.50037273	1.856475261	0.308447923	0.14953818	27.11569216
NC348	NC348	10.37380389	0.265271729	279.3607286	6.20644631	6.211650041	67.74156535	23.5680231	2.162466376	1045.868121	NA	53.01348133	1.893763695	0.286767965	0.146617214	18.7959503
NC350	NC350	13.77604812	0.299608969	294.7167066	6.745094169	5.26262907	79.67961732	20.37040845	2.327621892	972.1570125	0.13616014	52.55722405	2.036048543	0.324643018	0.151306416	18.21580882
NC352	NC352	11.87261264	0.311254501	274.931974	8.004600884	6.985097139	78.20178198	29.51239884	2.417710747	1161.299402	0.187619722	56.76129656	2.10118061	0.31808346	0.169011283	21.06497081
NC354	NC354	NA	NA	NA	NA	NA	NA	NA	NA	NA	NA	NA	NA	NA	NA	NA
NC356	NC356	16.06927716	0.253776036	234.3447689	5.846815396	5.836348707	71.63373898	23.55753302	2.274354319	1058.480695	0.139091219	43.01930737	1.9543574	0.310856807	0.146292662	19.93046055
NC358	NC358	12.7718979	0.318918296	256.6633612	5.487184481	4.873619197	70.17417387	22.0644457	2.435193238	1013.959363	0.167399512	NA	1.893763695	0.334945649	0.130065077	17.28326996
NC360	NC360	16.36903891	0.399388147	262.5780796	8.004600884	4.81487638	74.5528692	20.82661687	2.816311546	956.5313366	0.207839931	68.83759009	1.963679509	0.31808346	0.146292662	21.44314089
NC362	NC362	16.66880066	0.36106917	284.8383988	8.723862713	6.521681578	72.12026068	27.25353606	2.316312298	1087.571517	0.228060141	NA	2.047578486	0.274723544	0.156029214	NA
NC364	NC364	20.86546518	0.368732966	268.0557498	8.364231798	6.24102145	71.14721727	25.21496485	2.036592439	1074.114589	0.199751848	NA	2.077875338	0.281950197	0.156029214	18.03961013
NC366	NC366	12.7718979	0.322750194	310.099782	6.92570814	7.794442625	74.30960835	33.30281254	2.533095189	1369.559584	0.11887101	53.01348133	2.126816408	0.313265691	0.1722568	24.84667166
NC368	NC368	15.46975366	0.265271729	289.6167919	7.285339054	5.5165267	81.1209122	21.18677611	1.826802545	1032.144123	0.139091219	37.18937257	2.056900594	0.286767965	0.159274731	19.93046055
ND246	ND246	14.87023016	0.364901068	372.8598967	NA	4.230711694	71.39047812	14.64096941	1.95617298	718.6314678	0.143135261	87.57666625	2.131477463	0.281950197	0.181993351	21.44314089
OH7B	OH7B	13.3714214	0.338077785	281.6916521	NA	6.658748152	78.93156453	25.4842101	2.054074931	1189.335295	0.135047177	55.0956009	2.189740641	0.356625606	0.191729903	NA
Oh40B	Oh40B	19.66641817	0.399388147	279.2150459	8.004600884	6.985097139	78.93156453	26.49125728	2.130997892	1225.654483	NA	51.76420958	2.000967943	0.289176849	0.14953818	NA
Oh43	Oh43	22.06451218	0.311254501	246.5238441	6.92570814	6.22796749	70.17417387	24.60654051	2.172955871	1118.081921	0.122915052	57.17772047	1.945035292	0.308447923	0.14953818	21.44314089
Oh43E	Oh43E	16.06927716	0.261439831	255.5853091	6.566077225	5.709072602	80.6343905	22.09941262	2.452675729	953.2289075	0.110782926	37.60579648	2.089527974	0.34699007	0.201466454	19.93046055
Oh603	Oh603	16.96856241	0.307422603	259.9266541	NA	6.524945068	82.82373816	26.92484705	2.225403344	1266.676507	0.151223345	47.18354652	2.021942687	0.281950197	0.152783697	18.41778022
Os420	Os420	16.96856241	0.311254501	270.8528579	6.566077225	7.768334706	76.25569516	32.74683857	2.617011146	1375.027681	0.139091219	53.01348133	2.122155354	0.351807838	0.169011283	27.49386225
P39Goodman-Buckler	P39Goodman-Buckler	11.14436796	0.504619547	327.5385011	6.461278145	4.677050729	78.13951332	18.02085318	2.032220861	801.1615842	0.229057019	167.6605973	2.203494651	0.31665414	0.19537596	27.03394162
Pa91	Pa91	12.47213615	0.376396761	277.4959898	NA	6.861084524	76.74221687	29.10678261	2.323305295	1251.320639	0.151223345	59.25984005	2.00329847	0.277132428	0.21769404	NA
Pa762	Pa762	19.96617993	0.288263115	260.5967946	6.92570814	4.916044565	73.09330409	18.55376733	2.246382333	954.2961622	0.131003135	43.01930737	2.038256377	0.303630154	0.14953818	22.95582123
Pa875	Pa875	19.66641817	0.315086399	245.6497478	5.846815396	6.032158099	73.82308664	24.81284531	2.117011899	1132.873517	0.215928015	65.50619877	1.956687927	0.298812386	0.146292662	22.95582123
Pa880	Pa880	12.1723744	0.261439831	258.848602	6.20644631	5.314190329	74.79613005	19.67970203	2.071557422	962.9629414	0.122915052	46.76712261	1.982323726	0.284359081	0.14953818	19.17412038
R4	R4	14.56905093	0.367945828	318.2461816	9.269275305	6.261196175	86.81891495	25.40856108	2.274155785	1190.631942	0.201897379	61.33827721	2.179185005	0.307134258	0.171351048	24.60131446
R109B	R109B	NA	NA	NA	NA	NA	NA	NA	NA	NA	NA	NA	NA	NA	NA	NA
R168	R168	13.67118315	0.28059932	317.6170102	6.92570814	5.399041065	73.82308664	22.17633984	2.277850818	995.8793768	0.110782926	50.09851392	2.103511137	0.332536765	0.159274731	23.33399132
R177	R177	14.5704684	0.36106917	315.1112675	NA	6.825186135	76.98547772	26.57517788	2.186941863	1129.31155	0.199751848	58.42699222	2.208384858	0.30122127	0.178747834	NA
R229	R229	11.57285089	0.34574158	318.6076527	NA	6.531472048	87.2024335	24.41072578	2.214913849	1087.230146	0.191663764	62.17480745	2.028934269	0.31808346	0.175502317	19.93046055
SA24	SA24	13.28479482	0.399008037	232.7239484	5.899678713	6.60515436	69.781571	27.59153736	2.392435081	1231.220255	0.18152765	56.34326889	1.875314429	0.284921201	0.142521153	22.77684409
SC55	SC55	10.37380389	0.364901068	237.7828811	4.767922652	6.303027757	62.3898266	27.61719199	2.368759772	1163.022691	0.171443554	55.0956009	1.784228919	0.238590282	0.133310594	15.01424945
SC213R	SC213R	NA	NA	NA	NA	NA	NA	NA	NA	NA	NA	NA	NA	NA	NA	NA
SC357	SC357	20.26594168	0.303590706	328.8054429	9.083493628	6.185542122	84.76982498	24.26736142	2.249878832	1148.136936	0.135047177	59.67626396	2.327241742	0.279541313	0.1722568	28.6283725
SD40	SD40	NA	NA	295.7937392	NA	5.239130062	NA	20.30910652	2.117011899	923.4871868	0.126959093	57.59414439	NA	0.308447923	0.139801628	17.28326996
SD44	SD44	17.86784767	0.315086399	286.5574549	6.20644631	4.932362015	72.36352153	18.22857501	1.889739514	942.1711629	0.151223345	66.3390466	1.961348982	0.27231466	0.146292662	18.41778022
Sg18	Sg18	15.85330705	0.349308503	249.6228128	6.461278145	5.156654396	73.31762352	20.93507275	2.172005483	985.6040257	0.16115792	64.19256768	1.942165956	0.281747907	0.137716171	20.95237373
Sg1533	Sg1533	13.28479482	0.280971643	281.8169996	5.899678713	5.883326619	72.35324556	23.91381378	2.397811412	1128.203323	0.1475781	37.07680821	2.066752892	0.288094495	0.1569361	27.03394162
T8	T8	10.37380389	0.307422603	275.4855683	NA	6.772970298	71.63373898	27.1486353	2.071557422	1154.113152	0.135047177	49.68209001	NA	0.260270239	0.139801628	15.01424945
T232	T232	14.87023016	0.334245887	273.0672352	6.92570814	5.777605889	79.41808624	24.60654051	2.267361323	1107.678499	0.11887101	46.76712261	2.033595323	0.274723544	0.159274731	25.22484174
T234	T234	12.47213615	0.265271729	278.8071343	6.566077225	6.789287747	70.90395642	28.68368293	2.277850818	1249.869214	0.126959093	NA	1.940374238	0.296403502	0.159274731	NA
Tx303	Tx303	NA	NA	NA	NA	NA	NA	NA	NA	NA	NA	NA	NA	NA	NA	NA
Tx601	Tx601	NA	0.330413989	264.4719549	5.846815396	5.901618504	73.09330409	24.87928245	2.358270277	1111.013456	0.187619722	42.60288346	1.979993199	0.31808346	0.139801628	25.98118191
Tzi8	Tzi8	16.06927716	0.483689896	263.5978586	6.20644631	7.565998334	76.98547772	32.8622294	2.487640712	1354.191391	0.18357568	82.16315536	2.01961216	0.322901228	0.14953818	22.57765115
Tzi9	Tzi9	13.07165965	0.29592691	267.4147458	6.566077225	7.451776189	69.93091301	30.06137942	2.326801793	1346.219337	0.135047177	39.68791605	1.837831044	0.260270239	0.143047145	15.39241954
Tzi10	Tzi10	16.96856241	0.322750194	272.1057293	5.487184481	7.024259017	76.49895602	29.65576319	2.428200242	1271.461177	0.151223345	52.1806335	1.966010036	0.315674575	0.146292662	19.93046055
Tzi11	Tzi11	13.9709449	0.284431217	260.1014734	10.52201729	5.836348707	70.17417387	23.49459257	2.526102192	1083.913336	0.135047177	48.84924218	2.031264796	0.293994618	0.152783697	NA
Tzi16	Tzi16	NA	NA	NA	NA	NA	NA	NA	NA	NA	NA	NA	NA	NA	NA	NA
Tzi18	Tzi18	11.87261264	0.307422603	254.5363936	5.487184481	6.632640233	71.39047812	26.88638344	2.365263273	1250.080816	0.139091219	41.77003563	1.882111059	0.255452471	0.133310594	17.66144005
Tzi25	Tzi25	16.06927716	0.318918296	255.0899879	5.487184481	6.524945068	66.76852194	28.5717888	2.43169674	1219.515628	0.151223345	47.18354652	1.749271012	0.291585734	0.126819559	20.68680072
U267Y	U267Y	NA	NA	NA	NA	NA	NA	NA	NA	NA	NA	NA	NA	NA	NA	NA
Va14	Va14	NA	NA	NA	NA	NA	NA	NA	NA	NA	NA	NA	NA	NA	NA	NA
Va17	Va17	NA	NA	NA	NA	NA	NA	NA	NA	NA	NA	NA	NA	NA	NA	NA
Va22	Va22	18.16760942	0.311254501	310.420284	NA	6.691383051	85.98612924	30.16977686	2.319808796	1270.378172	0.135047177	NA	2.038256377	0.310856807	0.14953818	17.66144005
Va26	Va26	16.66880066	0.334245887	304.3598829	6.92570814	6.165961183	74.79613005	23.50158596	2.256871828	1054.806422	0.18357568	38.02222039	2.045247959	0.281950197	0.156029214	16.90509988
Va35	Va35	13.9709449	0.330413989	313.5087576	9.083493628	6.309554737	75.52591261	26.21501865	2.37225627	1089.058209	0.171443554	43.8521552	2.042917431	0.281950197	0.178747834	20.30863064
Va59	Va59	14.87023016	0.36106917	338.7410043	NA	6.130062795	90.60808543	26.12410467	2.721906093	1082.455748	0.203795889	NA	2.345885959	0.315674575	0.191729903	23.33399132
Va85	Va85	16.36903891	0.284431217	317.121689	6.92570814	5.614431396	84.76982498	22.19382329	2.445682733	1074.72577	0.131003135	52.59705741	2.049909013	0.262679123	0.159274731	17.66144005
Va99	Va99	13.3714214	0.322750194	280.7592827	7.285339054	6.544526007	75.28265176	25.68701821	2.068060924	1209.296074	0.11887101	47.18354652	1.933382656	0.298812386	0.143047145	18.03961013
VA102	VA102	16.66880066	0.376396761	309.4587781	9.083493628	7.510519007	81.36417305	32.55801723	2.487640712	1293.635901	0.199751848	55.51202482	2.164104842	0.279541313	0.175502317	19.55229047
VaW6	VaW6	14.27070665	0.284431217	266.569786	6.566077225	5.346825227	71.63373898	20.96648454	2.155473379	1056.872109	0.159311429	45.51785086	1.984654253	0.342172301	0.169011283	NA
W22	W22	18.76713292	0.376396761	258.7903289	8.004600884	5.121644427	80.6343905	22.0679424	2.508619701	1009.544825	0.159311429	98.40368804	1.979993199	0.306039039	0.169011283	NA
W64A	W64A	19.06689467	0.311254501	257.8579595	6.566077225	4.622330478	78.93156453	18.20759486	2.319808796	905.2154579	0.102694842	49.26566609	1.963679509	0.298812386	0.14953818	25.98118191
W117Ht	W117Ht	14.99713631	0.47976978	309.5294924	6.461278145	4.822385174	75.24637944	18.91340013	2.360177091	862.6316373	0.17473774	104.1526343	2.124488301	0.300787671	0.1569361	17.30343299
W153R	W153R	12.47213615	0.315086399	360.0980907	6.92570814	3.936997606	92.31091139	14.34025394	2.106522404	679.1834474	0.159311429	55.92844873	2.271309091	0.325310112	0.175502317	NA
W182B	W182B	15.76951541	0.384060556	229.8286047	7.285339054	4.446102025	70.41743472	16.36483838	2.288340312	836.8936957	0.171443554	107.5650142	2.007959524	0.303630154	0.201466454	NA
WD	WD	NA	NA	NA	NA	NA	NA	NA	NA	NA	NA	NA	NA	NA	NA	NA
Wf9	Wf9	15.76951541	0.284431217	266.7446053	8.364231798	5.836348707	71.39047812	23.20786386	2.281347316	1122.361554	0.167399512	NA	2.026603741	0.296403502	0.143047145	NA
Yu796	Yu796	13.3714214	0.399388147	326.8824311	9.443124542	5.803713808	78.44504283	22.72182373	2.326801793	1075.905673	0.195707806	62.59123137	2.208384858	0.284359081	0.181993351	24.84667166
