33-16	33-16	0.820482578	1.281071305	NA	NA	1.337601372	1.313636861	1.378507379	1.092350551	1.230160421	1.114763941	NA	1.383714284	0.922731671	1.126398181	NA
38-11Goodman-Buckler	38-11Goodman-Buckler	1.13038559	1.134157473	1.398628199	1.368688697	1.114114057	1.183795899	1.38416485	1.091122832	1.146954357	1.407434855	1.382334239	1.338706141	0.982692494	0.906351359	1.239516948
4226	4226	1.336698509	1.014616506	1.580673047	2.310564557	1.222292747	1.360878275	1.25927703	1.096227209	1.170440171	1.19904008	1.376677856	1.567306271	1.042580236	1.248664266	1.504978864
4722	4722	NA	1.275558912	1.647113086	2.103165513	NA	1.41861784	NA	1.134092157	0.984850821	1.469113848	1.23701288	1.670417255	1.120946539	1.305503109	NA
A6	A6	NA	NA	NA	NA	NA	NA	NA	NA	NA	NA	NA	NA	NA	NA	NA
A188	A188	1.2117919	1.036431275	1.237130164	1.350532999	NA	1.080078863	NA	1.015520524	NA	1.260902726	NA	1.251722235	1.035990596	0.857733054	1.130429378
A214NGoodman-Buckler	A214NGoodman-Buckler	1.166746166	1.246652297	1.404133699	1.73756338	0.873650353	1.374598701	NA	0.970644135	1.032529431	1.232678094	1.174467726	1.463202397	1.003404446	1.142947982	1.369338058
A239	A239	NA	1.299227406	1.449477365	1.900512687	1.27630038	1.415231447	1.39491768	1.084865698	1.125621121	1.249416427	1.441924763	1.463169487	1.107284645	1.313795232	NA
A441-5	A441-5	1.62580656	1.301088218	1.512292646	1.633724686	1.998337778	1.361488705	2.2681145	1.192807962	1.576620881	1.147839667	1.553147739	1.42162875	1.110360506	1.298275261	1.496056214
A554	A554	1.483679591	1.093170542	1.186209885	NA	1.019272025	1.227301906	0.97453521	1.102493245	1.042728549	1.387184029	NA	1.290051955	1.047787098	NA	NA
A556	A556	2.43683808	1.248554349	1.396482735	NA	1.210072295	NA	1.147723316	1.078416422	1.154712777	1.051263588	NA	NA	0.97445934	NA	NA
A619	A619	1.345816855	1.086243388	1.194501641	1.154630002	0.979809387	1.099460866	0.982870648	0.971776743	1.012766373	1.305612439	1.053172607	1.228020251	0.909762907	1.082290827	NA
A632	A632	1.190253679	1.188935839	1.201983667	1.451062791	1.108112753	1.360870167	1.198642461	1.186598979	1.15617234	1.22286061	1.428493319	1.341303582	1.00933315	0.999122095	1.177099051
A634	A634	1.285289149	1.318318721	1.633651059	2.024063968	1.257897339	1.381654254	1.211034751	0.986435719	1.179509446	1.306763401	1.253292333	1.472646778	0.992820607	1.129996066	NA
A635	A635	1.185144097	1.251254608	1.387882984	2.048747342	NA	1.472061257	0.852668747	1.171709903	0.939517789	1.411138557	1.415655498	1.543520018	1.171138224	1.385326496	NA
A641	A641	1.344810589	1.13983	1.182984772	1.116520299	1.138722805	1.229956566	1.171491218	1.238799718	1.165090621	1.199123183	1.265698905	1.32237692	1.035050637	0.921137326	1.046213259
A654	A654	1.34785098	0.93927603	1.08367867	1.623687645	0.803986586	1.310821833	0.823002419	1.12705	0.877097848	1.334793786	1.231099557	1.346058976	1.150108803	1.1363427	1.335204657
A659	A659	1.070870313	1.102594962	1.064972845	1.382616999	NA	1.247728219	NA	1.245499865	NA	1.54054084	NA	1.328707072	1.010265535	1.026205075	1.060524481
A661	A661	1.212283634	1.229324052	1.196577662	1.511646478	1.377115547	1.287596848	1.348446751	1.07541944	1.305676841	1.28792382	1.114789438	1.347555363	0.98231497	1.146856758	1.19146753
A679	A679	1.169227	1.157574426	1.432071472	2.336389398	1.226121004	1.341828995	1.287699689	1.153698965	1.156699347	1.534475912	1.193242722	1.547995547	1.129707128	1.260517956	1.431821002
A680	A680	0.938268349	1.089247448	1.313965457	NA	1.077165285	1.21356636	1.147067975	1.038159089	1.15007539	1.347042061	0.971564153	1.376736212	1.012662919	1.133322798	NA
A682	A682	1.634297661	1.055754218	1.468500499	1.675503934	1.132691281	1.373864313	1.197780451	1.016078526	1.129685073	1.216777468	1.241743179	1.425940207	1.073494982	1.270248364	1.295248175
Ab28A	Ab28A	NA	NA	NA	NA	NA	NA	NA	NA	NA	NA	NA	NA	NA	NA	NA
B2	B2	NA	NA	NA	NA	NA	NA	NA	NA	NA	NA	NA	NA	NA	NA	NA
B10	B10	1.599254137	1.080295225	1.627436353	1.481445257	1.327872043	1.278507489	1.293194487	0.956382959	1.151510497	1.069069833	0.826623059	1.410371848	0.985650956	1.152615441	1.136479713
B14A	B14A	1.411598901	1.322247567	1.376940831	1.73756338	NA	1.35176204	1.25211463	1.115007728	1.190828387	1.324891543	1.253138737	1.443218711	0.976671761	1.056810139	NA
B37	B37	1.037486509	1.230670105	1.678781509	1.966088077	1.237211598	1.463181604	1.317975857	1.137380522	1.19192468	1.315636223	1.560494564	1.506138943	1.091529947	1.192597386	1.317878425
B46	B46	1.373472197	1.300934359	1.452318861	1.8652063	1.400019845	1.364373553	1.520406011	1.133957797	1.509181333	1.578582165	1.523605005	1.427411009	0.986164369	1.321005343	NA
B52	B52	1.204911265	1.119757824	1.294422714	1.895096063	1.244353044	1.318130646	1.453307687	1.157977064	1.225015705	1.492258374	1.103141384	1.499065751	1.04346312	1.209731666	1.272671931
B57	B57	NA	1.216931318	1.398792318	NA	1.212536113	1.249011581	1.193437317	1.058457771	1.147868294	1.452167052	1.180345619	1.416727334	0.930278528	1.24691472	NA
B64	B64	1.420729863	1.211907931	1.318878584	1.418666836	1.142997228	1.296218569	1.167313391	0.975112313	1.055897389	1.248481506	1.326055355	1.385573499	1.001566648	1.022247287	1.327448532
B68	B68	1.46674132	1.285677906	1.328215847	1.844438912	1.129180143	1.339242122	1.050135177	0.92939824	1.242348149	1.611452997	1.196932302	1.457811627	1.092064646	1.149828054	1.923541155
B73	B73	1.116011002	1.195416134	1.326379894	1.711158469	1.03397983	1.334391192	1.121893122	1.010227422	1.055124616	1.600952963	1.202769428	1.449141728	0.965323759	1.102717734	NA
B73Htrhm	B73Htrhm	1.395320511	1.237719747	1.231365973	NA	1.382712415	1.306880406	1.452299734	1.037560295	1.317979121	1.477934368	1.634271696	NA	0.963654379	NA	0.976499022
B75	B75	NA	1.063322815	1.097946205	1.31757661	1.200189616	1.086284645	NA	0.859183908	1.106022905	1.416035989	0.896138551	1.258592485	1.025863367	1.061507638	NA
B76	B76	1.151379249	1.090248501	1.205280236	1.370425654	1.035845007	1.204224765	1.110522955	1.03497657	1.009552244	1.34032868	1.143406102	1.286549099	0.929017078	1.12828787	1.117164941
B77	B77	1.211864522	1.055832465	NA	NA	1.612212461	1.305534259	1.608432193	0.987331546	1.378734265	1.522965178	1.264681833	NA	1.101238115	1.270248364	NA
B79	B79	1.240747051	1.293437629	1.372518741	NA	1.10492112	1.244348222	1.077209671	1.044282504	1.104247217	1.126767581	1.304796692	1.546315488	0.957282476	1.19889755	1.40775545
B84	B84	1.360958791	1.217191023	1.46053231	1.617668736	NA	1.395151534	1.342557799	1.000406497	1.221052176	1.43046509	1.220150097	1.420970771	NA	1.172299889	1.078906906
B97	B97	1.117901176	1.332209143	1.76823667	1.900512687	1.39957818	1.390590955	1.460347763	1.043458109	1.290980564	1.678614198	1.367820176	1.611150576	1.023267516	1.487276764	1.431821002
B103	B103	1.19349991	0.972690579	1.311292238	1.565663027	NA	1.197461417	NA	1.152102723	0.984683752	1.115420548	NA	1.334551397	1.015046263	1.072112671	NA
B104	B104	1.062103433	1.224205818	1.529570966	1.900512687	1.433355504	1.439226083	1.516159998	1.202061166	1.281526317	1.027563494	NA	1.424988366	1.026821027	1.157000426	1.215638796
B105	B105	1.065117615	1.222104766	1.538027764	1.794863498	1.391098058	1.348090235	1.38873648	1.06125845	1.301670135	1.245357473	1.159751943	1.459735559	0.905296671	1.27260654	1.246621582
B109	B109	1.33716111	1.235213672	1.413669939	1.642395217	1.226662575	1.269118141	1.242436649	1.068574491	1.138574007	1.503701685	1.595567819	1.320603402	0.978017346	0.996975954	1.136687628
B164	B164	1.18844747	1.329112828	1.569067678	1.844438912	1.237671702	1.371821334	1.234131522	1.113447359	1.203182018	1.334554639	1.06345674	1.523941598	1.209846704	1.429614222	1.785057655
C49A	C49A	1.578645299	1.154101519	1.335808272	1.481114231	1.139883639	1.320718576	1.123243842	0.915642824	1.06256138	NA	NA	1.361679294	0.897720779	1.100706495	NA
C103	C103	NA	1.613213262	1.416944057	1.825738783	1.28817434	1.555145378	1.339235362	1.055927706	1.15196011	1.176744136	1.313118535	1.545063609	1.033280937	1.435446814	1.638424583
C123	C123	1.254061594	1.123219248	1.368879955	1.387908482	1.17375631	1.307887816	1.191245691	1.074117139	1.009236517	1.311054866	NA	1.34707256	1.136262195	1.224607592	1.789550481
CH9	CH9	1.016190607	1.115579647	1.186638291	1.179665044	0.891713577	1.210533737	0.929192235	1.015123526	0.975342331	1.526645056	0.98421797	1.325135407	0.984740096	1.076748777	NA
CH701-30	CH701-30	1.185144097	2.0950244	1.97893113	NA	1.664184818	1.633386583	1.763128337	0.96086497	1.426254014	1.652737518	2.185190008	1.577671437	0.960955698	1.442576447	1.142565744
CI3A	CI3A	1.186897725	1.462084355	1.565407474	2.030134757	1.111295933	1.396282211	1.210598288	1.125679022	1.054225074	1.816772152	1.98094767	1.596634913	1.012662919	1.440161093	2.238927526
Ci7Goodman-Buckler	Ci7Goodman-Buckler	0.961576442	1.006194858	1.35160866	1.330368099	1.391750828	1.350526884	1.245210141	1.066163903	1.315972281	0.963568401	1.109575941	1.383316155	1.033924739	1.014038119	1.278778766
CI21E	CI21E	NA	NA	NA	NA	NA	NA	NA	NA	NA	NA	NA	NA	NA	NA	NA
CI28AGoodman-Buckler	CI28AGoodman-Buckler	NA	NA	NA	NA	NA	NA	NA	NA	NA	NA	NA	NA	NA	NA	NA
CI31A	CI31A	1.197566701	1.743316804	1.832227263	2.003992515	1.462640456	1.532712416	1.617765253	1.237518298	1.265689478	1.77854427	1.798856772	1.536441805	0.935884043	1.452601074	0.923922274
CI64	CI64	0.919053059	1.300308362	1.327380637	NA	1.03524613	1.323017887	1.075110426	1.039070915	1.048549497	1.623897836	1.672501102	NA	0.886039931	1.217229485	NA
CI66	CI66	0.943690527	1.194799246	1.414028537	1.778220266	1.253092108	1.333880299	1.420269261	1.215927651	1.188060498	1.166959485	1.850739024	1.374698032	1.073634393	1.215991122	1.346213281
Ci90CGoodman-Buckler	Ci90CGoodman-Buckler	1.012130144	1.240984205	1.436173595	NA	1.295921373	1.327710486	1.424402122	1.131236964	1.227837657	1.451406429	NA	1.365221524	0.916474337	1.045911252	NA
Ci91BGoodman-Buckler	Ci91BGoodman-Buckler	NA	NA	NA	NA	NA	NA	NA	NA	NA	NA	NA	NA	NA	NA	NA
CI187-2	CI187-2	1.30384627	1.493386361	1.622923243	2.413499528	1.081862099	1.505016851	1.089557736	1.023479953	1.028736786	1.637625029	1.470791512	1.510956536	1.019633178	1.377229145	1.451660182
CM7	CM7	1.336177873	1.08004705	1.286917069	1.416864624	0.875884483	1.263524998	0.859808163	1.075924208	0.855719257	1.134599302	NA	1.425041735	1.073494982	1.087415203	1.260354154
CM37	CM37	1.212375093	1.140652782	1.311444282	1.689722066	1.061052758	1.301261622	1.091621122	1.058894752	0.96494915	1.139339442	NA	1.403654023	1.149572451	1.082325472	1.235029353
CM105	CM105	NA	NA	1.362065677	NA	1.155999917	1.284248376	1.101505826	1.021918555	1.082125293	1.286686524	NA	1.296414149	1.032243736	NA	1.311227695
CM174	CM174	1.231626738	1.042297244	1.27729638	1.358456057	1.172143117	1.373973508	1.171400956	1.099993176	1.114196296	1.277161708	1.654468837	1.346325004	1.084800375	1.064662251	NA
CML5	CML5	NA	NA	NA	NA	NA	NA	NA	NA	NA	NA	NA	NA	NA	NA	NA
CML10	CML10	1.373472197	NA	1.543841182	1.794863498	1.20463791	1.395770272	1.132829675	0.976684488	1.055018186	1.449898678	1.731695664	1.562085455	1.022453327	1.430484906	1.607710137
CML11	CML11	NA	NA	NA	NA	NA	NA	NA	NA	NA	NA	NA	NA	NA	NA	NA
CML14	CML14	1.091013519	1.629108858	1.7560748	2.169250647	1.354235037	1.534203655	1.162177672	0.860358878	1.11027368	1.492258374	2.756514577	1.634248851	1.117040379	1.446305379	1.691576728
CML38	CML38	NA	NA	NA	NA	NA	NA	NA	NA	NA	NA	NA	NA	NA	NA	NA
CML45	CML45	NA	NA	NA	NA	NA	NA	NA	NA	NA	NA	NA	NA	NA	NA	NA
CML52	CML52	0.839225748	0.877389752	1.40536612	1.601140583	0.99014922	1.320034265	1.025990364	1.070645744	0.886502513	0.88553383	NA	1.398905457	0.908475441	1.143615807	NA
CML61	CML61	1.219829134	1.386418511	1.411705018	1.906814935	1.318530933	1.409930756	1.432314864	1.053022685	1.23214366	1.449318803	1.317901529	1.506338615	0.8761794	1.233389037	1.302720386
CML69	CML69	1.185144097	1.357944237	1.48236864	NA	1.199841328	1.453769238	1.271059484	0.996505205	1.080373551	1.446904104	NA	NA	0.845066475	NA	NA
CML77	CML77	NA	NA	NA	NA	NA	NA	NA	NA	NA	NA	NA	NA	NA	NA	NA
CML91	CML91	1.192721989	1.279484398	1.477186987	1.988637908	1.145016147	1.461093035	1.159885762	0.99976619	0.973086981	1.31250615	1.743147794	1.478454446	0.982556522	1.248708937	1.397255062
CML92	CML92	1.044779277	1.483101266	1.447554895	1.69875528	1.502471391	1.400410336	1.62247767	1.074538354	1.339981122	1.574309597	1.526428376	1.428121725	1.029210739	1.233389037	1.317368255
CML103	CML103	1.211962901	NA	1.640762359	2.030134757	1.161752825	1.63380397	1.275256437	1.189604868	1.116071351	1.554787344	1.582154919	1.557897765	0.975031928	1.358715421	1.326958236
CML108	CML108	1.007899097	1.463664516	1.582422659	1.909463733	NA	1.602109422	NA	0.941125557	1.159823119	1.611452997	1.412562888	1.442680391	1.070950191	1.333098397	1.349553573
CML154Q	CML154Q	0.973254618	1.136404196	1.577881371	2.370850995	1.34722714	1.356146464	1.295758644	0.816168985	1.241445681	1.224956265	1.010969334	1.490404148	1.056168408	1.280565698	1.204553956
CML157Q	CML157Q	NA	NA	NA	NA	NA	NA	NA	NA	NA	NA	NA	NA	NA	NA	NA
CML158Q	CML158Q	1.27429364	1.36407622	1.271926971	1.382616999	0.99256063	1.327163847	0.993028511	0.939846931	1.083159627	1.790886787	1.083511466	1.377010636	0.819522149	1.116039956	1.308069657
CML218	CML218	1.489471086	NA	1.8049116	2.508339724	1.273630815	1.644443585	1.03693942	0.898985066	0.990202918	1.445808417	1.415571112	1.504901054	0.995535213	1.462338635	1.54965522
CML220	CML220	1.022823758	1.292520776	1.488272998	1.706079583	1.209904174	1.460863108	1.264859326	1.042493837	1.211268604	1.513139174	NA	1.467373442	1.00094868	1.208336763	1.096063924
CML228	CML228	NA	1.524257685	1.542797172	1.835701652	NA	1.443280987	NA	1.086928361	1.183180138	1.515319836	NA	1.591621047	1.098849594	1.313795232	1.4789052
CML238	CML238	1.006226742	1.594990503	1.636958311	1.81223334	1.573375129	1.264903557	1.7723248	1.150654036	1.409558242	1.812836228	1.302177947	1.495224762	0.919871903	1.186074294	1.316629187
CML247	CML247	NA	NA	NA	NA	NA	NA	NA	NA	NA	NA	NA	NA	NA	NA	NA
CML254	CML254	NA	1.457871347	1.456307675	1.756382101	NA	1.552083075	NA	1.097454625	1.211083322	1.489893934	1.700499167	1.50098577	1.008932529	1.283295265	1.359827074
CML258	CML258	1.316016651	1.533060547	1.528080828	2.091436845	1.778469681	1.247523674	1.823562107	0.893528243	1.558739279	2.025591328	1.100371768	1.346398808	1.035549638	1.241252955	1.33830309
CML261	CML261	0.987163347	NA	1.227769008	1.236193089	NA	1.316289836	NA	1.001153293	1.034613213	1.37012487	1.16660906	1.416008981	0.93477155	1.197976241	1.213064885
CML264	CML264	NA	NA	NA	NA	NA	NA	NA	NA	NA	NA	NA	NA	NA	NA	NA
CML277	CML277	NA	1.057792434	1.445003633	1.641268548	1.072496681	1.391441958	1.073357314	0.977896731	1.104361922	1.267584015	1.127598007	1.390726712	1.017779247	1.226730148	NA
CML281	CML281	NA	NA	NA	NA	NA	NA	NA	NA	NA	NA	NA	NA	NA	NA	NA
CML287	CML287	1.486643919	1.988846829	1.650600619	2.034385954	1.248917066	1.467996279	1.333482423	1.032406728	1.177124257	1.855925825	1.939101172	1.561616204	1.036434055	1.469538917	1.482248549
CML311	CML311	1.0239423	1.209539189	1.553436414	1.895096063	1.68243113	1.262817254	1.880442713	1.075488425	1.449318791	1.394231456	1.31052852	1.430756661	0.959489965	1.159730747	1.23155498
CML314	CML314	1.107639194	NA	1.149974249	1.479491418	NA	1.389423152	NA	1.064493362	1.073869893	1.178368047	1.708998049	1.414853582	0.910606001	1.196962975	1.6282837
CML321	CML321	1.430316376	NA	1.346530098	1.508362909	NA	1.329782588	NA	1.014633355	1.065372892	1.380338654	1.168873814	1.269102113	0.976537071	1.162043055	1.221518201
CML322	CML322	1.159773119	1.330764565	1.458456354	1.793159929	0.994415232	1.440263344	1.021457972	1.054519649	0.98254816	1.420136458	1.325451792	1.487246893	1.008586399	1.368775813	1.908672365
CML323	CML323	NA	1.523053407	1.628299608	2.31123556	1.785179925	1.479917596	1.885378999	1.059974861	1.554902328	1.310981336	1.485918351	1.622871438	1.045275405	NA	1.40775545
CML328	CML328	NA	NA	NA	NA	NA	NA	NA	NA	NA	NA	NA	NA	NA	NA	NA
CML331	CML331	NA	NA	NA	NA	NA	NA	NA	NA	NA	NA	NA	NA	NA	NA	NA
CML332	CML332	1.04070946	1.376106946	1.392281579	1.722979013	1.538248137	1.307358056	1.644674373	1.133186941	1.179331821	1.421378371	1.777162106	1.360188905	1.005633308	1.176108809	1.363731585
CML333	CML333	1.105978967	NA	1.466663447	1.540316001	NA	1.3780553	NA	0.933671832	1.171247537	1.290842878	1.224628839	1.469887553	0.987166134	1.24691472	NA
CML341	CML341	1.269571034	1.477247937	1.455990191	1.796925672	1.469311901	1.41320716	1.63580794	0.886559772	1.378928641	1.555659137	2.073337954	1.509847563	0.924277978	1.241252955	1.202507058
CMV3	CMV3	1.112082431	0.997731838	1.344698099	1.382974972	1.111197298	1.298854406	1.113681232	1.051967414	1.145385385	0.989067365	1.319744794	1.412183052	0.880306261	1.00575213	1.104957676
CO106	CO106	1.263868253	1.06328919	1.434550191	NA	1.173950161	1.248346926	1.243812834	1.030759887	1.102320419	1.303564496	NA	1.267554382	1.012424794	1.055345432	1.1080932
CO125	CO125	1.128181936	1.308945135	1.288662063	NA	1.255983642	1.37276958	1.278162489	1.128727963	1.171124021	1.422233167	NA	1.424093726	1.24389777	1.201219912	NA
CO255	CO255	1.297857082	1.231539835	1.356884936	NA	1.053301938	1.325770285	1.080904424	1.102712582	0.982059151	1.508206987	NA	1.381247571	1.129707128	1.291896194	NA
D940Y	D940Y	1.257298573	NA	1.645055353	1.73756338	1.460781312	1.326092458	1.411374305	1.044232904	1.230123547	1.469113848	1.315449885	1.556649827	NA	NA	1.832692707
DE-2	DE-2	NA	1.224840572	1.319102656	1.569377978	1.212178771	1.204136026	1.268328978	1.015532328	1.132219279	1.305612439	NA	1.392028402	0.919219388	1.217324797	NA
DE1	DE1	1.158534993	1.306124924	1.111489256	1.403062809	1.320778594	1.372096594	1.08093238	1.101061334	1.080133168	1.455810504	NA	1.327546282	1.042768829	1.183616151	NA
DE811	DE811	1.128181936	1.946850161	1.631663377	NA	1.236529169	1.451826618	1.337672377	0.930861289	1.157932362	1.787580998	1.826562201	1.565879284	1.078582007	1.358385225	1.482732553
E2558W	E2558W	1.021273362	1.146290645	1.46293572	1.739684912	1.207866585	1.364373553	1.348108036	1.122607254	1.245999973	1.171408678	1.471547851	1.422003658	0.969407777	1.262392075	1.209497041
EP1	EP1	1.689699685	1.11998926	1.192912563	1.69618495	0.995772737	1.272782886	0.969355897	1.037821818	0.953060654	1.468328236	NA	1.226400611	1.022437608	1.062673732	1.451420717
F6	F6	0.927549299	1.345533333	1.282942277	1.633724686	1.00197577	1.307128006	1.076828487	1.009078242	0.943646928	1.338581409	1.334649496	1.318630247	0.958762064	1.115241652	1.193011659
F7	F7	1.295159018	1.02001606	1.279322739	1.57335295	0.958443327	1.367478432	1.053224026	1.166208699	1.039644762	1.000675194	NA	1.268349412	1.057640468	1.159593731	1.26579039
F44	F44	1.068738444	1.592308327	1.599939507	1.480245977	1.288582584	1.421470867	1.238073476	1.129511341	0.979264836	1.335664714	1.147850787	1.440996178	0.946732297	1.270248364	1.511848046
F2834T	F2834T	NA	1.652898399	1.812725347	2.400103131	1.76666869	1.514847992	1.864525015	0.966238707	1.533329784	1.321501157	1.507889506	1.607089556	1.013555249	1.352484261	NA
GA209	GA209	1.109864036	1.385624416	1.432290939	1.626689445	1.166814253	1.360079592	1.416756318	0.956977463	1.139841598	1.703853656	NA	1.452648888	0.892952047	1.076748777	1.311542695
GT112	GT112	1.360272352	1.311106855	1.480766069	1.743168988	1.434732869	1.367060283	1.599674635	1.010297893	1.270687898	1.410241884	1.76083288	1.486159091	0.961577182	1.233389037	1.381191222
H49	H49	NA	NA	NA	NA	NA	NA	NA	NA	NA	NA	NA	NA	NA	NA	NA
H84	H84	1.21202237	1.080595098	1.410655539	1.909463733	1.049078955	1.256107635	1.083725845	1.141312472	1.069126001	1.141945922	NA	1.344605663	1.014809304	1.226012113	NA
H91	H91	0.995539074	1.011588012	1.144709299	NA	1.148936037	1.241850743	1.202460146	1.096660034	1.141189205	1.054764677	NA	1.215080682	0.87535867	0.913410857	NA
H95	H95	NA	1.577819727	1.360686128	2.112625215	1.186255947	1.422853179	1.204763154	1.029489496	1.116461641	1.582938346	1.385999283	1.512997164	0.987731881	1.318562034	1.451349299
H99	H99	2.009141352	1.340369185	1.509709362	1.844438912	1.060166846	1.279611646	1.026038529	0.959171078	0.976600543	1.452167052	NA	1.481073721	1.039155773	1.262392075	1.582859476
H105W	H105W	1.28990643	1.285186062	1.289400717	1.446835444	1.254827271	1.298295863	1.220192719	0.935501988	1.141371555	1.577870153	NA	1.349302366	1.108983388	1.070735817	NA
Hi27Goodman-Buckler	Hi27Goodman-Buckler	NA	NA	NA	NA	NA	NA	NA	NA	NA	NA	NA	NA	NA	NA	NA
HP301	HP301	1.347740911	1.242446055	1.429882928	1.852163615	1.240875043	1.395006102	1.224829526	1.015099224	1.168973221	1.31196462	1.449715065	1.445088562	0.973501283	1.34631553	1.36256326
I29	I29	1.922109875	1.143105888	1.109822467	0.909119608	0.781223456	1.184157722	0.719493585	0.997869374	0.800721209	1.322833239	1.012040651	1.260196292	0.94341119	1.11733178	1.037861784
I137TN	I137TN	0.78086058	1.313669231	1.31919935	1.669154774	0.892013381	1.330698884	0.9471834	1.08893215	0.856547966	1.354684487	1.563423013	1.321436165	0.929444071	1.151675518	1.33830309
I205	I205	1.310027382	1.779018788	1.777224724	2.53289207	1.516056356	1.632719173	1.534422602	1.062474241	1.399425459	1.473238338	1.813159274	1.575668147	1.041850504	1.480542828	1.572749857
i1677a	i1677a	NA	NA	NA	NA	NA	NA	NA	NA	NA	NA	NA	NA	NA	NA	NA
IA2132Goodman-Buckler	IA2132Goodman-Buckler	1.170901469	1.050437952	1.234312153	1.352788583	1.112764346	1.243619242	1.16991938	1.047644649	1.077670922	1.077277738	0.931474009	1.29746708	1.011036302	0.995255028	1.176870004
Ia5125	Ia5125	1.190782549	1.60935818	1.331786745	1.689769995	0.76560252	1.375784227	0.708493963	1.054098905	0.722197555	1.507961702	1.831701066	1.50013161	1.055096312	1.377229145	2.602223903
IDS28	IDS28	1.073821518	1.203670824	1.462115438	1.771428072	1.313702185	1.356721051	1.364220142	1.026701369	1.273742606	1.268268824	1.301450663	1.404066931	1.004416013	1.190207528	1.23942798
IDS69	IDS69	NA	NA	NA	NA	NA	NA	NA	NA	NA	NA	NA	NA	NA	NA	NA
IDS91	IDS91	1.058251967	1.117828064	1.222672622	1.289407301	0.960133277	1.270806727	1.030639469	1.147278214	0.993584972	1.328942214	0.895753884	1.329547386	0.99131296	1.085999847	1.109517104
Il14H	Il14H	0.804536539	1.484670444	1.522959018	NA	1.082446532	1.395596617	1.294767221	1.080386102	1.168821174	1.374865102	1.417057687	1.31281516	0.935298446	0.845832541	NA
Il101	Il101	NA	NA	NA	NA	NA	NA	NA	NA	NA	NA	NA	NA	NA	NA	NA
ILLHy	ILLHy	1.027445777	1.148562241	1.348454589	1.588233486	1.021489614	1.273808814	1.146794367	0.978575426	1.067894082	1.130033451	1.226852467	1.400053654	1.08119578	1.185000609	1.150573261
K4	K4	1.181645576	1.508841967	1.508325057	1.626689445	1.141431968	1.542604405	1.224647113	1.233982611	1.088245163	1.270137295	1.423281153	1.407056021	1.038967142	1.116039956	NA
K55	K55	0.928367101	1.28669804	1.334845915	NA	1.261911805	1.328122738	1.314178875	1.126162841	1.202058014	1.490741231	NA	1.287691923	1.052524362	1.161799559	1.426298336
K64	K64	1.179992434	1.391947937	1.451533013	1.844438912	NA	1.412496387	NA	1.056912858	NA	1.575269564	1.292077421	1.470777678	1.045275405	1.190318326	1.396288447
K148	K148	NA	NA	NA	NA	NA	NA	NA	NA	NA	NA	NA	NA	NA	NA	NA
KI3	KI3	NA	NA	NA	NA	NA	NA	NA	NA	NA	NA	NA	NA	NA	NA	NA
Ki11	Ki11	0.632885729	1.533592662	1.439337392	1.434288653	1.55896605	1.320175692	1.854259299	1.055724266	1.343589942	1.396108857	1.730477366	1.37004797	1.049909436	1.369779532	1.708336846
Ki14	Ki14	NA	NA	NA	NA	NA	NA	NA	NA	NA	NA	NA	NA	NA	NA	NA
Ki21	Ki21	NA	NA	NA	NA	NA	NA	NA	NA	NA	NA	NA	NA	NA	NA	NA
Ki43	Ki43	NA	NA	NA	NA	NA	NA	NA	NA	NA	NA	NA	NA	NA	NA	NA
Ki44	Ki44	0.994552116	1.298543575	1.4694687	1.913084108	1.286402751	1.346817662	1.346627543	1.101387889	1.156489015	1.269484362	1.467259107	1.469094332	1.045559863	1.293790189	1.261597563
Ki2021	Ki2021	NA	NA	NA	NA	NA	NA	NA	NA	NA	NA	NA	NA	NA	NA	NA
Ky21	Ky21	NA	NA	NA	NA	NA	NA	NA	NA	NA	NA	NA	NA	NA	NA	NA
KY226	KY226	1.082539997	1.055560531	1.303526367	1.480357951	1.1266657	1.224332385	1.164098106	1.016742108	1.080886236	1.242649631	1.101279234	1.316635311	0.99131296	0.963191284	0.995021187
KY228	KY228	0.802316061	1.283172645	1.290651753	1.722128407	1.084613718	1.355843682	1.274263446	1.028587599	1.000106268	1.067444774	1.351358468	1.400231896	0.799101425	1.075733692	1.001781463
L317	L317	NA	NA	1.565255986	NA	1.359910686	1.454758806	1.437965647	1.040469998	1.198871739	1.406764996	1.459680421	1.625813034	NA	1.270248364	1.771789584
L578	L578	NA	NA	NA	NA	NA	NA	NA	NA	NA	NA	NA	NA	NA	NA	NA
M14	M14	1.211864522	1.089185843	1.510628871	1.922312976	1.114103522	1.461543612	1.20689136	1.118357312	1.010208791	1.408440416	1.387571305	1.565316696	1.11018125	1.305503109	1.403281895
M37W	M37W	NA	1.460483701	1.354728343	NA	1.179434495	1.35392726	1.2459536	1.059580679	1.130349961	1.624035772	NA	1.341595048	0.903717101	1.045911252	NA
M162W	M162W	1.016190607	1.338350017	1.460492873	NA	1.14734439	1.269065935	1.423073652	1.155298457	1.14836532	1.727814311	NA	1.45016716	1.023267516	1.235752045	1.292566589
MEF156-55-2	MEF156-55-2	1.652241705	1.118892952	1.267109405	NA	1.357132262	1.287710808	1.280385667	1.03491183	1.196131445	1.604173326	NA	1.244433663	1.043959922	0.959514274	NA
MO1W	MO1W	0.972271267	1.308945135	1.375997993	1.91957638	1.270059067	1.400241489	1.376250386	1.00120826	1.245184661	1.37012487	1.320133306	1.440652631	0.950022225	1.199738875	NA
Mo17	Mo17	0.955282047	1.252807571	1.403986875	1.762507746	1.107844056	1.468552982	1.282011147	1.22183664	1.175518237	1.322536186	1.514146547	1.361832624	1.066882815	1.262392075	1.327112104
Mo18W	Mo18W	NA	NA	NA	NA	NA	NA	NA	NA	NA	NA	NA	NA	NA	NA	NA
Mo24W	Mo24W	1.179992434	1.216074609	1.322339186	1.399221268	1.127894364	1.311870956	1.13380764	1.00614577	1.077469596	1.22213896	1.292191179	1.302568886	1.065438875	1.155085952	1.383374185
Mo44	Mo44	0.948150298	1.403777649	1.637039212	1.794863498	1.1433779	1.443301971	1.315439061	1.101171289	1.089992995	1.48813099	1.334633351	1.337886979	0.973939185	1.037266833	NA
Mo45	Mo45	1.111856444	1.417034767	NA	NA	1.573828457	1.388485991	1.764119518	1.180100263	1.357485999	1.543626237	1.301448093	NA	0.987166134	1.19889755	NA
Mo46	Mo46	NA	0.916948635	1.464176089	1.78275843	1.218869173	1.229496286	1.222885225	1.070439517	1.017001361	0.946754156	1.047153685	1.299890725	0.933558095	0.99379406	1.297530286
Mo47	Mo47	1.211931404	0.879227746	1.467953724	1.480245977	1.120440631	1.306886395	1.18847833	1.050109067	1.10937263	0.885698433	1.016186247	1.513661533	0.958703985	1.066389081	NA
MoG	MoG	NA	NA	NA	NA	NA	NA	NA	NA	NA	NA	NA	NA	NA	NA	NA
Mp339	Mp339	0.885245217	1.485463161	1.544541571	1.577874955	1.422240494	1.191041935	1.4818015	0.918529619	1.208393234	1.849935687	1.640318382	1.410865095	0.90052056	1.050487334	NA
Ms71	Ms71	1.188924773	1.285677906	1.397175416	1.966763851	1.239298499	1.365789934	1.316522678	1.017298416	1.108719326	1.210824116	1.252173206	1.414573767	1.053311826	1.217366247	1.501448209
MS153	MS153	NA	1.046516369	1.393459284	NA	0.917743797	1.332626256	0.909252333	1.058331382	0.894041909	1.226256935	1.331704179	1.355617919	0.990298287	1.159497784	NA
MS1334	MS1334	1.619797202	1.257641619	1.372203397	1.725342956	1.073634812	1.294816237	1.058789406	1.062336452	1.018597098	NA	1.211257181	1.34248551	1.118458062	1.186278724	NA
Mt42	Mt42	1.334332988	0.70556246	1.01026617	0.954994078	0.771480868	1.051435722	0.748012275	1.155089181	1.063948141	0.961564451	0.650868213	1.169870604	0.921154582	0.955923872	NA
N6	N6	0.893873089	1.163562753	1.393417028	1.659809193	1.195736722	1.319795749	1.225668162	1.094547105	1.092579953	1.240883304	1.358782856	1.309390641	0.963710874	1.198297757	NA
N7A	N7A	0.539449841	1.034897486	1.371005761	1.996658645	1.391025696	NA	1.458309008	1.023173481	1.306748375	1.189757862	2.122150724	1.33731677	0.90366131	1.071707854	1.157621614
N28Ht	N28Ht	1.092030902	1.209104528	1.591547126	1.643203884	1.430723754	1.382027088	1.502100599	1.120582636	1.243857603	1.160258975	1.818324905	1.407758098	1.067587602	1.176047585	NA
N192	N192	NA	1.084923264	1.453450921	1.675503934	1.223222751	1.428296711	1.235260343	1.016244391	1.113802072	1.235863421	1.379866695	1.457491062	0.936106626	1.096586561	1.51472314
NC33	NC33	0.994937146	1.621354213	1.618920557	1.81223334	1.021196286	1.479131116	1.068668514	1.083998978	0.843047337	2.175081946	1.299743098	1.360509493	1.005633308	1.136356366	1.958754351
NC222	NC222	1.347740911	1.220336823	1.416103272	1.814272972	1.205409589	1.383448763	1.243898165	0.905454821	1.220879348	1.411138557	1.378305813	1.34643289	1.044851691	1.208336763	1.380613074
NC230	NC230	1.16297163	1.295978893	1.520375086	1.888861033	1.423604737	1.450771435	1.365764913	0.930347962	1.311083084	1.267854337	1.388552986	1.436882677	1.00364514	1.373091327	NA
NC232	NC232	0.961576442	1.310470737	1.395888334	1.649303881	1.243330783	1.428417524	1.301155934	1.05164837	1.1808256	1.52121824	1.54154864	1.342141573	0.944743202	1.150525323	0.999237133
NC236	NC236	NA	1.263738542	1.357879808	2.513509317	1.022215411	1.381754752	1.12815696	1.093931276	1.075043236	1.136325431	NA	1.409250465	0.996757688	1.321005343	1.997005425
NC238	NC238	1.197029989	1.204285827	1.37119154	1.661346015	1.329341676	1.251239701	1.344133648	1.014264768	1.158488111	1.338581409	1.236308912	1.405086164	1.030189009	1.162416923	1.317368255
NC250	NC250	0.918336592	1.075081827	1.527144971	1.431431488	1.441492657	1.465135786	1.526101819	0.991578706	1.239687279	0.963611484	1.166017195	1.358026479	0.965216992	1.170682338	0.936164323
NC258	NC258	1.157301508	1.440878824	1.622202311	2.209386406	1.341945634	1.541021378	1.540762315	1.06003014	1.213591118	1.597120447	1.403164929	1.473903784	1.118793409	1.283295265	1.303177321
NC260	NC260	1.070496427	1.229754777	1.486751684	2.31914079	1.441403979	1.444713605	1.498236364	1.063116963	1.283744427	1.280102325	1.435688405	1.624987183	1.017003332	1.098382235	1.390631719
NC262	NC262	NA	1.181569247	1.302404438	1.347236918	1.09437557	1.381346668	NA	1.100354218	1.025898105	1.525265465	1.380502282	1.357387018	1.09043314	1.225696989	1.385402864
NC264	NC264	1.064665535	1.263525895	1.432318174	1.557110639	1.216291034	1.284248376	1.375198999	1.013874311	1.191518469	1.177866883	1.475434407	1.307079372	0.924551226	1.11409432	1.280454735
NC290A	NC290A	NA	1.791708022	1.63543465	NA	1.370713757	1.534961514	1.419922228	0.901178788	1.168170135	1.759484513	NA	NA	1.048180627	1.345780274	NA
NC294	NC294	1.257298573	1.147600209	1.265464915	1.601140583	1.047433319	1.354875783	1.183644135	1.099305089	1.121691335	1.383064902	1.135136974	1.343956141	0.990298287	1.030314866	1.09929545
NC296	NC296	NA	1.933045048	1.595256702	1.965323722	1.357032448	1.6978519	1.441303148	0.915205875	1.170857207	1.761042068	1.875483281	1.51189887	0.97731278	1.298295524	1.167130414
NC296A	NC296A	NA	NA	NA	NA	NA	NA	NA	NA	NA	NA	NA	NA	NA	NA	NA
NC298	NC298	NA	1.222667318	1.40951421	1.794863498	NA	1.373887765	1.142030864	1.017430775	1.059265508	1.244422947	1.454482091	1.420614448	0.953649514	1.260517956	1.47823914
NC300	NC300	NA	NA	NA	NA	NA	NA	NA	NA	NA	NA	NA	NA	NA	NA	NA
NC302	NC302	0.931425393	1.23780973	1.303740191	1.529060466	1.279157509	1.386214107	1.392669001	1.072270999	1.248177604	1.447829245	1.782315548	1.392808958	0.983156796	1.166722103	1.173556119
NC304	NC304	1.077639445	1.143835796	1.390625018	1.81223334	1.468136242	1.340655838	1.449946798	1.042820288	1.211519964	0.954087386	1.504954126	1.333177363	0.931501363	1.115241652	1.119994098
NC306	NC306	1.364776381	0.950425616	1.339093969	1.410612974	1.114797497	1.292844886	1.165861051	1.149102397	1.133674022	1.283341344	1.121606049	1.367503794	1.098346536	1.120123397	1.290622382
NC310	NC310	1.211309759	1.673915501	1.400564516	NA	1.193521272	1.594899076	1.315505171	1.078121706	1.301428004	1.406764996	NA	1.224574264	0.91033239	1.082325472	NA
NC314	NC314	NA	NA	NA	NA	NA	NA	NA	NA	NA	NA	NA	NA	NA	NA	NA
NC318	NC318	1.155012212	1.369869855	1.563939859	2.008750767	1.345642994	1.333665853	1.41622964	1.058410714	1.23966964	1.911385201	1.05129015	1.486498676	1.007759497	1.271428604	1.583148492
NC320	NC320	1.297074254	1.684121186	1.59169638	1.965323722	NA	1.510860955	1.325905981	1.067604929	1.207825535	1.703853656	1.720307745	1.598659966	1.063601936	1.339860382	1.92984521
NC324	NC324	0.780289595	0.936206872	1.304433978	NA	1.182881519	1.277565329	1.237629154	1.025901584	1.081818044	1.035317388	NA	1.263036387	0.952727993	0.944699037	1.167200825
NC326	NC326	1.114044622	1.464282568	1.617986065	2.024063968	1.45230982	1.39165373	1.461247014	1.083889729	1.306260801	1.336020641	1.666883208	1.486019617	1.066090538	1.185000609	1.378450469
NC328	NC328	0.841071575	1.043682111	1.316350258	1.436093342	1.300626323	1.401867385	1.621757077	1.306036979	1.254944664	1.052705898	NA	1.376736212	1.009215914	1.047926895	1.023107986
NC336	NC336	0.735898076	1.312760261	1.598529229	1.773132912	1.609843559	1.139167124	1.510473151	0.8588677	1.305746492	1.428993795	NA	1.461789534	1.100307195	1.159497784	1.168943303
NC338	NC338	1.157301508	1.673135394	1.437461503	1.505761362	1.219697079	1.306869112	1.267575967	0.917009832	1.103596324	1.880766874	1.4792989	1.393994723	NA	1.244373638	NA
NC340	NC340	NA	0.942074423	1.519425778	1.966088077	1.488637682	1.486659174	1.52679338	0.941432378	1.393267835	1.303564496	0.886528925	1.550766611	1.02678248	1.309461035	1.175300206
NC342	NC342	1.288302678	1.256562499	1.384542436	1.966763851	1.007594618	1.338489365	1.075552346	1.060341798	1.003314494	1.468328236	1.249225318	1.445110409	1.035946419	1.275188902	1.19116682
NC344	NC344	1.153245297	1.954833423	1.557346497	NA	1.383476254	1.572614505	1.500817568	1.066904205	1.321327366	1.827235447	2.020049553	1.515559327	1.159870818	1.333098397	1.532411737
NC346	NC346	0.880442924	1.362450317	1.688105837	1.622963144	1.314724876	1.333098779	1.555797501	0.93545668	1.260100374	1.442574918	1.15675222	1.467349996	1.023835112	1.093974642	0.92742156
NC348	NC348	1.176112918	NA	1.624815889	2.024063968	1.343204393	1.507096288	1.436547858	1.017682186	1.343721203	NA	1.281955826	1.506250447	1.004156433	1.259597645	1.401954299
NC350	NC350	1.192721989	1.453521532	1.263190671	1.661346015	1.473172514	1.241116736	1.564095644	0.990837322	1.357576247	1.574309597	1.457774587	1.397273411	0.941374999	1.257046408	1.566837329
NC352	NC352	0.843798874	1.019441249	1.400157272	1.213952283	0.995842852	1.159190864	1.015445276	1.006412482	1.013284921	1.038353904	NA	1.269895631	0.835277521	0.967929323	1.022432943
NC354	NC354	NA	NA	NA	NA	NA	NA	NA	NA	NA	NA	NA	NA	NA	NA	NA
NC356	NC356	1.144108065	1.492557595	1.655027812	1.78361433	1.261292426	1.360132772	1.247720382	0.894396933	1.047280466	NA	NA	1.409091827	1.060680559	1.208336763	1.382529473
NC358	NC358	0.983764731	1.177543304	1.690035555	2.030134757	1.452011004	1.412578755	1.449334259	1.031443899	1.165108948	0.949677772	NA	1.486600375	1.059203778	1.359095054	1.26935752
NC360	NC360	0.834250353	1.04559513	1.588774824	1.302808706	2.061213016	1.312560936	2.078011135	0.87624421	1.707051823	0.954579214	0.926560246	1.397664884	0.949058639	1.190318326	0.985694754
NC362	NC362	1.05931039	1.210321492	1.474789043	1.562282112	1.293906603	1.433223121	1.420071617	1.214603401	1.162414398	1.058526786	NA	1.399461285	1.088715801	1.234298298	NA
NC364	NC364	1.055465033	1.299227406	1.297316215	1.37434666	1.230992108	1.417085617	1.275740307	1.162349149	1.071495774	1.513557439	NA	1.328911079	1.070685031	1.217404249	1.260609611
NC366	NC366	0.898316679	1.243754704	1.409848203	1.454412085	1.246107855	1.308303249	1.321261767	0.977935139	1.121383443	1.337379033	1.317785193	1.314078113	0.91033239	1.041507607	0.979826218
NC368	NC368	1.070870313	NA	NA	NA	1.387365449	1.198451785	1.515067171	1.197795221	1.205081439	1.091424621	1.612914963	1.361458492	0.994448264	1.126398181	0.980001291
ND246	ND246	1.187435134	1.117816853	1.282884744	NA	1.330904426	1.397416455	1.372896756	1.057543459	1.199680005	1.361059946	0.854096491	1.328663115	1.100307195	1.101658314	1.640426315
OH7B	OH7B	1.184507137	1.809385551	1.418564394	NA	1.212987446	1.314913919	1.316067049	1.004079177	1.133380844	1.973353502	NA	1.305206766	0.979199774	0.990719889	NA
Oh40B	Oh40B	0.934841791	1.086097658	1.418002386	1.480521554	1.188201257	1.349812767	1.39278086	1.056301424	1.18672946	NA	1.547736447	1.345582907	0.966909773	1.129229386	NA
Oh43	Oh43	1.575153631	1.050623891	1.563630937	1.711158469	0.988516067	1.445793722	0.957414265	1.028675248	0.954451656	1.322536186	1.009203719	1.45315286	0.978706073	1.252620992	1.546893234
Oh43E	Oh43E	1.302574777	1.287933637	1.545752811	1.642395217	1.232491856	1.281890078	1.327315737	1.027935038	1.220518017	1.370315686	1.504137919	1.330404709	0.934181744	0.916672199	1.181265382
Oh603	Oh603	0.954843528	1.158433455	1.239287014	NA	1.313404178	1.253121571	1.329133008	1.084909868	1.264568981	1.146063963	1.182711618	1.307698733	1.021314757	1.139747504	1.125828555
Os420	Os420	0.826213446	1.175354461	1.3370953	1.534071756	0.866296937	1.316595571	1.043957881	1.159086928	0.953205318	1.271795836	1.138638359	1.290661401	0.921388762	1.014718481	0.914665146
P39Goodman-Buckler	P39Goodman-Buckler	1.094953751	0.844411027	1.259956058	1.481445257	0.939697983	1.299987023	1.021507092	1.240930521	0.969595778	0.983779803	0.919788236	1.291213269	0.994876377	1.062383948	1.307546231
Pa91	Pa91	1.094910794	1.255583287	1.489804487	NA	1.234689304	1.446304393	1.389058704	1.041897563	1.145891116	1.288264527	1.275040551	1.452685146	1.018978238	0.95731782	NA
Pa762	Pa762	1.011905098	1.392554409	1.50167698	1.916555577	1.403087328	1.379356147	1.514649432	0.967077216	1.286894866	1.268241485	1.30602792	1.414077502	0.957559334	1.217366247	1.182851193
Pa875	Pa875	0.842354708	1.24320293	1.651932912	1.905263494	1.381356702	1.420256009	1.457822529	1.02617523	1.209396418	1.051608509	1.362232353	1.44830255	1.0382161	1.262392075	1.235273008
Pa880	Pa880	0.882790218	1.523053407	1.577231731	2.195964322	1.44499848	1.384781792	1.585118001	1.050208499	1.302268306	1.497486646	1.510038518	1.421125325	1.061614963	1.182111503	1.311542695
R4	R4	1.033798203	1.093078823	1.44149821	1.270826911	1.203454953	1.334158364	1.312372453	1.038402582	1.075983276	0.867109777	1.175812052	1.348626203	0.975467266	1.127779714	1.028441581
R109B	R109B	NA	NA	NA	NA	NA	NA	NA	NA	NA	NA	NA	NA	NA	NA	NA
R168	R168	1.264971408	1.211522534	1.312683818	1.505761362	1.054398971	1.334147215	1.02262323	1.024065782	1.02458431	1.337964063	1.318631963	1.352519529	1.025016704	1.159497784	1.352779074
R177	R177	1.087030536	1.380564975	1.324786065	NA	1.156124753	1.315124477	1.217706166	1.039337353	1.126882376	1.441788241	1.540288754	1.266384123	0.928247602	1.047926895	NA
R229	R229	1.368594845	1.58213004	1.243455172	NA	1.134883406	1.173189228	1.358128698	0.995002829	1.148375568	1.259537865	NA	1.315114106	0.826525127	0.947149556	1.040380519
SA24	SA24	1.090696592	1.091886069	1.526848739	1.622466295	1.205216712	1.390190165	1.221215581	1.031110867	1.119876857	1.272135251	1.682346766	1.44038026	0.997353325	1.230334388	1.287266143
SC55	SC55	1.000778039	1.286272575	1.640566146	1.739684912	1.172539979	1.486936817	1.282417316	1.019251542	1.100621922	1.366279146	1.633423315	1.520508472	1.020226091	1.286460941	1.487905031
SC213R	SC213R	NA	NA	NA	NA	NA	NA	NA	NA	NA	NA	NA	NA	NA	NA	NA
SC357	SC357	0.856045669	1.435061446	1.248862308	1.053782857	1.216314654	1.179277712	1.368268354	1.069971016	1.068970165	1.337704705	1.896353052	1.232377843	1.016547802	1.059509407	1.000757296
SD40	SD40	NA	NA	1.514424643	NA	1.218994671	NA	1.29463968	1.122647257	1.086538513	1.534475912	1.19978525	NA	0.843318956	1.207875109	1.292566589
SD44	SD44	1.130739394	1.068650231	1.376287778	1.73756338	1.165265515	1.36398502	1.218504302	1.169541942	1.086702193	1.051263588	1.144704226	1.443912079	1.077899663	1.262392075	NA
Sg18	Sg18	1.13038559	1.397844171	1.586951019	1.823113669	1.431119805	1.348812219	1.333557102	1.030285754	1.32495037	1.467590146	1.314396999	1.450828633	1.049666496	1.351237194	1.015740247
Sg1533	Sg1533	1.305896843	1.754843841	1.289827263	1.716014382	1.240671569	1.385370195	1.338718739	1.011602283	1.156178205	1.33767411	2.606123767	1.313597611	0.946192588	1.071707854	1.109333898
T8	T8	1.24624687	1.453099122	1.642521752	NA	1.16719417	1.490285569	1.350465469	1.177615606	1.068241091	1.283341344	1.857284313	NA	1.020815766	1.245585187	1.434471977
T232	T232	0.722628563	1.230016062	1.560161445	1.454412085	1.509204598	1.290850162	1.476091457	1.009402662	1.29800435	1.759484513	1.136381938	1.379805824	1.048180627	1.142947982	1.012843069
T234	T234	0.949074537	1.269329205	1.457134617	1.642395217	1.118676892	1.395051253	1.273847632	1.028203942	1.099862487	1.393327792	NA	1.414451831	0.933942846	1.093298578	NA
Tx303	Tx303	NA	NA	NA	NA	NA	NA	NA	NA	NA	NA	NA	NA	NA	NA	NA
Tx601	Tx601	NA	1.586983103	1.512792587	1.905263494	1.419335463	1.379356147	1.773134848	1.051764447	1.298148261	1.248481506	1.327710705	1.439712916	0.896544277	1.302150304	1.384777256
Tzi8	Tzi8	NA	0.876736928	1.587893449	1.794863498	1.037616329	1.304114925	1.100860977	0.95159702	0.981170417	1.178368047	0.87338199	1.403178378	0.926276637	1.23499362	1.149363791
Tzi9	Tzi9	NA	1.214367001	1.580106863	1.696556947	1.085859601	1.335681287	1.189384357	1.122704311	1.052178274	1.38949706	1.20507418	1.506533523	0.999422681	1.19889755	1.399229019
Tzi10	Tzi10	1.083473611	1.534450524	1.47465911	2.030134757	1.349991574	1.376116429	1.377717446	1.015004696	1.093310049	1.43046509	2.227008296	1.439542426	0.95630082	1.280410512	1.523414337
Tzi11	Tzi11	1.05556284	1.456812861	1.460901029	1.464290047	1.261918023	1.500145486	1.230696281	0.971935555	1.100024045	1.469113848	1.414568616	1.37589294	1.017351494	1.174253348	NA
Tzi16	Tzi16	NA	NA	NA	NA	NA	NA	NA	NA	NA	NA	NA	NA	NA	NA	NA
Tzi18	Tzi18	NA	1.147909681	1.573296872	NA	1.348228209	NA	1.465486718	0.978249178	1.198591659	1.297563153	1.454225987	1.395957062	0.974678432	NA	NA
Tzi25	Tzi25	0.940365149	1.076098953	1.455748514	2.030134757	1.183023012	1.500497745	1.243511746	1.038095465	1.153263482	1.288264527	NA	1.575358907	0.920730764	1.331521002	1.157467123
U267Y	U267Y	NA	NA	NA	NA	NA	NA	NA	NA	NA	NA	NA	NA	NA	NA	NA
Va14	Va14	NA	NA	NA	NA	NA	NA	NA	NA	NA	NA	NA	NA	NA	NA	NA
Va17	Va17	NA	NA	NA	NA	NA	NA	NA	NA	NA	NA	NA	NA	NA	NA	NA
Va22	Va22	0.971918392	1.300085032	1.464726415	NA	1.234354381	1.290819884	1.336651654	1.101708785	1.18813641	1.283341344	NA	1.398558991	0.917386716	1.182111503	1.15132935
Va26	Va26	0.917128914	1.274280693	1.411407274	1.618020149	1.497643029	1.397637348	1.313825632	1.056409869	1.179481792	1.258970549	1.741144706	1.375340826	0.960765871	1.173114686	1.569454584
Va35	Va35	NA	1.165948945	1.392157036	1.69618495	1.253499331	1.396651301	1.351624042	1.02437172	1.159396824	1.240849847	1.419830395	1.424512751	1.041062867	1.092167406	1.258027022
Va59	Va59	1.16297163	1.129679842	1.288548651	NA	1.108537778	1.30448621	1.117441587	0.899709386	0.992914594	1.202142869	NA	1.270678076	0.95630082	1.004468215	1.008964253
Va85	Va85	0.723132671	1.354442897	1.254436233	1.403062809	1.277329695	1.201856531	1.40555548	0.858720669	1.184258791	1.295599666	1.277660173	1.324349423	1.011454432	1.060198976	1.469298917
Va99	Va99	1.211712766	1.333970648	1.411631123	1.480245977	1.27823204	1.389905722	1.433726474	0.976018317	1.217517323	1.337379033	1.46450638	1.382996768	1.028899245	1.217324797	1.394025555
VA102	VA102	0.862895456	1.143844288	1.304833567	1.657033703	0.993749707	1.299039295	1.101884247	1.08548129	1.009608299	1.226480647	1.566423423	1.325826745	1.059993133	1.082325472	1.183597111
VaW6	VaW6	1.237320208	1.17245185	1.572967127	1.804880408	1.401352271	1.229979975	1.370653287	1.089495833	1.169661958	1.200363746	NA	1.44289424	1.012424794	1.108296795	NA
W22	W22	1.115324072	1.083677135	1.482365345	1.658234402	1.32751453	1.266123066	1.324106611	0.914831622	1.287167081	1.402835518	0.81030973	1.430315764	1.004603334	1.108296795	NA
W64A	W64A	0.906999073	1.102594962	1.415961231	1.534071756	0.967746047	1.188741161	0.870972743	1.025860253	0.92706096	1.408440416	1.387189793	1.373976832	1.07548352	1.182111503	1.261263675
W117Ht	W117Ht	0.966163149	0.828337478	1.420428182	1.993947875	1.387211635	1.307092486	1.314309824	0.930672535	1.221560091	0.87401256	0.639530448	1.315559305	1.021702682	1.162942747	2.120258082
W153R	W153R	1.00740904	1.037846814	1.120996877	1.351713532	1.116730884	1.135810283	NA	1.081998672	1.245057774	1.087879428	0.827974535	1.314038291	0.919417665	1.007227741	NA
W182B	W182B	1.235061629	1.196833393	1.57603431	1.773132912	1.171168254	1.461862928	NA	1.077040261	1.218582459	1.219944964	1.129783091	1.418734351	0.985066401	1.139098348	NA
WD	WD	NA	NA	NA	NA	NA	NA	NA	NA	NA	NA	NA	NA	NA	NA	NA
Wf9	Wf9	1.004377349	1.445438421	1.471691882	2.012116116	1.410810078	1.533948938	1.682870372	1.074832613	1.323686627	1.292236234	NA	1.410272883	0.99969086	1.254179292	NA
Yu796	Yu796	0.80362833	0.98889159	1.284156302	1.518606983	1.119913746	1.371690284	1.156460468	0.966061689	1.089880196	1.52652004	1.213246414	1.321148548	1.022453327	1.101658314	1.125123643
