trait	pval	eff	std	Nhap1	hap1	Nhap2	hap2	Nhap3	hap3
HN.B	0.0927493376685006	-0.990476553380138	0.58648467982753	126	17.2356143414286	71	15.8825093804225	17	16.5309792894118
HN.Ca	0.158074574429625	-0.0134679257190713	0.00950830470731221	129	0.415541965821705	77	0.408148684363636	18	0.414145479666667
HN.CHL	0.276733781675319	5.58871028727211	5.1255901193364	133	396.771733213534	78	404.476561897436	18	394.445801377778
HN.Cu	0.0814964033111429	0.565789665689624	0.323270625992004	131	11.3408382041985	74	11.8320818821892	18	11.2723747293333
HN.DW	0.310215659214479	0.191887082634375	0.188645849150946	126	7.15983024565873	76	7.51566746376316	18	6.89218621761111
HN.Fe	0.551722521593512	0.52139003828357	0.874689701740608	133	101.061287028797	78	101.658989458718	18	103.375425514444
HN.FW	0.207792865555126	1.24511457704939	0.985425038649227	123	30.5301269682927	76	32.5769389782895	18	29.1502726722222
HN.K	0.0204457511870475	0.0682532142918619	0.0292346623381699	133	2.29977482915038	79	2.35194915397468	18	2.25907203788889
HN.LA	0.479600577005548	20.2722117439024	28.627800880736	133	1228.0040798985	79	1263.74912120127	18	1174.11995853889
HN.Mg	0.687375300231174	-0.00234603197087933	0.00582215659678029	132	0.207639732825758	77	0.204365088649351	18	0.207580350166667
HN.Mn	0.676115991253176	1.13082639823346	2.70280944007628	120	73.2603525081667	69	74.489378293913	15	76.1087745013333
HN.N	0.711559882259385	0.00555143947346738	0.0149944258617441	133	2.81622213371429	78	2.81567585605128	18	2.80485611088889
HN.P	0.76640840006303	0.00107124258153833	0.00360155596002774	132	0.298205388189394	79	0.297119143506329	18	0.297925286444444
HN.S	0.59639116078401	-0.000925377798895534	0.00174480458833788	132	0.184176321166667	78	0.182923968628205	18	0.191220085777778
HN.Zn	0.382168999153462	-0.784020136707477	0.895204882386196	121	28.185787282314	72	26.54733903375	17	28.9383170564706
LN.B	0.41757547748596	-0.279523473924077	0.344130467857921	126	14.7629092718254	70	14.3722377002857	17	14.6507547164706
LN.Ca	0.352519640892493	-0.00960323746101486	0.0103067517658032	127	0.331697570740157	75	0.327337707573333	18	0.342450619666667
LN.CHL	0.543674135056115	2.79990714550492	4.6034379590118	129	279.56249625969	77	282.979629490909	18	284.741235261111
LN.Cu	0.222515021939256	0.269315393753277	0.220043757501624	117	6.65577223016239	66	6.85024351381818	11	6.75334509572727
LN.DW	0.305862361567251	0.139221048998	0.135641807389588	127	5.88450813615748	76	6.08426608407895	18	5.61223230033333
LN.Fe	0.702630368411816	-0.350203690818777	0.916116858933489	132	75.0567582124242	76	74.752557705921	18	76.5621095383333
LN.FW	0.207919944767229	0.794189473127984	0.628777737658608	128	23.9456787721094	77	24.9631232164935	18	22.0527985733333
LN.K	0.0354223366065224	0.0631658847671374	0.0298455741172899	133	2.21259508741353	77	2.25821617071429	18	2.08683229761111
LN.LA	0.516488093098502	14.8479143758503	22.8491950707422	130	1074.55433047615	77	1095.28352467143	18	1019.56420503889
LN.Mg	0.810115590441474	0.00136180681534043	0.00566081564372021	131	0.154880729671756	76	0.155415806789474	18	0.166613302277778
LN.Mn	0.697483493895739	1.09157447835668	2.80383091792396	115	54.9722119711304	66	55.7653523204545	13	60.7058968446154
LN.N	0.965855429942011	0.000908994228449805	0.0212100161859794	130	2.00437715200769	74	2.00035833714865	17	2.03172634405882
LN.P	0.289833623340185	0.00391009128194489	0.00368509748586496	131	0.297043305877863	76	0.299893308460526	18	0.290735066333333
LN.S	0.69589953605124	-0.00114601950723097	0.00292814158704943	130	0.157370269638462	77	0.155968408350649	16	0.1705548300625
LN.Zn	0.121736253336423	-1.23634040763709	0.794971361670396	102	21.8582919313725	63	20.3684432650794	13	19.68983408
HN_LN.B	0.333081644014351	-0.0360514509466048	0.0371521739055596	119	1.1672120595042	63	1.11232955638095	16	1.1415047535
HN_LN.Ca	0.832604401825591	0.00716674240232143	0.0338649996712125	124	1.27375726596774	73	1.27912031671233	18	1.24547600111111
HN_LN.CHL	0.796408604233227	0.00584959695381181	0.02264533142233	130	1.43166237593846	76	1.44319983088158	18	1.39611297661111
HN_LN.Cu	0.524729312284839	0.0307418549207046	0.0482370177956458	115	1.70468689531304	61	1.74512577796721	11	1.65872604518182
HN_LN.DW	0.990914380455641	-0.000342690628206396	0.0300572097549746	120	1.23105848376667	73	1.24462443283562	18	1.23984003961111
HN_LN.Fe	0.342564677714848	0.0152417739555973	0.0160241724099	132	1.35157634618182	75	1.36673183198667	18	1.35400695616667
HN_LN.FW	0.845496277607391	0.00672818197414947	0.0344831870863804	119	1.28516893707563	74	1.3131948917027	18	1.32432970661111
HN_LN.K	0.832243667245744	0.00251083340108844	0.0118394056012248	133	1.0433031875188	77	1.04744206927273	18	1.08500579394444
HN_LN.LA	0.978234454092181	0.00056562297229755	0.0207084467223753	130	1.14891985528462	77	1.15687182442857	18	1.15771033655556
HN_LN.Mg	0.938160829724027	-0.00265178106053204	0.0341409206809093	131	1.36887855412977	74	1.35898028901351	18	1.29901811677778
HN_LN.Mn	0.313730417984679	0.0539997686155465	0.0534429301348658	108	1.36198382169444	57	1.408957977	11	1.33069081518182
HN_LN.N	0.840133957044602	0.00289504652232342	0.0143342163047403	130	1.41037630021538	73	1.41298914484932	17	1.38845798076471
HN_LN.P	0.669897665673191	-0.00449187559210579	0.0105228993398931	130	1.00419434224615	76	0.995308985157895	18	1.02623944005556
HN_LN.S	0.992616884296716	-0.000170155857098725	0.0183669082717048	129	1.18464036790698	76	1.18259432676316	16	1.147819084125
HN_LN.Zn	0.56077960059403	0.0254605888425288	0.0436778291893301	94	1.32066477024468	58	1.31873541377586	12	1.48507851791667
G_N	0.308831307091442	-0.0786172218302159	0.0770446966997946	112	3.254375	69	3.09289855072464	15	3.164
G_CHL	0.941176919338506	0.943758587935713	12.7726682619517	112	508.978571428571	68	502.864705882353	15	486.013333333333
G_FW	0.0713405185469829	-4.07412346958828	2.24654914960925	111	34.2400900900901	69	32.0884057971015	15	30.4533333333333
G_LA	0.00498196493603991	-234.774639649041	82.6214989174674	111	1404.46024324324	69	1243.35104782609	15	1250.27013333333
G_DW	0.0139901237445787	-1.11315342126154	0.448765221199123	112	8.04883928571429	69	7.35246376811594	15	7.02466666666667
G_LWC	0.242843172657249	0.00661094704138844	0.00564279350838849	111	0.757805405405405	69	0.765536231884058	15	0.758806666666667
G_Thickness	0.0740719857984123	2.66987901714723	1.48646712729094	111	58.2527027027027	69	60.8304347826087	15	56.7833333333333
G_P	0.199729946209242	0.0305656804965707	0.0237532683700353	112	0.433571428571429	69	0.443913043478261	15	0.446666666666667
G_K	0.000317713440669599	0.331815360884289	0.0904704650926903	112	2.433125	69	2.69521739130435	15	2.49866666666667
G_Mg	0.542588194437817	-0.0118799138721554	0.0194751490324378	112	0.273214285714286	69	0.251159420289855	15	0.226666666666667
G_Ca	0.0673793971199952	-0.10671446999303	0.0580079123397681	112	0.825	69	0.685797101449275	15	0.780666666666667
G_S	0.426607254877455	-0.0182719645542196	0.0229339438042687	112	0.368482142857143	69	0.32695652173913	15	0.352
G_Na	0.630746812930083	-8.20267075920414e-05	0.000170372343769138	112	0.00180357142857143	69	0.00179710144927536	15	0.00173333333333333
G_Fe	0.568705452222853	2.03352848281189	3.56163226787795	112	95.5267857142857	69	95.304347826087	15	94.4
G_Mn	0.139903187576701	9.31819488744182	6.28608531041684	112	55.8571428571429	69	57.3913043478261	15	54.2666666666667
G_B	0.571891714351351	-3.85252608765654	6.80357200627373	112	64.4196428571429	69	52.2463768115942	15	83.2666666666667
G_Cu	0.745762767273467	0.290873950175686	0.895814243310923	112	12.5714285714286	69	12.0434782608696	15	11.0666666666667
G_Zn	0.129757240281076	-11.0061950294429	7.23302688241429	112	92.6339285714286	69	73.3913043478261	15	92.9333333333333
CobDiameter	0.11855980512244	0.490105092409399	0.312973722650538	157	25.3637625984076	91	25.9478899194505	21	24.6800904180952
CobWeight	0.683819881279242	0.212602618125451	0.521458283912005	157	15.9027765803312	91	16.1314915544945	21	14.5750059930952
DaystoSilk	0.228860537911505	-1.02081163504187	0.846369823763133	157	79.5738089351592	91	79.5222686751648	21	74.8984375747619
DaysToTassel	0.317410693170758	-0.795646296875139	0.794298395467763	157	78.0125512784076	91	78.2251538061538	21	73.2368209371429
EarDiameter	0.0307966862154786	0.905958443913122	0.417218591321925	157	36.4801399404459	90	37.5222675465556	21	35.7309851361905
EarHeight	0.481993870724743	-1.39550442170074	1.98197097910276	157	65.3481829355414	91	65.7056121397802	21	53.6022397366667
EarLength	0.861723192502039	0.343819610826395	1.9719886710009	157	128.322053925732	91	127.956635323297	21	124.417220054762
EarRankNumber	0.260024234855255	0.328136406458746	0.290683406568894	154	21.2962085063636	87	21.5973402814943	20	21.3201474885
EarRowNumber	0.00961063081574359	0.501387953778719	0.192198010725728	157	13.3226346586624	90	13.8801618522222	21	12.6102695161905
EarWeight	0.223693364197543	2.38790553723656	1.9578392349404	156	64.4555238632692	90	66.8760902718889	21	60.4045731028571
GDDAnthesis.SilkingInterval	0.273296177087193	-1.97257105391584	1.79684120572973	157	23.9980917662675	91	21.7316545645714	21	24.286955684619
GDDDaystoSilk	0.300507015456293	-11.1711616793206	10.768527386335	157	931.732580749682	91	931.91838662967	21	873.128447147619
GDDDaystoTassel	0.356939168206709	-9.62992465887597	10.43515629131	157	914.189119207006	91	917.010420962637	21	850.853972795238
GerminationCount	0.502982249519212	0.110883291639665	0.165317760769539	157	6.46277531730573	91	6.51436282982418	21	6.38739670728571
LeafLength	0.455062762118585	-8.4595517012069	11.3079110417193	157	743.690177121656	91	742.713157885714	21	691.435771790476
LeafWidth	0.485043656995512	1.11154071055775	1.58972744917328	157	85.4652630807006	91	86.8898484127473	21	80.4339303204762
MainSpikeLength	0.425216465121155	3.70612912097883	4.64051701597727	157	229.21691457707	91	231.398741040659	21	225.160001266667
MiddleLeafAngle	0.00238930116992791	2.66747425508098	0.86952376059536	151	61.3527310335762	89	64.2505669683146	21	58.4811334466667
NIROil	0.557431917752493	-0.0490709861433183	0.0835357196856937	154	4.35201246937662	90	4.28817964604444	20	4.6335210776
NIRProtein	0.781413372097642	0.0376493302209939	0.135542652393121	154	14.1039529664935	90	14.0607637304444	20	14.577780183
NIRStarch	0.145405547455126	0.374073512121603	0.256150129558992	154	66.3883227902597	90	66.8575514943333	20	66.232631197
NumberofTilleringPlants	0.840882757897945	-0.0063680190491252	0.0316875044260267	157	1.2752209641656	91	1.26363996202198	21	1.39611550561905
PlantHeight	0.758036356422261	0.772289486477641	2.50433342094522	157	135.392469272548	91	138.25593157011	21	122.100623284286
RowQuality	0.470946829584806	0.00968138756713012	0.0134093802490678	157	2.18672288571338	91	2.19534774047253	20	2.2167300477
SecondaryBranchNumber	0.82375424013426	-0.033927067720615	0.152179372480115	157	2.01918865979618	91	2.06022708483516	21	1.65184705257143
SeedSetLength	0.506877321704687	1.06433305232433	1.60141295121593	157	111.142937455414	90	111.557823301444	21	111.022564300952
SouthernLeafBlight	0.291051530365282	0.125569191130307	0.11869167485008	157	6.68940489066242	91	6.94730491	21	5.91008018652381
Spikelets.MainSpike	0.00135724824089239	1.43534468430351	0.443231842002921	156	23.2129661725	91	24.4013423973626	21	22.7505298219048
Spikelets.PrimaryBranch	0.988872353057215	0.00521243954840515	0.3733784019516	156	15.5455553342051	91	15.2034463407253	21	14.448602283
StandCount	0.784904633535947	0.0184107491249565	0.0673862992295652	157	7.63038794096178	91	7.6514203836044	21	7.43617897261905
TasselBranchLength	0.683159530533768	-1.6393226996809	4.01196474527048	157	202.66487665414	91	200.845362003297	21	191.339066309524
TasselLength	0.344725833396873	4.81524609367849	5.08703675352615	157	324.594510956688	91	328.763064637363	21	308.702156938095
TasselPrimaryBranches	0.469774794964174	0.407633317476768	0.563112630154085	157	10.9727991008471	91	11.4376201848352	21	10.0270912092857
TilleringIndex	0.749218252451265	0.00235205383088984	0.00735004239844781	157	0.576867430197452	91	0.581899349417582	21	0.596588395142857
TotalKernelVolume	0.119564143501567	1.61357945171342	1.03306701178418	149	59.911906582349	89	61.4489909103371	19	62.3251441952632
UpperLeafAngle	0.0116648453788852	3.58031550275835	1.40963432205837	157	56.9244349918471	91	63.1397205864835	21	48.4990625614286
X20KernelWeight	0.74379563301741	0.0294504364621169	0.0900135432444089	156	4.53732734932692	90	4.5638385808	21	4.55778527761905
X.1060..pyruvic.acid..6.714.	0.183746075374987	-0.000329079934807341	0.000246665159575855	114	0.000373956289473684	68	0	16	0
X.971..oxalic.acid..7.883.	0.850075468809724	-3.91957811400817e-06	2.07075378720859e-05	112	0.000243226383928571	66	0.000232223242424242	16	0.0002891879375
X.6287..L.valine.2..9.151.	0.55476117546014	-0.000932479404466714	0.00157595788661862	113	0.0161308457433628	68	0.0153074482058824	15	0.0205410575333333
X.700..ethanolamine..9.879.	0.115369195184202	-0.00124249860471323	0.000785481614003919	112	0.0066129174375	66	0.00555518607575758	16	0.00578463325
X.6106..L.leucine.2..9.945.	0.163524349932813	-0.00166209542104065	0.00118831366390871	114	0.00599927564035088	68	0.00493180338235294	15	0.00695373293333333
X.938..nicotinic.acid..10.27.	0.435775639351943	-7.81551450976151e-05	0.000100059077289696	105	0.000925690571428571	65	0.000783512307692308	16	0.0010039425
X.791..DL.isoleucine.2..10.225.	0.565271274543475	-0.000418920640070866	0.000727231401537834	112	0.00518250511607143	67	0.0050983102238806	15	0.00769285386666667
X.444266..maleic.acid..10.323.	0.143741427865259	1.00923568857863e-05	6.87431807553568e-06	111	4.8824963963964e-05	67	5.58874626865672e-05	16	4.4913125e-05
X.439194..glyceric.acid..10.735.	0.135905332385314	-0.00156072405294307	0.00104219662464624	113	0.013866847699115	68	0.0123044250882353	16	0.017810925375
X.444972..fumaric.acid..10.94.	0.271552346733586	0.000793632572005562	0.000719728741223616	113	0.00733090720353982	68	0.00799116045588235	16	0.00694463925
X.439742..beta.cyano.L.alanine..11.288.	0.512204478737741	0.00116737208183078	0.00177782067966049	114	0.00493764924561403	68	0.00592721973529412	16	0.0097681656875
X.6288..L.threonine.2..11.464.	0.265298141493348	0.00151069065513674	0.00135217163870502	113	0.0143350576283186	68	0.0158007547794118	16	0.016575584875
X.239..Beta..alanine..1..12.044.	0.474960396335579	0.000648736505046487	0.000906250902574657	113	0.00527920642477876	68	0.00582382464705882	16	0.0060550271875
X.12647..L.homoserine.2..12.359.	0.0234833515148388	0.000574523674459571	0.000251553694264969	112	0.0021951065	68	0.00264639241176471	16	0.0026625036875
X.5960..aspartic.acid.2..13.207.	0.430385377747365	0.00191579390404167	0.00242438528846741	113	0.0735200009646018	67	0.0749775977761194	16	0.06998303675
X.5810..trans.4.hydroxy.L.proline.2..13.267.	0.423632261830421	-0.00020813765086023	0.000259569586933473	113	0.00127040604424779	68	0.00107179823529412	16	0.0006113488125
X.119..gamma.aminobutyric.acid..GABA...13.326.	0.798382246375151	-0.00100974026923309	0.00394747286884774	114	0.0146031406315789	69	0.0147494892898551	16	0.0107995439375
X.5460407..threonic.acid..13.652.	0.79416129320456	-0.000124350354354525	0.000475935101685542	113	0.00804076	68	0.00788971133823529	16	0.0080474474375
X.1001..phenethylamine..13.742.	0.0546270476490999	-0.000648835577040453	0.000335539422540342	114	0.00174609137719298	67	0.00141403340298507	16	0.0008165540625
X.51..alpha.ketoglutaric.acid..13.859.	0.00560145518630913	-0.00128188966640347	0.000457486010863083	113	0.00748499639823009	68	0.00621708986764706	16	0.0066252095625
X.738..L.glutamine.2..14.083.	0.404637011979967	-7.72546176859893e-05	9.24938822574733e-05	112	0.000771066642857143	67	0.000731391029850746	16	0.000918824
X.236..L.asparagine.2..14.984.	0.986702264564074	0.000221875640100008	0.013294935888972	114	0.0298348968596491	68	0.0307815384852941	16	0.0363654621875
X.2724705..1.6.anhydro.glucose..15.326.	0.0719167053298394	-0.000228786587132153	0.000126419723932727	113	0.00177238531858407	68	0.00152694058823529	15	0.00167222733333333
X.6912..xylitol..15.376.	0.127103889106479	-0.000419002018405174	0.000272899122471013	78	0.00224899394871795	45	0.00186246644444444	14	0.00226611107142857
X.827..ribitol..15.66.	0.593891974236039	0.000101587592524914	0.00019020256440479	113	0.0195942821858407	69	0.0196759086086957	15	0.0201927191333333
X.754..glycerol.1.phosphate..16.056.	0.483455698524423	-0.0030131645565249	0.0042915342703817	114	0.0194213497280702	68	0.0162773211617647	16	0.018005414375
X.439183..3.phosphoglyceric.acid..16.504.	0.139097466095542	0.000697488778871166	0.00046957601250483	113	0.00463810131858407	68	0.00516619029411765	16	0.0059911371875
X.6262..L.ornithine.2..16.632.	0.158617832109462	0.00123430639994417	0.000872135126083729	113	0.00551769021238938	68	0.00636175985294118	16	0.006530839
X.9750..citrulline.2..16.691.	0.173092955332571	0.000565217327662843	0.000413338361220755	113	0.00237697428318584	68	0.00275702717647059	16	0.0027335901875
X.835..dehydroascorbic.acid..1..16.863.	0.635696479235783	-0.000114580394406677	0.000241485977637193	114	0.00198772047368421	68	0.00190996439705882	16	0.0017984923125
X.204..allantoin.1..17.293.	0.536023980005594	-0.00166252835899231	0.00268170184512396	114	0.0133277529824561	68	0.0122348295882353	16	0.02303885425
X.448388..D.allose.1..17.278.	0.0629333305646111	-0.000105114091854551	5.61899055007875e-05	112	0.0008773960625	67	0.000807326895522388	16	0.0009872121875
X.5962..L.lysine.2..17.643.	0.0477077375399383	0.000399377608535913	0.000200403976032761	113	0.000974579079646018	67	0.00129737810447761	16	0.001754691625
X.637542..4.hydroxycinnamic.acid..17.854.	0.113550385744293	0.000471451155821834	0.000296561223836351	113	0.00268863239823009	68	0.00303191461764706	16	0.002362917875
X.6057..tyrosine.2..17.871.	0.845357680349563	0.000304506109933903	0.00155908919134894	113	0.020703600079646	68	0.0207606777352941	16	0.019225500125
X.128869..galactonic.acid.2..18.504.	0.119502457140464	-6.79862012017186e-05	4.34708663468911e-05	112	0.000586903008928571	67	0.000509634462686567	16	0.0004934625
X.5460673..D.saccharic.acid..18.614.	0.918022427756134	1.63653287716349e-05	0.000158787652086228	110	0.00120399871818182	67	0.00128823729850746	16	0.0015946595625
X.3037582..mucic.acid..18.907.	0.71815972522289	0.000248208219129031	0.000686694094130766	112	0.004914972	69	0.005060015	16	0.00581271925
X.1549111..caffeic.acid..19.755.	0.299537079196977	-0.000825525088981201	0.000793534313267511	112	0.009871005125	65	0.00919708456923077	16	0.011240214125
X.5280450..linoleic.acid..20.399.	0.300468188589839	-0.000176242683426443	0.000169719484244944	105	0.00103694127619048	65	0.000905722507692308	15	0.000636582133333333
X.637775..3.5.dimethoxy.4.hydroxycinnamic.acid.2..20.65.	0.132608913275991	0.000111075589457904	7.35417059763521e-05	112	0.0002628911875	68	0.000347031661764706	16	0.000320886375
X.439958..D.glucose.6.phosphate.1..21.394.	0.533401093311798	-0.000624324413633029	0.00100059072337156	113	0.0179598730619469	68	0.0171739216323529	16	0.0175681599375
X.60961..adenosine..23.825.	0.175047642915465	-7.92231429234448e-05	5.82000643913995e-05	113	0.000351307398230088	68	0.000273590911764706	16	0.000431980875
X.5460935..turanose.1..24.81.	0.899997629094982	-5.64945760983987e-05	0.000448926329268132	103	0.00238494575728155	67	0.00201172019402985	14	0.00234552114285714
X.6255..maltose.1..24.702.	0.0361974952501077	-0.000469844285783456	0.000222719790933075	113	0.00386895863716814	68	0.00353340148529412	16	0.003682655125
X.6255..maltose..2..24.915.	0.0785456404775021	-0.000593385857506056	0.000335355956534135	106	0.00361246782075472	62	0.00317882174193548	15	0.00383580393333333
X.642609..trans.caftaric.acid.2..25.529.	0.394821113239257	-0.000573772653146195	0.00067260781036935	101	0.00193532604950495	61	0.0013241056557377	15	0.0021541056
X.6537496..chlorogenic.acid.1..26.37.	0.223086740368524	-0.000968405129237432	0.000792257531838226	114	0.00192492281578947	67	0.0015620827761194	16	0.001387116375
X.439451..galactinol.2..26.479.	0.499099153056833	0.00134424997842348	0.00198503471513461	114	0.0159500266578947	68	0.0177953050147059	16	0.0171738569375
X.2116..alpha.tocophereol..27.379.	0.530601707396754	-0.000109157579912839	0.000173705520067994	101	0.00126471927722772	60	0.0011059586	11	0.00180163654545455
X.6537496..chlorogenic.acid.2..27.18._alt	0.0799640515060738	-0.00495198566742886	0.00281328813433481	114	0.0189488305263158	68	0.0148118169558824	16	0.0184700363125
X.5321515..stigmasterol..28.442.	0.000423019530903334	0.000287930514592911	7.97893626627052e-05	89	0.000773974292134831	51	0.0010405941372549	11	0.000786400545454545
X.5321342..beta.sitosterol..28.848.	0.398768729073565	0.000290101863113775	0.000342814111073708	92	0.00365539076086957	53	0.00386912728301887	11	0.00352565354545455
X.439242..Raffinose..29.282.	0.986511086308209	6.09426028990111e-05	0.00359996061009908	114	0.0186826375877193	68	0.0187021795882353	16	0.0165518953125
X.750..glycine..10.456..s100	0.293763579825468	0.0202893490641919	0.0192721091957525	113	0.155306478911504	69	0.177778878304348	16	0.16893746
X.5951..L.serine.2..11.174..s100	0.20130591283316	0.0135879786787376	0.0105969064857685	112	0.0975219993928571	69	0.11519081842029	16	0.1251596295
X.92824..D.malic.acid..12.794..s100	0.570599094298432	-0.00126642029264938	0.00222899646284033	112	0.0281498107232143	68	0.0264747234411765	16	0.0229590311875
X.33032..L.glutamic.acid.3..dehydrated...13.232..s100	0.906463594310307	8.28086392148687e-05	0.000703782364675221	107	0.0113297191308411	67	0.0114285749253731	16	0.011582608875
X.444212..trans.aconitic.acid..15.842..s100	0.781906219619696	-0.000489603184297993	0.00176607821831443	112	0.0173130393571429	69	0.0175404893623188	16	0.0156056744375
X.8742..shikimic.acid..16.433..s100	0.0969382186275445	-0.00507128340717052	0.00304019019750106	112	0.0373486324107143	69	0.0329779274492754	16	0.032113975125
X.311..citric.acid..16.615..s100	0.440414557648107	-0.00131572717105047	0.00170183097820073	110	0.0234186753727273	69	0.0219367488985507	16	0.0255875735625
X.6508..quinic.acid..17.076..s100	0.272431115727629	-0.00815386727066217	0.00740806826387364	112	0.0379232918214286	68	0.0312170426323529	16	0.016828853375
X.5984..fructose.1..17.18..s100	0.00630190312543745	-0.0165145665942182	0.00597908867625904	113	0.0772693507256637	69	0.0613787717536232	16	0.07620684
X.892..myo.inositol..19.354..s100	0.0264236953236374	-0.00700188461862174	0.00312963881582703	112	0.0560728724910714	69	0.0512297440289855	16	0.0557024898125
X.5988..Sucrose..23.988..s100	0.116993099020185	-0.134728457265051	0.0855631320288939	113	0.948115246026549	69	0.82198390515942	16	1.0215469951875
X.6537496..chlorogenic.acid.2..27.18..s100	0.881983585767687	-0.000385871388842403	0.00259557889370626	109	0.00863783088990826	66	0.011595670530303	12	0.0047770805
HN.X20KW	0.528304111536803	0.0552395154173478	0.0874442213192176	116	4.77908339260345	73	4.83883082	15	4.74832302093333
HN.CL	0.400678419247484	-0.147825885725223	0.175545056904845	126	12.3931263909524	75	12.1844402688667	18	12.0295635598889
HN.CW	0.511644748466079	-0.221079018512969	0.336291140257902	123	13.5774597048699	75	13.4138782386667	17	12.2561406717647
HN.CD	0.19602007063096	0.374175124979739	0.288466152380339	123	22.4428704058537	75	22.9211666449333	17	21.6849935705882
LN.X20KW	0.172982847233008	0.154938695606778	0.113259928821362	107	4.59703588178505	69	4.74343138108696	14	4.62247282707143
LN.CL	0.485195499057978	-0.0824444631967964	0.117913114869112	127	12.0191099124409	74	11.8694976209459	17	11.9865811458824
LN.CW	0.635434964365892	0.0998218274582289	0.21024127008166	124	12.5740386875806	71	12.6665724233944	17	12.1711320594118
LN.CD	0.0558577689227507	0.492789580919753	0.256259581651839	124	22.4027823247581	71	23.0109759428169	17	22.4506705458824
HN_LN.X20KW	0.0790543038200409	-0.0373821816343697	0.0211623498177757	100	1.05786438978	69	1.02862471076812	13	1.01752097515385
HN_LN.CL	0.622527154282645	-0.00547679663604243	0.0111089455374296	123	1.03168189733333	74	1.02744346797297	17	1.00032765335294
HN_LN.CW	0.257638478361685	-0.0243048429293221	0.021409351857026	117	1.08023203647863	71	1.06114357276056	17	1.00679782064706
HN_LN.CD	0.55733253703434	-0.0046140849373949	0.00784974470594175	117	1.00413993886325	71	0.998850261140845	17	0.967145264235294
canopy.HN.6.Jul	0.339621865380076	-1.52994467274887	1.59806580090349	109	35.7809160308257	66	34.523432863697	17	31.2100303192353
canopy.HN.23.Aug	0.318344858906403	-3.27606123165324	3.27426421579926	109	59.6500229891743	66	57.8987473166667	17	49.8636802749412
canopy.HN.1.Sep	0.447901298529705	-2.90318677406572	3.81732428036369	109	52.6051610064404	66	51.1989726658485	17	42.7680727985882
canopy.HN.22.Aug	0.37856321473301	-2.81875731203663	3.19350638486697	109	54.174060263945	66	52.8752203324394	17	44.6295061911176
canopy.HN.12.Aug	0.346599802003482	-3.09936561811812	3.28462940338325	109	57.3776077781651	66	55.5041831530606	17	48.585649346
canopy.HN.26.Aug	0.275575656355979	-3.52306094932168	3.22173428663079	109	60.5836454488073	66	58.5471076969697	17	51.2369836764706
canopy.HN.3.Sep	0.513831912390534	-1.92915870744869	2.94916897803807	109	42.7267805712569	66	42.2568736331212	17	34.1485453647059
canopy.HN.14.Aug	0.357291542740925	-3.2002321007945	3.46784723698749	109	52.3732122730917	66	50.2020425256515	17	45.0317689706471
canopy.HN.20.Aug	0.463353688064844	-2.50773972627258	3.41256702714544	109	53.0023372791193	66	51.7250867452727	17	43.5670081027647
canopy.HN.30.Aug	0.434525376828037	-2.6577447729015	3.39358834741012	109	52.9287507043211	66	51.3478634743333	17	44.3122140755294
canopy.HN.5.Sep	0.506741379612824	-2.17057125767591	3.26299570436136	109	41.4240401791376	66	40.7140954918636	17	33.7657875977059
canopy.HN.16.Aug	0.615117892795404	-1.73523600206792	3.44546319431762	109	51.4080675356514	66	51.6681493455	17	41.8277257225882
canopy.LN.6.Jul	0.0843010065424103	-2.44137450898205	1.40661052947875	110	29.7762192122727	63	27.6344867315238	17	27.5873876941176
canopy.LN.23.Aug	0.0682968886211198	-5.39789640023709	2.94353410280339	110	56.4811794447273	63	53.1328893333651	17	50.6047995818824
canopy.LN.1.Sep	0.191046271409117	-4.48378415728792	3.41668040400671	110	49.3814332015455	63	47.1410943157302	17	41.613749986
canopy.LN.22.Aug	0.0454311394839593	-5.87263464566273	2.91542847082759	110	51.5867177929091	63	48.1923835274127	17	45.0773261658824
canopy.LN.12.Aug	0.0200157338424026	-7.01741128148353	2.99060877869844	110	56.1682290651818	63	51.3685212693809	17	48.9630476678235
canopy.LN.26.Aug	0.0672818139869853	-5.23225079440917	2.84259412646505	110	56.9314455729091	63	54.134821574381	17	49.5996552347059
canopy.LN.3.Sep	0.218501510513702	-3.20654604103424	2.59693890758158	110	41.6406114855091	63	40.2739628304286	17	34.4694394887059
canopy.LN.14.Aug	0.0399119393026962	-6.57233880950645	3.17605926628948	110	53.4128418742727	63	49.2891409203016	17	46.5767550002353
canopy.LN.20.Aug	0.049347628600487	-5.98350177186051	3.02403380034822	110	51.4277947714545	63	47.3316003641429	17	47.6486814296471
canopy.LN.30.Aug	0.0638232890406809	-5.96017771378987	3.19640913366666	110	52.2060949290636	63	48.2786980121746	17	43.2295205671176
canopy.LN.5.Sep	0.242701510659627	-3.56538456931423	3.04206691004046	110	41.3104051435727	63	39.6150234024603	17	33.2443388498824
canopy.LN.16.Aug	0.0385257684765759	-6.11596271351294	2.9344835470827	110	50.8907675883636	63	47.2831428787619	17	43.9854345654706
ExG.HN.6.Jul	0.90847133913411	0.000845018698814008	0.00733982339118322	107	0.258185562841121	63	0.257930805539683	17	0.242964805294118
ExG.HN.23.Aug	0.413928236255233	-0.00389781284829521	0.00476019121307666	109	0.321612963862385	66	0.321814652515152	17	0.296436359235294
ExG.HN.1.Sep	0.877881095282055	-0.00081203744939974	0.00527751419961652	109	0.248758037211009	66	0.249827762212121	17	0.234331989941176
ExG.HN.22.Aug	0.390092760931995	-0.00348795529284843	0.00404887820008027	109	0.301030023678899	66	0.300202225954545	17	0.281196709823529
ExG.HN.12.Aug	0.319568600227432	-0.00445546039460466	0.00446432139409326	109	0.355856567541284	66	0.355687560545455	17	0.334678552411765
ExG.HN.26.Aug	0.824505845732935	-0.00192407060114259	0.00866439395364669	109	0.391794398761468	66	0.393522941257576	17	0.385094965588235
ExG.HN.3.Sep	0.494305027852673	-0.00639105717588382	0.00933235531794591	109	0.370778405678899	66	0.368425698924242	17	0.377099228117647
ExG.HN.14.Aug	0.535532915758361	-0.00241970345507803	0.00389811718460009	109	0.269647289568807	66	0.270536666575758	17	0.254975316823529
ExG.HN.20.Aug	0.945580350496979	0.000360209884719731	0.00527006971686249	109	0.278075218889908	66	0.281138709136364	17	0.269070333411765
ExG.HN.30.Aug	0.201756503362422	-0.00561244576654763	0.00438098767446298	109	0.28883808259633	66	0.286108582090909	17	0.270126431176471
ExG.HN.5.Sep	0.210247934036128	-0.00582704975707435	0.00463484436113021	109	0.254275414036697	66	0.250084889621212	17	0.24783235
ExG.HN.16.Aug	0.623595916024016	0.0034832325146765	0.00708579040668934	109	0.510673228055046	66	0.520192461484848	17	0.519649272176471
ExG.LN.6.Jul	0.113402679945055	-0.010322429248151	0.00648835176654711	106	0.245547483962264	61	0.23831487704918	17	0.237597929411765
ExG.LN.23.Aug	0.723637957936063	-0.00127280331260645	0.00359404776893639	110	0.294886471818182	63	0.295814182539683	17	0.283883305882353
ExG.LN.1.Sep	0.161584139963201	-0.00592686479155037	0.00421716379732354	110	0.245416281363636	63	0.24370940952381	17	0.234318861764706
ExG.LN.22.Aug	0.298942074082392	-0.00367250970851505	0.00352567581501269	110	0.277316169545455	63	0.275968168253968	17	0.262971288235294
ExG.LN.12.Aug	0.219213819163395	-0.00413408292178806	0.00335334096602647	110	0.328960540909091	63	0.329176970634921	17	0.315153573529412
ExG.LN.26.Aug	0.90593869602022	-0.000708370157465005	0.00598661458997657	110	0.364478644545455	63	0.368969456349206	17	0.352856029411765
ExG.LN.3.Sep	0.856277000130784	0.00118057939051797	0.0065092410731211	110	0.337482234090909	63	0.341717526190476	17	0.335692702941176
ExG.LN.14.Aug	0.126426106563387	-0.00484930943368899	0.00315852708704348	110	0.245769084090909	63	0.243923073015873	17	0.236184147058824
ExG.LN.20.Aug	0.0885656294602821	-0.00654844408678824	0.00382483394812988	110	0.257064366818182	63	0.25311794047619	17	0.234365961764706
ExG.LN.30.Aug	0.783708558443814	-0.000972166347406812	0.0035365548151965	110	0.263151705	63	0.264829008730159	17	0.247261867647059
ExG.LN.5.Sep	0.764765553072907	0.00118005648837194	0.00393782603108499	110	0.232310675	63	0.234933876190476	17	0.229816638235294
ExG.LN.16.Aug	0.467195897908622	-0.00395128398866507	0.00542340149924118	110	0.502205669090909	63	0.504997983333333	17	0.488423829411765
RGB.HN.6.Jul	0.95314111094249	0.000452620368126418	0.00769184203477285	107	0.329695160551402	63	0.329161268730159	17	0.311071248470588
RGB.HN.23.Aug	0.490101647963047	-0.00437997004528797	0.00633383861803544	109	0.470252830853211	66	0.471095588954545	17	0.436068898176471
RGB.HN.1.Sep	0.956209234292333	-0.000408737613762868	0.00743358703927217	109	0.370511557990826	66	0.372648312833333	17	0.350079446058824
RGB.HN.22.Aug	0.451742871151604	-0.00422408574913959	0.00560149383259924	109	0.445721823788991	66	0.44505456119697	17	0.418036432
RGB.HN.12.Aug	0.36560815152335	-0.00549910349112601	0.00606331121183943	109	0.523442781807339	66	0.523680160742424	17	0.494186587941176
RGB.HN.26.Aug	0.896418023104086	-0.00154690092401044	0.0118658625376015	109	0.579195316944954	66	0.582466590469697	17	0.570779633470588
RGB.HN.3.Sep	0.507507839141553	-0.00871424715802501	0.0131237202184287	109	0.549399814091743	66	0.546299156287879	17	0.558353191705882
RGB.HN.14.Aug	0.61107660477619	-0.00267439546977363	0.00525010265760678	109	0.397594518146789	66	0.399267982287879	17	0.377544609176471
RGB.HN.20.Aug	0.874617897065358	0.00114766132349949	0.00726307739750069	109	0.410154477651376	66	0.414928855318182	17	0.397705285470588
RGB.HN.30.Aug	0.232877566733164	-0.00722624088142321	0.0060375775842231	109	0.429826719073394	66	0.426431300530303	17	0.403796003529412
RGB.HN.5.Sep	0.234883519471248	-0.00754487259815742	0.006330998413745	109	0.376565748477064	66	0.371131531409091	17	0.367915261470588
RGB.HN.16.Aug	0.631242108816204	0.00469790002895811	0.00977153376964718	109	0.750550679165138	66	0.763302107015152	17	0.764163706882353
RGB.LN.6.Jul	0.0684871656606828	-0.0127475401294826	0.00695482628959727	106	0.319046230188679	61	0.310208457377049	17	0.307563252941176
RGB.LN.23.Aug	0.866203507177966	-0.000803153727383504	0.00476032229763798	110	0.433327480454545	63	0.435082581746032	17	0.419396114705882
RGB.LN.1.Sep	0.172459014903608	-0.00809746304723745	0.00591197927373196	110	0.367074692272727	63	0.364876024603175	17	0.351483211764706
RGB.LN.22.Aug	0.355456611995445	-0.00449003869502679	0.00484681045706733	110	0.412695245	63	0.411226820634921	17	0.393037061764706
RGB.LN.12.Aug	0.255347972350097	-0.00516576778554945	0.00452735786792445	110	0.485293215	63	0.485817069047619	17	0.466663920588235
RGB.LN.26.Aug	0.943766514494489	0.000578150756599264	0.00818527225767932	110	0.541573655454545	63	0.54907810952381	17	0.526219138235294
RGB.LN.3.Sep	0.801859575444134	0.00228182212781476	0.00907993028796849	110	0.503703914090909	63	0.510162683333333	17	0.501427002941176
RGB.LN.14.Aug	0.157958780904429	-0.00597591548399855	0.00421510846599844	110	0.365405698636364	63	0.363301602380952	17	0.352292626470588
RGB.LN.20.Aug	0.105522582070004	-0.00848291865298465	0.00521495921582896	110	0.381322909090909	63	0.376160983333333	17	0.349852855882353
RGB.LN.30.Aug	0.835612549162395	-0.000999532805555743	0.00480999995049062	110	0.394566560454545	63	0.397119082539683	17	0.372484123529412
RGB.LN.5.Sep	0.709352877747831	0.00199157822800627	0.00533502203485505	110	0.347139642272727	63	0.350952915079365	17	0.344033008823529
RGB.LN.16.Aug	0.530946621919255	-0.00473248240251499	0.00753881210209062	110	0.735340316363636	63	0.739525485714286	17	0.717479026470588
NGR.HN.6.Jul	0.853737073222375	0.0011071464883759	0.00599702968820413	107	0.144136126504673	63	0.144177420571429	17	0.129375791117647
NGR.HN.23.Aug	0.0756221051434828	-0.00926593988991956	0.00518619687180549	109	0.150146317733945	66	0.144503330636364	17	0.121121721705882
NGR.HN.1.Sep	0.382395717309502	-0.00461156302708802	0.00526695550140736	109	0.0899084657706422	66	0.0867370809090909	17	0.0762514362941177
NGR.HN.22.Aug	0.0627984321036429	-0.00779617541286366	0.00416497749713203	109	0.125728327082569	66	0.120027060606061	17	0.104480196823529
NGR.HN.12.Aug	0.048133386359829	-0.00930843072237011	0.00467924224305166	109	0.163322085440367	66	0.157629436742424	17	0.139520549941176
NGR.HN.26.Aug	0.218089298050157	-0.00906060563537655	0.00733173997724874	109	0.146684371724771	66	0.140238756636364	17	0.134387943588235
NGR.HN.3.Sep	0.410020818461144	-0.00833824902478559	0.0100981563889831	109	0.169057794853211	66	0.163415618212121	17	0.175988951588235
NGR.HN.14.Aug	0.405929190859014	-0.00354757712031706	0.00425894252574238	109	0.112482212752294	66	0.112251764045455	17	0.0944667884117647
NGR.HN.20.Aug	0.595875938753607	-0.00301923928713163	0.00568322073937447	109	0.124003719559633	66	0.123018044515152	17	0.110151733235294
NGR.HN.30.Aug	0.0732639406704571	-0.00871304307270797	0.00483689311798342	109	0.103969462009174	66	0.0983135557121212	17	0.0842059441764706
NGR.HN.5.Sep	0.219902207316228	-0.00683612116348747	0.00555360969751758	109	0.102830195678899	66	0.0972109777272727	17	0.0942471635882353
NGR.HN.16.Aug	0.611533827872358	-0.00500341785466623	0.00983482261894592	109	0.369960851055046	66	0.367063767515152	17	0.374014500941176
NGR.LN.6.Jul	0.0437127586561827	-0.0119036049183075	0.0058601208096112	106	0.136572211603774	61	0.127356533606557	17	0.124316426470588
NGR.LN.23.Aug	0.316019669340278	-0.00409797184525955	0.00407591987714901	110	0.114277387318182	63	0.11203655468254	17	0.102135256764706
NGR.LN.1.Sep	0.184377333796964	-0.00574514928665984	0.0043118879838635	110	0.0755167309454546	63	0.0732154276031746	17	0.0647258758235294
NGR.LN.22.Aug	0.123491335492705	-0.00582307483376444	0.00376319831375368	110	0.0950085261818182	63	0.0910906495238095	17	0.0793859211764706
NGR.LN.12.Aug	0.163963595220929	-0.00542665481622827	0.00388327902637367	110	0.128467935181818	63	0.126700685714286	17	0.114521772647059
NGR.LN.26.Aug	0.435691621488599	-0.00379846197500539	0.00486237209844241	110	0.112316369272727	63	0.112165102777778	17	0.100930166470588
NGR.LN.3.Sep	0.995971572412085	-3.52364956885769e-05	0.00696955868775852	110	0.114566825409091	63	0.116787429809524	17	0.117338247352941
NGR.LN.14.Aug	0.127804617640801	-0.0053792788198744	0.00351652331712259	110	0.0791619464090909	63	0.0762902740476191	17	0.0700076994117647
NGR.LN.20.Aug	0.106691873126774	-0.0069549055583885	0.00429003236288288	110	0.0911088076363636	63	0.0865400544444444	17	0.0692131546470588
NGR.LN.30.Aug	0.569490680982101	-0.00224864615569641	0.00394619687747527	110	0.0728524620909091	63	0.0732058888888889	17	0.0565824177058824
NGR.LN.5.Sep	0.853136889592441	0.000856632854695666	0.00462101048053786	110	0.0709170384363636	63	0.0726764535238095	17	0.0664001891176471
NGR.LN.16.Aug	0.309782195869775	-0.00908950269690696	0.00892448417162146	110	0.306294880454545	63	0.302458041269841	17	0.299659226470588
GLI.HN.6.Jul	0.920034507007877	0.000466061455309509	0.0046360245179139	107	0.176114905364486	63	0.175907243555556	17	0.165704309
GLI.HN.23.Aug	0.398914869524517	-0.00283167483421964	0.00334908997614602	109	0.234106001431193	66	0.23406770819697	17	0.216094686823529
GLI.HN.1.Sep	0.887404234881044	-0.00054277091130744	0.00382815892687347	109	0.182848827678899	66	0.183601148136364	17	0.172272218058824
GLI.HN.22.Aug	0.377622719847062	-0.00256321649351253	0.00289825845715157	109	0.220924462412844	66	0.220183834833333	17	0.206564729588235
GLI.HN.12.Aug	0.304830382577873	-0.00324162992543882	0.00315036652695641	109	0.260359340587156	66	0.260087582969697	17	0.245181264470588
GLI.HN.26.Aug	0.807670470869774	-0.00150714679905618	0.0061824246721415	109	0.285270132440367	66	0.286200993212121	17	0.280669920176471
GLI.HN.3.Sep	0.491786923045309	-0.00465722863674212	0.00676104537769104	109	0.272118116733945	66	0.270311278227273	17	0.276801670058824
GLI.HN.14.Aug	0.534708645031983	-0.00171376729658136	0.00275528723799135	109	0.19696420287156	66	0.19754415469697	17	0.186394909176471
GLI.HN.20.Aug	0.953531050158927	0.000220326860627666	0.00377583666425034	109	0.203447406165138	66	0.205543017287879	17	0.196975552470588
GLI.HN.30.Aug	0.193618479324705	-0.00412214283722659	0.00315953841956458	109	0.212043898284404	66	0.209932399757576	17	0.198359862941176
GLI.HN.5.Sep	0.210493008995241	-0.0041819010139953	0.00332808588184153	109	0.185975574605505	66	0.182907758227273	17	0.181280081176471
GLI.HN.16.Aug	0.635101888014263	0.00238603453525712	0.0050196302419441	109	0.375042413944954	66	0.381561584575758	17	0.382151435705882
GLI.LN.6.Jul	0.0935159792566775	-0.00698472354573794	0.00414237217241555	106	0.168619755660377	61	0.163740072786885	17	0.162773294117647
GLI.LN.23.Aug	0.753005433990866	-0.000806633495469902	0.00255952828395656	110	0.214023079090909	63	0.214580832539683	17	0.206641735294118
GLI.LN.1.Sep	0.168786261845354	-0.00423748252774221	0.00306720246389936	110	0.180141727727273	63	0.178873913492063	17	0.172183120588235
GLI.LN.22.Aug	0.308907753578044	-0.00259797531810949	0.0025461903070737	110	0.202995453636364	63	0.20191334047619	17	0.192866373529412
GLI.LN.12.Aug	0.223489079667767	-0.00292295438391349	0.00239307569764293	110	0.239889541818182	63	0.239919924603175	17	0.230358502941176
GLI.LN.26.Aug	0.951299930858245	-0.00026025300917626	0.00425543577930152	110	0.264453419545455	63	0.267634848412698	17	0.256856705882353
GLI.LN.3.Sep	0.842721610866578	0.000941988402089079	0.00474090373708683	110	0.246988964545455	63	0.250008651587302	17	0.246130402941176
GLI.LN.14.Aug	0.145441734883973	-0.00329681340572341	0.00225497256249628	110	0.178991617727273	63	0.177697267460317	17	0.172403738235294
GLI.LN.20.Aug	0.0955156948501265	-0.00462151850363853	0.00275813293022548	110	0.187502422727273	63	0.184619207142857	17	0.171208167647059
GLI.LN.30.Aug	0.787913156398582	-0.000688245916788906	0.00255460535530927	110	0.192729695454545	63	0.193841654761905	17	0.181358217647059
GLI.LN.5.Sep	0.75291271188382	0.000899473666891929	0.00285301197202359	110	0.169651442727273	63	0.171466030952381	17	0.16804375
GLI.LN.16.Aug	0.46507931961604	-0.00284651580125022	0.00388850336142593	110	0.367509605454545	63	0.369247401587302	17	0.358217138235294
MGR.HN.6.Jul	0.857566373607793	0.00185889988835534	0.0103427931455108	107	0.265708849626168	63	0.265673843984127	17	0.238169160705882
MGR.HN.23.Aug	0.0769701785225735	-0.0182395497814121	0.010256102759241	109	0.298628939623853	66	0.287492983060606	17	0.241109436294118
MGR.HN.1.Sep	0.38397588644794	-0.00916190564708418	0.0104988772991891	109	0.179449239880734	66	0.173144918363636	17	0.152209898941176
MGR.HN.22.Aug	0.0631728755889026	-0.0154976887829931	0.00829127163954116	109	0.250870825651376	66	0.239520629575758	17	0.208530833235294
MGR.HN.12.Aug	0.0485263743544043	-0.0184550354390744	0.00929357589757688	109	0.325565079293578	66	0.314260709621212	17	0.278214502823529
MGR.HN.26.Aug	0.218479766474808	-0.0179533491757349	0.014540024837984	109	0.291922131807339	66	0.279126837575758	17	0.267485090823529
MGR.HN.3.Sep	0.410806410115012	-0.0165565865366708	0.0200848368518297	109	0.336911038678899	66	0.325725213772727	17	0.350676760470588
MGR.HN.14.Aug	0.409076248722354	-0.00699390240980983	0.00845296861052906	109	0.224059615733945	66	0.223625546272727	17	0.188220304294118
MGR.HN.20.Aug	0.597992927122203	-0.0059609972972036	0.0112855784713162	109	0.247026369366972	66	0.245091338484848	17	0.219474271117647
MGR.HN.30.Aug	0.0736132090123081	-0.0173456756492975	0.00964094490151733	109	0.207497390275229	66	0.196234204333333	17	0.168068690294118
MGR.HN.5.Sep	0.222459085264678	-0.0134894049279333	0.0110197673391496	109	0.204595853119266	66	0.193520758606061	17	0.187587130941176
MGR.HN.16.Aug	0.610121967256049	-0.00995134321228603	0.0194832490482305	109	0.736629768807339	66	0.730733949575758	17	0.745020406941176
MGR.LN.6.Jul	0.0392974061554701	-0.0213613326512226	0.0102878732201117	106	0.254106437735849	61	0.237535909836066	17	0.231102752941176
MGR.LN.23.Aug	0.32102910364911	-0.00804279556956554	0.00808297959648166	110	0.227412724090909	63	0.222984955555556	17	0.203447389411765
MGR.LN.1.Sep	0.185457622913847	-0.0114304936964483	0.00860011585337751	110	0.150760146672727	63	0.146184022857143	17	0.129253811117647
MGR.LN.22.Aug	0.125002762247197	-0.0115557505750898	0.00749822410768092	110	0.189575397181818	63	0.181783417460317	17	0.158472473235294
MGR.LN.12.Aug	0.166041040924473	-0.0107416239683593	0.00772472230476567	110	0.256065571818182	63	0.252554162698413	17	0.228389405882353
MGR.LN.26.Aug	0.443928795982317	-0.00741075038830263	0.00965911287422636	110	0.223611909545455	63	0.223403621904762	17	0.201102135588235
MGR.LN.3.Sep	0.999241849791788	1.32073340951341e-05	0.0138806508383408	110	0.228421932772727	63	0.232930866031746	17	0.234045301176471
MGR.LN.14.Aug	0.129127676012414	-0.0106569200229226	0.00699093039379319	110	0.157769513181818	63	0.152068373015873	17	0.139594603235294
MGR.LN.20.Aug	0.108617941564241	-0.0137504450764765	0.00852864510915516	110	0.181552558409091	63	0.172509002380952	17	0.137978483235294
MGR.LN.30.Aug	0.572960639508101	-0.00444301578782903	0.00786782023773438	110	0.145401222590909	63	0.146125856111111	17	0.112963657235294
MGR.LN.5.Sep	0.848563483085855	0.00175574294666791	0.00918175939955072	110	0.141260157272727	63	0.144795603031746	17	0.132364529117647
MGR.LN.16.Aug	0.314125065641281	-0.0179122642361738	0.0177460703870771	110	0.609993551818182	63	0.60236475	17	0.59724295
VARI.HN.6.Jul	0.8510780177823	0.00181288345803846	0.00964239206877552	107	0.225567633551402	63	0.225817551492064	17	0.200295462764706
VARI.HN.23.Aug	0.0621749086918881	-0.0173456487734924	0.00924440637713364	109	0.260254871752294	66	0.248526799651515	17	0.207962944529412
VARI.HN.1.Sep	0.393787148240861	-0.00820006995777007	0.00959348921677984	109	0.159531649587156	66	0.1534559395	17	0.134590665647059
VARI.HN.22.Aug	0.0533044661788188	-0.0145622186695358	0.00748769313441051	109	0.222883683220183	66	0.211455533772727	17	0.184515412058824
VARI.HN.12.Aug	0.036789341185595	-0.0174908575556158	0.00831613379173839	109	0.287588339788991	66	0.275856274909091	17	0.244850345764706
VARI.HN.26.Aug	0.172187739014308	-0.0173199742216413	0.0126378572677718	109	0.25055701546789	66	0.236856772833333	17	0.228943427294118
VARI.HN.3.Sep	0.411772363740766	-0.0155592727514053	0.0189140822259082	109	0.307132468284404	66	0.295639386272727	17	0.320440191235294
VARI.HN.14.Aug	0.443784670790831	-0.0058367038014001	0.0076052802500956	109	0.195906753247706	66	0.195541628227273	17	0.163381161647059
VARI.HN.20.Aug	0.587271565766216	-0.005678728668455	0.0104438318827099	109	0.219771175155963	66	0.217192831848485	17	0.193802792529412
VARI.HN.30.Aug	0.06893176662811	-0.0158704396395297	0.00867493081177186	109	0.182776487119266	66	0.171902167424242	17	0.147160102647059
VARI.HN.5.Sep	0.245562533778757	-0.0120254936400915	0.0103234446903297	109	0.182311961972477	66	0.171884126545455	17	0.166343713411765
VARI.HN.16.Aug	0.537766779852961	-0.0124638384776547	0.0201896485540073	109	0.704893312284404	66	0.694113075954545	17	0.712596829823529
VARI.LN.6.Jul	0.0288903908898713	-0.0219870284968681	0.0099812268474607	106	0.216717812735849	61	0.199551073770492	17	0.192054758235294
VARI.LN.23.Aug	0.351243697106127	-0.00692082545560683	0.00740549510685835	110	0.191338607681818	63	0.186712513095238	17	0.171931614411765
VARI.LN.1.Sep	0.205379776707927	-0.00996660010284054	0.00784235288641829	110	0.131497802009091	63	0.12722163031746	17	0.112500633235294
VARI.LN.22.Aug	0.138040050582729	-0.0101839056644216	0.00683664554059039	110	0.1638147725	63	0.156224760873016	17	0.136905890588235
VARI.LN.12.Aug	0.197719924247156	-0.00928078897400346	0.00717912923746198	110	0.219284780454545	63	0.215541406349206	17	0.196242532352941
VARI.LN.26.Aug	0.503352708059889	-0.00563471478259165	0.00840321638944709	110	0.184565020636364	63	0.184049670793651	17	0.167025490588235
VARI.LN.3.Sep	0.976244896709881	0.000385392495041877	0.0129250318057072	110	0.200170295772727	63	0.203783223095238	17	0.207987915588235
VARI.LN.14.Aug	0.175191762692389	-0.00850511479923035	0.00624936269140519	110	0.132650515	63	0.127776129126984	17	0.117695217941176
VARI.LN.20.Aug	0.139102884991278	-0.0117229950043579	0.00789121733532616	110	0.155536846090909	63	0.147386095079365	17	0.117165141176471
VARI.LN.30.Aug	0.570855818503921	-0.00397881087666547	0.00700728603285943	110	0.124265737090909	63	0.124374069444444	17	0.0960185306470588
VARI.LN.5.Sep	0.826314958796126	0.0018716024097951	0.00851723595415732	110	0.121510249790909	63	0.124223709142857	17	0.113776641470588
VARI.LN.16.Aug	0.355858353847466	-0.0172769549585673	0.0186653736495693	110	0.562026454545455	63	0.552819504761905	17	0.554679491176471
VEG.HN.6.Jul	0.61746996087099	0.0116266112605829	0.0232391706699627	107	1.69827609363551	63	1.71044731655556	17	1.61961262176471
VEG.HN.23.Aug	0.397552479959568	-0.0631473727404594	0.0744701276518586	109	3.66870875726606	66	3.5745401675303	17	3.58204927235294
VEG.HN.1.Sep	0.859360274097478	0.017028220986415	0.0959691133160869	109	3.92273538611009	66	3.88285349284849	17	3.75267060858824
VEG.HN.22.Aug	0.374453638920707	-0.0727635237545956	0.0817289971361474	109	4.37124955624771	66	4.23792905421212	17	4.30057895964706
VEG.HN.12.Aug	0.42994303092268	-0.0731332764640995	0.0924550438326486	109	4.68355728183486	66	4.56217368198485	17	4.71665987223529
VEG.HN.26.Aug	0.423522787664453	-0.0896845127617237	0.111813117602481	109	4.54111026252294	66	4.39524484939394	17	4.70338225611765
VEG.HN.3.Sep	0.440395667522818	-0.100309926888541	0.129736360903824	109	5.58847552616514	66	5.44620175263636	17	5.741484493
VEG.HN.14.Aug	0.822461412816876	-0.018876111361427	0.0840068424318717	109	3.52612065166972	66	3.48292211075758	17	3.52949271335294
VEG.HN.20.Aug	0.71300150826971	-0.0322395155760479	0.0875146713846551	109	3.78405316719266	66	3.72944465956061	17	3.82393557176471
VEG.HN.30.Aug	0.263771990177141	-0.10127154870071	0.0903477475902506	109	4.22257449904587	66	4.08069553615151	17	4.03092929176471
VEG.HN.5.Sep	0.513085539295306	-0.0514667398623607	0.0785394403473348	109	3.54471743015596	66	3.4536756600303	17	3.44414235276471
VEG.HN.16.Aug	0.33869340680328	-0.176889489546023	0.184409819423611	109	7.99264202573394	66	7.64500428989394	17	8.651703895
VEG.LN.6.Jul	0.280497675857357	-0.0283135839147236	0.0261559000010676	106	1.66780317924528	61	1.65656754098361	17	1.60393394117647
VEG.LN.23.Aug	0.60493457420673	0.0429682324852883	0.0829166979055951	110	3.12153411818182	63	3.09670469047619	17	3.33930044117647
VEG.LN.1.Sep	0.978554925134617	-0.00268771863068012	0.0998512484505882	110	3.65486600909091	63	3.5996628968254	17	3.74599326470588
VEG.LN.22.Aug	0.958929183831737	0.00467578819760389	0.0906730023327537	110	3.66700936363636	63	3.58568206349206	17	3.83466526470588
VEG.LN.12.Aug	0.826501726185815	0.0222868099094366	0.101533153643151	110	3.91038569545455	63	3.86893581746032	17	4.18693461764706
VEG.LN.26.Aug	0.329767944080078	0.0977485244228637	0.100032253309622	110	3.90049074090909	63	3.92899182539683	17	4.21640638235294
VEG.LN.3.Sep	0.632386298213214	0.0610127955656895	0.127330023977746	110	4.56677828636364	63	4.5520156984127	17	4.933276
VEG.LN.14.Aug	0.668628897434145	0.0337382052426764	0.0786953012830719	110	2.90835978181818	63	2.88454850793651	17	3.11908605882353
VEG.LN.20.Aug	0.829504505718443	0.0177307101179917	0.082222328616812	110	3.15142882272727	63	3.12046353174603	17	3.09314694117647
VEG.LN.30.Aug	0.786225639998398	0.0224381140016785	0.0826112118218385	110	3.50363943181818	63	3.46274955555556	17	3.5519185
VEG.LN.5.Sep	0.818257959441311	0.021072717855282	0.0915746849915314	110	3.03458035454545	63	2.99013798412698	17	3.21603888235294
VEG.LN.16.Aug	0.897100205782595	-0.0247439201123723	0.191066631567838	110	6.78833743181818	63	6.60907746031746	17	7.39790147058824
Woebbecke.HN.6.Jul	0.757089509537941	0.0471312427178431	0.152147402677806	107	3.83688822234579	63	3.93374987338095	17	4.14583344517647
Woebbecke.HN.23.Aug	0.31556207718149	0.58731724552674	0.583620331094342	109	10.645733683789	66	10.8404876648939	17	14.0045640231176
Woebbecke.HN.1.Sep	0.359379900519129	0.876131140525746	0.953539850411957	109	17.9880364722936	66	18.3151433886364	17	20.3319716929412
Woebbecke.HN.22.Aug	0.233575404392897	0.842165935828586	0.704691270360538	109	15.2021669315596	66	15.5632576590909	17	19.0358965047059
Woebbecke.HN.12.Aug	0.247255406015911	0.814788641164667	0.701986269892885	109	13.3103031220642	66	13.6590501265909	17	17.0653631205882
Woebbecke.HN.26.Aug	0.341130408464163	0.766350929569229	0.802983678598625	109	19.6569571143119	66	19.8153810609091	17	23.2893327164706
Woebbecke.HN.3.Sep	0.802831715885048	0.219017068577566	0.875925180638228	109	20.2618661027523	66	19.8181481210606	17	20.5107554823529
Woebbecke.HN.14.Aug	0.62192438612071	0.374052073313344	0.757267271295423	109	12.2693507426972	66	12.0954682334394	17	16.0795207284118
Woebbecke.HN.20.Aug	0.712814596572198	0.256374763591278	0.695459210030881	109	12.6189925907706	66	12.4582814428636	17	15.6223749175294
Woebbecke.HN.30.Aug	0.513508851118263	0.622345382295109	0.950669468862232	109	18.9626029263303	66	18.8049994151515	17	22.0060489964706
Woebbecke.HN.5.Sep	0.872003243326768	0.126048401576936	0.781274917282186	109	15.4581569451927	66	15.0386455002727	17	16.0482522334706
Woebbecke.HN.16.Aug	0.653066810870294	-0.246506946717861	0.547509799343565	109	10.5010782250275	66	9.85049670310606	17	11.0581477613529
Woebbecke.LN.6.Jul	0.0149535832310714	0.364681699039888	0.148402687497697	106	3.87357969811321	61	4.22925001639344	17	4.20723470588235
Woebbecke.LN.23.Aug	0.231081911810595	0.601044884191359	0.500224323676371	110	11.7249027727273	63	11.8807201825397	17	14.3510288529412
Woebbecke.LN.1.Sep	0.463143730683735	0.690938695832874	0.939775848826423	110	19.4990766727273	63	19.2371623968254	17	22.1361293235294
Woebbecke.LN.22.Aug	0.207738161333329	0.83566162316885	0.660992085653351	110	16.3710714454545	63	16.5327894365079	17	20.9384585882353
Woebbecke.LN.12.Aug	0.17460525838581	0.809979782092852	0.594341631284141	110	14.4067124136364	63	14.564085547619	17	17.7763465882353
Woebbecke.LN.26.Aug	0.146800514018715	0.990409994662103	0.679725421915481	110	19.7505175909091	63	19.9056751587302	17	23.9470173529412
Woebbecke.LN.3.Sep	0.958070388472788	-0.0410747861245865	0.780194327932758	110	22.3866118136364	63	21.5785295238095	17	23.9954552941176
Woebbecke.LN.14.Aug	0.074533715986785	1.24240535764669	0.692723081560552	110	13.7367664045455	63	14.3038087460317	17	17.1507634705882
Woebbecke.LN.20.Aug	0.14505259172411	0.85461722036394	0.583977408986209	110	13.6518651727273	63	13.9119068968254	17	17.4209963823529
Woebbecke.LN.30.Aug	0.806846674997887	0.208531419770583	0.851675707244163	110	20.0099690045455	63	19.2770778571429	17	23.9382047058824
Woebbecke.LN.5.Sep	0.791389317092819	-0.189740959585591	0.71629607241184	110	16.5336178636364	63	15.6385151507937	17	18.5029834705882
Woebbecke.LN.16.Aug	0.491821926793247	0.301749018427509	0.438084560272693	110	10.8189414136364	63	10.4945709920635	17	11.6154070882353
