trait	pval	eff	std	Nhap1	hap1	Nhap2	hap2	Nhap3	hap3
HN.B	0.121928834109584	-1.08067822853652	0.69583770901681	0	NA	0	NA	0	NA
HN.Ca	0.355020884616302	0.0107184595917589	0.0115641902305097	0	NA	0	NA	0	NA
HN.CHL	0.117110840327179	-9.77588759562133	6.21436674167765	0	NA	0	NA	0	NA
HN.Cu	0.462029757632875	0.290714082103989	0.394554213006205	0	NA	0	NA	0	NA
HN.DW	0.215558377208745	0.28060419915223	0.225910733034511	0	NA	0	NA	0	NA
HN.Fe	0.598689034815919	0.562325938359974	1.06694919628143	0	NA	0	NA	0	NA
HN.FW	0.140754694729915	1.74690114181723	1.18150456177529	0	NA	0	NA	0	NA
HN.K	0.593332349716	-0.0193937973294868	0.0362649933890162	0	NA	0	NA	0	NA
HN.LA	0.356135149992388	32.3126005090004	34.9451909953687	0	NA	0	NA	0	NA
HN.Mg	0.0673446132993332	0.0128760364717842	0.00700391262367564	0	NA	0	NA	0	NA
HN.Mn	0.156827493308143	4.72307344219177	3.32326603891078	0	NA	0	NA	0	NA
HN.N	0.319559197500519	-0.0182129897089648	0.0182569794288258	0	NA	0	NA	0	NA
HN.P	0.255280918514824	-0.00499973603781353	0.00438362076124478	0	NA	0	NA	0	NA
HN.S	0.64429786775977	-0.000996875009999507	0.00215620049175607	0	NA	0	NA	0	NA
HN.Zn	0.910980087960901	-0.123024427437335	1.09900926850664	0	NA	0	NA	0	NA
LN.B	0.103625205523862	-0.666038482392699	0.407429964705411	0	NA	0	NA	0	NA
LN.Ca	0.397730292703508	0.0105361713872101	0.0124338277783068	0	NA	0	NA	0	NA
LN.CHL	0.180832134212677	-7.56914943276867	5.6381248931478	0	NA	0	NA	0	NA
LN.Cu	0.969241683749958	-0.010593367216649	0.274363000836596	0	NA	0	NA	0	NA
LN.DW	0.384403864119912	0.145128031301916	0.166509359767657	0	NA	0	NA	0	NA
LN.Fe	0.224843870287638	-1.34276963662526	1.10319060020854	0	NA	0	NA	0	NA
LN.FW	0.291978575789823	0.818052715153196	0.774407433708712	0	NA	0	NA	0	NA
LN.K	0.529578778471917	-0.0234345673096715	0.0372191001568335	0	NA	0	NA	0	NA
LN.LA	0.548427061707653	16.777682620832	27.9138705012437	0	NA	0	NA	0	NA
LN.Mg	0.105929418978174	0.011083282953277	0.00682694792996154	0	NA	0	NA	0	NA
LN.Mn	0.161587353324122	4.74685772079009	3.37786522390565	0	NA	0	NA	0	NA
LN.N	0.199484564086441	-0.0330129025764379	0.0256514174558497	0	NA	0	NA	0	NA
LN.P	0.443121928573503	-0.00342941961343384	0.00446350225184728	0	NA	0	NA	0	NA
LN.S	0.767194327213509	0.00107838958643394	0.0036380696785949	0	NA	0	NA	0	NA
LN.Zn	0.477599819413427	-0.713130855045355	1.00197650842454	0	NA	0	NA	0	NA
HN_LN.B	0.358634899687627	-0.0395785085019965	0.043011839749152	0	NA	0	NA	0	NA
HN_LN.Ca	0.872365946009055	0.00653705086713812	0.040640353966194	0	NA	0	NA	0	NA
HN_LN.CHL	0.918506148597444	0.00284205190840619	0.0277451292475327	0	NA	0	NA	0	NA
HN_LN.Cu	0.174925830313973	0.0806367763920554	0.0592095504124974	0	NA	0	NA	0	NA
HN_LN.DW	0.640122765212947	0.0168921699968199	0.0360772113335282	0	NA	0	NA	0	NA
HN_LN.Fe	0.101265531163947	0.0315751197043448	0.0191867533846056	0	NA	0	NA	0	NA
HN_LN.FW	0.378313308265372	0.036596067821488	0.0414488734285121	0	NA	0	NA	0	NA
HN_LN.K	0.845906326919694	0.00280987989859388	0.0144413718169239	0	NA	0	NA	0	NA
HN_LN.LA	0.851138347182578	0.0047309789416452	0.0251797694618228	0	NA	0	NA	0	NA
HN_LN.Mg	0.83316582673162	0.00867527855853352	0.0411352119509262	0	NA	0	NA	0	NA
HN_LN.Mn	0.940028590296145	0.00489662464851481	0.0649891399199452	0	NA	0	NA	0	NA
HN_LN.N	0.506870664326536	0.0115698467831878	0.0174025355914813	0	NA	0	NA	0	NA
HN_LN.P	0.852958976548288	-0.00237009958811509	0.0127723886508554	0	NA	0	NA	0	NA
HN_LN.S	0.685214153701478	-0.00919408065489987	0.0226506722806781	0	NA	0	NA	0	NA
HN_LN.Zn	0.542642428897837	0.0340783265036712	0.0558528473259338	0	NA	0	NA	0	NA
G_N	0.871363287829466	-0.0153007511520366	0.0943641101557194	0	NA	0	NA	0	NA
G_CHL	0.568970185972684	9.03756577673989	15.8395927089626	0	NA	0	NA	0	NA
G_FW	0.78170814164363	0.780433521805606	2.81248723612079	0	NA	0	NA	0	NA
G_LA	0.963042528575609	4.83329091639479	104.171679702056	0	NA	0	NA	0	NA
G_DW	0.946886213774259	-0.037581806477188	0.563398054270512	0	NA	0	NA	0	NA
G_LWC	0.558666615375722	0.00413877577273326	0.00706441034876898	0	NA	0	NA	0	NA
G_Thickness	0.747377300999906	0.599901393943125	1.85975440999826	0	NA	0	NA	0	NA
G_P	0.953518879804199	0.00173120695963622	0.0296615071877442	0	NA	0	NA	0	NA
G_K	0.876458007544887	-0.0179673017618817	0.115418789737043	0	NA	0	NA	0	NA
G_Mg	0.562761261801552	0.0141120701470572	0.0243411001690373	0	NA	0	NA	0	NA
G_Ca	0.682510610334987	0.0295440456061866	0.072116951576892	0	NA	0	NA	0	NA
G_S	0.821622716852429	-0.00643756837278621	0.028513791249	0	NA	0	NA	0	NA
G_Na	0.951497548649595	1.28901142078664e-05	0.000211637120767241	0	NA	0	NA	0	NA
G_Fe	0.488800769878527	3.07249021437157	4.42998283292262	0	NA	0	NA	0	NA
G_Mn	0.597197884921552	4.16200375802793	7.86285071494638	0	NA	0	NA	0	NA
G_B	0.577236306816158	-4.75484293857536	8.51528975161555	0	NA	0	NA	0	NA
G_Cu	0.999349910772773	0.000911397300912067	1.11712904729134	0	NA	0	NA	0	NA
G_Zn	0.793443162232499	-2.35480243911535	8.98057739894279	0	NA	0	NA	0	NA
CobDiameter	0.104486808978742	0.619917825723611	0.380525357970853	0	NA	0	NA	0	NA
CobWeight	0.165698372085963	0.880589199049034	0.633508622847999	0	NA	0	NA	0	NA
DaystoSilk	0.568145281739339	0.594082676387722	1.03950519031597	0	NA	0	NA	0	NA
DaysToTassel	0.335388388031515	0.94159452305001	0.975658850067814	0	NA	0	NA	0	NA
EarDiameter	0.794248833483843	0.132408522602286	0.5071894721784	0	NA	0	NA	0	NA
EarHeight	0.404837988202227	2.03253850615792	2.43605865357019	0	NA	0	NA	0	NA
EarLength	0.462883776594061	1.76581794253449	2.40187889920619	0	NA	0	NA	0	NA
EarRankNumber	0.0280176565886271	0.769995361052169	0.348467851816331	0	NA	0	NA	0	NA
EarRowNumber	0.182217477853446	0.314984053139278	0.235501060616769	0	NA	0	NA	0	NA
EarWeight	0.610309086227972	1.20692413913409	2.36536849580946	0	NA	0	NA	0	NA
GDDAnthesis.SilkingInterval	0.726942776117052	-0.763900672659745	2.18527144489123	0	NA	0	NA	0	NA
GDDDaystoSilk	0.607438279109214	6.80484930835996	13.2299622590353	0	NA	0	NA	0	NA
GDDDaystoTassel	0.387421032731095	11.1120587068194	12.8353091734083	0	NA	0	NA	0	NA
GerminationCount	0.857667375660173	-0.0361012317275966	0.201098277376647	0	NA	0	NA	0	NA
LeafLength	0.187341074550093	18.2040481359057	13.7708420270909	0	NA	0	NA	0	NA
LeafWidth	0.297100726515414	-2.02965732874517	1.94273226530889	0	NA	0	NA	0	NA
MainSpikeLength	0.569457350302739	-3.21847211650935	5.65073168921004	0	NA	0	NA	0	NA
MiddleLeafAngle	0.39368747792443	0.910063598381922	1.06515413412304	0	NA	0	NA	0	NA
NIROil	0.812521604957841	0.0244316469021671	0.102905989448507	0	NA	0	NA	0	NA
NIRProtein	0.365956439952113	0.151151048523923	0.166894489603966	0	NA	0	NA	0	NA
NIRStarch	0.339783220730094	-0.300564840047608	0.314278439346799	0	NA	0	NA	0	NA
NumberofTilleringPlants	0.0300941731657199	0.0837660704317482	0.0384129961669333	0	NA	0	NA	0	NA
PlantHeight	0.671870168291969	1.30544013014133	3.07844726123895	0	NA	0	NA	0	NA
RowQuality	0.553029652216197	-0.00964587451835876	0.016239051439564	0	NA	0	NA	0	NA
SecondaryBranchNumber	0.136120621095987	0.275794966800604	0.184481686233425	0	NA	0	NA	0	NA
SeedSetLength	0.376635578436642	1.70955618171249	1.93035423453791	0	NA	0	NA	0	NA
SouthernLeafBlight	0.958136821195309	-0.00778764929069693	0.148217974213908	0	NA	0	NA	0	NA
Spikelets.MainSpike	0.685385230944148	0.222864698033261	0.549501807769186	0	NA	0	NA	0	NA
Spikelets.PrimaryBranch	0.744558554933158	-0.148633321423244	0.455697314553694	0	NA	0	NA	0	NA
StandCount	0.918450913925553	0.00842401744584673	0.0821986764157315	0	NA	0	NA	0	NA
TasselBranchLength	0.464421728877473	3.58190605102978	4.88894396066868	0	NA	0	NA	0	NA
TasselLength	0.720551263460789	2.23686314401818	6.24637214577089	0	NA	0	NA	0	NA
TasselPrimaryBranches	0.775031286087024	0.196293187830328	0.686114122592122	0	NA	0	NA	0	NA
TilleringIndex	0.643797105394524	-0.00415271064671758	0.00897048698853838	0	NA	0	NA	0	NA
TotalKernelVolume	0.0645943902894966	2.35675971572105	1.26965692315937	0	NA	0	NA	0	NA
UpperLeafAngle	0.369458475631055	1.57804388605131	1.75527178766118	0	NA	0	NA	0	NA
X20KernelWeight	0.0653601701833209	-0.200696550022592	0.108450716817219	0	NA	0	NA	0	NA
X.1060..pyruvic.acid..6.714.	0.289238907968355	-0.000320602562679679	0.000301678075071123	0	NA	0	NA	0	NA
X.971..oxalic.acid..7.883.	0.57050792307173	1.43788996432233e-05	2.53015008217353e-05	0	NA	0	NA	0	NA
X.6287..L.valine.2..9.151.	0.482427997144188	-0.00136716540527249	0.00194258833002025	0	NA	0	NA	0	NA
X.700..ethanolamine..9.879.	0.45214753222965	-0.000725413114240302	0.000962842919025834	0	NA	0	NA	0	NA
X.6106..L.leucine.2..9.945.	0.929379382650893	0.000129713132312315	0.0014616767774276	0	NA	0	NA	0	NA
X.938..nicotinic.acid..10.27.	0.765918687543423	3.64709383897142e-05	0.000122316659832117	0	NA	0	NA	0	NA
X.791..DL.isoleucine.2..10.225.	0.359284073701231	0.000822161456736873	0.000894646546804174	0	NA	0	NA	0	NA
X.444266..maleic.acid..10.323.	0.0532300344158268	1.63311677377546e-05	8.39518464300349e-06	0	NA	0	NA	0	NA
X.439194..glyceric.acid..10.735.	0.939403260574858	-9.86360100539694e-05	0.00129579537238114	0	NA	0	NA	0	NA
X.444972..fumaric.acid..10.94.	0.461552519372073	0.000650185459485513	0.000881270696035957	0	NA	0	NA	0	NA
X.439742..beta.cyano.L.alanine..11.288.	0.880698938346284	0.000322230462283113	0.00214415477275812	0	NA	0	NA	0	NA
X.6288..L.threonine.2..11.464.	0.100238288748732	0.0027173991301386	0.00164521095015972	0	NA	0	NA	0	NA
X.239..Beta..alanine..1..12.044.	0.0867775270393193	0.00189288037248997	0.00109954693446187	0	NA	0	NA	0	NA
X.12647..L.homoserine.2..12.359.	0.533913388575148	0.000192529096952846	0.000308946071156056	0	NA	0	NA	0	NA
X.5960..aspartic.acid.2..13.207.	0.0126590765409407	0.00732296617997386	0.00290927998900875	0	NA	0	NA	0	NA
X.5810..trans.4.hydroxy.L.proline.2..13.267.	0.625792404409053	-0.000155789900581438	0.000318948368525836	0	NA	0	NA	0	NA
X.119..gamma.aminobutyric.acid..GABA...13.326.	0.948599728943024	0.000309342114004954	0.00479234506940838	0	NA	0	NA	0	NA
X.5460407..threonic.acid..13.652.	0.364571351271963	-0.000526300801872679	0.000579080313986784	0	NA	0	NA	0	NA
X.1001..phenethylamine..13.742.	0.0941140221703161	-0.000686123315814202	0.000407809984717425	0	NA	0	NA	0	NA
X.51..alpha.ketoglutaric.acid..13.859.	0.381968162076367	-0.000492982770019844	0.000562573570993567	0	NA	0	NA	0	NA
X.738..L.glutamine.2..14.083.	0.57751076492607	6.32051522989102e-05	0.000113272673040026	0	NA	0	NA	0	NA
X.236..L.asparagine.2..14.984.	0.651012341286402	-0.00724799433600585	0.0159976343469559	0	NA	0	NA	0	NA
X.2724705..1.6.anhydro.glucose..15.326.	0.098060062093506	0.000256712059150662	0.000154412660923974	0	NA	0	NA	0	NA
X.6912..xylitol..15.376.	0.94400535559452	2.25447926224922e-05	0.000320368610419436	0	NA	0	NA	0	NA
X.827..ribitol..15.66.	0.865275897368018	-3.95925521896528e-05	0.000233047187566154	0	NA	0	NA	0	NA
X.754..glycerol.1.phosphate..16.056.	0.51537044563552	-0.00338911713146891	0.00520038056997159	0	NA	0	NA	0	NA
X.439183..3.phosphoglyceric.acid..16.504.	0.679281333374768	-0.000237934222062096	0.000574611574566142	0	NA	0	NA	0	NA
X.6262..L.ornithine.2..16.632.	0.675850636929554	0.000443177722889747	0.00105827003726287	0	NA	0	NA	0	NA
X.9750..citrulline.2..16.691.	0.588563764287333	0.000270772823606201	0.000499733071337881	0	NA	0	NA	0	NA
X.835..dehydroascorbic.acid..1..16.863.	0.11951837546535	-0.000453008260103553	0.000289689885379541	0	NA	0	NA	0	NA
X.204..allantoin.1..17.293.	0.599625575835892	-0.00173095974486026	0.003291974292976	0	NA	0	NA	0	NA
X.448388..D.allose.1..17.278.	0.148600351876983	9.96088184564103e-05	6.86760785280363e-05	0	NA	0	NA	0	NA
X.5962..L.lysine.2..17.643.	0.0635162188127347	0.000447279786918113	0.000239639208280121	0	NA	0	NA	0	NA
X.637542..4.hydroxycinnamic.acid..17.854.	0.270927356129373	0.00039878110950509	0.000361173419766773	0	NA	0	NA	0	NA
X.6057..tyrosine.2..17.871.	0.811656422947396	0.000454136072562689	0.00190318044329407	0	NA	0	NA	0	NA
X.128869..galactonic.acid.2..18.504.	0.832463953700664	1.13452494868409e-05	5.35569878813724e-05	0	NA	0	NA	0	NA
X.5460673..D.saccharic.acid..18.614.	0.0853183549231674	0.000336270810866577	0.000194400133319108	0	NA	0	NA	0	NA
X.3037582..mucic.acid..18.907.	0.845593920095831	-0.00016274206762553	0.000834540225865852	0	NA	0	NA	0	NA
X.1549111..caffeic.acid..19.755.	0.161545706288505	-0.00134786919753241	0.000959028050489276	0	NA	0	NA	0	NA
X.5280450..linoleic.acid..20.399.	0.986375086147335	3.56863451425216e-06	0.00020867985626446	0	NA	0	NA	0	NA
X.637775..3.5.dimethoxy.4.hydroxycinnamic.acid.2..20.65.	0.0631834428294461	0.000167231559786588	8.94839259501311e-05	0	NA	0	NA	0	NA
X.439958..D.glucose.6.phosphate.1..21.394.	0.0712822966450282	-0.00220030475675392	0.00121310998482932	0	NA	0	NA	0	NA
X.60961..adenosine..23.825.	0.0105441155451554	0.000181532741927334	7.02816201549437e-05	0	NA	0	NA	0	NA
X.5460935..turanose.1..24.81.	0.798710250777441	0.000144061090310051	0.000564064103834153	0	NA	0	NA	0	NA
X.6255..maltose.1..24.702.	0.00523865783932167	-0.00075892259976324	0.000268695751746059	0	NA	0	NA	0	NA
X.6255..maltose..2..24.915.	0.970574406777234	-1.49558198741523e-05	0.000404866957275002	0	NA	0	NA	0	NA
X.642609..trans.caftaric.acid.2..25.529.	0.171168831978541	-0.00112003209762045	0.000815025368582271	0	NA	0	NA	0	NA
X.6537496..chlorogenic.acid.1..26.37.	0.135242315119168	0.00143423230287809	0.000956097662424577	0	NA	0	NA	0	NA
X.439451..galactinol.2..26.479.	0.305605921059284	0.0024775712037492	0.00241190211911788	0	NA	0	NA	0	NA
X.2116..alpha.tocophereol..27.379.	0.14134536583608	-0.000318187437697808	0.000215305703909094	0	NA	0	NA	0	NA
X.6537496..chlorogenic.acid.2..27.18._alt	0.815420032176437	-0.000803069191823798	0.00343543697306293	0	NA	0	NA	0	NA
X.5321515..stigmasterol..28.442.	0.810694820525735	2.45652159754872e-05	0.00010236918325763	0	NA	0	NA	0	NA
X.5321342..beta.sitosterol..28.848.	0.476316803457198	-0.000309112910846362	0.000432911655948507	0	NA	0	NA	0	NA
X.439242..Raffinose..29.282.	0.83508752201107	0.000915733063060215	0.00439275957076269	0	NA	0	NA	0	NA
X.750..glycine..10.456..s100	0.235307546412599	-0.0278105743315282	0.0233598036551884	0	NA	0	NA	0	NA
X.5951..L.serine.2..11.174..s100	0.724769702738361	0.00457181688613583	0.0129656505515617	0	NA	0	NA	0	NA
X.92824..D.malic.acid..12.794..s100	0.686009810750833	-0.00109468099856966	0.00270361365681312	0	NA	0	NA	0	NA
X.33032..L.glutamic.acid.3..dehydrated...13.232..s100	0.156460153970484	0.00122256782644516	0.000859212266427194	0	NA	0	NA	0	NA
X.444212..trans.aconitic.acid..15.842..s100	0.401926887804345	0.00177928179922222	0.00211804955945353	0	NA	0	NA	0	NA
X.8742..shikimic.acid..16.433..s100	0.951586587507695	-0.000223200250847714	0.00367140034524181	0	NA	0	NA	0	NA
X.311..citric.acid..16.615..s100	0.989152733321681	2.81649127528447e-05	0.00206890337615765	0	NA	0	NA	0	NA
X.6508..quinic.acid..17.076..s100	0.393635886613501	-0.00776258714381158	0.00907920137403599	0	NA	0	NA	0	NA
X.5984..fructose.1..17.18..s100	0.785468616260173	0.00197071964292921	0.00722986229829532	0	NA	0	NA	0	NA
X.892..myo.inositol..19.354..s100	0.0880643170378675	0.00650628881966508	0.00379492488255947	0	NA	0	NA	0	NA
X.5988..Sucrose..23.988..s100	0.905799602008038	0.0122990391198649	0.103794033949156	0	NA	0	NA	0	NA
X.6537496..chlorogenic.acid.2..27.18..s100	0.2897800426777	0.00334632815106287	0.00315181644250095	0	NA	0	NA	0	NA
HN.X20KW	0.185363663714481	-0.141282715417555	0.106304200787474	0	NA	0	NA	0	NA
HN.CL	0.375816318076182	-0.1908752059153	0.215073145716725	0	NA	0	NA	0	NA
HN.CW	0.973570633703075	-0.0137650328652709	0.414983721525446	0	NA	0	NA	0	NA
HN.CD	0.906799243592101	0.0417757292371423	0.356391061703813	0	NA	0	NA	0	NA
LN.X20KW	0.0329559251517116	-0.295715223091155	0.137617875111697	0	NA	0	NA	0	NA
LN.CL	0.906785819905185	-0.0169829721676701	0.144864202020504	0	NA	0	NA	0	NA
LN.CW	0.426236500485039	0.202429266800793	0.253916373287757	0	NA	0	NA	0	NA
LN.CD	0.957830981523996	0.0163774564128146	0.309358575150115	0	NA	0	NA	0	NA
HN_LN.X20KW	0.0796011253925219	0.0456986522135958	0.0259179302826886	0	NA	0	NA	0	NA
HN_LN.CL	0.251164937625023	-0.0156969050635999	0.0136408363472232	0	NA	0	NA	0	NA
HN_LN.CW	0.385054514489436	-0.0224830757963236	0.025826598177689	0	NA	0	NA	0	NA
HN_LN.CD	0.905814357146922	0.00114050110790617	0.00962687744085758	0	NA	0	NA	0	NA
canopy.HN.6.Jul	0.692599690363808	-0.77372847089214	1.95413304435327	0	NA	0	NA	0	NA
canopy.HN.23.Aug	0.621569319359728	1.98562633771576	4.01579871189192	0	NA	0	NA	0	NA
canopy.HN.1.Sep	0.560404114439888	2.72124900506675	4.66533828196759	0	NA	0	NA	0	NA
canopy.HN.22.Aug	0.648603088945204	1.78666360459484	3.91430842898148	0	NA	0	NA	0	NA
canopy.HN.12.Aug	0.587026722465622	2.18458084186624	4.01506166128286	0	NA	0	NA	0	NA
canopy.HN.26.Aug	0.692039088971322	1.56678724216636	3.94949261087684	0	NA	0	NA	0	NA
canopy.HN.3.Sep	0.91941172329132	0.366494966997517	3.61747940548214	0	NA	0	NA	0	NA
canopy.HN.14.Aug	0.743860069317239	1.38425749642214	4.2301963631682	0	NA	0	NA	0	NA
canopy.HN.20.Aug	0.608559441232864	2.14241525306179	4.17624082621423	0	NA	0	NA	0	NA
canopy.HN.30.Aug	0.363086354404551	3.77727291827539	4.14293296363474	0	NA	0	NA	0	NA
canopy.HN.5.Sep	0.953707440468285	0.231965753317254	3.99046189069413	0	NA	0	NA	0	NA
canopy.HN.16.Aug	0.54417033977089	2.56187197537032	4.21613219726485	0	NA	0	NA	0	NA
canopy.LN.6.Jul	0.799324348963965	-0.432014717454127	1.69690592591376	0	NA	0	NA	0	NA
canopy.LN.23.Aug	0.568450339927246	2.02329471482765	3.54116742980318	0	NA	0	NA	0	NA
canopy.LN.1.Sep	0.682445557821392	1.6861792412946	4.11486143578976	0	NA	0	NA	0	NA
canopy.LN.22.Aug	0.507322612314841	2.33286543645093	3.51170429775225	0	NA	0	NA	0	NA
canopy.LN.12.Aug	0.467314263787527	2.62912648113656	3.60961254912743	0	NA	0	NA	0	NA
canopy.LN.26.Aug	0.564272506310512	1.98165299085699	3.43112328048262	0	NA	0	NA	0	NA
canopy.LN.3.Sep	0.883765473814218	0.459919053473304	3.14151200742301	0	NA	0	NA	0	NA
canopy.LN.14.Aug	0.522949247213537	2.44839023077504	3.8254303938378	0	NA	0	NA	0	NA
canopy.LN.20.Aug	0.340511951086358	3.46336834188917	3.624164724162	0	NA	0	NA	0	NA
canopy.LN.30.Aug	0.914499619518678	0.415614140781679	3.86573176834984	0	NA	0	NA	0	NA
canopy.LN.5.Sep	0.895198910993267	0.484513284520303	3.67303496107421	0	NA	0	NA	0	NA
canopy.LN.16.Aug	0.547053253971275	2.1345328015278	3.53810549007862	0	NA	0	NA	0	NA
ExG.HN.6.Jul	0.989309161400606	-0.000118282655541266	0.00881528585708376	0	NA	0	NA	0	NA
ExG.HN.23.Aug	0.340691233177819	-0.0056259281860639	0.00588948359802453	0	NA	0	NA	0	NA
ExG.HN.1.Sep	0.783250280226334	-0.00176739979985877	0.00641561872842898	0	NA	0	NA	0	NA
ExG.HN.22.Aug	0.300120539085426	-0.00517956724894002	0.00498480570724274	0	NA	0	NA	0	NA
ExG.HN.12.Aug	0.202914446606538	-0.0070300811910536	0.00550173175093138	0	NA	0	NA	0	NA
ExG.HN.26.Aug	0.893042875069971	0.00141422690552657	0.0105038417970587	0	NA	0	NA	0	NA
ExG.HN.3.Sep	0.863922122607276	0.00194796942347698	0.0113504185868092	0	NA	0	NA	0	NA
ExG.HN.14.Aug	0.159915333535295	-0.00671532129419578	0.00475926750310249	0	NA	0	NA	0	NA
ExG.HN.20.Aug	0.973003366193655	-0.000217208699581922	0.00640973942494612	0	NA	0	NA	0	NA
ExG.HN.30.Aug	0.465970105805005	-0.00393911379796965	0.00539194568832848	0	NA	0	NA	0	NA
ExG.HN.5.Sep	0.45419183381382	-0.00423381903175284	0.00564496059200027	0	NA	0	NA	0	NA
ExG.HN.16.Aug	0.355490802905726	0.00796347550405483	0.0085970871426903	0	NA	0	NA	0	NA
ExG.LN.6.Jul	0.969587328839316	-0.000296587771648566	0.00776824086828001	0	NA	0	NA	0	NA
ExG.LN.23.Aug	0.156468609503594	-0.00613493145127254	0.00431167614780116	0	NA	0	NA	0	NA
ExG.LN.1.Sep	0.215748740146915	-0.0062988808550881	0.00507080222446697	0	NA	0	NA	0	NA
ExG.LN.22.Aug	0.0368804714170239	-0.00890709453872347	0.00423667035947986	0	NA	0	NA	0	NA
ExG.LN.12.Aug	0.0585671323074258	-0.00768803587169889	0.00403939326847411	0	NA	0	NA	0	NA
ExG.LN.26.Aug	0.938057070149449	0.000558765560113466	0.00718037873256204	0	NA	0	NA	0	NA
ExG.LN.3.Sep	0.794981877937353	0.00202300387369752	0.00777408316262169	0	NA	0	NA	0	NA
ExG.LN.14.Aug	0.153212490967196	-0.00545962431846001	0.00380673841167843	0	NA	0	NA	0	NA
ExG.LN.20.Aug	0.0284097716724288	-0.0103499992994385	0.00468539239618273	0	NA	0	NA	0	NA
ExG.LN.30.Aug	0.10408108687293	-0.0069913266108327	0.00428005792106208	0	NA	0	NA	0	NA
ExG.LN.5.Sep	0.29168931978367	-0.00496342894023649	0.00469373991471518	0	NA	0	NA	0	NA
ExG.LN.16.Aug	0.85003498081026	0.0012348889549202	0.00652206848508089	0	NA	0	NA	0	NA
RGB.HN.6.Jul	0.940407348347044	-0.000692962737076918	0.00925656053449499	0	NA	0	NA	0	NA
RGB.HN.23.Aug	0.300837387637154	-0.008131151771144	0.00783705319750861	0	NA	0	NA	0	NA
RGB.HN.1.Sep	0.799451632961183	-0.00229905212076972	0.0090364199782038	0	NA	0	NA	0	NA
RGB.HN.22.Aug	0.284876120200327	-0.00739414248764554	0.00689417711201393	0	NA	0	NA	0	NA
RGB.HN.12.Aug	0.173658703741661	-0.0102026886798864	0.00747025358887784	0	NA	0	NA	0	NA
RGB.HN.26.Aug	0.881490349107601	0.00214665830265196	0.0143795807460761	0	NA	0	NA	0	NA
RGB.HN.3.Sep	0.882228246904279	0.00236768859627309	0.0159602865916937	0	NA	0	NA	0	NA
RGB.HN.14.Aug	0.133911769086163	-0.00964184564383484	0.00640474374912509	0	NA	0	NA	0	NA
RGB.HN.20.Aug	0.971883549440148	-0.000311777957305244	0.00883386197857981	0	NA	0	NA	0	NA
RGB.HN.30.Aug	0.453546868264699	-0.00557965517702997	0.0074287299513527	0	NA	0	NA	0	NA
RGB.HN.5.Sep	0.441437484237851	-0.0059448596667786	0.00770639449796853	0	NA	0	NA	0	NA
RGB.HN.16.Aug	0.376420908510104	0.0105186773664665	0.0118636066449923	0	NA	0	NA	0	NA
RGB.LN.6.Jul	0.809105787664576	-0.00202055862971405	0.00835151419354069	0	NA	0	NA	0	NA
RGB.LN.23.Aug	0.139510944114995	-0.00846505744595712	0.00570408661062567	0	NA	0	NA	0	NA
RGB.LN.1.Sep	0.221929134171658	-0.00871165420226229	0.00710828127368933	0	NA	0	NA	0	NA
RGB.LN.22.Aug	0.0363728615189594	-0.0122736961425558	0.00582204979458828	0	NA	0	NA	0	NA
RGB.LN.12.Aug	0.0505074201901429	-0.0107248001683485	0.00544808832464031	0	NA	0	NA	0	NA
RGB.LN.26.Aug	0.940196156534442	0.000737325913135509	0.0098145368821962	0	NA	0	NA	0	NA
RGB.LN.3.Sep	0.777372764432323	0.00307044472659232	0.0108435101777406	0	NA	0	NA	0	NA
RGB.LN.14.Aug	0.143262627266978	-0.00746488280110355	0.00507806248144796	0	NA	0	NA	0	NA
RGB.LN.20.Aug	0.0271141259633419	-0.0142401091174235	0.00639236826836094	0	NA	0	NA	0	NA
RGB.LN.30.Aug	0.104027228074203	-0.00951974441470643	0.00582703017558441	0	NA	0	NA	0	NA
RGB.LN.5.Sep	0.312944089911163	-0.00643647949662661	0.00636117409525913	0	NA	0	NA	0	NA
RGB.LN.16.Aug	0.88523950492326	0.00130926963101994	0.00905875731938204	0	NA	0	NA	0	NA
NGR.HN.6.Jul	0.968251666319021	-0.000288020893937329	0.00722649430144981	0	NA	0	NA	0	NA
NGR.HN.23.Aug	0.176184611422523	-0.00875174754351221	0.00644572276698998	0	NA	0	NA	0	NA
NGR.HN.1.Sep	0.396705069752519	-0.005442953130554	0.00640737729395529	0	NA	0	NA	0	NA
NGR.HN.22.Aug	0.131108813950511	-0.0078120467109582	0.00515161027483282	0	NA	0	NA	0	NA
NGR.HN.12.Aug	0.0900753126485701	-0.00985236834825798	0.00578234596500924	0	NA	0	NA	0	NA
NGR.HN.26.Aug	0.572622914726013	-0.00505191421052876	0.00893837219715088	0	NA	0	NA	0	NA
NGR.HN.3.Sep	0.720786362128188	-0.00439894310007988	0.0122892553610603	0	NA	0	NA	0	NA
NGR.HN.14.Aug	0.133259896074052	-0.00786280595684802	0.00521418017293604	0	NA	0	NA	0	NA
NGR.HN.20.Aug	0.612537431318634	-0.00351908792797324	0.00693674365638732	0	NA	0	NA	0	NA
NGR.HN.30.Aug	0.276793454807731	-0.00649747857303737	0.0059568853625448	0	NA	0	NA	0	NA
NGR.HN.5.Sep	0.294978156508093	-0.00709372314838138	0.00675449153500512	0	NA	0	NA	0	NA
NGR.HN.16.Aug	0.618083852562424	-0.00597205924170756	0.0119583335893056	0	NA	0	NA	0	NA
NGR.LN.6.Jul	0.736077676902323	-0.00238347399842065	0.0070604770846647	0	NA	0	NA	0	NA
NGR.LN.23.Aug	0.0819314036361286	-0.00854061087536761	0.00488270314887929	0	NA	0	NA	0	NA
NGR.LN.1.Sep	0.13638752109517	-0.00773296329984158	0.00516936684863541	0	NA	0	NA	0	NA
NGR.LN.22.Aug	0.0215010042899329	-0.0104863762674549	0.00452220018832058	0	NA	0	NA	0	NA
NGR.LN.12.Aug	0.0534079426888931	-0.00905975800465058	0.00466012156316106	0	NA	0	NA	0	NA
NGR.LN.26.Aug	0.516564748294685	-0.00379926969841761	0.00584589313243176	0	NA	0	NA	0	NA
NGR.LN.3.Sep	0.760597342357451	0.00254210112674921	0.00833067952401671	0	NA	0	NA	0	NA
NGR.LN.14.Aug	0.129370777374814	-0.00643610651870461	0.00422477803744936	0	NA	0	NA	0	NA
NGR.LN.20.Aug	0.0217552830113697	-0.0120411772484675	0.00520292990333642	0	NA	0	NA	0	NA
NGR.LN.30.Aug	0.109819544721352	-0.00765198728129612	0.00476234145434852	0	NA	0	NA	0	NA
NGR.LN.5.Sep	0.185554580787708	-0.0073065265118782	0.00549852871148405	0	NA	0	NA	0	NA
NGR.LN.16.Aug	0.753732811460744	-0.00336415950461207	0.0107074105541327	0	NA	0	NA	0	NA
GLI.HN.6.Jul	0.976167544107821	-0.00016673022706797	0.00557340526025985	0	NA	0	NA	0	NA
GLI.HN.23.Aug	0.290577098342081	-0.00439243392222316	0.00414430508446569	0	NA	0	NA	0	NA
GLI.HN.1.Sep	0.755493859240819	-0.00145150364188423	0.00465429725023552	0	NA	0	NA	0	NA
GLI.HN.22.Aug	0.264011882799645	-0.00399770608909441	0.00356828577436429	0	NA	0	NA	0	NA
GLI.HN.12.Aug	0.16521228459402	-0.00540787147043287	0.00388152870274879	0	NA	0	NA	0	NA
GLI.HN.26.Aug	0.934724344171124	0.00061480850345371	0.00749645102986521	0	NA	0	NA	0	NA
GLI.HN.3.Sep	0.895214556877157	0.00108469986189002	0.00822433200257763	0	NA	0	NA	0	NA
GLI.HN.14.Aug	0.131768882837181	-0.00508999201699332	0.00336234956803185	0	NA	0	NA	0	NA
GLI.HN.20.Aug	0.938948138432156	-0.000352242308995726	0.00459273152079867	0	NA	0	NA	0	NA
GLI.HN.30.Aug	0.418126442955315	-0.0031561170985603	0.00388932730469525	0	NA	0	NA	0	NA
GLI.HN.5.Sep	0.423098275743081	-0.00325356306871327	0.00405262306772023	0	NA	0	NA	0	NA
GLI.HN.16.Aug	0.375714960497292	0.00541212449399281	0.00609508455749752	0	NA	0	NA	0	NA
GLI.LN.6.Jul	0.912452370949011	-0.000546738149871386	0.00496573386784733	0	NA	0	NA	0	NA
GLI.LN.23.Aug	0.128162066526838	-0.00468477046439816	0.00306540200139228	0	NA	0	NA	0	NA
GLI.LN.1.Sep	0.200366525518937	-0.00473690691177166	0.00368597188502334	0	NA	0	NA	0	NA
GLI.LN.22.Aug	0.0312973605628985	-0.00662971168081243	0.00305532862678755	0	NA	0	NA	0	NA
GLI.LN.12.Aug	0.0478254980931966	-0.00573085185868006	0.00287661458638147	0	NA	0	NA	0	NA
GLI.LN.26.Aug	0.993192207159388	-4.35925638543435e-05	0.00510212105122981	0	NA	0	NA	0	NA
GLI.LN.3.Sep	0.809478059467278	0.001367372611569	0.00566325679110862	0	NA	0	NA	0	NA
GLI.LN.14.Aug	0.129097323717958	-0.00413598789407537	0.00271298804026297	0	NA	0	NA	0	NA
GLI.LN.20.Aug	0.0232578128000077	-0.00772074196382208	0.00337403054779896	0	NA	0	NA	0	NA
GLI.LN.30.Aug	0.0930687700828356	-0.00521525608780439	0.00308925765527155	0	NA	0	NA	0	NA
GLI.LN.5.Sep	0.265046969772462	-0.00380047201992932	0.00339950884489683	0	NA	0	NA	0	NA
GLI.LN.16.Aug	0.897007504605528	0.000605804199877813	0.00467364090010485	0	NA	0	NA	0	NA
MGR.HN.6.Jul	0.948904329198496	-0.000800814882520449	0.0124792535148798	0	NA	0	NA	0	NA
MGR.HN.23.Aug	0.171660822177503	-0.0174899687373779	0.0127461434701501	0	NA	0	NA	0	NA
MGR.HN.1.Sep	0.396915637229331	-0.0108448200872624	0.0127720941401815	0	NA	0	NA	0	NA
MGR.HN.22.Aug	0.129623536596479	-0.0156116773082802	0.0102550889676078	0	NA	0	NA	0	NA
MGR.HN.12.Aug	0.0881296460985773	-0.0196871112435306	0.0114836981271909	0	NA	0	NA	0	NA
MGR.HN.26.Aug	0.569421560806088	-0.0101023613632865	0.0177260150546707	0	NA	0	NA	0	NA
MGR.HN.3.Sep	0.719837536084014	-0.00878031611894812	0.0244426856746098	0	NA	0	NA	0	NA
MGR.HN.14.Aug	0.130620468999526	-0.0157129413183834	0.0103485974792994	0	NA	0	NA	0	NA
MGR.HN.20.Aug	0.610293329806603	-0.00703237387042174	0.0137749532239044	0	NA	0	NA	0	NA
MGR.HN.30.Aug	0.275524191764755	-0.0129850822124454	0.0118731939981046	0	NA	0	NA	0	NA
MGR.HN.5.Sep	0.296492220739508	-0.0140311393911902	0.0134022251405944	0	NA	0	NA	0	NA
MGR.HN.16.Aug	0.615296822459422	-0.0119254503479282	0.0236910250112421	0	NA	0	NA	0	NA
MGR.LN.6.Jul	0.678852851579943	-0.00514453103578479	0.0124050989022675	0	NA	0	NA	0	NA
MGR.LN.23.Aug	0.0798087203601678	-0.0170531051743499	0.00968082077851344	0	NA	0	NA	0	NA
MGR.LN.1.Sep	0.135612091596309	-0.0154535463435972	0.0103098929884739	0	NA	0	NA	0	NA
MGR.LN.22.Aug	0.0212031086377287	-0.0209404848056083	0.00900949831323608	0	NA	0	NA	0	NA
MGR.LN.12.Aug	0.0525481146477033	-0.0180848363889379	0.00926843219925062	0	NA	0	NA	0	NA
MGR.LN.26.Aug	0.510411408263466	-0.00765756495563214	0.0116114995164106	0	NA	0	NA	0	NA
MGR.LN.3.Sep	0.761876314273294	0.00503496143982068	0.0165914241108149	0	NA	0	NA	0	NA
MGR.LN.14.Aug	0.127550516018556	-0.01285517820096	0.00839800269110077	0	NA	0	NA	0	NA
MGR.LN.20.Aug	0.0211988927516639	-0.0240390165322053	0.0103422778163652	0	NA	0	NA	0	NA
MGR.LN.30.Aug	0.108885208644975	-0.0152961888723854	0.00949460869807662	0	NA	0	NA	0	NA
MGR.LN.5.Sep	0.183154113074226	-0.0145967909249455	0.0109246095674455	0	NA	0	NA	0	NA
MGR.LN.16.Aug	0.747754865529904	-0.00685713448272134	0.0212899097017304	0	NA	0	NA	0	NA
VARI.HN.6.Jul	0.957317209463209	-0.000623431689544426	0.0116323446505071	0	NA	0	NA	0	NA
VARI.HN.23.Aug	0.129264099903089	-0.0174985209112191	0.0114836872503504	0	NA	0	NA	0	NA
VARI.HN.1.Sep	0.338727215366488	-0.0111886111694199	0.0116651054264245	0	NA	0	NA	0	NA
VARI.HN.22.Aug	0.0948223447120878	-0.0155392407229687	0.00925480834553436	0	NA	0	NA	0	NA
VARI.HN.12.Aug	0.0569705887853216	-0.0196581822588225	0.0102630193498429	0	NA	0	NA	0	NA
VARI.HN.26.Aug	0.463338289907609	-0.0113267500982868	0.0154130672224149	0	NA	0	NA	0	NA
VARI.HN.3.Sep	0.619552521922217	-0.0114446403544365	0.0230127426368706	0	NA	0	NA	0	NA
VARI.HN.14.Aug	0.10313848442162	-0.0152315001844979	0.00929955293409121	0	NA	0	NA	0	NA
VARI.HN.20.Aug	0.549214708037687	-0.00764906134528331	0.0127477391331029	0	NA	0	NA	0	NA
VARI.HN.30.Aug	0.213824031453444	-0.0133173159445504	0.0106761730750902	0	NA	0	NA	0	NA
VARI.HN.5.Sep	0.24712646848049	-0.0145619012861795	0.0125424633049588	0	NA	0	NA	0	NA
VARI.HN.16.Aug	0.48366060464293	-0.0172237202573363	0.0245410535031451	0	NA	0	NA	0	NA
VARI.LN.6.Jul	0.64245765070449	-0.00560845131078493	0.0120596563727247	0	NA	0	NA	0	NA
VARI.LN.23.Aug	0.0687293593988844	-0.0161989077329674	0.00884739595502163	0	NA	0	NA	0	NA
VARI.LN.1.Sep	0.1260342857746	-0.014436177486923	0.00939301617333035	0	NA	0	NA	0	NA
VARI.LN.22.Aug	0.0198085152328613	-0.0192689920001259	0.00819790453230175	0	NA	0	NA	0	NA
VARI.LN.12.Aug	0.0502913379724686	-0.0169236616892959	0.00858889708585152	0	NA	0	NA	0	NA
VARI.LN.26.Aug	0.4013818857167	-0.00848186447525165	0.0100842142014235	0	NA	0	NA	0	NA
VARI.LN.3.Sep	0.755245207457759	0.00482526429352797	0.0154558897171904	0	NA	0	NA	0	NA
VARI.LN.14.Aug	0.110771222461567	-0.0120018323196632	0.00748967220325158	0	NA	0	NA	0	NA
VARI.LN.20.Aug	0.0210872608487303	-0.0222008307081898	0.00954305471723622	0	NA	0	NA	0	NA
VARI.LN.30.Aug	0.105481234324665	-0.013746608876701	0.0084498555495177	0	NA	0	NA	0	NA
VARI.LN.5.Sep	0.182249184457097	-0.0135686894310775	0.0101340711336819	0	NA	0	NA	0	NA
VARI.LN.16.Aug	0.709226465661456	-0.00835887773268872	0.0223814850909196	0	NA	0	NA	0	NA
VEG.HN.6.Jul	0.644093826437678	0.0129613063208564	0.0280088326298519	0	NA	0	NA	0	NA
VEG.HN.23.Aug	0.0908124374356489	-0.15285481368496	0.0899173954945711	0	NA	0	NA	0	NA
VEG.HN.1.Sep	0.177555628547533	-0.157247022654221	0.11618269072388	0	NA	0	NA	0	NA
VEG.HN.22.Aug	0.0594017474055319	-0.186880695956699	0.0985232836637357	0	NA	0	NA	0	NA
VEG.HN.12.Aug	0.0667109260849796	-0.205768173789889	0.111561924259466	0	NA	0	NA	0	NA
VEG.HN.26.Aug	0.397053012258709	-0.115747747181497	0.136357466138161	0	NA	0	NA	0	NA
VEG.HN.3.Sep	0.192365349595882	-0.206340528149474	0.157709168681866	0	NA	0	NA	0	NA
VEG.HN.14.Aug	0.136241841098164	-0.151767528657903	0.101421111448084	0	NA	0	NA	0	NA
VEG.HN.20.Aug	0.364212306022602	-0.0965485813188015	0.106144363077936	0	NA	0	NA	0	NA
VEG.HN.30.Aug	0.0228716250220106	-0.24946683075013	0.108718128810428	0	NA	0	NA	0	NA
VEG.HN.5.Sep	0.0832821100451406	-0.164994065184494	0.0947526739352698	0	NA	0	NA	0	NA
VEG.HN.16.Aug	0.508631622988813	-0.15049491234905	0.227248368371875	0	NA	0	NA	0	NA
VEG.LN.6.Jul	0.809830061693928	0.00753498170937419	0.0312650773408484	0	NA	0	NA	0	NA
VEG.LN.23.Aug	0.219071693269632	-0.122981764984816	0.0997251637608882	0	NA	0	NA	0	NA
VEG.LN.1.Sep	0.252935086185776	-0.136824296642689	0.119305030064604	0	NA	0	NA	0	NA
VEG.LN.22.Aug	0.195326068004423	-0.14100288342895	0.108487897234179	0	NA	0	NA	0	NA
VEG.LN.12.Aug	0.298863357345392	-0.127441638467351	0.122326293265873	0	NA	0	NA	0	NA
VEG.LN.26.Aug	0.526700555815564	-0.0766755563154757	0.120890267956597	0	NA	0	NA	0	NA
VEG.LN.3.Sep	0.998556644926163	-0.000278604935419061	0.153803200886077	0	NA	0	NA	0	NA
VEG.LN.14.Aug	0.184093926931248	-0.126160953382303	0.0946257294720484	0	NA	0	NA	0	NA
VEG.LN.20.Aug	0.0649347590506999	-0.181196666001622	0.0975842074640801	0	NA	0	NA	0	NA
VEG.LN.30.Aug	0.249621782382011	-0.113922591251989	0.0986413062128285	0	NA	0	NA	0	NA
VEG.LN.5.Sep	0.171539842418256	-0.150475488932874	0.109626110548138	0	NA	0	NA	0	NA
VEG.LN.16.Aug	0.465130298911969	-0.169077730974626	0.23099626899538	0	NA	0	NA	0	NA
Woebbecke.HN.6.Jul	0.732159296294248	0.062896664649684	0.183488155659979	0	NA	0	NA	0	NA
Woebbecke.HN.23.Aug	0.455962578657936	0.545760257540312	0.730530937090678	0	NA	0	NA	0	NA
Woebbecke.HN.1.Sep	0.968003778154786	-0.0467321911327953	1.16347321496383	0	NA	0	NA	0	NA
Woebbecke.HN.22.Aug	0.270235087820359	0.969695138059578	0.876905829620158	0	NA	0	NA	0	NA
Woebbecke.HN.12.Aug	0.318874070993451	0.871379906461124	0.871857385132741	0	NA	0	NA	0	NA
Woebbecke.HN.26.Aug	0.832401221067191	0.210697679815881	0.99423056096683	0	NA	0	NA	0	NA
Woebbecke.HN.3.Sep	0.562227168155282	-0.616008436602964	1.06102484756235	0	NA	0	NA	0	NA
Woebbecke.HN.14.Aug	0.397049355759457	0.798612782528377	0.940804231903231	0	NA	0	NA	0	NA
Woebbecke.HN.20.Aug	0.58466781765573	0.471326636738908	0.860815945400908	0	NA	0	NA	0	NA
Woebbecke.HN.30.Aug	0.996952936174246	-0.00445021140969656	1.16373571368726	0	NA	0	NA	0	NA
Woebbecke.HN.5.Sep	0.592702327855963	-0.50668032471145	0.94556351322064	0	NA	0	NA	0	NA
Woebbecke.HN.16.Aug	0.708181816748568	-0.249102501578523	0.664497933332126	0	NA	0	NA	0	NA
Woebbecke.LN.6.Jul	0.347937135084585	0.168776670764445	0.179342802197833	0	NA	0	NA	0	NA
Woebbecke.LN.23.Aug	0.322980295678245	0.609517359096376	0.615044304273947	0	NA	0	NA	0	NA
Woebbecke.LN.1.Sep	0.403758939221709	0.946265659737859	1.13073859633698	0	NA	0	NA	0	NA
Woebbecke.LN.22.Aug	0.0699768314324442	1.49756726467326	0.82163460422709	0	NA	0	NA	0	NA
Woebbecke.LN.12.Aug	0.221804598556232	0.897161971862916	0.731842013747384	0	NA	0	NA	0	NA
Woebbecke.LN.26.Aug	0.630567218472813	0.406880577153826	0.844616275653556	0	NA	0	NA	0	NA
Woebbecke.LN.3.Sep	0.820660682276942	-0.211614690845579	0.932143625184949	0	NA	0	NA	0	NA
Woebbecke.LN.14.Aug	0.433516649670198	0.667798272291297	0.850797618899279	0	NA	0	NA	0	NA
Woebbecke.LN.20.Aug	0.0768880348634144	1.28828156536204	0.724153878658905	0	NA	0	NA	0	NA
Woebbecke.LN.30.Aug	0.647197385332384	0.47605236008828	1.03848129149524	0	NA	0	NA	0	NA
Woebbecke.LN.5.Sep	0.501529986596848	0.579819580828805	0.861017181461136	0	NA	0	NA	0	NA
Woebbecke.LN.16.Aug	0.902622521768642	-0.0644458415945561	0.526011306413017	0	NA	0	NA	0	NA
