trait	pval	eff	std	Nhap1	hap1	Nhap2	hap2	Nhap3	hap3
X.5962..L.lysine.2..17.643.	0.000139155	-0.00098955	0.000251964	73	0.000839448	0	NA	0	NA
MiddleLeafAngle	0.006030328	-2.87695215	1.034644966	96	60.20684882	0	NA	0	NA
X.51..alpha.ketoglutaric.acid..13.859.	0.006888541	0.001480779	0.000539186	73	0.007293623	0	NA	0	NA
G_N	0.0112465	0.242131987	0.094154747	72	3.376111111	0	NA	0	NA
X.5984..fructose.1..17.18..s100	0.011954183	0.017711892	0.006947638	73	0.075472677	0	NA	0	NA
G_LA	0.013798193	217.1312323	86.97911648	72	1275.064338	0	NA	0	NA
X.6255..maltose.1..24.702.	0.014773861	0.000719668	0.000291233	73	0.003974989	0	NA	0	NA
X.5960..aspartic.acid.2..13.207.	0.016188831	-0.007248083	0.002974627	73	0.070167001	0	NA	0	NA
X.637775..3.5.dimethoxy.4.hydroxycinnamic.acid.2..20.65.	0.016580317	-0.000221371	9.12E-05	73	0.000222014	0	NA	0	NA
EarRowNumber	0.018187142	-0.557944491	0.2340194	97	13.26216699	0	NA	0	NA
X.9750..citrulline.2..16.691.	0.020099624	-0.001270759	0.000539904	73	0.002316412	0	NA	0	NA
LN.CD	0.024030642	-0.657999874	0.288457834	79	22.38847175	0	NA	0	NA
LN.Mg	0.028072772	-0.014016215	0.006319913	84	0.151217331	0	NA	0	NA
X.835..dehydroascorbic.acid..1..16.863.	0.028969578	0.000702399	0.000318086	74	0.002113449	0	NA	0	NA
UpperLeafAngle	0.031157372	-3.876911462	1.784563843	97	52.81334194	0	NA	0	NA
X.6537496..chlorogenic.acid.2..27.18._alt	0.031586	0.007307164	0.003362565	73	0.019209315	0	NA	0	NA
X.637542..4.hydroxycinnamic.acid..17.854.	0.036406064	-0.000733029	0.000346685	73	0.002582835	0	NA	0	NA
X.12647..L.homoserine.2..12.359.	0.038012676	-0.000553074	0.000263817	72	0.002290632	0	NA	0	NA
X.444266..maleic.acid..10.323.	0.040884047	-1.45E-05	7.00E-06	72	4.47E-05	0	NA	0	NA
X.6262..L.ornithine.2..16.632.	0.04094438	-0.002351971	0.001139074	73	0.005539537	0	NA	0	NA
NumberofTilleringPlants	0.045070334	-0.068383219	0.033880315	97	1.252608392	0	NA	0	NA
G_DW	0.045324805	1.002039473	0.495793539	72	7.409722222	0	NA	0	NA
X.8742..shikimic.acid..16.433..s100	0.048448315	0.006946178	0.003486497	73	0.036873091	0	NA	0	NA
X.1001..phenethylamine..13.742.	0.048729182	0.000899854	0.000452236	73	0.001918074	0	NA	0	NA
X.6912..xylitol..15.376.	0.051018845	0.000514141	0.000259966	54	0.00224964	0	NA	0	NA
X.439742..beta.cyano.L.alanine..11.288.	0.054619298	-0.004486784	0.002313496	73	0.003918518	0	NA	0	NA
LN.CW	0.057814326	-0.399219826	0.208732868	79	12.499265	0	NA	0	NA
CobDiameter	0.059527907	-0.676336048	0.356617293	97	25.06652021	0	NA	0	NA
X.5988..Sucrose..23.988..s100	0.060022463	0.177192075	0.093397673	74	0.945651241	0	NA	0	NA
X.439451..galactinol.2..26.479.	0.060773146	-0.004846559	0.00256219	73	0.014373916	0	NA	0	NA
G_Thickness	0.063256373	-3.59241589	1.91757582	72	58.57069444	0	NA	0	NA
EarRankNumber	0.069195231	-0.646676896	0.353624306	94	21.12892078	0	NA	0	NA
X.5321515..stigmasterol..28.442.	0.072508409	-0.000184662	0.000101704	55	0.000825203	0	NA	0	NA
EarWeight	0.076453865	-4.142601604	2.324378511	97	63.99958604	0	NA	0	NA
VARI.HN.12.Aug	0.077115712	0.016785788	0.009421806	73	0.283741576	0	NA	0	NA
X.439183..3.phosphoglyceric.acid..16.504.	0.079181325	-0.00105981	0.000598948	73	0.005007963	0	NA	0	NA
HN_LN.CW	0.079928071	0.044558219	0.025256981	76	1.083529311	0	NA	0	NA
G_K	0.083189914	-0.193975131	0.111102931	72	2.53375	0	NA	0	NA
EarDiameter	0.087958967	-0.841697151	0.490541986	97	36.41817449	0	NA	0	NA
SeedSetLength	0.096500446	-3.22898206	1.932314903	97	110.9350554	0	NA	0	NA
G_FW	0.099732329	4.041954537	2.437876727	72	30.96805556	0	NA	0	NA
Woebbecke.HN.12.Aug	0.10490612	-1.279467277	0.783630208	73	13.87804384	0	NA	0	NA
LN.Mn	0.110255287	-5.871771633	3.650741151	71	53.68709638	0	NA	0	NA
MGR.HN.12.Aug	0.110619314	0.016894126	0.010518063	73	0.319492261	0	NA	0	NA
NGR.HN.12.Aug	0.112189173	0.00846774	0.005295314	73	0.160210356	0	NA	0	NA
X.6288..L.threonine.2..11.464.	0.117904105	-0.00228948	0.001454431	73	0.013711005	0	NA	0	NA
Woebbecke.LN.3.Sep	0.13122525	1.339365827	0.8819475	74	23.45460148	0	NA	0	NA
G_Zn	0.134946483	14.10293459	9.375485642	72	102.2777778	0	NA	0	NA
X.1060..pyruvic.acid..6.714.	0.149537921	0.000504699	0.000348129	73	0.000492263	0	NA	0	NA
CobWeight	0.15078652	-0.86815713	0.601616652	97	15.48676004	0	NA	0	NA
X.6255..maltose..2..24.915.	0.15564723	0.00047251	0.000330676	70	0.003426618	0	NA	0	NA
VARI.LN.12.Aug	0.158294446	0.011962858	0.008431631	74	0.219949068	0	NA	0	NA
TotalKernelVolume	0.160096316	-1.660607746	1.176939582	93	59.64358853	0	NA	0	NA
HN_LN.Fe	0.160773702	-0.027038232	0.019184243	85	1.337929744	0	NA	0	NA
HN.FW	0.161436755	-1.582567363	1.124429	82	29.0072697	0	NA	0	NA
Woebbecke.LN.12.Aug	0.161545176	-0.996033466	0.707547798	74	15.04882073	0	NA	0	NA
MGR.LN.12.Aug	0.163420115	0.012627943	0.009010871	74	0.254887293	0	NA	0	NA
NGR.LN.12.Aug	0.1651589	0.006317433	0.00452666	74	0.127820258	0	NA	0	NA
LN.Zn	0.167779415	1.452750829	1.046431386	62	22.18286232	0	NA	0	NA
X.236..L.asparagine.2..14.984.	0.168089644	-0.026282139	0.01896123	73	0.020703708	0	NA	0	NA
HN.Zn	0.182828808	1.518132269	1.134167222	81	29.0112724	0	NA	0	NA
VEG.HN.16.Aug	0.186317415	0.276025584	0.207778176	73	8.335665888	0	NA	0	NA
X.5460407..threonic.acid..13.652.	0.186591737	0.000763646	0.000575125	73	0.008181101	0	NA	0	NA
X.6057..tyrosine.2..17.871.	0.186934221	-0.00255999	0.001929515	73	0.02033685	0	NA	0	NA
G_Ca	0.188383027	0.09502088	0.07185916	72	0.840555556	0	NA	0	NA
X.439194..glyceric.acid..10.735.	0.191229312	0.001705661	0.001298218	73	0.013857819	0	NA	0	NA
HN.B	0.196420925	0.938820692	0.723377449	83	17.84391729	0	NA	0	NA
Spikelets.PrimaryBranch	0.198662385	0.57044363	0.442114997	97	15.90892394	0	NA	0	NA
X.444212..trans.aconitic.acid..15.842..s100	0.202115115	0.002295475	0.001790436	73	0.015893893	0	NA	0	NA
HN.Mg	0.204105292	-0.00883698	0.006928466	85	0.200677836	0	NA	0	NA
VARI.LN.22.Aug	0.204220163	0.009797086	0.007678663	74	0.165321308	0	NA	0	NA
Woebbecke.LN.14.Aug	0.205086281	-1.033486188	0.81157614	74	14.61736551	0	NA	0	NA
canopy.LN.14.Aug	0.207786459	4.822483841	3.809737579	74	49.23858087	0	NA	0	NA
VEG.HN.30.Aug	0.20833206	0.132666048	0.10492819	73	4.338012634	0	NA	0	NA
RowQuality	0.21188971	-0.020107452	0.016047884	97	2.190928201	0	NA	0	NA
Woebbecke.HN.5.Sep	0.217435032	1.130331896	0.912076172	73	16.51314814	0	NA	0	NA
X.642609..trans.caftaric.acid.2..25.529.	0.220888738	0.001075253	0.000873664	65	0.002271013	0	NA	0	NA
canopy.LN.12.Aug	0.222277394	4.493569763	3.664529901	74	52.05143278	0	NA	0	NA
GLI.LN.12.Aug	0.223388586	0.003451119	0.002821211	74	0.238852099	0	NA	0	NA
MGR.LN.22.Aug	0.224811213	0.010219669	0.008380185	74	0.189961769	0	NA	0	NA
NGR.LN.22.Aug	0.225297448	0.005120815	0.004203526	74	0.09517404	0	NA	0	NA
HN.CD	0.229833643	-0.404333662	0.33531569	80	22.43546392	0	NA	0	NA
RGB.LN.3.Sep	0.232111051	-0.012459361	0.010379192	74	0.499176851	0	NA	0	NA
canopy.LN.16.Aug	0.236054609	4.226381402	3.550730367	74	46.89122769	0	NA	0	NA
canopy.LN.30.Aug	0.239801644	4.501743859	3.812551225	74	48.56831686	0	NA	0	NA
ExG.LN.3.Sep	0.242227878	-0.008714742	0.007418921	74	0.334160653	0	NA	0	NA
VEG.HN.6.Jul	0.244740833	-0.033051674	0.028285397	73	1.685843047	0	NA	0	NA
Spikelets.MainSpike	0.245320932	-0.636038733	0.545626813	97	23.68877457	0	NA	0	NA
RGB.LN.12.Aug	0.248486698	0.006224544	0.00537009	74	0.483119805	0	NA	0	NA
GLI.LN.3.Sep	0.258081489	-0.006146283	0.005411398	74	0.244887622	0	NA	0	NA
ExG.LN.12.Aug	0.258780909	0.004477113	0.003947626	74	0.32696698	0	NA	0	NA
X.791..DL.isoleucine.2..10.225.	0.26201681	-0.000995879	0.000883902	71	0.004860133	0	NA	0	NA
canopy.LN.23.Aug	0.262331661	4.011771844	3.563891332	74	52.86452316	0	NA	0	NA
HN.DW	0.264724481	-0.244710356	0.218581638	85	6.892064926	0	NA	0	NA
X.204..allantoin.1..17.293.	0.266884984	-0.004085033	0.003663534	73	0.012422489	0	NA	0	NA
NGR.LN.3.Sep	0.266973191	-0.008906547	0.007989816	74	0.112655535	0	NA	0	NA
MGR.LN.3.Sep	0.267273113	-0.017734495	0.015919146	74	0.224653371	0	NA	0	NA
X.1549111..caffeic.acid..19.755.	0.268622165	0.001153373	0.001038112	73	0.010591535	0	NA	0	NA
canopy.LN.22.Aug	0.271047137	3.843875636	3.477837196	74	47.50764566	0	NA	0	NA
canopy.LN.20.Aug	0.271336652	3.992563454	3.614558902	74	47.5852002	0	NA	0	NA
Woebbecke.HN.3.Sep	0.272634165	1.172050441	1.063939326	73	21.32988752	0	NA	0	NA
X.439242..Raffinose..29.282.	0.27654084	-0.005442832	0.004981028	73	0.01578109	0	NA	0	NA
Woebbecke.LN.6.Jul	0.277118977	-0.186902722	0.171257167	73	3.937759507	0	NA	0	NA
HN_LN.CL	0.279730237	0.014008784	0.012911199	79	1.035059302	0	NA	0	NA
VARI.LN.3.Sep	0.28347399	-0.016025912	0.01488151	74	0.198095416	0	NA	0	NA
Woebbecke.LN.22.Aug	0.288839516	-0.766367341	0.719644632	74	17.02939928	0	NA	0	NA
X.5810..trans.4.hydroxy.L.proline.2..13.267.	0.290125559	0.000348065	0.000327681	73	0.001205	0	NA	0	NA
X.6106..L.leucine.2..9.945.	0.294837962	-0.001660346	0.001578511	72	0.004819085	0	NA	0	NA
X.2116..alpha.tocophereol..27.379.	0.304830464	0.000229961	0.000223078	62	0.001443553	0	NA	0	NA
LN.X20KW	0.31033275	-0.119188122	0.11700879	66	4.659478699	0	NA	0	NA
MGR.LN.14.Aug	0.320785561	0.008361859	0.008390685	74	0.156080034	0	NA	0	NA
NGR.LN.14.Aug	0.323036144	0.004185061	0.004219138	74	0.078277111	0	NA	0	NA
Woebbecke.LN.20.Aug	0.3233673	-0.64735787	0.653077416	74	14.35030461	0	NA	0	NA
RGB.HN.26.Aug	0.323599989	-0.014531311	0.014666362	73	0.571684204	0	NA	0	NA
HN_LN.Cu	0.336794131	-0.059118375	0.061307868	71	1.662657545	0	NA	0	NA
X.448388..D.allose.1..17.278.	0.337130836	6.70E-05	6.95E-05	72	0.000840416	0	NA	0	NA
VARI.LN.14.Aug	0.338008389	0.007245279	0.007534809	74	0.132444353	0	NA	0	NA
VEG.HN.5.Sep	0.343814021	0.087395923	0.091989134	73	3.651500576	0	NA	0	NA
X.6537496..chlorogenic.acid.2..27.18..s100	0.344964713	-0.002757054	0.002907956	69	0.006678865	0	NA	0	NA
G_S	0.346202002	0.028510437	0.030156598	72	0.396805556	0	NA	0	NA
ExG.HN.26.Aug	0.352679241	-0.009966359	0.010685525	73	0.386000101	0	NA	0	NA
SouthernLeafBlight	0.353547513	-0.14383448	0.154629365	97	6.405658802	0	NA	0	NA
canopy.LN.26.Aug	0.357016802	3.159087901	3.417907321	74	52.8238938	0	NA	0	NA
X.754..glycerol.1.phosphate..16.056.	0.358161963	-0.005706483	0.006188281	73	0.016950436	0	NA	0	NA
GLI.LN.14.Aug	0.359847807	0.0024851	0.002704635	74	0.177970056	0	NA	0	NA
canopy.HN.14.Aug	0.359984655	3.739911119	4.071353077	73	48.9904737	0	NA	0	NA
LN.Ca	0.360982137	-0.011341183	0.012376941	83	0.326030657	0	NA	0	NA
HN_LN.Mg	0.366512109	0.037037292	0.040888879	84	1.356609833	0	NA	0	NA
VEG.HN.12.Aug	0.369854831	0.098274975	0.109216295	73	4.833383644	0	NA	0	NA
ExG.LN.14.Aug	0.372598686	0.003382695	0.003781091	74	0.243881386	0	NA	0	NA
Woebbecke.HN.16.Aug	0.373084589	0.601700415	0.673234472	73	10.87556555	0	NA	0	NA
GLI.HN.26.Aug	0.379175814	-0.006739173	0.007637502	73	0.281551683	0	NA	0	NA
LN.FW	0.379905199	-0.647089678	0.73476957	83	23.08653815	0	NA	0	NA
RGB.LN.14.Aug	0.385568455	0.004416497	0.005073226	74	0.363129482	0	NA	0	NA
Woebbecke.HN.6.Jul	0.395995275	-0.145637691	0.171014049	73	3.828238468	0	NA	0	NA
X.444972..fumaric.acid..10.94.	0.398026915	-0.000687832	0.000811154	73	0.007530766	0	NA	0	NA
VARI.LN.20.Aug	0.399781845	0.007604018	0.009001776	74	0.154325597	0	NA	0	NA
MGR.LN.20.Aug	0.406580095	0.008063825	0.009685468	74	0.178795795	0	NA	0	NA
RGB.HN.1.Sep	0.407211332	-0.007417709	0.008921229	73	0.36462545	0	NA	0	NA
RGB.LN.26.Aug	0.407975589	-0.007685038	0.009258081	74	0.535310695	0	NA	0	NA
NGR.LN.20.Aug	0.40888875	0.004033691	0.004868845	74	0.089679046	0	NA	0	NA
ExG.HN.16.Aug	0.409537746	-0.006979511	0.008436089	73	0.50366867	0	NA	0	NA
GDDAnthesis.SilkingInterval	0.413814078	1.785593431	2.179837856	97	24.61267845	0	NA	0	NA
canopy.LN.6.Jul	0.414225653	1.389293546	1.69623487	74	29.28523764	0	NA	0	NA
canopy.HN.12.Aug	0.414822139	3.228349704	3.946559766	73	53.81856652	0	NA	0	NA
X.33032..L.glutamic.acid.3..dehydrated...13.232..s100	0.41659291	-0.000675715	0.000829023	70	0.010853179	0	NA	0	NA
HN_LN.B	0.418959252	0.034856434	0.042994959	80	1.188851377	0	NA	0	NA
HN_LN.X20KW	0.420640492	0.018566985	0.022976515	64	1.033115111	0	NA	0	NA
LN.Fe	0.421936604	0.877217837	1.089361556	85	75.97683666	0	NA	0	NA
X.439958..D.glucose.6.phosphate.1..21.394.	0.429736171	0.000964756	0.001217919	73	0.018941208	0	NA	0	NA
ExG.HN.1.Sep	0.431263523	-0.004990032	0.006320879	73	0.244462727	0	NA	0	NA
RGB.HN.16.Aug	0.432876451	-0.00916748	0.011653307	73	0.741675432	0	NA	0	NA
VEG.LN.6.Jul	0.433070715	-0.023830003	0.03030379	73	1.639574521	0	NA	0	NA
canopy.LN.1.Sep	0.436421379	3.150222545	4.03561142	74	45.23164824	0	NA	0	NA
X.92824..D.malic.acid..12.794..s100	0.437522281	0.002111737	0.002711452	73	0.028385458	0	NA	0	NA
HN.CL	0.438156434	0.159245093	0.204843669	82	12.4790255	0	NA	0	NA
ExG.LN.26.Aug	0.439092439	-0.00522821	0.006736879	74	0.359527249	0	NA	0	NA
Woebbecke.HN.14.Aug	0.439462775	-0.651201347	0.839775773	73	12.96904132	0	NA	0	NA
GLI.LN.22.Aug	0.439742133	0.002226029	0.002872464	74	0.202747964	0	NA	0	NA
LeafWidth	0.439805598	1.46247266	1.88882245	97	84.77667439	0	NA	0	NA
VEG.HN.22.Aug	0.443449571	0.072601882	0.094448651	73	4.485600502	0	NA	0	NA
GLI.HN.1.Sep	0.445026656	-0.003515408	0.004589132	73	0.179908224	0	NA	0	NA
GLI.HN.16.Aug	0.445234791	-0.004575225	0.005975389	73	0.370506968	0	NA	0	NA
VEG.HN.23.Aug	0.446157377	0.067012243	0.08769818	73	3.763479641	0	NA	0	NA
VARI.LN.23.Aug	0.450536825	0.006398215	0.008454836	74	0.193611857	0	NA	0	NA
X.5280450..linoleic.acid..20.399.	0.460185501	-0.000167611	0.000226236	67	0.000839513	0	NA	0	NA
EarLength	0.469526515	-1.768011988	2.439251266	97	128.0778162	0	NA	0	NA
RGB.HN.20.Aug	0.471831597	-0.005900931	0.008177841	73	0.404400205	0	NA	0	NA
G_Cu	0.472872122	0.835664437	1.160788524	72	13.48611111	0	NA	0	NA
ExG.LN.22.Aug	0.47417321	0.002851584	0.003972976	74	0.276570764	0	NA	0	NA
HN_LN.CD	0.476480194	0.006963144	0.009753152	76	1.002978628	0	NA	0	NA
ExG.HN.3.Sep	0.479801737	-0.008289711	0.011698169	73	0.364213327	0	NA	0	NA
GLI.LN.26.Aug	0.479854599	-0.003408218	0.004810248	74	0.261540537	0	NA	0	NA
RGB.HN.3.Sep	0.481531421	-0.011641343	0.016492889	73	0.540500351	0	NA	0	NA
LN.B	0.482439996	0.299945467	0.425932552	83	15.10746753	0	NA	0	NA
VEG.LN.16.Aug	0.482537846	0.161113743	0.228788936	74	7.119676243	0	NA	0	NA
GLI.LN.20.Aug	0.485268274	0.002218887	0.003170699	74	0.18573462	0	NA	0	NA
VARI.LN.1.Sep	0.487358588	0.005930094	0.00851467	74	0.131538776	0	NA	0	NA
RGB.LN.22.Aug	0.494620241	0.003766257	0.00549926	74	0.411899229	0	NA	0	NA
GLI.HN.3.Sep	0.496051838	-0.00579431	0.00848851	73	0.267634904	0	NA	0	NA
ExG.HN.20.Aug	0.498407802	-0.004026288	0.005930854	73	0.273706545	0	NA	0	NA
MGR.LN.23.Aug	0.498414835	0.006214803	0.009154948	74	0.228049745	0	NA	0	NA
NGR.LN.23.Aug	0.5021315	0.003104062	0.004612454	74	0.114525772	0	NA	0	NA
VARI.HN.23.Aug	0.502456797	0.007139499	0.01061675	73	0.25396055	0	NA	0	NA
Woebbecke.LN.23.Aug	0.504176032	-0.370120454	0.552621874	74	12.3045437	0	NA	0	NA
NGR.LN.1.Sep	0.510097796	0.003093696	0.004684118	74	0.075016018	0	NA	0	NA
MGR.LN.1.Sep	0.510450409	0.006166782	0.009344832	74	0.149790803	0	NA	0	NA
VEG.LN.22.Aug	0.516116686	0.068417636	0.10508293	74	3.82430423	0	NA	0	NA
X.827..ribitol..15.66.	0.517403152	-0.000152876	0.000235511	74	0.019651619	0	NA	0	NA
GLI.HN.12.Aug	0.518747803	0.002330396	0.003601782	73	0.257511278	0	NA	0	NA
ExG.LN.20.Aug	0.519610888	0.002834625	0.004390263	74	0.254176676	0	NA	0	NA
RGB.LN.20.Aug	0.52075801	0.003880272	0.006026332	74	0.377617733	0	NA	0	NA
GLI.HN.20.Aug	0.524382995	-0.002707064	0.00424104	73	0.200518824	0	NA	0	NA
HN_LN.FW	0.529925612	-0.024859051	0.039479118	79	1.255223418	0	NA	0	NA
HN.Fe	0.531011596	-0.65418785	1.041897139	86	101.3073349	0	NA	0	NA
G_Na	0.539616417	-0.000127731	0.000207686	72	0.001708333	0	NA	0	NA
HN_LN.Zn	0.540387428	0.033670937	0.054820872	59	1.358408215	0	NA	0	NA
Woebbecke.LN.5.Sep	0.540580539	0.503533327	0.820728715	74	17.25623076	0	NA	0	NA
X.5951..L.serine.2..11.174..s100	0.550033753	-0.007112437	0.011868201	73	0.100539915	0	NA	0	NA
canopy.LN.5.Sep	0.552969162	2.161716944	3.634189028	74	37.66162014	0	NA	0	NA
G_Mn	0.559276376	-4.946138709	8.448789793	72	63.06944444	0	NA	0	NA
canopy.HN.26.Aug	0.55951067	2.248428226	3.843117134	73	56.71333979	0	NA	0	NA
ExG.HN.12.Aug	0.567618487	0.002926057	0.005106543	73	0.351441972	0	NA	0	NA
RGB.LN.5.Sep	0.569032425	-0.00343108	0.006009974	74	0.347684647	0	NA	0	NA
canopy.HN.23.Aug	0.573139548	2.212254584	3.916586447	73	55.63452037	0	NA	0	NA
HN.CW	0.573396509	0.191626628	0.339565738	80	13.53884711	0	NA	0	NA
ExG.HN.6.Jul	0.574145805	-0.00486041	0.008627213	73	0.255174936	0	NA	0	NA
RGB.HN.12.Aug	0.580415857	0.003848435	0.006944791	73	0.517918462	0	NA	0	NA
HN.N	0.581928016	0.010017261	0.01815585	86	2.831468107	0	NA	0	NA
HN_LN.Ca	0.585063526	0.022325699	0.040797819	83	1.267021123	0	NA	0	NA
canopy.HN.22.Aug	0.587725317	2.053736166	3.778956595	73	50.25957312	0	NA	0	NA
HN.Mn	0.587912722	-1.772909077	3.26409869	76	71.96569778	0	NA	0	NA
ExG.LN.5.Sep	0.589984777	-0.002380624	0.004407194	74	0.232637509	0	NA	0	NA
HN_LN.DW	0.590051952	-0.019193505	0.035543821	80	1.207111541	0	NA	0	NA
Woebbecke.LN.30.Aug	0.591558662	0.521034691	0.968681622	74	21.23732317	0	NA	0	NA
X.311..citric.acid..16.615..s100	0.594352802	-0.00116695	0.002185804	72	0.022718681	0	NA	0	NA
MGR.HN.23.Aug	0.595546065	0.006237714	0.011722659	73	0.290041465	0	NA	0	NA
NGR.HN.23.Aug	0.600674804	0.003108223	0.005923858	73	0.145717701	0	NA	0	NA
canopy.HN.20.Aug	0.600689659	2.124787183	4.049725993	73	48.93838987	0	NA	0	NA
X20KernelWeight	0.603262307	0.053701316	0.103139928	96	4.611251261	0	NA	0	NA
Woebbecke.LN.16.Aug	0.605225596	0.256444895	0.494939263	74	11.40071372	0	NA	0	NA
HN.Cu	0.608020646	-0.196082533	0.381496589	85	11.43924419	0	NA	0	NA
GLI.HN.6.Jul	0.611088352	-0.0027924	0.005477941	73	0.174299641	0	NA	0	NA
VEG.LN.12.Aug	0.615378781	0.061734119	0.12258673	74	4.081434885	0	NA	0	NA
X.239..Beta..alanine..1..12.044.	0.615696295	-0.000325048	0.000645989	73	0.005130759	0	NA	0	NA
VEG.HN.26.Aug	0.615883925	0.066629862	0.132495515	73	4.673115487	0	NA	0	NA
StandCount	0.616996776	0.040717383	0.081272141	97	7.628899783	0	NA	0	NA
GLI.LN.5.Sep	0.619321987	-0.001594711	0.003202373	74	0.170164868	0	NA	0	NA
DaysToTassel	0.62145041	-0.474852183	0.959938419	97	74.73050367	0	NA	0	NA
SecondaryBranchNumber	0.626161491	-0.081604223	0.167223834	97	1.643067648	0	NA	0	NA
G_B	0.626388429	4.513154559	9.248711134	72	74.91666667	0	NA	0	NA
RGB.HN.22.Aug	0.62717254	-0.003143452	0.006456725	73	0.440107529	0	NA	0	NA
X.971..oxalic.acid..7.883.	0.627389586	-1.20E-05	2.48E-05	73	0.00025067	0	NA	0	NA
GLI.LN.1.Sep	0.627694989	0.001675298	0.003446393	74	0.178703058	0	NA	0	NA
VEG.HN.3.Sep	0.628113995	0.07606769	0.156673333	73	5.734472978	0	NA	0	NA
VEG.HN.20.Aug	0.630351114	0.048427396	0.100397371	73	3.875922116	0	NA	0	NA
VARI.HN.30.Aug	0.631104536	0.005071995	0.010538249	73	0.17556281	0	NA	0	NA
VARI.HN.22.Aug	0.631860183	0.004158753	0.008659955	73	0.217944916	0	NA	0	NA
MGR.HN.14.Aug	0.634602064	0.004470177	0.009383937	73	0.218611588	0	NA	0	NA
NGR.HN.3.Sep	0.635152949	-0.006032977	0.012685261	73	0.1656594	0	NA	0	NA
MGR.HN.3.Sep	0.63555886	-0.01198779	0.025236473	73	0.330201315	0	NA	0	NA
NGR.HN.14.Aug	0.636676989	0.002237255	0.004725468	73	0.109699284	0	NA	0	NA
HN.S	0.637301895	0.001015987	0.00215064	86	0.185904078	0	NA	0	NA
ExG.LN.1.Sep	0.643402059	0.002199275	0.004739756	74	0.243153577	0	NA	0	NA
TilleringIndex	0.644288425	0.004329734	0.009361426	97	0.577299881	0	NA	0	NA
VARI.LN.16.Aug	0.644946599	0.010097076	0.02186245	74	0.56593912	0	NA	0	NA
TasselLength	0.649739725	-2.822326382	6.204239376	97	318.8577416	0	NA	0	NA
PlantHeight	0.650626924	-1.258220948	2.773441916	97	130.6493052	0	NA	0	NA
RGB.LN.1.Sep	0.653498073	0.003006573	0.006682409	74	0.363866095	0	NA	0	NA
MGR.LN.16.Aug	0.65458378	0.009246102	0.020619544	74	0.610091645	0	NA	0	NA
VARI.HN.14.Aug	0.655239589	0.003804034	0.008500424	73	0.192011967	0	NA	0	NA
ExG.HN.22.Aug	0.655351775	-0.002082636	0.00465544	73	0.296775677	0	NA	0	NA
G_LWC	0.655580645	-0.003092932	0.00691849	72	0.754945833	0	NA	0	NA
HN_LN.Mn	0.656808657	0.029422835	0.066047132	67	1.360909639	0	NA	0	NA
NGR.LN.16.Aug	0.657328587	0.004605304	0.010358215	74	0.306194731	0	NA	0	NA
HN.CHL	0.660056745	-2.749531724	6.239098293	86	400.1532777	0	NA	0	NA
VEG.LN.20.Aug	0.660063633	0.043045708	0.097650589	74	3.276613365	0	NA	0	NA
Woebbecke.HN.22.Aug	0.665121731	-0.32450902	0.748013494	73	15.93117096	0	NA	0	NA
GDDDaystoTassel	0.668957865	-5.54027117	12.93555277	97	874.6380042	0	NA	0	NA
VEG.LN.30.Aug	0.676891707	0.040669624	0.097382147	74	3.62801202	0	NA	0	NA
X.892..myo.inositol..19.354..s100	0.677075988	0.001513168	0.003625179	73	0.050584184	0	NA	0	NA
RGB.HN.6.Jul	0.677914312	-0.003817334	0.009170796	73	0.32692256	0	NA	0	NA
VARI.HN.16.Aug	0.684620352	0.009723639	0.023887252	73	0.71461431	0	NA	0	NA
VARI.HN.3.Sep	0.685088414	-0.009685766	0.023831611	73	0.303095173	0	NA	0	NA
Woebbecke.HN.1.Sep	0.687162405	0.453594646	1.123881113	73	19.14834254	0	NA	0	NA
canopy.LN.3.Sep	0.688228445	1.24143645	3.087095282	74	38.26121003	0	NA	0	NA
GLI.HN.22.Aug	0.689125622	-0.001338025	0.003337369	73	0.218060605	0	NA	0	NA
VEG.LN.5.Sep	0.690406187	0.043918812	0.11002459	74	3.193703014	0	NA	0	NA
LN.K	0.69294431	-0.014588511	0.036876052	86	2.20763697	0	NA	0	NA
canopy.HN.1.Sep	0.696641808	1.753576414	4.488184364	73	47.93373484	0	NA	0	NA
LN.DW	0.697846198	-0.061302878	0.157594873	81	5.734280112	0	NA	0	NA
LN.P	0.700222491	-0.00172767	0.004478638	85	0.298577028	0	NA	0	NA
MGR.HN.30.Aug	0.705987271	0.004409064	0.011662089	73	0.19821881	0	NA	0	NA
X.5321342..beta.sitosterol..28.848.	0.706921973	0.000152781	0.000405193	57	0.003996287	0	NA	0	NA
NGR.HN.30.Aug	0.707013009	0.002203559	0.005849881	73	0.099296275	0	NA	0	NA
X.750..glycine..10.456..s100	0.70873625	0.00878771	0.023473096	74	0.171451926	0	NA	0	NA
X.3037582..mucic.acid..18.907.	0.712638764	0.000327522	0.000887289	73	0.005272451	0	NA	0	NA
canopy.HN.6.Jul	0.713918215	0.705298701	1.919766824	73	34.91789111	0	NA	0	NA
G_Fe	0.713955388	-1.535882623	4.180980319	72	97.25	0	NA	0	NA
HN.Ca	0.716172812	0.004060436	0.011146916	86	0.407715571	0	NA	0	NA
NGR.LN.5.Sep	0.717644045	-0.001912242	0.005276911	74	0.072403125	0	NA	0	NA
MGR.LN.5.Sep	0.719042508	-0.00378195	0.010490743	74	0.144280689	0	NA	0	NA
MGR.HN.22.Aug	0.719351522	0.003435171	0.00953962	73	0.244169782	0	NA	0	NA
NGR.HN.22.Aug	0.721355939	0.001712298	0.004790855	73	0.122335743	0	NA	0	NA
LN.Cu	0.722910709	-0.091962153	0.258787139	72	6.817829733	0	NA	0	NA
MainSpikeLength	0.723859909	-2.03412333	5.748222849	97	230.1705569	0	NA	0	NA
GLI.HN.14.Aug	0.728692661	0.001061523	0.003053844	73	0.194988864	0	NA	0	NA
canopy.HN.16.Aug	0.733337288	1.39473157	4.085201556	73	46.9402674	0	NA	0	NA
VARI.LN.30.Aug	0.734408208	0.002710547	0.007972675	74	0.122851091	0	NA	0	NA
VARI.LN.5.Sep	0.743664344	-0.003221614	0.009831407	74	0.125257494	0	NA	0	NA
HN.LA	0.745951125	-10.78010961	33.21407161	86	1189.350806	0	NA	0	NA
VARI.HN.5.Sep	0.747908835	0.003835571	0.011909106	73	0.181000433	0	NA	0	NA
ExG.HN.14.Aug	0.751399868	0.001370369	0.004316732	73	0.266583029	0	NA	0	NA
NGR.HN.6.Jul	0.751965605	-0.002240339	0.007073609	73	0.142493427	0	NA	0	NA
X.119..gamma.aminobutyric.acid..GABA...13.326.	0.753205003	-0.001670426	0.005301656	74	0.012420797	0	NA	0	NA
Woebbecke.HN.30.Aug	0.754871761	0.343452483	1.09774155	73	20.27424443	0	NA	0	NA
GerminationCount	0.762035656	0.061399063	0.202450943	97	6.664143662	0	NA	0	NA
NGR.LN.30.Aug	0.769044374	0.001319914	0.004486063	74	0.071625903	0	NA	0	NA
MGR.LN.30.Aug	0.769212723	0.002630776	0.008948078	74	0.142991349	0	NA	0	NA
VEG.LN.23.Aug	0.774833159	0.028513978	0.099476225	74	3.273015926	0	NA	0	NA
LeafLength	0.777770015	3.83206075	13.55716244	97	713.4595694	0	NA	0	NA
HN_LN.CHL	0.779688438	-0.00787305	0.028095462	85	1.414469839	0	NA	0	NA
DaystoSilk	0.783354811	-0.283862348	1.030838793	97	76.40370053	0	NA	0	NA
RGB.HN.14.Aug	0.784630691	0.001596719	0.005830709	73	0.393827541	0	NA	0	NA
HN.P	0.788985065	0.001163954	0.004341524	85	0.301979248	0	NA	0	NA
EarHeight	0.791436983	-0.58662457	2.21495359	97	59.89977257	0	NA	0	NA
NGR.HN.5.Sep	0.792148041	0.00169198	0.006407639	73	0.101316553	0	NA	0	NA
MGR.HN.5.Sep	0.795600736	0.003300332	0.012714665	73	0.201617438	0	NA	0	NA
VEG.HN.14.Aug	0.796497347	0.025604311	0.099086227	73	3.626357051	0	NA	0	NA
G_P	0.799482349	-0.007832145	0.030770075	72	0.457777778	0	NA	0	NA
MGR.HN.6.Jul	0.799530596	-0.003113246	0.012233988	73	0.263190341	0	NA	0	NA
MGR.HN.16.Aug	0.800442051	0.005844071	0.023073106	73	0.742009712	0	NA	0	NA
NGR.HN.16.Aug	0.806580331	0.002856217	0.011642249	73	0.372528955	0	NA	0	NA
RGB.HN.23.Aug	0.806608114	-0.001785773	0.007280072	73	0.464272084	0	NA	0	NA
Woebbecke.HN.23.Aug	0.814197092	-0.151246361	0.642275358	73	11.33461659	0	NA	0	NA
canopy.HN.30.Aug	0.81640474	0.936099489	4.023888394	73	48.47711451	0	NA	0	NA
ExG.HN.23.Aug	0.816732259	-0.0012654	0.005449307	73	0.316629761	0	NA	0	NA
NIRStarch	0.819841211	-0.069660741	0.305401372	96	66.5334441	0	NA	0	NA
GLI.LN.16.Aug	0.822135739	0.000994374	0.004414667	74	0.363884609	0	NA	0	NA
HN.K	0.825676936	-0.008157702	0.036975477	86	2.31941737	0	NA	0	NA
VEG.LN.3.Sep	0.829403694	-0.032206828	0.149181174	74	4.717065101	0	NA	0	NA
VEG.HN.1.Sep	0.829814326	0.025218598	0.117096426	73	4.0400616	0	NA	0	NA
canopy.HN.5.Sep	0.831104953	0.837342927	3.918173999	73	37.75538058	0	NA	0	NA
Woebbecke.LN.26.Aug	0.831920177	-0.155524334	0.731339231	74	20.92584743	0	NA	0	NA
VEG.LN.1.Sep	0.835602456	0.024026616	0.11555201	74	3.784557527	0	NA	0	NA
ExG.LN.6.Jul	0.83840318	-0.001547498	0.007573068	73	0.239361219	0	NA	0	NA
X.6287..L.valine.2..9.151.	0.838772212	-0.000419973	0.002059918	72	0.016510655	0	NA	0	NA
VARI.HN.6.Jul	0.840747513	-0.002312948	0.011487778	73	0.223503057	0	NA	0	NA
HN.X20KW	0.845231684	-0.019666495	0.100559442	77	4.805351361	0	NA	0	NA
X.700..ethanolamine..9.879.	0.850199775	-0.000185472	0.00098004	71	0.006197849	0	NA	0	NA
GLI.LN.30.Aug	0.853385681	0.000546668	0.002952409	74	0.191962322	0	NA	0	NA
NIRProtein	0.853461621	-0.031413535	0.169821506	96	14.18834171	0	NA	0	NA
X.938..nicotinic.acid..10.27.	0.854039371	-2.17E-05	0.000117647	68	0.00092675	0	NA	0	NA
HN_LN.K	0.854515976	0.002638501	0.01436549	86	1.054042487	0	NA	0	NA
X.5460673..D.saccharic.acid..18.614.	0.855890661	-3.05E-05	0.000167399	73	0.001136469	0	NA	0	NA
VARI.LN.6.Jul	0.858302316	0.002055458	0.011490217	73	0.207269629	0	NA	0	NA
X.6537496..chlorogenic.acid.1..26.37.	0.865504143	-9.85E-05	0.00058051	73	0.001282755	0	NA	0	NA
HN_LN.P	0.868810901	0.002175085	0.013146156	84	1.011155331	0	NA	0	NA
RGB.HN.30.Aug	0.869777216	-0.001194343	0.007271021	73	0.423192052	0	NA	0	NA
VEG.LN.14.Aug	0.871442432	0.015434228	0.09519131	74	3.050854466	0	NA	0	NA
TasselPrimaryBranches	0.872489494	-0.105008306	0.65331646	97	10.20708612	0	NA	0	NA
RGB.LN.6.Jul	0.87262951	0.001314184	0.008181255	73	0.312735177	0	NA	0	NA
GLI.HN.23.Aug	0.874287437	-0.000608543	0.003838845	73	0.230891428	0	NA	0	NA
TasselBranchLength	0.878840288	0.743138988	4.867895102	97	196.6604581	0	NA	0	NA
HN_LN.LA	0.880020586	-0.00371803	0.024590042	83	1.139775535	0	NA	0	NA
X.60961..adenosine..23.825.	0.881513648	-7.49E-06	5.01E-05	73	0.000287461	0	NA	0	NA
GLI.LN.23.Aug	0.885758776	0.000417211	0.002898328	74	0.213897775	0	NA	0	NA
RGB.LN.16.Aug	0.886077797	0.001232165	0.008583884	74	0.728331689	0	NA	0	NA
ExG.LN.30.Aug	0.889765242	0.000567133	0.004083999	74	0.261779221	0	NA	0	NA
ExG.HN.30.Aug	0.890053202	-0.000729324	0.005265729	73	0.283841062	0	NA	0	NA
VEG.LN.26.Aug	0.894058302	-0.016049325	0.120286502	74	4.062125108	0	NA	0	NA
MGR.LN.6.Jul	0.894497552	0.001585578	0.011933015	73	0.244653078	0	NA	0	NA
ExG.LN.16.Aug	0.89663946	0.000799928	0.006145907	74	0.496350143	0	NA	0	NA
Woebbecke.HN.20.Aug	0.897271589	-0.101165456	0.782060327	73	13.34496915	0	NA	0	NA
MGR.HN.1.Sep	0.908847895	-0.001442141	0.012571864	73	0.174135542	0	NA	0	NA
NGR.HN.1.Sep	0.90953949	-0.000717902	0.006306373	73	0.087229852	0	NA	0	NA
NGR.LN.26.Aug	0.909815548	-0.000621781	0.005478871	74	0.110106533	0	NA	0	NA
MGR.LN.26.Aug	0.910267719	-0.001229908	0.010892279	74	0.219341856	0	NA	0	NA
RGB.LN.30.Aug	0.910298691	0.000629591	0.005577701	74	0.392749624	0	NA	0	NA
canopy.HN.3.Sep	0.912628414	0.391619749	3.562306128	73	39.09834178	0	NA	0	NA
NGR.HN.20.Aug	0.913411356	-0.000692767	0.006358851	73	0.120719334	0	NA	0	NA
X.2724705..1.6.anhydro.glucose..15.326.	0.914223604	-1.49E-05	0.000137668	73	0.00165138	0	NA	0	NA
X.128869..galactonic.acid.2..18.504.	0.915812961	5.81E-06	5.48E-05	73	0.000563671	0	NA	0	NA
MGR.HN.20.Aug	0.916126118	-0.00133226	0.012626079	73	0.240565811	0	NA	0	NA
HN_LN.N	0.919776722	0.001754107	0.017386848	84	1.401754073	0	NA	0	NA
VARI.HN.26.Aug	0.922810247	0.001505899	0.015511964	73	0.246274869	0	NA	0	NA
GDDDaystoSilk	0.923081709	-1.289973864	13.34118264	97	896.715598	0	NA	0	NA
GLI.HN.5.Sep	0.925549704	0.000361584	0.00386208	73	0.184189311	0	NA	0	NA
GLI.HN.30.Aug	0.932105552	-0.000324716	0.003804135	73	0.208632338	0	NA	0	NA
GLI.LN.6.Jul	0.93849015	-0.000375192	0.004852707	73	0.164720179	0	NA	0	NA
LN.CL	0.939115267	-0.010817542	0.141382346	80	12.06362279	0	NA	0	NA
G_Mg	0.940113989	0.00157562	0.02093235	72	0.263055556	0	NA	0	NA
X.5460935..turanose.1..24.81.	0.94381111	-4.47E-05	0.000633098	69	0.00257415	0	NA	0	NA
NGR.HN.26.Aug	0.948673523	-0.000578954	0.008976699	73	0.143118206	0	NA	0	NA
LN.LA	0.949138802	1.709045193	26.74766126	83	1049.619389	0	NA	0	NA
Woebbecke.HN.26.Aug	0.949537607	-0.057835335	0.912115446	73	20.73028503	0	NA	0	NA
MGR.HN.26.Aug	0.951177626	-0.001092255	0.017805267	73	0.284953244	0	NA	0	NA
ExG.HN.5.Sep	0.953999577	0.000311094	0.005382739	73	0.251512997	0	NA	0	NA
ExG.LN.23.Aug	0.954791012	0.000230734	0.00406233	74	0.294075009	0	NA	0	NA
LN.S	0.955878546	0.000198202	0.003576396	82	0.160354854	0	NA	0	NA
LN.CHL	0.958462421	-0.290665537	5.571599228	85	285.4494796	0	NA	0	NA
RGB.LN.23.Aug	0.963506181	0.000248584	0.005422815	74	0.432977069	0	NA	0	NA
VARI.HN.20.Aug	0.963736469	-0.00053302	0.011701445	73	0.215004818	0	NA	0	NA
X.6508..quinic.acid..17.076..s100	0.965303225	0.000448909	0.010299641	72	0.034490967	0	NA	0	NA
RGB.HN.5.Sep	0.966632514	0.000308343	0.007356985	73	0.373074244	0	NA	0	NA
G_CHL	0.970987269	-0.545263774	14.96303135	72	520.2736111	0	NA	0	NA
X.738..L.glutamine.2..14.083.	0.972071698	-4.17E-06	0.000118746	72	0.000747968	0	NA	0	NA
VARI.HN.1.Sep	0.973366312	-0.000385391	0.011521418	73	0.15587766	0	NA	0	NA
NIROil	0.973751449	0.003491145	0.105948777	96	4.335086732	0	NA	0	NA
LN.N	0.975605924	-0.000792535	0.025874524	84	2.02885999	0	NA	0	NA
Woebbecke.LN.1.Sep	0.977431529	-0.029814132	1.051925991	74	20.2540714	0	NA	0	NA
VARI.LN.26.Aug	0.98723395	0.000153315	0.009563884	74	0.183151768	0	NA	0	NA
NGR.LN.6.Jul	0.993440018	5.59E-05	0.006785567	73	0.130936717	0	NA	0	NA
HN_LN.S	0.998926833	3.02E-05	0.022386342	82	1.172634563	0	NA	0	NA
