BLK	POP	ID	Fa_freq
4	282	B97	0.685103495079742
4	282	CML103	0.701391245334238
4	282	KI3	0.695961995249406
4	282	Ms71	0.673905666779776
4	282	N6	0.671869697997964
4	282	Oh43	0.665761791652528
4	282	W22	0.68137088564642
4	282	W64a	0.69324737020699
4	282	33-16	0.699355276552426
4	282	38-11Goodman-Buckler	0.709195792331184
4	282	4226	0.599253478113336
4	282	4722	0.703766542246352
4	282	A188	0.69324737020699
4	282	A214NGoodman-Buckler	0.690532745164574
4	282	A239	0.590091618595182
4	282	A441-5	0.685442823210044
4	282	A554	0.605361384458772
4	282	A556	0.684085510688836
4	282	A6	0.688836104513064
4	282	A619	0.691211401425178
4	282	A632	0.68985408890397
4	282	A634	0.694604682728198
4	282	A635	0.691890057685782
4	282	A641	0.699694604682728
4	282	A654	0.695283338988802
4	282	A659	0.692229385816084
4	282	A661	0.696979979640312
4	282	A679	0.602307431286054
4	282	A680	0.601289446895148
4	282	A682	0.689175432643366
4	282	Ab28A	0.6949440108585
4	282	B10	0.699355276552426
4	282	B103	0.594502884289108
4	282	B104	0.321683067526298
4	282	B105	0.606379368849678
4	282	B109	0.602986087546658
4	282	B14A	0.68815744825246
4	282	B164	0.685442823210044
4	282	B2	0.606379368849678
4	282	B37	0.699355276552426
4	282	B46	0.690532745164574
4	282	B52	0.714285714285714
4	282	B57	0.582287071598235
4	282	B64	0.68985408890397
4	282	B68	0.691211401425178
4	282	B73	0.601289446895148
4	282	B75	0.694604682728198
4	282	B76	0.688836104513064
4	282	B77	0.724126230064472
4	282	B79	0.687818120122158
4	282	B84	0.601968103155752
4	282	C103	0.693926026467594
4	282	C123	0.686121479470648
4	282	C49A	0.590770274855786
4	282	CH701-30	0.685782151340346
4	282	CH9	0.695622667119104
4	282	CI187-2	0.69324737020699
4	282	CI21E	0.694265354597896
4	282	CI28AGoodman-Buckler	0.695961995249406
4	282	CI31A	0.692908042076688
4	282	CI3A	0.677638276213098
4	282	CI64	0.715982354937224
4	282	CI66	0.72378690193417
4	282	Ci7Goodman-Buckler	0.690193417034272
4	282	Ci90CGoodman-Buckler	0.604682728198168
4	282	Ci91BGoodman-Buckler	0.69324737020699
4	282	CM105	0.690193417034272
4	282	CM37	0.692568713946386
4	282	CM7	0.68306752629793
4	282	CML10	0.71530369867662
4	282	CML108	0.6270783847981
4	282	CML11	0.719375636240244
4	282	CML14	0.670851713607058
4	282	CML154Q	0.729216152019002
4	282	CML157Q	0.724465558194774
4	282	CML158Q	0.703766542246352
4	282	CML218	0.718018323719036
4	282	CML220	0.72718018323719
4	282	CML228	0.71530369867662
4	282	CML238	0.678656260604004
4	282	CML247	0.630810994231422
4	282	CML254	0.715643026806922
4	282	CML258	0.633186291143536
4	282	CML261	0.618934509670852
4	282	CML264	0.726501526976586
4	282	CML277	0.72039362063115
4	282	CML281	0.626060400407194
4	282	CML287	0.63386494740414
4	282	CML311	0.693586698337292
4	282	CML314	0.694265354597896
4	282	CML321	0.715982354937224
4	282	CML322	0.695283338988802
4	282	CML323	0.69833729216152
4	282	CML328	0.712928401764506
4	282	CML331	0.684424838819138
4	282	CML332	0.722768917543264
4	282	CML333	0.639972853749576
4	282	CML341	0.64913471326773
4	282	CML38	0.71021377672209
4	282	CML45	0.625721072276892
4	282	CML5	0.625042416016288
4	282	CML52	0.71700033932813
4	282	CML61	0.6949440108585
4	282	CML69	0.688496776382762
4	282	CML77	0.70512385476756
4	282	CML91	0.715643026806922
4	282	CML92	0.691211401425178
4	282	CMV3	0.629114353579912
4	282	CO106	0.680013573125212
4	282	CO125	0.687818120122158
4	282	CO255	0.697319307770614
4	282	D940Y	0.69664065151001
4	282	DE-2	0.597896165592128
4	282	DE1	0.593824228028504
4	282	DE811	0.596199524940618
4	282	E2558W	0.702069901594842
4	282	EP1	0.689514760773668
4	282	F2834T	0.692229385816084
4	282	F6	0.586019681031558
4	282	F7	0.743467933491686
4	282	GA209	0.702409229725144
4	282	GT112	0.595181540549712
4	282	H105W	0.693586698337292
4	282	H49	0.71021377672209
4	282	H84	0.690532745164574
4	282	H91	0.688836104513064
4	282	H95	0.712249745503902
4	282	H99	0.72209026128266
4	282	Hi27Goodman-Buckler	0.635900916185952
4	282	HP301	0.711231761112996
4	282	I137TN	0.69324737020699
4	282	i1677a	0.62538174414659
4	282	I205	0.602307431286054
4	282	I29	0.70173057346454
4	282	IA2132Goodman-Buckler	0.607058025110282
4	282	Ia5125	0.745164574143196
4	282	IDS28	0.695622667119104
4	282	IDS69	0.702409229725144
4	282	IDS91	0.705802511028164
4	282	Il101	0.691211401425178
4	282	Il14H	0.742110620970478
4	282	ILLHy	0.69324737020699
4	282	K148	0.601289446895148
4	282	K4	0.687478791991856
4	282	K55	0.68985408890397
4	282	K64	0.699015948422124
4	282	Ki11	0.716321683067526
4	282	Ki14	0.595860196810316
4	282	Ki2021	0.599253478113336
4	282	Ki21	0.695283338988802
4	282	Ki43	0.668137088564642
4	282	Ki44	0.72039362063115
4	282	Ky21	0.695961995249406
4	282	KY226	0.725822870715982
4	282	KY228	0.69155072955548
4	282	L317	0.693926026467594
4	282	L578	0.710892432982694
4	282	M14	0.608076009501188
4	282	M162W	0.680352901255514
4	282	M37W	0.776043434000679
4	282	MEF156-55-2	0.627757041058704
4	282	Mo17	0.696979979640312
4	282	Mo18W	0.683406854428232
4	282	MO1W	0.67967424499491
4	282	Mo24W	0.695622667119104
4	282	Mo44	0.599592806243638
4	282	Mo45	0.723447573803868
4	282	Mo46	0.598574821852732
4	282	Mo47	0.717339667458432
4	282	MoG	0.69324737020699
4	282	Mp339	0.697658635900916
4	282	MS1334	0.68815744825246
4	282	MS153	0.696301323379708
4	282	Mt42	0.600950118764846
4	282	N192	0.600271462504242
4	282	N28Ht	0.595860196810316
4	282	NC222	0.590770274855786
4	282	NC230	0.720054292500848
4	282	NC232	0.602307431286054
4	282	NC236	0.60671869697998
4	282	NC238	0.6949440108585
4	282	NC250	0.692908042076688
4	282	NC258	0.591109602986088
4	282	NC260	0.588394977943672
4	282	NC262	0.595520868680014
4	282	NC264	0.694265354597896
4	282	NC290A	0.597217509331524
4	282	NC294	0.609093993892094
4	282	NC296	0.766202918221921
4	282	NC296A	0.763148965049203
4	282	NC298	0.00712589073634204
4	282	NC300	0.717678995588734
4	282	NC302	0.590091618595182
4	282	NC304	0.709195792331184
4	282	NC306	0.60671869697998
4	282	NC310	0.601968103155752
4	282	NC314	0.692908042076688
4	282	NC318	0.694604682728198
4	282	NC320	0.697997964031218
4	282	NC324	0.697658635900916
4	282	NC326	0.689175432643366
4	282	NC328	0.606040040719376
4	282	NC33	0.691890057685782
4	282	NC336	0.774007465218867
4	282	NC338	0.6270783847981
4	282	NC340	0.723108245673566
4	282	NC342	0.597896165592128
4	282	NC344	0.600610790634544
4	282	NC346	0.763827621309807
4	282	NC348	0.59484221241941
4	282	NC350	0.712928401764506
4	282	NC352	0.586698337292161
4	282	NC354	0.755005089921954
4	282	NC356	0.629453681710214
4	282	NC358	0.634543603664744
4	282	NC360	0.600610790634544
4	282	NC362	0.5931455717679
4	282	NC364	0.594163556158806
4	282	NC366	0.690532745164574
4	282	NC368	0.600610790634544
4	282	ND246	0.764166949440109
4	282	Oh40B	0.687818120122158
4	282	Oh43E	0.693586698337292
4	282	Oh603	0.58805564981337
4	282	OH7B	0.717678995588734
4	282	Os420	0.692229385816084
4	282	P39Goodman-Buckler	0.640312181879878
4	282	Pa762	0.702069901594842
4	282	Pa875	0.713267729894808
4	282	Pa880	0.59993213437394
4	282	Pa91	0.719036308109942
4	282	R168	0.689514760773668
4	282	R177	0.694265354597896
4	282	R229	0.598574821852732
4	282	R4	0.602307431286054
4	282	SA24	0.710892432982694
4	282	SC213R	0.695622667119104
4	282	SC357	0.689514760773668
4	282	SC55	0.589412962334578
4	282	SD40	0.59993213437394
4	282	SD44	0.629114353579912
4	282	Sg1533	0.69324737020699
4	282	Sg18	0.696979979640312
4	282	T232	0.700712589073634
4	282	T234	0.690193417034272
4	282	T8	0.594502884289108
4	282	Tx303	0.596199524940618
4	282	Tx601	0.72378690193417
4	282	Tzi10	0.72209026128266
4	282	Tzi11	0.70003393281303
4	282	Tzi16	0.716661011197828
4	282	Tzi18	0.688496776382762
4	282	Tzi25	0.599253478113336
4	282	Tzi8	0.632846963013234
4	282	Tzi9	0.687139463861554
4	282	U267Y	0.777740074652189
4	282	VA102	0.606379368849678
4	282	Va14	0.596199524940618
4	282	Va17	0.540549711571089
4	282	Va22	0.593824228028504
4	282	Va26	0.688496776382762
4	282	Va35	0.59653885307092
4	282	Va59	0.593484899898202
4	282	Va85	0.688496776382762
4	282	Va99	0.699694604682728
4	282	VaW6	0.677638276213098
4	282	W117Ht	0.601289446895148
4	282	W153R	0.68985408890397
4	282	W182B	0.689175432643366
4	282	Wf9	0.718018323719036
4	282	Yu796	0.697997964031218
