id	chrom	pos	XPCLR
10_100885001_100935000	10	100910000.5	5.61688487823187
10_107065001_107115000	10	107090000.5	9.69177475287
10_108920001_108970000	10	108945000.5	7.15328910469387
10_109055001_109105000	10	109080000.5	8.28960260999747
10_109060001_109110000	10	109085000.5	9.03039966660734
10_109070001_109120000	10	109095000.5	6.47130148668396
10_113945001_113995000	10	113970000.5	5.74719347503151
10_114945001_114995000	10	114970000.5	5.92329671847864
10_116150001_116200000	10	116175000.5	5.9705275821243
10_116800001_116850000	10	116825000.5	14.7045934757316
10_116805001_116855000	10	116830000.5	23.3405917634643
10_116880001_116930000	10	116905000.5	21.9455147420856
10_116885001_116935000	10	116910000.5	17.5540954202939
10_116955001_117005000	10	116980000.5	13.9781577377827
10_116960001_117010000	10	116985000.5	15.5356592777387
10_118320001_118370000	10	118345000.5	29.799151017466
10_118570001_118620000	10	118595000.5	20.9208952620543
10_118575001_118625000	10	118600000.5	9.36221964700235
10_118850001_118900000	10	118875000.5	6.87437505562195
10_125540001_125590000	10	125565000.5	13.6842670148286
10_125545001_125595000	10	125570000.5	18.9595534911172
10_125550001_125600000	10	125575000.5	12.7711202731203
10_125555001_125605000	10	125580000.5	6.40696914674817
10_125560001_125610000	10	125585000.5	15.662412277055
10_125565001_125615000	10	125590000.5	13.1120582484451
10_125625001_125675000	10	125650000.5	8.31466982494283
10_125635001_125685000	10	125660000.5	6.39926787494002
10_125695001_125745000	10	125720000.5	19.9395968490816
10_127980001_128030000	10	128005000.5	7.19939651435178
10_135425001_135475000	10	135450000.5	8.20077670850878
10_137010001_137060000	10	137035000.5	5.71112574399035
10_137190001_137240000	10	137215000.5	7.09514145174023
10_138915001_138965000	10	138940000.5	5.68195232137217
10_139615001_139665000	10	139640000.5	21.3890332913018
10_140510001_140560000	10	140535000.5	7.34193298239518
10_144670001_144720000	10	144695000.5	5.51790733227222
10_144745001_144795000	10	144770000.5	5.79306355882375
10_144995001_145045000	10	145020000.5	10.1564329390176
10_145170001_145220000	10	145195000.5	12.5342970884494
10_145775001_145825000	10	145800000.5	11.7685800955982
10_147310001_147360000	10	147335000.5	6.10868569098596
10_147800001_147850000	10	147825000.5	6.33954721098712
10_148695001_148745000	10	148720000.5	8.47104378483732
10_148705001_148755000	10	148730000.5	8.01216500313126
10_148870001_148920000	10	148895000.5	8.89084461742277
10_149215001_149265000	10	149240000.5	9.23013890204402
10_149540001_149590000	10	149565000.5	7.39387933441049
10_00130001_00180000	10	155000.5	7.20100331028914
10_01525001_01575000	10	1550000.5	6.54238883430492
10_04990001_05040000	10	5015000.5	7.06516685918257
10_05550001_05600000	10	5575000.5	7.11365840169833
10_07440001_07490000	10	7465000.5	7.23086582721703
10_07665001_07715000	10	7690000.5	8.08231298957759
10_07695001_07745000	10	7720000.5	20.2400564458554
10_07705001_07755000	10	7730000.5	10.9709139511399
10_07895001_07945000	10	7920000.5	7.7126386533339
10_08315001_08365000	10	8340000.5	15.0799360588528
10_08785001_08835000	10	8810000.5	14.0368599350286
10_08815001_08865000	10	8840000.5	10.2015443389001
10_09590001_09640000	10	9615000.5	6.57534391799072
10_09715001_09765000	10	9740000.5	21.5765881240314
10_09810001_09860000	10	9835000.5	9.26547736505893
10_09815001_09865000	10	9840000.5	5.98211986894432
10_10045001_10095000	10	10070000.5	5.73698026961108
10_10585001_10635000	10	10610000.5	8.84018678510273
10_10880001_10930000	10	10905000.5	5.88101282313721
10_10885001_10935000	10	10910000.5	6.69226106438072
10_10890001_10940000	10	10915000.5	13.7768168016353
10_10900001_10950000	10	10925000.5	13.1739584526588
10_10985001_11035000	10	11010000.5	5.54996641452976
10_11225001_11275000	10	11250000.5	73.1894427023819
10_11240001_11290000	10	11265000.5	9.89503805312955
10_11285001_11335000	10	11310000.5	30.0536875852218
10_11295001_11345000	10	11320000.5	28.2026444044638
10_11300001_11350000	10	11325000.5	30.1566447666761
10_11420001_11470000	10	11445000.5	56.5749257179814
10_11660001_11710000	10	11685000.5	10.4249298391043
10_11700001_11750000	10	11725000.5	5.54289978202402
10_11990001_12040000	10	12015000.5	6.14257195547816
10_12200001_12250000	10	12225000.5	16.2748236421154
10_12210001_12260000	10	12235000.5	33.38285061005
10_12245001_12295000	10	12270000.5	10.0533019211379
10_15065001_15115000	10	15090000.5	5.66312497948223
10_16175001_16225000	10	16200000.5	7.05239497249346
10_17020001_17070000	10	17045000.5	9.2955299296973
10_19070001_19120000	10	19095000.5	6.49155652173425
10_19145001_19195000	10	19170000.5	6.74185190727644
10_19250001_19300000	10	19275000.5	11.5088121123764
10_19260001_19310000	10	19285000.5	10.0560126854048
10_25560001_25610000	10	25585000.5	5.72818231161122
10_34145001_34195000	10	34170000.5	6.45950935063013
10_38360001_38410000	10	38385000.5	7.0373232221757
10_51515001_51565000	10	51540000.5	5.91952781126557
10_52065001_52115000	10	52090000.5	6.26699375816651
10_53705001_53755000	10	53730000.5	5.47697158763032
10_57220001_57270000	10	57245000.5	6.57562094009069
10_57300001_57350000	10	57325000.5	6.39994213753232
10_57605001_57655000	10	57630000.5	7.2322608230711
10_61685001_61735000	10	61710000.5	14.1525409333271
10_61795001_61845000	10	61820000.5	7.06429466253556
10_61800001_61850000	10	61825000.5	6.18698950621831
10_61805001_61855000	10	61830000.5	7.83889940691108
10_61810001_61860000	10	61835000.5	13.3652508216134
10_61950001_62000000	10	61975000.5	10.4900924327046
10_61960001_62010000	10	61985000.5	5.72513904326826
10_61965001_62015000	10	61990000.5	11.246320902085
10_62235001_62285000	10	62260000.5	8.13874470437088
10_77505001_77555000	10	77530000.5	5.70613615022825
10_78390001_78440000	10	78415000.5	6.28084256576074
10_78730001_78780000	10	78755000.5	41.3053408319271
10_78735001_78785000	10	78760000.5	41.6978816678642
10_78755001_78805000	10	78780000.5	11.3100586300243
10_81215001_81265000	10	81240000.5	6.3459067876878
10_81350001_81400000	10	81375000.5	9.42046536911224
10_84705001_84755000	10	84730000.5	12.1013725078978
10_85315001_85365000	10	85340000.5	11.868693697073
1_101055001_101105000	1	101080000.5	5.70895330050274
1_102835001_102885000	1	102860000.5	5.49707853102785
1_103575001_103625000	1	103600000.5	8.30260383840243
1_104165001_104215000	1	104190000.5	13.4423831443556
1_104175001_104225000	1	104200000.5	5.76797599227569
1_105100001_105150000	1	105125000.5	7.88848423686207
1_112795001_112845000	1	112820000.5	8.84264808923649
1_115335001_115385000	1	115360000.5	9.49224014043972
1_115780001_115830000	1	115805000.5	9.96562284665748
1_115980001_116030000	1	116005000.5	7.65505938980431
1_116185001_116235000	1	116210000.5	7.10455371888958
1_116360001_116410000	1	116385000.5	6.88778310113668
1_116540001_116590000	1	116565000.5	5.71482827896313
1_116555001_116605000	1	116580000.5	13.5729208112517
1_116625001_116675000	1	116650000.5	9.6414797312799
1_116880001_116930000	1	116905000.5	18.1339873914663
1_116965001_117015000	1	116990000.5	6.15165184572044
1_117020001_117070000	1	117045000.5	14.1877568207886
1_117075001_117125000	1	117100000.5	10.4669682009494
1_117080001_117130000	1	117105000.5	8.42910541049235
1_117135001_117185000	1	117160000.5	32.2835213606721
1_117140001_117190000	1	117165000.5	12.7066439339432
1_117155001_117205000	1	117180000.5	7.02717629593002
1_117185001_117235000	1	117210000.5	35.4696762695285
1_117190001_117240000	1	117215000.5	13.4591370762479
1_117215001_117265000	1	117240000.5	15.7337449900133
1_117240001_117290000	1	117265000.5	14.2738877686706
1_117260001_117310000	1	117285000.5	7.43177114223744
1_117275001_117325000	1	117300000.5	6.81075000879918
1_117325001_117375000	1	117350000.5	28.1780861740223
1_117330001_117380000	1	117355000.5	9.105962836164
1_119105001_119155000	1	119130000.5	5.49975587123097
1_120515001_120565000	1	120540000.5	10.0714973403556
1_121365001_121415000	1	121390000.5	9.51462059523431
1_126535001_126585000	1	126560000.5	6.49897724734495
1_127415001_127465000	1	127440000.5	7.28525709479243
1_141300001_141350000	1	141325000.5	5.69926651611621
1_143710001_143760000	1	143735000.5	5.62127528476776
1_150430001_150480000	1	150455000.5	9.71698977044713
1_151695001_151745000	1	151720000.5	6.89528070675968
1_151835001_151885000	1	151860000.5	8.55663459075348
1_152820001_152870000	1	152845000.5	26.3766413742931
1_157120001_157170000	1	157145000.5	5.87245726036434
1_157160001_157210000	1	157185000.5	10.8288605143592
1_157165001_157215000	1	157190000.5	12.9321651994263
1_157180001_157230000	1	157205000.5	5.61511203373846
1_157195001_157245000	1	157220000.5	12.8987223483573
1_157200001_157250000	1	157225000.5	11.9266250208929
1_157320001_157370000	1	157345000.5	30.404773078305
1_157325001_157375000	1	157350000.5	15.9641152860046
1_157330001_157380000	1	157355000.5	21.9427188474999
1_157335001_157385000	1	157360000.5	21.891366494163
1_157345001_157395000	1	157370000.5	35.3011555929079
1_157355001_157405000	1	157380000.5	11.0322130880845
1_157370001_157420000	1	157395000.5	21.1165957049283
1_157380001_157430000	1	157405000.5	21.4810917230556
1_157390001_157440000	1	157415000.5	22.2072287536538
1_157405001_157455000	1	157430000.5	28.1623338252374
1_157480001_157530000	1	157505000.5	9.57777450644721
1_157485001_157535000	1	157510000.5	15.9113093213791
1_157540001_157590000	1	157565000.5	13.4591448679014
1_157545001_157595000	1	157570000.5	7.19429536646112
1_158245001_158295000	1	158270000.5	6.71571452514178
1_158250001_158300000	1	158275000.5	5.56842103260738
1_159075001_159125000	1	159100000.5	8.47334326314599
1_159600001_159650000	1	159625000.5	6.58265184817901
1_159745001_159795000	1	159770000.5	8.1927174534739
1_159785001_159835000	1	159810000.5	8.51520412069505
1_159830001_159880000	1	159855000.5	14.5168894359823
1_161350001_161400000	1	161375000.5	6.98836341059138
1_161730001_161780000	1	161755000.5	8.89711052698044
1_162445001_162495000	1	162470000.5	9.86312773263472
1_163065001_163115000	1	163090000.5	7.66302332920736
1_163175001_163225000	1	163200000.5	15.0332574362164
1_163180001_163230000	1	163205000.5	7.61614359271744
1_163405001_163455000	1	163430000.5	6.08776842558393
1_164630001_164680000	1	164655000.5	6.0409822900333
1_164655001_164705000	1	164680000.5	7.18631132599626
1_164775001_164825000	1	164800000.5	5.72888616670591
1_168665001_168715000	1	168690000.5	16.2444760383057
1_168670001_168720000	1	168695000.5	5.85074298713266
1_168675001_168725000	1	168700000.5	11.3420971215668
1_171925001_171975000	1	171950000.5	6.11515949746769
1_173070001_173120000	1	173095000.5	11.1615585486756
1_173080001_173130000	1	173105000.5	7.13874590143928
1_173850001_173900000	1	173875000.5	10.3967440701392
1_173855001_173905000	1	173880000.5	11.1637521848068
1_173890001_173940000	1	173915000.5	8.62530106438521
1_173960001_174010000	1	173985000.5	6.92498880058673
1_174045001_174095000	1	174070000.5	6.59209012843627
1_174155001_174205000	1	174180000.5	7.51972310559364
1_178640001_178690000	1	178665000.5	5.76300992496351
1_181775001_181825000	1	181800000.5	9.41467393491541
1_182525001_182575000	1	182550000.5	8.55993499451785
1_183425001_183475000	1	183450000.5	11.7658996755329
1_183435001_183485000	1	183460000.5	11.304024989901
1_184440001_184490000	1	184465000.5	7.62246070644039
1_184485001_184535000	1	184510000.5	6.82936134232102
1_184490001_184540000	1	184515000.5	6.54033717204641
1_185070001_185120000	1	185095000.5	5.78850185912682
1_189930001_189980000	1	189955000.5	7.86421969590754
1_189980001_190030000	1	190005000.5	8.99491802242039
1_190395001_190445000	1	190420000.5	9.10483576130048
1_190400001_190450000	1	190425000.5	13.568430958281
1_192750001_192800000	1	192775000.5	17.8706396319059
1_196265001_196315000	1	196290000.5	6.85809129815487
1_198285001_198335000	1	198310000.5	10.4216638562018
1_198295001_198345000	1	198320000.5	48.6189245333021
1_198300001_198350000	1	198325000.5	8.69821423261953
1_02940001_02990000	1	2965000.5	9.99850451850449
1_09215001_09265000	1	9240000.5	17.7380539577888
1_09225001_09275000	1	9250000.5	10.9875776418627
1_09385001_09435000	1	9410000.5	6.87367222166301
1_09640001_09690000	1	9665000.5	7.37092955023928
1_10715001_10765000	1	10740000.5	9.96470680658388
1_13770001_13820000	1	13795000.5	5.95858366743425
1_14065001_14115000	1	14090000.5	23.3695707445047
1_14070001_14120000	1	14095000.5	19.148206315367
1_14075001_14125000	1	14100000.5	6.49435889317563
1_14155001_14205000	1	14180000.5	10.801564478966
1_14180001_14230000	1	14205000.5	9.67621548317985
1_18065001_18115000	1	18090000.5	11.8348336165767
1_18075001_18125000	1	18100000.5	7.87248627449333
1_200300001_200350000	1	200325000.5	7.92350690536895
1_201800001_201850000	1	201825000.5	8.25904031163023
1_202365001_202415000	1	202390000.5	6.70762467611348
1_202680001_202730000	1	202705000.5	6.71457998781
1_203090001_203140000	1	203115000.5	6.79409963661271
1_206995001_207045000	1	207020000.5	9.32498762944556
1_207095001_207145000	1	207120000.5	6.88661010280384
1_207180001_207230000	1	207205000.5	7.2172237875472
1_211175001_211225000	1	211200000.5	5.73053900841842
1_211240001_211290000	1	211265000.5	9.87849304267553
1_211365001_211415000	1	211390000.5	7.45333099546929
1_213495001_213545000	1	213520000.5	7.9368382635779
1_213670001_213720000	1	213695000.5	6.2245051202292
1_213830001_213880000	1	213855000.5	6.03415035501257
1_215240001_215290000	1	215265000.5	6.9030539361089
1_215315001_215365000	1	215340000.5	13.5656448943958
1_215360001_215410000	1	215385000.5	28.4193400716993
1_215385001_215435000	1	215410000.5	9.05329069014988
1_215410001_215460000	1	215435000.5	6.63692349527759
1_215425001_215475000	1	215450000.5	6.40009668099771
1_215600001_215650000	1	215625000.5	12.7928745915231
1_218055001_218105000	1	218080000.5	9.38478836044646
1_218145001_218195000	1	218170000.5	14.8840107644194
1_218150001_218200000	1	218175000.5	15.9841491097629
1_218195001_218245000	1	218220000.5	10.03238780146
1_218215001_218265000	1	218240000.5	8.45894791604269
1_219935001_219985000	1	219960000.5	6.79153826233761
1_26595001_26645000	1	26620000.5	5.82488648319921
1_28655001_28705000	1	28680000.5	14.5301121277507
1_28670001_28720000	1	28695000.5	11.6450919235684
1_28680001_28730000	1	28705000.5	8.21812061629296
1_28760001_28810000	1	28785000.5	9.03028511257259
1_28765001_28815000	1	28790000.5	10.2653377822944
1_29070001_29120000	1	29095000.5	6.51013300173548
1_29740001_29790000	1	29765000.5	7.14806377919956
1_32290001_32340000	1	32315000.5	7.02204202340278
1_33590001_33640000	1	33615000.5	6.11416179177616
1_33675001_33725000	1	33700000.5	10.9002070150329
1_33710001_33760000	1	33735000.5	7.38896312850551
1_34410001_34460000	1	34435000.5	8.46135942913332
1_38270001_38320000	1	38295000.5	7.00258735700746
1_38980001_39030000	1	39005000.5	19.0339314970165
1_39110001_39160000	1	39135000.5	18.7901789980989
1_39460001_39510000	1	39485000.5	6.84815949499534
1_220245001_220295000	1	220270000.5	5.73502146673457
1_220715001_220765000	1	220740000.5	11.864046039171
1_225460001_225510000	1	225485000.5	5.98386056742302
1_225640001_225690000	1	225665000.5	7.02753734659166
1_226910001_226960000	1	226935000.5	5.76026746484729
1_228545001_228595000	1	228570000.5	5.49389895980289
1_230515001_230565000	1	230540000.5	8.7201167124573
1_233335001_233385000	1	233360000.5	21.3653767476699
1_234175001_234225000	1	234200000.5	21.0103883451648
1_234190001_234240000	1	234215000.5	13.1044735450707
1_234225001_234275000	1	234250000.5	25.2979564513536
1_234230001_234280000	1	234255000.5	17.972148475897
1_234270001_234320000	1	234295000.5	31.3940974044019
1_234345001_234395000	1	234370000.5	18.9704531632134
1_234355001_234405000	1	234380000.5	25.6826796260058
1_234975001_235025000	1	235000000.5	8.46412541903948
1_235340001_235390000	1	235365000.5	8.27198421652659
1_235390001_235440000	1	235415000.5	5.5824652092594
1_235420001_235470000	1	235445000.5	8.37126706857919
1_235445001_235495000	1	235470000.5	5.95176746192351
1_235595001_235645000	1	235620000.5	13.3023549242372
1_235670001_235720000	1	235695000.5	5.99101718188422
1_235830001_235880000	1	235855000.5	6.44959689321485
1_236070001_236120000	1	236095000.5	9.00064779349526
1_236120001_236170000	1	236145000.5	5.65529018202335
1_236325001_236375000	1	236350000.5	9.79751967870334
1_236330001_236380000	1	236355000.5	7.00587673941942
1_236410001_236460000	1	236435000.5	8.89701176793466
1_236550001_236600000	1	236575000.5	12.2163147697028
1_239100001_239150000	1	239125000.5	8.60478577623718
1_239110001_239160000	1	239135000.5	7.5200841223226
1_239415001_239465000	1	239440000.5	5.74555888071279
1_239520001_239570000	1	239545000.5	8.16352723908449
1_240195001_240245000	1	240220000.5	7.38639124184581
1_241050001_241100000	1	241075000.5	12.9989946468128
1_241385001_241435000	1	241410000.5	9.09942570420708
1_241450001_241500000	1	241475000.5	7.83826468496409
1_241465001_241515000	1	241490000.5	8.08590339577239
1_241590001_241640000	1	241615000.5	5.72614986946974
1_242195001_242245000	1	242220000.5	5.69000469357445
1_242670001_242720000	1	242695000.5	11.6485274608248
1_242675001_242725000	1	242700000.5	7.68631891526803
1_242695001_242745000	1	242720000.5	21.9153609009883
1_242710001_242760000	1	242735000.5	11.0238666278798
1_242725001_242775000	1	242750000.5	13.8113412969535
1_242730001_242780000	1	242755000.5	11.2532880883039
1_242740001_242790000	1	242765000.5	15.4387080185079
1_242760001_242810000	1	242785000.5	10.2653719722404
1_243195001_243245000	1	243220000.5	5.98163164068808
1_243205001_243255000	1	243230000.5	11.4842332800251
1_243430001_243480000	1	243455000.5	5.8973724183071
1_250165001_250215000	1	250190000.5	11.4302117614484
1_250170001_250220000	1	250195000.5	10.0988827469199
1_250575001_250625000	1	250600000.5	10.3835962806564
1_253650001_253700000	1	253675000.5	5.97498786682667
1_258185001_258235000	1	258210000.5	7.28439057176809
1_258540001_258590000	1	258565000.5	5.83433369262127
1_261105001_261155000	1	261130000.5	5.48927608560575
1_262465001_262515000	1	262490000.5	5.50263336475882
1_273210001_273260000	1	273235000.5	6.03350745889583
1_274420001_274470000	1	274445000.5	8.35444396966977
1_277920001_277970000	1	277945000.5	8.50378709113534
1_277925001_277975000	1	277950000.5	6.49631575715307
1_283650001_283700000	1	283675000.5	6.23662652198459
1_284955001_285005000	1	284980000.5	9.54065256936013
1_285420001_285470000	1	285445000.5	7.45303461039947
1_285425001_285475000	1	285450000.5	13.8453637571445
1_285430001_285480000	1	285455000.5	10.1529892530145
1_285940001_285990000	1	285965000.5	6.3236612544755
1_287445001_287495000	1	287470000.5	6.0532081885637
1_287655001_287705000	1	287680000.5	15.7124784242494
1_287750001_287800000	1	287775000.5	14.9883748028617
1_287880001_287930000	1	287905000.5	6.12414145926698
1_290180001_290230000	1	290205000.5	7.71070140604741
1_292090001_292140000	1	292115000.5	5.70947975013473
1_293035001_293085000	1	293060000.5	6.22712957247563
1_294130001_294180000	1	294155000.5	6.22019626451436
1_295900001_295950000	1	295925000.5	5.65593834222182
1_297015001_297065000	1	297040000.5	5.58143667819394
1_297455001_297505000	1	297480000.5	8.04049008693647
1_298465001_298515000	1	298490000.5	7.62064139935035
1_299090001_299140000	1	299115000.5	8.07023105562604
1_299225001_299275000	1	299250000.5	18.3434456645474
1_299235001_299285000	1	299260000.5	13.2400494377414
1_299300001_299350000	1	299325000.5	6.46909381040581
1_304300001_304350000	1	304325000.5	8.13710189692131
1_304355001_304405000	1	304380000.5	5.91961535450838
1_304430001_304480000	1	304455000.5	6.08515167295803
1_304445001_304495000	1	304470000.5	10.0569621634806
1_41295001_41345000	1	41320000.5	9.77234305013872
1_45285001_45335000	1	45310000.5	5.65302594386719
1_45365001_45415000	1	45390000.5	30.4621328992894
1_45785001_45835000	1	45810000.5	6.75062537576559
1_46145001_46195000	1	46170000.5	5.4822399903091
1_47685001_47735000	1	47710000.5	7.54341305496558
1_53185001_53235000	1	53210000.5	6.36443662534259
1_55255001_55305000	1	55280000.5	7.42154772231572
1_57485001_57535000	1	57510000.5	13.8300945279507
1_62690001_62740000	1	62715000.5	5.52212289618222
1_75720001_75770000	1	75745000.5	6.53882135863921
1_80230001_80280000	1	80255000.5	6.06355597424545
1_80310001_80360000	1	80335000.5	10.971478784274
1_82335001_82385000	1	82360000.5	6.81372934926412
1_84315001_84365000	1	84340000.5	6.32587680345864
1_84950001_85000000	1	84975000.5	5.80430991799662
1_85095001_85145000	1	85120000.5	7.61630498024726
1_85750001_85800000	1	85775000.5	8.03935072064945
1_91080001_91130000	1	91105000.5	5.88423057059151
1_94850001_94900000	1	94875000.5	7.03562613503266
1_98000001_98050000	1	98025000.5	5.87398247931691
1_98575001_98625000	1	98600000.5	5.51565539749936
1_98705001_98755000	1	98730000.5	16.1899206851602
1_98770001_98820000	1	98795000.5	14.9480745282982
1_98840001_98890000	1	98865000.5	5.64680357137013
1_98925001_98975000	1	98950000.5	8.52265656493864
2_100810001_100860000	2	100835000.5	8.39176633713612
2_103610001_103660000	2	103635000.5	11.3059504286732
2_103880001_103930000	2	103905000.5	21.3600121873505
2_105235001_105285000	2	105260000.5	6.87770462222758
2_105280001_105330000	2	105305000.5	8.90900849428948
2_105315001_105365000	2	105340000.5	12.2321385919853
2_105325001_105375000	2	105350000.5	6.70977835548524
2_105585001_105635000	2	105610000.5	6.57728000628134
2_107030001_107080000	2	107055000.5	11.0365010529055
2_107105001_107155000	2	107130000.5	5.77343208896389
2_109455001_109505000	2	109480000.5	6.63267774857817
2_109480001_109530000	2	109505000.5	15.4718326064663
2_109500001_109550000	2	109525000.5	11.969714714712
2_109550001_109600000	2	109575000.5	9.826375394161
2_109645001_109695000	2	109670000.5	8.70306164807346
2_109655001_109705000	2	109680000.5	8.14127342431539
2_109675001_109725000	2	109700000.5	31.6754020849924
2_109680001_109730000	2	109705000.5	22.23632725138
2_109685001_109735000	2	109710000.5	6.81461010113918
2_109690001_109740000	2	109715000.5	13.1248264656395
2_109790001_109840000	2	109815000.5	10.9720161277181
2_109795001_109845000	2	109820000.5	21.9550491136859
2_109865001_109915000	2	109890000.5	5.64865878689614
2_110185001_110235000	2	110210000.5	15.1836683853178
2_110230001_110280000	2	110255000.5	26.4589810683784
2_110235001_110285000	2	110260000.5	22.8168037003702
2_110270001_110320000	2	110295000.5	6.4058885958587
2_112730001_112780000	2	112755000.5	7.49851796601087
2_112760001_112810000	2	112785000.5	6.94949976712525
2_113420001_113470000	2	113445000.5	10.9404921307362
2_113440001_113490000	2	113465000.5	5.64797105825352
2_114345001_114395000	2	114370000.5	17.713617042666
2_114350001_114400000	2	114375000.5	14.9859716737988
2_114390001_114440000	2	114415000.5	8.32038202873071
2_114400001_114450000	2	114425000.5	11.9195746448609
2_114485001_114535000	2	114510000.5	6.34912444023826
2_114515001_114565000	2	114540000.5	5.89546705601259
2_114905001_114955000	2	114930000.5	6.5216983390373
2_115070001_115120000	2	115095000.5	6.44530401546922
2_115625001_115675000	2	115650000.5	11.5178995791632
2_115640001_115690000	2	115665000.5	7.8749951078488
2_115990001_116040000	2	116015000.5	9.8966633723482
2_116555001_116605000	2	116580000.5	8.62267122051759
2_116960001_117010000	2	116985000.5	5.49432724677206
2_117300001_117350000	2	117325000.5	6.23012464610071
2_117305001_117355000	2	117330000.5	6.74125878472321
2_118435001_118485000	2	118460000.5	8.70699014411031
2_131470001_131520000	2	131495000.5	5.71636729476722
2_131700001_131750000	2	131725000.5	6.47029400370582
2_135495001_135545000	2	135520000.5	6.96815249949339
2_135510001_135560000	2	135535000.5	7.326618442453
2_136080001_136130000	2	136105000.5	5.78013192086073
2_145555001_145605000	2	145580000.5	5.47830875825014
2_147865001_147915000	2	147890000.5	26.1353021212309
2_148125001_148175000	2	148150000.5	6.48559382318922
2_148195001_148245000	2	148220000.5	6.22872753801835
2_151355001_151405000	2	151380000.5	8.32488021898735
2_151445001_151495000	2	151470000.5	5.68814415097614
2_151645001_151695000	2	151670000.5	7.13363536285226
2_151755001_151805000	2	151780000.5	7.85910385567786
2_165860001_165910000	2	165885000.5	10.3506095824789
2_167510001_167560000	2	167535000.5	6.97974013666135
2_167515001_167565000	2	167540000.5	6.94037815702859
2_167595001_167645000	2	167620000.5	7.11962341643638
2_167615001_167665000	2	167640000.5	5.47938050568666
2_174250001_174300000	2	174275000.5	5.92773610397796
2_180615001_180665000	2	180640000.5	6.95300923381018
2_180915001_180965000	2	180940000.5	5.91360700561751
2_182515001_182565000	2	182540000.5	5.67291341289649
2_182520001_182570000	2	182545000.5	6.1493223371408
2_187150001_187200000	2	187175000.5	5.990017875793
2_187730001_187780000	2	187755000.5	5.80891671376094
2_187900001_187950000	2	187925000.5	7.15196444161757
2_191105001_191155000	2	191130000.5	8.9207678446927
2_191855001_191905000	2	191880000.5	7.90224413249911
2_191860001_191910000	2	191885000.5	6.43708535200244
2_192095001_192145000	2	192120000.5	6.14342882707911
2_193410001_193460000	2	193435000.5	6.36032311819716
2_193745001_193795000	2	193770000.5	9.76618520588562
2_193755001_193805000	2	193780000.5	7.6861315832785
2_193770001_193820000	2	193795000.5	18.8105767124333
2_195135001_195185000	2	195160000.5	7.34884997250458
2_195285001_195335000	2	195310000.5	13.9581510129516
2_03225001_03275000	2	3250000.5	8.50698365924472
2_05400001_05450000	2	5425000.5	5.57362395280222
2_05895001_05945000	2	5920000.5	6.54769669422978
2_07690001_07740000	2	7715000.5	13.4077964648635
2_09865001_09915000	2	9890000.5	10.9918236592449
2_09890001_09940000	2	9915000.5	5.5475575397129
2_11090001_11140000	2	11115000.5	6.57788071234023
2_13770001_13820000	2	13795000.5	8.20391617454993
2_16675001_16725000	2	16700000.5	9.16196541702402
2_200340001_200390000	2	200365000.5	7.38510575567631
2_202595001_202645000	2	202620000.5	5.66744362332349
2_205300001_205350000	2	205325000.5	6.49312768525397
2_205875001_205925000	2	205900000.5	7.07385241475714
2_206295001_206345000	2	206320000.5	9.66312508921453
2_206540001_206590000	2	206565000.5	10.3903288660482
2_207030001_207080000	2	207055000.5	6.70429129584039
2_207050001_207100000	2	207075000.5	11.9799525082272
2_207095001_207145000	2	207120000.5	13.0448089158664
2_207440001_207490000	2	207465000.5	5.63057869595457
2_208275001_208325000	2	208300000.5	6.97951792279235
2_208535001_208585000	2	208560000.5	6.21918299993769
2_208705001_208755000	2	208730000.5	7.71744335989297
2_208895001_208945000	2	208920000.5	7.17334385983719
2_209200001_209250000	2	209225000.5	9.55748949417676
2_209205001_209255000	2	209230000.5	14.511489706509
2_209300001_209350000	2	209325000.5	15.4528635229479
2_209325001_209375000	2	209350000.5	7.91519940653131
2_209500001_209550000	2	209525000.5	12.9046176483076
2_209530001_209580000	2	209555000.5	8.0632919202036
2_209625001_209675000	2	209650000.5	5.68744393461145
2_209630001_209680000	2	209655000.5	14.4884890952045
2_209710001_209760000	2	209735000.5	8.00756067833663
2_209715001_209765000	2	209740000.5	10.3972474914839
2_209720001_209770000	2	209745000.5	20.5830323112239
2_209725001_209775000	2	209750000.5	13.1689432572418
2_209730001_209780000	2	209755000.5	11.3376827658291
2_209740001_209790000	2	209765000.5	19.8023790051923
2_209775001_209825000	2	209800000.5	11.4553371454707
2_210210001_210260000	2	210235000.5	7.51372464366534
2_210245001_210295000	2	210270000.5	6.83259729604822
2_210350001_210400000	2	210375000.5	16.5084572108873
2_210365001_210415000	2	210390000.5	8.53689905497129
2_210585001_210635000	2	210610000.5	19.8037183756814
2_214985001_215035000	2	215010000.5	5.72049643104236
2_21525001_21575000	2	21550000.5	6.06013547045245
2_21540001_21590000	2	21565000.5	7.81779968718206
2_22790001_22840000	2	22815000.5	6.25404683645388
2_24960001_25010000	2	24985000.5	5.90306012314636
2_25895001_25945000	2	25920000.5	7.23956215877288
2_27570001_27620000	2	27595000.5	7.49818887718385
2_29285001_29335000	2	29310000.5	6.2435800598943
2_29595001_29645000	2	29620000.5	7.47451688710203
2_32605001_32655000	2	32630000.5	6.76086181493054
2_32610001_32660000	2	32635000.5	6.57096496078503
2_33415001_33465000	2	33440000.5	8.03367351985992
2_35010001_35060000	2	35035000.5	11.5883206424857
2_37190001_37240000	2	37215000.5	6.23714886460763
2_38280001_38330000	2	38305000.5	14.5823952778757
2_39125001_39175000	2	39150000.5	11.1848866740797
2_39230001_39280000	2	39255000.5	5.88278379294337
2_39270001_39320000	2	39295000.5	5.99076674871515
2_223720001_223770000	2	223745000.5	7.03046781115972
2_224530001_224580000	2	224555000.5	10.4012973359212
2_224550001_224600000	2	224575000.5	6.61703216746668
2_225260001_225310000	2	225285000.5	5.72213243248467
2_225595001_225645000	2	225620000.5	6.94657091475744
2_230100001_230150000	2	230125000.5	5.99283641369567
2_230975001_231025000	2	231000000.5	6.47805508830379
2_231915001_231965000	2	231940000.5	19.8292729840686
2_231920001_231970000	2	231945000.5	6.77728085030094
2_233700001_233750000	2	233725000.5	5.78809481129696
2_233965001_234015000	2	233990000.5	7.27588272687618
2_235255001_235305000	2	235280000.5	6.11227232558014
2_238070001_238120000	2	238095000.5	6.85749385470217
2_239585001_239635000	2	239610000.5	7.92646156037193
2_241055001_241105000	2	241080000.5	5.6296986256782
2_243960001_244010000	2	243985000.5	6.27022573227021
2_43695001_43745000	2	43720000.5	6.25225020624805
2_44370001_44420000	2	44395000.5	6.49611674621019
2_46695001_46745000	2	46720000.5	9.31120620935138
2_46700001_46750000	2	46725000.5	12.0727356177956
2_46705001_46755000	2	46730000.5	11.5638324831017
2_50950001_51000000	2	50975000.5	7.62959644943697
2_50985001_51035000	2	51010000.5	5.72521624136294
2_51185001_51235000	2	51210000.5	5.76930586231174
2_51275001_51325000	2	51300000.5	10.345358968251
2_51290001_51340000	2	51315000.5	5.49939470581961
2_51310001_51360000	2	51335000.5	14.1394219235248
2_51490001_51540000	2	51515000.5	6.73406657410231
2_51725001_51775000	2	51750000.5	6.66480617723664
2_52840001_52890000	2	52865000.5	11.4812599996562
2_52990001_53040000	2	53015000.5	12.1532946660267
2_52995001_53045000	2	53020000.5	10.8261942658321
2_53850001_53900000	2	53875000.5	5.85136043505639
2_58065001_58115000	2	58090000.5	5.52567257496946
2_61275001_61325000	2	61300000.5	5.64565151156933
2_63125001_63175000	2	63150000.5	6.45641242438489
2_63550001_63600000	2	63575000.5	10.8543914610543
2_65375001_65425000	2	65400000.5	5.6713603103326
2_66735001_66785000	2	66760000.5	9.0699383464503
2_66745001_66795000	2	66770000.5	7.25075990629932
2_66765001_66815000	2	66790000.5	6.32340015882315
2_74070001_74120000	2	74095000.5	8.89872186061393
2_75430001_75480000	2	75455000.5	11.8387972113387
2_76795001_76845000	2	76820000.5	5.74129792261539
2_79240001_79290000	2	79265000.5	6.66569764225252
2_79435001_79485000	2	79460000.5	6.17537505487363
2_80655001_80705000	2	80680000.5	6.02899039961096
2_92015001_92065000	2	92040000.5	9.54384522801982
3_108420001_108470000	3	108445000.5	6.00482453038956
3_108870001_108920000	3	108895000.5	5.58227473044798
3_109020001_109070000	3	109045000.5	6.22337096660391
3_109465001_109515000	3	109490000.5	8.10996909437478
3_112370001_112420000	3	112395000.5	7.8658120621136
3_115140001_115190000	3	115165000.5	12.2642826950164
3_124145001_124195000	3	124170000.5	8.93878063129711
3_124165001_124215000	3	124190000.5	8.33898208647901
3_124170001_124220000	3	124195000.5	6.2941244530104
3_124175001_124225000	3	124200000.5	8.69590485972202
3_124265001_124315000	3	124290000.5	5.97278972011253
3_124285001_124335000	3	124310000.5	6.39438415391646
3_124290001_124340000	3	124315000.5	23.7206946964218
3_124315001_124365000	3	124340000.5	15.250385497957
3_124355001_124405000	3	124380000.5	7.05213480072445
3_124365001_124415000	3	124390000.5	7.53176906340005
3_124490001_124540000	3	124515000.5	22.1381714706758
3_124615001_124665000	3	124640000.5	6.26379824643084
3_125335001_125385000	3	125360000.5	5.59380162438197
3_125980001_126030000	3	126005000.5	20.3550849575388
3_140025001_140075000	3	140050000.5	6.31435424231307
3_147505001_147555000	3	147530000.5	9.66570897680296
3_147520001_147570000	3	147545000.5	5.48025939691388
3_147765001_147815000	3	147790000.5	6.03616405190951
3_147770001_147820000	3	147795000.5	22.6378559958584
3_147790001_147840000	3	147815000.5	11.4232200246209
3_148030001_148080000	3	148055000.5	5.89813775377752
3_153445001_153495000	3	153470000.5	6.40661712801489
3_153500001_153550000	3	153525000.5	8.38178748119481
3_153505001_153555000	3	153530000.5	5.56834571319519
3_155280001_155330000	3	155305000.5	6.52635511706674
3_155505001_155555000	3	155530000.5	6.0737496753157
3_157275001_157325000	3	157300000.5	8.64194996160586
3_158645001_158695000	3	158670000.5	6.22610316149763
3_160120001_160170000	3	160145000.5	8.41394111988649
3_161355001_161405000	3	161380000.5	6.2498456753741
3_163790001_163840000	3	163815000.5	10.7844981111448
3_167815001_167865000	3	167840000.5	5.72231473925882
3_167920001_167970000	3	167945000.5	8.02102223265331
3_169055001_169105000	3	169080000.5	9.12826699120706
3_169095001_169145000	3	169120000.5	7.97419968058796
3_169130001_169180000	3	169155000.5	14.8636091538225
3_169655001_169705000	3	169680000.5	7.38536891118065
3_170405001_170455000	3	170430000.5	6.20113171077736
3_171435001_171485000	3	171460000.5	7.02228335111181
3_171490001_171540000	3	171515000.5	7.90096599802177
3_173020001_173070000	3	173045000.5	5.86164317740838
3_174695001_174745000	3	174720000.5	12.6462591929316
3_176950001_177000000	3	176975000.5	10.7102420968846
3_177020001_177070000	3	177045000.5	5.65117509856481
3_177365001_177415000	3	177390000.5	9.45191233023371
3_177460001_177510000	3	177485000.5	10.1189415928197
3_180890001_180940000	3	180915000.5	9.99950010941654
3_181195001_181245000	3	181220000.5	6.68690884429753
3_181405001_181455000	3	181430000.5	6.00898369144966
3_181440001_181490000	3	181465000.5	10.7961728676199
3_181560001_181610000	3	181585000.5	6.87575378989573
3_183950001_184000000	3	183975000.5	8.19405157032992
3_187000001_187050000	3	187025000.5	7.77115006417139
3_187270001_187320000	3	187295000.5	8.90812711442874
3_191955001_192005000	3	191980000.5	7.4455924712463
3_192255001_192305000	3	192280000.5	8.88199843547966
3_192285001_192335000	3	192310000.5	9.78020572243031
3_192290001_192340000	3	192315000.5	7.24089528723738
3_192310001_192360000	3	192335000.5	6.77494127946079
3_193955001_194005000	3	193980000.5	12.2506902449949
3_195645001_195695000	3	195670000.5	6.02587112127171
3_196475001_196525000	3	196500000.5	5.60402479854741
3_197015001_197065000	3	197040000.5	9.5442294100929
3_197405001_197455000	3	197430000.5	11.6568769835876
3_197415001_197465000	3	197440000.5	12.2019741768998
3_197700001_197750000	3	197725000.5	9.00520676691792
3_198535001_198585000	3	198560000.5	9.16010139952846
3_198630001_198680000	3	198655000.5	51.6085284423694
3_199055001_199105000	3	199080000.5	6.07319860155468
3_199215001_199265000	3	199240000.5	9.89766682692039
3_00830001_00880000	3	855000.5	9.84765125955926
3_00865001_00915000	3	890000.5	6.87574428046548
3_01285001_01335000	3	1310000.5	9.75793980124422
3_02200001_02250000	3	2225000.5	34.7155724378232
3_03270001_03320000	3	3295000.5	14.8950580377959
3_05060001_05110000	3	5085000.5	17.4357039788281
3_05860001_05910000	3	5885000.5	5.7399977032328
3_08445001_08495000	3	8470000.5	5.49085326803845
3_08505001_08555000	3	8530000.5	11.9566826140662
3_11005001_11055000	3	11030000.5	11.716073971598
3_11010001_11060000	3	11035000.5	7.75545771609939
3_12790001_12840000	3	12815000.5	6.46554195661219
3_12960001_13010000	3	12985000.5	8.1605388262829
3_12985001_13035000	3	13010000.5	6.24081728024396
3_13960001_14010000	3	13985000.5	6.7754997607187
3_15570001_15620000	3	15595000.5	10.0444495373574
3_15915001_15965000	3	15940000.5	12.2774460384493
3_17225001_17275000	3	17250000.5	5.55269835061029
3_19325001_19375000	3	19350000.5	7.06872293780987
3_19945001_19995000	3	19970000.5	5.93647546226782
3_200250001_200300000	3	200275000.5	6.33912682951257
3_200935001_200985000	3	200960000.5	6.01200288163918
3_200965001_201015000	3	200990000.5	13.4470636029475
3_200970001_201020000	3	200995000.5	5.54453640049485
3_201005001_201055000	3	201030000.5	12.6453233749226
3_201010001_201060000	3	201035000.5	5.53912677681413
3_201460001_201510000	3	201485000.5	14.0144417743936
3_202360001_202410000	3	202385000.5	6.66669182943792
3_203265001_203315000	3	203290000.5	22.5620673291103
3_203285001_203335000	3	203310000.5	28.1613366369527
3_212600001_212650000	3	212625000.5	8.04506844719964
3_213115001_213165000	3	213140000.5	8.82285345927141
3_217005001_217055000	3	217030000.5	6.05299049021721
3_218215001_218265000	3	218240000.5	5.98915002546892
3_25120001_25170000	3	25145000.5	6.2539522913188
3_25460001_25510000	3	25485000.5	11.8513035869179
3_223225001_223275000	3	223250000.5	6.11860237537354
3_224735001_224785000	3	224760000.5	5.54819686513582
3_224925001_224975000	3	224950000.5	5.56247594527014
3_224960001_225010000	3	224985000.5	5.71737581237142
3_225035001_225085000	3	225060000.5	11.819012478855
3_225070001_225120000	3	225095000.5	10.1559622412078
3_225260001_225310000	3	225285000.5	6.66910264041951
3_225395001_225445000	3	225420000.5	5.51845308048672
3_225495001_225545000	3	225520000.5	10.2442869412878
3_225500001_225550000	3	225525000.5	6.98262642387829
3_225505001_225555000	3	225530000.5	8.25278888804212
3_226425001_226475000	3	226450000.5	7.17895620585006
3_226635001_226685000	3	226660000.5	6.98455081616817
3_226850001_226900000	3	226875000.5	15.0233166359783
3_227975001_228025000	3	228000000.5	6.50664959405049
3_228360001_228410000	3	228385000.5	5.5677231049205
3_229200001_229250000	3	229225000.5	12.245131160686
3_229430001_229480000	3	229455000.5	5.86694380551893
3_230125001_230175000	3	230150000.5	7.35803078647899
3_230510001_230560000	3	230535000.5	5.80069156235288
3_230650001_230700000	3	230675000.5	7.49293952211826
3_230885001_230935000	3	230910000.5	11.7250903997935
3_230895001_230945000	3	230920000.5	5.94845643059273
3_231365001_231415000	3	231390000.5	7.72459153720865
3_231440001_231490000	3	231465000.5	9.45781236890082
3_232480001_232530000	3	232505000.5	9.98347252370212
3_232765001_232815000	3	232790000.5	8.23489703305523
3_233410001_233460000	3	233435000.5	7.4258797194085
3_56295001_56345000	3	56320000.5	5.49721400580444
3_59395001_59445000	3	59420000.5	9.74248204342493
3_59400001_59450000	3	59425000.5	8.70529930170679
3_59475001_59525000	3	59500000.5	5.54108438955581
3_59520001_59570000	3	59545000.5	7.40462824646578
3_60390001_60440000	3	60415000.5	6.23642095314
3_60470001_60520000	3	60495000.5	19.7430194255779
3_60475001_60525000	3	60500000.5	11.1409451771586
3_68740001_68790000	3	68765000.5	14.5048939400826
3_85450001_85500000	3	85475000.5	8.63878978401124
3_85965001_86015000	3	85990000.5	5.73569782989756
3_87085001_87135000	3	87110000.5	6.05409505955049
3_87570001_87620000	3	87595000.5	5.71157755397942
3_87795001_87845000	3	87820000.5	6.34714366855474
3_87855001_87905000	3	87880000.5	6.31462634835469
3_90630001_90680000	3	90655000.5	7.31207075403523
3_92885001_92935000	3	92910000.5	5.84171622625271
3_97765001_97815000	3	97790000.5	5.6883236418694
4_101370001_101420000	4	101395000.5	9.92752530457673
4_118295001_118345000	4	118320000.5	6.37475492863243
4_119815001_119865000	4	119840000.5	5.83626798363758
4_124230001_124280000	4	124255000.5	6.12536772165708
4_129750001_129800000	4	129775000.5	6.43308465979192
4_129770001_129820000	4	129795000.5	6.63631786304654
4_133830001_133880000	4	133855000.5	10.2255441248352
4_134145001_134195000	4	134170000.5	14.0131319126986
4_134155001_134205000	4	134180000.5	6.71696324566972
4_134565001_134615000	4	134590000.5	6.8690648274158
4_134915001_134965000	4	134940000.5	6.53757204156352
4_134950001_135000000	4	134975000.5	15.186274969477
4_135145001_135195000	4	135170000.5	12.1959106607965
4_141255001_141305000	4	141280000.5	7.92421910195242
4_141405001_141455000	4	141430000.5	7.59895472342851
4_141540001_141590000	4	141565000.5	8.5900778669685
4_141745001_141795000	4	141770000.5	6.21622935578205
4_142425001_142475000	4	142450000.5	5.99154691674323
4_142510001_142560000	4	142535000.5	8.68000506988926
4_142630001_142680000	4	142655000.5	8.56299171243609
4_142755001_142805000	4	142780000.5	7.1619663524632
4_142805001_142855000	4	142830000.5	7.79577449398283
4_143300001_143350000	4	143325000.5	7.00319952612739
4_143425001_143475000	4	143450000.5	6.88981473395381
4_144760001_144810000	4	144785000.5	26.3434177107778
4_144795001_144845000	4	144820000.5	13.0578185401685
4_145130001_145180000	4	145155000.5	6.39521747947694
4_145140001_145190000	4	145165000.5	9.63950515002597
4_145145001_145195000	4	145170000.5	10.6545622651382
4_145165001_145215000	4	145190000.5	6.91563016807152
4_145185001_145235000	4	145210000.5	12.2249347620117
4_145215001_145265000	4	145240000.5	8.37469690404345
4_145315001_145365000	4	145340000.5	23.0806155816302
4_145320001_145370000	4	145345000.5	7.98981970873064
4_145355001_145405000	4	145380000.5	16.2196408278597
4_145435001_145485000	4	145460000.5	8.85308796933734
4_145450001_145500000	4	145475000.5	5.56223888650209
4_145475001_145525000	4	145500000.5	12.0396536165026
4_145685001_145735000	4	145710000.5	6.50787745515282
4_146135001_146185000	4	146160000.5	7.35241828742272
4_147185001_147235000	4	147210000.5	11.1947725526994
4_153425001_153475000	4	153450000.5	20.2063359099842
4_153545001_153595000	4	153570000.5	10.8281889690837
4_153555001_153605000	4	153580000.5	7.98535598970619
4_153625001_153675000	4	153650000.5	7.69331405445075
4_153645001_153695000	4	153670000.5	6.46622921691528
4_153675001_153725000	4	153700000.5	10.5203953904719
4_153765001_153815000	4	153790000.5	9.49582768409766
4_153840001_153890000	4	153865000.5	11.9540460315087
4_153845001_153895000	4	153870000.5	6.4113059373027
4_153875001_153925000	4	153900000.5	6.17174539860713
4_153895001_153945000	4	153920000.5	8.54057272359239
4_154290001_154340000	4	154315000.5	5.75587327371909
4_155115001_155165000	4	155140000.5	7.98381352742729
4_155120001_155170000	4	155145000.5	6.49811400822188
4_157645001_157695000	4	157670000.5	25.0015480729021
4_158405001_158455000	4	158430000.5	21.1869519719467
4_158450001_158500000	4	158475000.5	11.7787460428158
4_158455001_158505000	4	158480000.5	7.37634517963477
4_159450001_159500000	4	159475000.5	5.70184650818828
4_159530001_159580000	4	159555000.5	9.66743981773732
4_160880001_160930000	4	160905000.5	11.3608122251802
4_163490001_163540000	4	163515000.5	7.42008481615881
4_163500001_163550000	4	163525000.5	20.796088605785
4_163505001_163555000	4	163530000.5	16.3710880002975
4_163515001_163565000	4	163540000.5	7.25522147487141
4_165370001_165420000	4	165395000.5	5.62503024482618
4_165505001_165555000	4	165530000.5	5.62506948058245
4_165660001_165710000	4	165685000.5	8.90425343386005
4_170115001_170165000	4	170140000.5	8.71701239055079
4_172585001_172635000	4	172610000.5	6.43142459392703
4_172880001_172930000	4	172905000.5	7.11105744177343
4_172895001_172945000	4	172920000.5	6.74784200725855
4_172915001_172965000	4	172940000.5	8.33591096072956
4_173465001_173515000	4	173490000.5	18.8284442905189
4_173855001_173905000	4	173880000.5	7.85041516895694
4_176965001_177015000	4	176990000.5	7.53528495618355
4_177900001_177950000	4	177925000.5	7.19461436995869
4_181545001_181595000	4	181570000.5	9.96154820642028
4_181685001_181735000	4	181710000.5	14.8750585151672
4_182945001_182995000	4	182970000.5	7.44408645291088
4_183910001_183960000	4	183935000.5	7.10737891707424
4_183950001_184000000	4	183975000.5	6.13645528079803
4_183965001_184015000	4	183990000.5	9.92913774116079
4_195525001_195575000	4	195550000.5	6.04092350421342
4_195940001_195990000	4	195965000.5	9.81304951932793
4_196030001_196080000	4	196055000.5	5.73708557734727
4_196095001_196145000	4	196120000.5	9.93329057446294
4_198315001_198365000	4	198340000.5	5.92782076229341
4_199125001_199175000	4	199150000.5	8.91863196540231
4_199200001_199250000	4	199225000.5	5.53569026209362
4_199245001_199295000	4	199270000.5	31.6282235870901
4_199590001_199640000	4	199615000.5	16.5207752230529
4_199595001_199645000	4	199620000.5	13.7338354363345
4_199850001_199900000	4	199875000.5	5.97337512229007
4_05255001_05305000	4	5280000.5	15.5286078854114
4_05470001_05520000	4	5495000.5	6.29991819882889
4_06025001_06075000	4	6050000.5	5.53232035556277
4_08965001_09015000	4	8990000.5	12.8214670684943
4_09010001_09060000	4	9035000.5	5.61476678175143
4_09485001_09535000	4	9510000.5	6.30787845271902
4_09665001_09715000	4	9690000.5	7.17874958963603
4_09800001_09850000	4	9825000.5	6.2688033752172
4_10645001_10695000	4	10670000.5	9.08953415944984
4_10835001_10885000	4	10860000.5	6.78150834003202
4_10840001_10890000	4	10865000.5	12.2882415284431
4_12565001_12615000	4	12590000.5	8.0023771200099
4_13340001_13390000	4	13365000.5	6.10287663654174
4_13450001_13500000	4	13475000.5	5.89547286609195
4_14820001_14870000	4	14845000.5	10.6971410635812
4_19410001_19460000	4	19435000.5	6.09669886403555
4_19670001_19720000	4	19695000.5	6.40305454710892
4_200010001_200060000	4	200035000.5	12.3635230450963
4_200605001_200655000	4	200630000.5	5.66569864265881
4_204195001_204245000	4	204220000.5	9.78969677729032
4_207300001_207350000	4	207325000.5	12.4080021738337
4_207310001_207360000	4	207335000.5	8.72261626350996
4_208135001_208185000	4	208160000.5	6.06470723750749
4_209540001_209590000	4	209565000.5	8.44397349213385
4_210165001_210215000	4	210190000.5	7.98463306043959
4_212295001_212345000	4	212320000.5	8.51197056745718
4_212365001_212415000	4	212390000.5	7.54179741456207
4_212395001_212445000	4	212420000.5	10.1423116816427
4_212490001_212540000	4	212515000.5	10.0417768810494
4_212495001_212545000	4	212520000.5	6.68927416582122
4_217705001_217755000	4	217730000.5	5.50560889226819
4_219985001_220035000	4	220010000.5	10.5599858675716
4_219995001_220045000	4	220020000.5	9.26734297520375
4_22020001_22070000	4	22045000.5	5.56576715969021
4_22065001_22115000	4	22090000.5	6.20913332590862
4_24720001_24770000	4	24745000.5	7.14170461321277
4_29490001_29540000	4	29515000.5	5.51058274584466
4_30870001_30920000	4	30895000.5	5.97477009201612
4_31035001_31085000	4	31060000.5	14.5001273117707
4_31080001_31130000	4	31105000.5	6.9255295266525
4_31915001_31965000	4	31940000.5	8.53404588599844
4_32875001_32925000	4	32900000.5	31.6957035888997
4_32905001_32955000	4	32930000.5	11.1605699381355
4_33685001_33735000	4	33710000.5	9.58656635063215
4_33895001_33945000	4	33920000.5	9.86178552590002
4_35315001_35365000	4	35340000.5	6.84926427640141
4_35390001_35440000	4	35415000.5	6.57657599719812
4_35630001_35680000	4	35655000.5	7.7483941916704
4_36670001_36720000	4	36695000.5	5.50699299594123
4_38720001_38770000	4	38745000.5	5.83297748672709
4_39395001_39445000	4	39420000.5	8.13498101115891
4_39920001_39970000	4	39945000.5	5.67304769154481
4_39925001_39975000	4	39950000.5	14.0537950821493
4_220720001_220770000	4	220745000.5	8.44701083265176
4_220725001_220775000	4	220750000.5	7.78855825048646
4_222625001_222675000	4	222650000.5	20.338615699512
4_222630001_222680000	4	222655000.5	12.5189640739659
4_222680001_222730000	4	222705000.5	8.8016654208503
4_223800001_223850000	4	223825000.5	8.06897571731616
4_223830001_223880000	4	223855000.5	6.74106594999449
4_223880001_223930000	4	223905000.5	5.72936912291087
4_224455001_224505000	4	224480000.5	6.86605295348244
4_226280001_226330000	4	226305000.5	7.030109829769
4_229040001_229090000	4	229065000.5	7.12949227300652
4_229165001_229215000	4	229190000.5	5.81981567784322
4_230360001_230410000	4	230385000.5	7.73099386859082
4_231230001_231280000	4	231255000.5	9.27979358202123
4_233780001_233830000	4	233805000.5	5.50089263703933
4_237010001_237060000	4	237035000.5	6.19650651976178
4_239405001_239455000	4	239430000.5	8.11368434182612
4_242860001_242910000	4	242885000.5	7.19896025140349
4_244680001_244730000	4	244705000.5	6.03660741537715
4_42625001_42675000	4	42650000.5	6.68206917805864
4_43805001_43855000	4	43830000.5	6.15748878888985
4_46920001_46970000	4	46945000.5	8.03552984201045
4_47790001_47840000	4	47815000.5	11.5633409533388
4_50350001_50400000	4	50375000.5	7.63824952965166
4_52010001_52060000	4	52035000.5	5.89045024172563
4_57725001_57775000	4	57750000.5	6.28612859427537
4_57920001_57970000	4	57945000.5	5.67110241452622
4_57960001_58010000	4	57985000.5	8.66001215876
4_70765001_70815000	4	70790000.5	6.13648452011432
4_73720001_73770000	4	73745000.5	6.51013263958032
4_93360001_93410000	4	93385000.5	6.90323434553133
5_100160001_100210000	5	100185000.5	5.85865805666725
5_132605001_132655000	5	132630000.5	5.78842190383415
5_133240001_133290000	5	133265000.5	6.50171496728905
5_134180001_134230000	5	134205000.5	8.57297867486682
5_134185001_134235000	5	134210000.5	7.57368681986418
5_134210001_134260000	5	134235000.5	6.44746494124286
5_136460001_136510000	5	136485000.5	8.50193761689661
5_139490001_139540000	5	139515000.5	5.53943207323374
5_139630001_139680000	5	139655000.5	13.425324865449
5_139830001_139880000	5	139855000.5	5.6856325113807
5_139850001_139900000	5	139875000.5	9.97513969506298
5_139895001_139945000	5	139920000.5	10.4144762789695
5_139900001_139950000	5	139925000.5	6.75537779980129
5_140765001_140815000	5	140790000.5	5.49714916234853
5_141120001_141170000	5	141145000.5	9.29701490814688
5_144540001_144590000	5	144565000.5	7.91797683926808
5_144800001_144850000	5	144825000.5	7.480776114609
5_149475001_149525000	5	149500000.5	5.93223181749386
5_150160001_150210000	5	150185000.5	5.92540920136662
5_154585001_154635000	5	154610000.5	7.04836735579795
5_154645001_154695000	5	154670000.5	5.54614593968387
5_155120001_155170000	5	155145000.5	7.74375755552592
5_161395001_161445000	5	161420000.5	5.62021572033854
5_181160001_181210000	5	181185000.5	7.93102477773954
5_182200001_182250000	5	182225000.5	7.03351398061102
5_183855001_183905000	5	183880000.5	5.64310872203544
5_184370001_184420000	5	184395000.5	5.5479660686068
5_186130001_186180000	5	186155000.5	7.72261686023717
5_186135001_186185000	5	186160000.5	13.1742860596279
5_186605001_186655000	5	186630000.5	6.58669970964934
5_187195001_187245000	5	187220000.5	5.65726205149394
5_192390001_192440000	5	192415000.5	13.1576984520532
5_192395001_192445000	5	192420000.5	6.19000296078016
5_193840001_193890000	5	193865000.5	6.27291653652537
5_194685001_194735000	5	194710000.5	8.63022283857521
5_194695001_194745000	5	194720000.5	6.07596623193001
5_194780001_194830000	5	194805000.5	29.6735157378064
5_194935001_194985000	5	194960000.5	6.13851767593269
5_194950001_195000000	5	194975000.5	5.91610935161481
5_196390001_196440000	5	196415000.5	5.5753747795481
5_196805001_196855000	5	196830000.5	6.62732946296697
5_197500001_197550000	5	197525000.5	7.60655508564321
5_01505001_01555000	5	1530000.5	6.10636367295598
5_04890001_04940000	5	4915000.5	8.3661109508754
5_04910001_04960000	5	4935000.5	14.3924488464967
5_05650001_05700000	5	5675000.5	16.9643707706301
5_05655001_05705000	5	5680000.5	12.9096463650646
5_06010001_06060000	5	6035000.5	6.66628439388398
5_07500001_07550000	5	7525000.5	7.46284855822807
5_09315001_09365000	5	9340000.5	5.86733905759979
5_14130001_14180000	5	14155000.5	12.8177662752332
5_14430001_14480000	5	14455000.5	5.86310355023204
5_14765001_14815000	5	14790000.5	5.48230177778993
5_14910001_14960000	5	14935000.5	6.26448253290718
5_14925001_14975000	5	14950000.5	8.55539914123295
5_15305001_15355000	5	15330000.5	5.62956042349873
5_15310001_15360000	5	15335000.5	6.00013564780477
5_16280001_16330000	5	16305000.5	6.2874053395978
5_16520001_16570000	5	16545000.5	6.10883094909684
5_16575001_16625000	5	16600000.5	17.228329228003
5_16625001_16675000	5	16650000.5	6.93913600474417
5_18580001_18630000	5	18605000.5	7.14775910083745
5_205305001_205355000	5	205330000.5	5.62766418625961
5_206500001_206550000	5	206525000.5	12.1893888216056
5_207370001_207420000	5	207395000.5	6.0709196945306
5_208850001_208900000	5	208875000.5	8.28203415513235
5_208855001_208905000	5	208880000.5	6.67674920283065
5_212630001_212680000	5	212655000.5	6.71132128620616
5_213420001_213470000	5	213445000.5	5.89478288522321
5_213750001_213800000	5	213775000.5	9.26835921262159
5_213945001_213995000	5	213970000.5	6.31417946121383
5_214040001_214090000	5	214065000.5	6.16744550084763
5_216170001_216220000	5	216195000.5	9.40653024062215
5_218500001_218550000	5	218525000.5	9.6582339328142
5_20190001_20240000	5	20215000.5	6.30707150692103
5_23555001_23605000	5	23580000.5	5.85842246054608
5_25075001_25125000	5	25100000.5	7.62347811056532
5_25655001_25705000	5	25680000.5	6.72656442334272
5_27690001_27740000	5	27715000.5	5.52778214438356
5_28410001_28460000	5	28435000.5	5.69325321770032
5_32060001_32110000	5	32085000.5	7.62707228664488
5_32105001_32155000	5	32130000.5	7.09556907911673
5_32495001_32545000	5	32520000.5	8.74263907354623
5_33570001_33620000	5	33595000.5	13.260222959635
5_33600001_33650000	5	33625000.5	6.14023302337284
5_35175001_35225000	5	35200000.5	6.08769618709584
5_35200001_35250000	5	35225000.5	9.20254745697446
5_35205001_35255000	5	35230000.5	14.4758459214059
5_35225001_35275000	5	35250000.5	5.76500532398609
5_35260001_35310000	5	35285000.5	9.8865541824477
5_36180001_36230000	5	36205000.5	7.05996010165399
5_38935001_38985000	5	38960000.5	5.97779160666178
5_39515001_39565000	5	39540000.5	5.95717968138723
5_39645001_39695000	5	39670000.5	7.3830764378977
5_223370001_223420000	5	223395000.5	5.71479945954661
5_223415001_223465000	5	223440000.5	6.20776639684425
5_42690001_42740000	5	42715000.5	6.45509915950475
5_44010001_44060000	5	44035000.5	14.2776627114528
5_44015001_44065000	5	44040000.5	7.97876032321125
5_44275001_44325000	5	44300000.5	30.3508778923419
5_44290001_44340000	5	44315000.5	19.5864151779201
5_44950001_45000000	5	44975000.5	5.77652110832605
5_44995001_45045000	5	45020000.5	15.8845881084096
5_45005001_45055000	5	45030000.5	5.56348575205645
5_45040001_45090000	5	45065000.5	8.06196258892834
5_45060001_45110000	5	45085000.5	6.43123258776518
5_45125001_45175000	5	45150000.5	10.7080450745689
5_45160001_45210000	5	45185000.5	19.4205808490213
5_45245001_45295000	5	45270000.5	13.8230507251387
5_45300001_45350000	5	45325000.5	13.9025937059782
5_45310001_45360000	5	45335000.5	12.3597457157199
5_45330001_45380000	5	45355000.5	11.5114549672526
5_45345001_45395000	5	45370000.5	21.9447689414164
5_45365001_45415000	5	45390000.5	13.7249204316753
5_45405001_45455000	5	45430000.5	8.59392454760257
5_45425001_45475000	5	45450000.5	7.55525690141127
5_45505001_45555000	5	45530000.5	5.92766846043298
5_45570001_45620000	5	45595000.5	11.653074510622
5_45625001_45675000	5	45650000.5	15.0389845041645
5_45630001_45680000	5	45655000.5	13.6174362984073
5_45850001_45900000	5	45875000.5	7.90087192565721
5_45945001_45995000	5	45970000.5	6.79796024730129
5_46355001_46405000	5	46380000.5	5.71918421418658
5_46550001_46600000	5	46575000.5	20.1890582797176
5_46665001_46715000	5	46690000.5	21.6925064890926
5_46755001_46805000	5	46780000.5	11.7295317540154
5_46920001_46970000	5	46945000.5	37.6389104179921
5_46925001_46975000	5	46950000.5	11.6221129686159
5_46970001_47020000	5	46995000.5	5.75845812856966
5_47010001_47060000	5	47035000.5	5.78790680121176
5_47015001_47065000	5	47040000.5	8.44963006597862
5_47055001_47105000	5	47080000.5	11.5476529898978
5_47100001_47150000	5	47125000.5	9.99656830007265
5_47130001_47180000	5	47155000.5	20.5932569334823
5_47215001_47265000	5	47240000.5	6.60646348259451
5_47250001_47300000	5	47275000.5	14.7713748323548
5_47265001_47315000	5	47290000.5	14.1419778679179
5_47280001_47330000	5	47305000.5	45.137010757024
5_47295001_47345000	5	47320000.5	26.8240924080461
5_47300001_47350000	5	47325000.5	10.1026308902021
5_47305001_47355000	5	47330000.5	42.6648464091787
5_47400001_47450000	5	47425000.5	30.9183266434297
5_47405001_47455000	5	47430000.5	28.9379294335436
5_47410001_47460000	5	47435000.5	32.2639511891173
5_47415001_47465000	5	47440000.5	23.9480735400988
5_47440001_47490000	5	47465000.5	10.0555187885857
5_47460001_47510000	5	47485000.5	35.756988475912
5_47480001_47530000	5	47505000.5	44.3627665280657
5_47485001_47535000	5	47510000.5	57.2716774908754
5_47495001_47545000	5	47520000.5	25.0588939872031
5_47505001_47555000	5	47530000.5	11.5025133721859
5_47515001_47565000	5	47540000.5	10.6919905296142
5_47525001_47575000	5	47550000.5	23.6808145742093
5_47540001_47590000	5	47565000.5	6.19889151618219
5_47560001_47610000	5	47585000.5	24.3057645686421
5_47570001_47620000	5	47595000.5	16.0898343252219
5_47575001_47625000	5	47600000.5	9.88146653679911
5_47580001_47630000	5	47605000.5	20.7951106131445
5_47585001_47635000	5	47610000.5	51.9913628509644
5_47620001_47670000	5	47645000.5	5.83255432738974
5_47625001_47675000	5	47650000.5	5.90066415491492
5_47650001_47700000	5	47675000.5	47.6127902688219
5_47665001_47715000	5	47690000.5	27.0644551594043
5_47675001_47725000	5	47700000.5	35.667156196458
5_47680001_47730000	5	47705000.5	27.2910152633083
5_47695001_47745000	5	47720000.5	11.5669627077721
5_47700001_47750000	5	47725000.5	13.2394392247658
5_47710001_47760000	5	47735000.5	6.1669223790432
5_47715001_47765000	5	47740000.5	68.5352701663404
5_47720001_47770000	5	47745000.5	57.3353117673358
5_47730001_47780000	5	47755000.5	55.512439232875
5_47735001_47785000	5	47760000.5	17.3922183004417
5_47755001_47805000	5	47780000.5	6.74599379551893
5_47780001_47830000	5	47805000.5	55.9176892909325
5_47785001_47835000	5	47810000.5	15.2441921922839
5_47795001_47845000	5	47820000.5	26.9264488264084
5_47805001_47855000	5	47830000.5	17.5217050490666
5_47825001_47875000	5	47850000.5	35.2994348853733
5_47830001_47880000	5	47855000.5	68.7863036246276
5_47840001_47890000	5	47865000.5	72.689794862257
5_47845001_47895000	5	47870000.5	16.086565460849
5_47850001_47900000	5	47875000.5	9.93692265571229
5_47855001_47905000	5	47880000.5	15.0970421666473
5_47870001_47920000	5	47895000.5	25.2586851821405
5_47875001_47925000	5	47900000.5	6.39274942522704
5_47895001_47945000	5	47920000.5	41.7213621342652
5_47900001_47950000	5	47925000.5	8.26756637856943
5_47905001_47955000	5	47930000.5	16.6546171493585
5_47910001_47960000	5	47935000.5	18.8905896469668
5_47915001_47965000	5	47940000.5	20.1111277928031
5_47920001_47970000	5	47945000.5	75.3367661471991
5_47935001_47985000	5	47960000.5	23.0889219655866
5_47940001_47990000	5	47965000.5	102.099871796224
5_47960001_48010000	5	47985000.5	6.71631897675161
5_47965001_48015000	5	47990000.5	80.94979060765
5_47975001_48025000	5	48000000.5	20.2292979305208
5_47985001_48035000	5	48010000.5	31.6844081274725
5_47995001_48045000	5	48020000.5	76.5607269786303
5_48005001_48055000	5	48030000.5	17.2130770137152
5_48015001_48065000	5	48040000.5	8.58006919855825
5_48030001_48080000	5	48055000.5	47.3719895492862
5_48040001_48090000	5	48065000.5	11.5482405916229
5_48045001_48095000	5	48070000.5	15.2209465516144
5_48055001_48105000	5	48080000.5	45.3246584429027
5_48060001_48110000	5	48085000.5	41.3967530771823
5_48095001_48145000	5	48120000.5	23.6321039809851
5_48120001_48170000	5	48145000.5	27.7710785003692
5_48130001_48180000	5	48155000.5	19.5540194252798
5_48155001_48205000	5	48180000.5	13.0463786003556
5_48160001_48210000	5	48185000.5	12.2501650944968
5_48165001_48215000	5	48190000.5	24.799934841914
5_48195001_48245000	5	48220000.5	23.1976630843103
5_48210001_48260000	5	48235000.5	10.8256635338173
5_48215001_48265000	5	48240000.5	16.8284271005592
5_48230001_48280000	5	48255000.5	6.93340737152377
5_48240001_48290000	5	48265000.5	6.69106213160458
5_48260001_48310000	5	48285000.5	12.0230627640365
5_48285001_48335000	5	48310000.5	6.00897777173259
5_48295001_48345000	5	48320000.5	9.45101299612975
5_48300001_48350000	5	48325000.5	6.22636723030485
5_48320001_48370000	5	48345000.5	14.407982645715
5_48325001_48375000	5	48350000.5	5.96988228037745
5_48370001_48420000	5	48395000.5	39.8285893790615
5_48400001_48450000	5	48425000.5	6.18440799314601
5_48415001_48465000	5	48440000.5	5.84213564239741
5_50045001_50095000	5	50070000.5	6.54798401183149
5_50095001_50145000	5	50120000.5	6.14318595706109
5_50105001_50155000	5	50130000.5	19.028395343745
5_50110001_50160000	5	50135000.5	18.779343109793
5_50115001_50165000	5	50140000.5	6.9701501936284
5_50180001_50230000	5	50205000.5	6.36852067904454
5_50210001_50260000	5	50235000.5	20.5610612669427
5_50220001_50270000	5	50245000.5	20.7404687209571
5_50225001_50275000	5	50250000.5	20.8978154176084
5_59375001_59425000	5	59400000.5	6.47788814183338
5_59695001_59745000	5	59720000.5	6.90297672290359
5_59700001_59750000	5	59725000.5	7.49342579265041
5_59760001_59810000	5	59785000.5	21.2936813834775
5_59765001_59815000	5	59790000.5	29.6729171044185
5_59770001_59820000	5	59795000.5	22.4783708207389
5_59775001_59825000	5	59800000.5	5.66093240578749
5_59785001_59835000	5	59810000.5	11.8785619866136
5_59795001_59845000	5	59820000.5	6.0174259807975
5_60290001_60340000	5	60315000.5	6.70432275224732
5_60335001_60385000	5	60360000.5	6.83285138246919
5_60340001_60390000	5	60365000.5	6.52867941551472
5_60350001_60400000	5	60375000.5	9.21015060247998
5_60365001_60415000	5	60390000.5	17.9286907905958
5_60395001_60445000	5	60420000.5	26.3529703838076
5_60450001_60500000	5	60475000.5	27.4854227991476
5_60455001_60505000	5	60480000.5	32.224449639058
5_60460001_60510000	5	60485000.5	35.8272748365352
5_60465001_60515000	5	60490000.5	15.3655866841736
5_60480001_60530000	5	60505000.5	14.721145700621
5_60485001_60535000	5	60510000.5	23.553266600983
5_60510001_60560000	5	60535000.5	68.5607905263611
5_60675001_60725000	5	60700000.5	8.7201544833643
5_60735001_60785000	5	60760000.5	19.6095144719128
5_60740001_60790000	5	60765000.5	13.3878515067574
5_60745001_60795000	5	60770000.5	15.7808728440948
5_60825001_60875000	5	60850000.5	7.31657851040359
5_60835001_60885000	5	60860000.5	16.997580987702
5_60845001_60895000	5	60870000.5	28.3515311072858
5_60850001_60900000	5	60875000.5	93.5058620028891
5_60855001_60905000	5	60880000.5	39.1867293853095
5_60865001_60915000	5	60890000.5	19.7363570521892
5_60920001_60970000	5	60945000.5	23.870527263629
5_60930001_60980000	5	60955000.5	9.80486978793812
5_61060001_61110000	5	61085000.5	7.5171250999025
5_61755001_61805000	5	61780000.5	7.24819291519492
5_62660001_62710000	5	62685000.5	7.64629289414563
5_68765001_68815000	5	68790000.5	5.73540680296941
5_73045001_73095000	5	73070000.5	13.7360439167953
5_73070001_73120000	5	73095000.5	9.06825261858398
5_73165001_73215000	5	73190000.5	8.71180338223849
5_73300001_73350000	5	73325000.5	8.20041597976729
5_73310001_73360000	5	73335000.5	12.4682579230257
5_73315001_73365000	5	73340000.5	8.43345781344465
5_73400001_73450000	5	73425000.5	5.83920811557277
5_73425001_73475000	5	73450000.5	8.71722141405041
5_73445001_73495000	5	73470000.5	8.73126636749271
5_73455001_73505000	5	73480000.5	5.928001003899
5_73470001_73520000	5	73495000.5	8.40757026433994
5_73515001_73565000	5	73540000.5	6.64396726230314
5_73530001_73580000	5	73555000.5	9.74423136279165
5_73545001_73595000	5	73570000.5	8.79857944794753
5_73560001_73610000	5	73585000.5	5.48208456071688
5_73575001_73625000	5	73600000.5	8.5648602083786
5_73600001_73650000	5	73625000.5	6.97519332797054
5_73635001_73685000	5	73660000.5	8.42570289539219
5_73655001_73705000	5	73680000.5	5.89487226666893
5_73675001_73725000	5	73700000.5	12.4622711183799
5_73680001_73730000	5	73705000.5	22.7948152720023
5_73690001_73740000	5	73715000.5	53.0073103830654
5_73715001_73765000	5	73740000.5	6.37551369222177
5_73730001_73780000	5	73755000.5	14.147702355723
5_73830001_73880000	5	73855000.5	13.3892645084391
5_74150001_74200000	5	74175000.5	5.99372593697882
5_74215001_74265000	5	74240000.5	10.8687601571356
5_74240001_74290000	5	74265000.5	23.0722091868561
5_74250001_74300000	5	74275000.5	5.51390596393696
5_74335001_74385000	5	74360000.5	6.67452755315117
5_74450001_74500000	5	74475000.5	28.0836623209677
5_74515001_74565000	5	74540000.5	7.89087243643723
5_74530001_74580000	5	74555000.5	8.47535995503608
5_74550001_74600000	5	74575000.5	17.8094306795339
5_74585001_74635000	5	74610000.5	17.9190985482421
5_74605001_74655000	5	74630000.5	6.33813693128275
5_74655001_74705000	5	74680000.5	8.41306068556486
5_74665001_74715000	5	74690000.5	5.99214940609056
5_74675001_74725000	5	74700000.5	5.66492088887037
5_74690001_74740000	5	74715000.5	14.6372780078793
5_75090001_75140000	5	75115000.5	12.4462658533158
5_75110001_75160000	5	75135000.5	19.1347648113335
5_75120001_75170000	5	75145000.5	23.8418219892432
5_75860001_75910000	5	75885000.5	5.75236320598208
5_79140001_79190000	5	79165000.5	6.26939938575896
5_80095001_80145000	5	80120000.5	5.79363598753866
5_80335001_80385000	5	80360000.5	8.00931451262409
5_80340001_80390000	5	80365000.5	9.18225047704436
5_81505001_81555000	5	81530000.5	6.43633015720249
5_81990001_82040000	5	82015000.5	6.58067184443485
5_82005001_82055000	5	82030000.5	6.56091094385511
5_82255001_82305000	5	82280000.5	11.7054704488121
5_82370001_82420000	5	82395000.5	11.834561886472
5_82390001_82440000	5	82415000.5	5.71047861832938
5_84960001_85010000	5	84985000.5	6.65024266499887
5_85605001_85655000	5	85630000.5	5.79557971143856
5_87050001_87100000	5	87075000.5	5.98450112184628
5_87395001_87445000	5	87420000.5	10.2367832380893
5_87405001_87455000	5	87430000.5	6.78731156021649
5_88315001_88365000	5	88340000.5	6.0736190491973
5_89280001_89330000	5	89305000.5	6.36921674304648
6_100055001_100105000	6	100080000.5	16.9534675509617
6_100060001_100110000	6	100085000.5	27.1438054333445
6_100110001_100160000	6	100135000.5	65.4736978346024
6_100135001_100185000	6	100160000.5	44.0625025892299
6_100585001_100635000	6	100610000.5	6.08257107868246
6_100600001_100650000	6	100625000.5	6.48510009628967
6_102955001_103005000	6	102980000.5	26.2706455833355
6_102965001_103015000	6	102990000.5	8.27920187939247
6_102990001_103040000	6	103015000.5	28.9496437018057
6_103055001_103105000	6	103080000.5	6.2543277404389
6_103085001_103135000	6	103110000.5	15.746654632388
6_103110001_103160000	6	103135000.5	40.8315901812598
6_103115001_103165000	6	103140000.5	29.0681729308816
6_103130001_103180000	6	103155000.5	57.8551080892616
6_103160001_103210000	6	103185000.5	15.6335909769157
6_103220001_103270000	6	103245000.5	43.4662529483804
6_103225001_103275000	6	103250000.5	14.5186244821643
6_103235001_103285000	6	103260000.5	15.1189371406243
6_103275001_103325000	6	103300000.5	7.22665407857812
6_103295001_103345000	6	103320000.5	28.0289523959341
6_103330001_103380000	6	103355000.5	7.79531349529555
6_103435001_103485000	6	103460000.5	6.09290479788547
6_106460001_106510000	6	106485000.5	6.24263767583943
6_108135001_108185000	6	108160000.5	5.5136497384654
6_110300001_110350000	6	110325000.5	8.98657270564908
6_110510001_110560000	6	110535000.5	16.4871291954113
6_110575001_110625000	6	110600000.5	7.34755056076222
6_114875001_114925000	6	114900000.5	8.91963059631883
6_118875001_118925000	6	118900000.5	6.38771195457014
6_118880001_118930000	6	118905000.5	15.3924702659426
6_118885001_118935000	6	118910000.5	6.44559596285745
6_121020001_121070000	6	121045000.5	9.55482278621537
6_121390001_121440000	6	121415000.5	7.3685316307506
6_126195001_126245000	6	126220000.5	6.42079161797142
6_127575001_127625000	6	127600000.5	7.19699270978583
6_129165001_129215000	6	129190000.5	6.33983163322819
6_129170001_129220000	6	129195000.5	5.55114304434545
6_129200001_129250000	6	129225000.5	10.6838814403509
6_129205001_129255000	6	129230000.5	18.1513542450264
6_129905001_129955000	6	129930000.5	6.27902524320791
6_132200001_132250000	6	132225000.5	5.54351400475542
6_134470001_134520000	6	134495000.5	5.67762173430179
6_134625001_134675000	6	134650000.5	6.58984394945182
6_137930001_137980000	6	137955000.5	13.4683447280138
6_138025001_138075000	6	138050000.5	6.89512902842625
6_138030001_138080000	6	138055000.5	5.60355586941489
6_138970001_139020000	6	138995000.5	8.2714093789512
6_147030001_147080000	6	147055000.5	7.32629382277617
6_147035001_147085000	6	147060000.5	6.00313353050282
6_147815001_147865000	6	147840000.5	8.42561039658381
6_147970001_148020000	6	147995000.5	5.85225183500654
6_151375001_151425000	6	151400000.5	7.48257094773027
6_151385001_151435000	6	151410000.5	10.2829921991856
6_154070001_154120000	6	154095000.5	5.5653646985742
6_154510001_154560000	6	154535000.5	7.14678540687368
6_157970001_158020000	6	157995000.5	5.93934541915121
6_161200001_161250000	6	161225000.5	17.045144745043
6_165670001_165720000	6	165695000.5	6.35907764262367
6_167645001_167695000	6	167670000.5	8.50975244274071
6_169185001_169235000	6	169210000.5	6.48727899041404
6_170670001_170720000	6	170695000.5	6.07702509963337
6_00220001_00270000	6	245000.5	6.1848246462597
6_01490001_01540000	6	1515000.5	5.59366128802247
6_05965001_06015000	6	5990000.5	6.17340843920812
6_19685001_19735000	6	19710000.5	7.07907460774561
6_25455001_25505000	6	25480000.5	6.46751943333294
6_30175001_30225000	6	30200000.5	7.8535601785012
6_38695001_38745000	6	38720000.5	5.58535320639942
6_38900001_38950000	6	38925000.5	7.29354042950814
6_65165001_65215000	6	65190000.5	9.42923762573156
6_66645001_66695000	6	66670000.5	7.26536123064454
6_69375001_69425000	6	69400000.5	6.00791108458012
6_69895001_69945000	6	69920000.5	11.3602880472109
6_79825001_79875000	6	79850000.5	8.55362068563454
6_79830001_79880000	6	79855000.5	6.00797301227914
6_79875001_79925000	6	79900000.5	20.6660437763913
6_79905001_79955000	6	79930000.5	13.3784144239631
6_80390001_80440000	6	80415000.5	8.44276524911277
6_80395001_80445000	6	80420000.5	12.5776984808739
6_87250001_87300000	6	87275000.5	7.08123473216244
6_89290001_89340000	6	89315000.5	8.10063579549194
6_90430001_90480000	6	90455000.5	5.79461652197665
6_90925001_90975000	6	90950000.5	10.9239840099694
6_90985001_91035000	6	91010000.5	7.98153235475056
6_95720001_95770000	6	95745000.5	13.4393500455603
6_96880001_96930000	6	96905000.5	11.9821338183354
6_96930001_96980000	6	96955000.5	16.3127204099862
6_97435001_97485000	6	97460000.5	5.65298605351461
6_98720001_98770000	6	98745000.5	5.50239891950571
6_99375001_99425000	6	99400000.5	15.1279643059904
6_99715001_99765000	6	99740000.5	7.7120247477294
7_101755001_101805000	7	101780000.5	6.13973888636073
7_101770001_101820000	7	101795000.5	8.63524083934544
7_101955001_102005000	7	101980000.5	6.78311121476429
7_102185001_102235000	7	102210000.5	5.84686941324918
7_103400001_103450000	7	103425000.5	8.13577290818284
7_103405001_103455000	7	103430000.5	6.98015896358118
7_103420001_103470000	7	103445000.5	9.1003997792692
7_103425001_103475000	7	103450000.5	15.665272321187
7_103430001_103480000	7	103455000.5	23.8297043528278
7_103440001_103490000	7	103465000.5	8.66733753328896
7_103450001_103500000	7	103475000.5	9.07259027277991
7_103455001_103505000	7	103480000.5	11.5539877495805
7_103465001_103515000	7	103490000.5	7.22202427205912
7_103470001_103520000	7	103495000.5	7.57304367139017
7_103500001_103550000	7	103525000.5	5.6520480100823
7_103505001_103555000	7	103530000.5	6.0472617822557
7_105115001_105165000	7	105140000.5	7.34246897345557
7_105890001_105940000	7	105915000.5	6.25087090293096
7_106935001_106985000	7	106960000.5	5.70143763412409
7_107910001_107960000	7	107935000.5	15.4648460023748
7_111560001_111610000	7	111585000.5	19.4454507081549
7_111575001_111625000	7	111600000.5	10.8032670288409
7_111605001_111655000	7	111630000.5	23.2897486051601
7_112440001_112490000	7	112465000.5	8.89822114254264
7_116080001_116130000	7	116105000.5	6.19392656611825
7_116380001_116430000	7	116405000.5	7.01669033444108
7_117235001_117285000	7	117260000.5	5.88666862519244
7_117325001_117375000	7	117350000.5	7.84189239121588
7_121160001_121210000	7	121185000.5	7.15263738885955
7_123340001_123390000	7	123365000.5	5.65847789089533
7_130065001_130115000	7	130090000.5	8.99873869963665
7_137705001_137755000	7	137730000.5	5.6690419462069
7_145295001_145345000	7	145320000.5	5.75363970375275
7_153590001_153640000	7	153615000.5	7.1905840454981
7_160345001_160395000	7	160370000.5	5.57724546768566
7_161055001_161105000	7	161080000.5	6.69165743356814
7_163525001_163575000	7	163550000.5	5.52279369966971
7_166340001_166390000	7	166365000.5	7.41154277558201
7_171935001_171985000	7	171960000.5	6.96954058406408
7_171940001_171990000	7	171965000.5	16.0888572206292
7_172130001_172180000	7	172155000.5	21.7765626872804
7_174790001_174840000	7	174815000.5	6.21364456530983
7_175850001_175900000	7	175875000.5	5.87920402917257
7_180085001_180135000	7	180110000.5	5.96841721827229
7_180225001_180275000	7	180250000.5	7.8601010266265
7_01270001_01320000	7	1295000.5	6.02744770282385
7_01620001_01670000	7	1645000.5	7.60446483065925
7_01830001_01880000	7	1855000.5	9.68621220423597
7_01860001_01910000	7	1885000.5	6.08780891132392
7_03115001_03165000	7	3140000.5	9.6021060162733
7_03415001_03465000	7	3440000.5	5.97211621288659
7_03500001_03550000	7	3525000.5	5.55131657662429
7_05085001_05135000	7	5110000.5	8.57139890495819
7_05095001_05145000	7	5120000.5	23.8391945664557
7_05140001_05190000	7	5165000.5	9.50458315503045
7_07485001_07535000	7	7510000.5	20.5577483775102
7_07495001_07545000	7	7520000.5	8.7544285133406
7_07500001_07550000	7	7525000.5	24.0625989975669
7_07505001_07555000	7	7530000.5	15.2382285482819
7_07540001_07590000	7	7565000.5	7.65912987877437
7_07750001_07800000	7	7775000.5	7.3812738172557
7_07850001_07900000	7	7875000.5	6.31647053124414
7_09580001_09630000	7	9605000.5	7.38120554948875
7_10240001_10290000	7	10265000.5	6.28537200105649
7_12095001_12145000	7	12120000.5	5.81237509479433
7_12355001_12405000	7	12380000.5	6.67170574935903
7_12360001_12410000	7	12385000.5	6.12269902634193
7_12960001_13010000	7	12985000.5	7.05091015720447
7_14160001_14210000	7	14185000.5	6.96305491652737
7_14420001_14470000	7	14445000.5	9.55221988101016
7_15695001_15745000	7	15720000.5	5.84483746643792
7_16180001_16230000	7	16205000.5	5.9390772084746
7_17765001_17815000	7	17790000.5	7.43875650440077
7_17885001_17935000	7	17910000.5	8.46444278170713
7_17995001_18045000	7	18020000.5	6.32198353399872
7_18430001_18480000	7	18455000.5	12.3285459040505
7_18635001_18685000	7	18660000.5	5.69748843706287
7_19325001_19375000	7	19350000.5	9.07846020500472
7_19735001_19785000	7	19760000.5	7.66964231670136
7_19775001_19825000	7	19800000.5	17.0089326544756
7_19795001_19845000	7	19820000.5	21.930504337724
7_21045001_21095000	7	21070000.5	6.59274193887308
7_25605001_25655000	7	25630000.5	6.17814316972436
7_31445001_31495000	7	31470000.5	5.94662236732529
7_40870001_40920000	7	40895000.5	10.8608683885975
7_40875001_40925000	7	40900000.5	17.8203143200881
7_40885001_40935000	7	40910000.5	6.02835191567613
7_40900001_40950000	7	40925000.5	7.59025622241134
7_40980001_41030000	7	41005000.5	6.88111623163141
7_40985001_41035000	7	41010000.5	5.66406591945653
7_41645001_41695000	7	41670000.5	8.55369235080616
7_41845001_41895000	7	41870000.5	7.60569615519057
7_74455001_74505000	7	74480000.5	5.64378179266976
7_91115001_91165000	7	91140000.5	5.77821982276714
7_92330001_92380000	7	92355000.5	5.70488980300478
7_92560001_92610000	7	92585000.5	6.44497552420714
7_92690001_92740000	7	92715000.5	6.45218743737831
7_92795001_92845000	7	92820000.5	7.72773774757326
7_92910001_92960000	7	92935000.5	17.5493467912073
7_92915001_92965000	7	92940000.5	18.0594179935784
7_92930001_92980000	7	92955000.5	6.08578232587774
7_92980001_93030000	7	93005000.5	6.93549757429949
7_93395001_93445000	7	93420000.5	9.26919483371304
7_93815001_93865000	7	93840000.5	18.3286096117143
7_93825001_93875000	7	93850000.5	7.47253139419882
7_93955001_94005000	7	93980000.5	5.61619697693999
7_94035001_94085000	7	94060000.5	5.74474145520611
7_94100001_94150000	7	94125000.5	6.54750720666061
7_94115001_94165000	7	94140000.5	9.26254317843464
7_94425001_94475000	7	94450000.5	16.4204107038025
7_94490001_94540000	7	94515000.5	6.96602878163864
7_94500001_94550000	7	94525000.5	8.81219635231537
7_94560001_94610000	7	94585000.5	6.05966713027317
7_94725001_94775000	7	94750000.5	7.90023666632271
7_94755001_94805000	7	94780000.5	5.64825100980636
7_94850001_94900000	7	94875000.5	6.24846068284893
7_96645001_96695000	7	96670000.5	9.32259311510677
7_96795001_96845000	7	96820000.5	6.28718854249962
7_96955001_97005000	7	96980000.5	6.28803190321725
7_97020001_97070000	7	97045000.5	7.03600551113209
7_98475001_98525000	7	98500000.5	9.214164606981
7_98995001_99045000	7	99020000.5	10.7009600038259
7_99000001_99050000	7	99025000.5	8.52847364267774
7_99265001_99315000	7	99290000.5	11.6562233020887
7_99640001_99690000	7	99665000.5	5.62067636471858
8_101100001_101150000	8	101125000.5	7.7873481680935
8_104475001_104525000	8	104500000.5	5.55896761326144
8_104555001_104605000	8	104580000.5	5.82020700051072
8_105190001_105240000	8	105215000.5	6.21593860434535
8_105535001_105585000	8	105560000.5	6.6213871939101
8_105610001_105660000	8	105635000.5	10.6806857029469
8_106035001_106085000	8	106060000.5	5.76443880325218
8_106700001_106750000	8	106725000.5	5.70738402777243
8_106705001_106755000	8	106730000.5	7.91876384233836
8_107085001_107135000	8	107110000.5	13.0000305998769
8_107100001_107150000	8	107125000.5	5.97341812584563
8_107350001_107400000	8	107375000.5	6.51682117963026
8_107420001_107470000	8	107445000.5	21.8306843096283
8_107445001_107495000	8	107470000.5	6.86105664257701
8_107505001_107555000	8	107530000.5	5.99179265968871
8_109230001_109280000	8	109255000.5	12.7304620915684
8_109460001_109510000	8	109485000.5	20.30223981908
8_109505001_109555000	8	109530000.5	7.91355621097193
8_109575001_109625000	8	109600000.5	16.5724080227286
8_109615001_109665000	8	109640000.5	19.1218721072346
8_109635001_109685000	8	109660000.5	12.4150146713447
8_109705001_109755000	8	109730000.5	14.5006205018464
8_109725001_109775000	8	109750000.5	5.77111195991222
8_109745001_109795000	8	109770000.5	5.81948538091467
8_109750001_109800000	8	109775000.5	6.9036991452781
8_109795001_109845000	8	109820000.5	11.4386548524331
8_109800001_109850000	8	109825000.5	10.792353308447
8_109810001_109860000	8	109835000.5	7.18774217266866
8_109840001_109890000	8	109865000.5	7.1980503664978
8_110170001_110220000	8	110195000.5	5.60953089694829
8_110255001_110305000	8	110280000.5	8.26084306645168
8_110280001_110330000	8	110305000.5	5.536032850715
8_112910001_112960000	8	112935000.5	7.62598234083464
8_113295001_113345000	8	113320000.5	8.70708747472952
8_113300001_113350000	8	113325000.5	15.0511357819904
8_115795001_115845000	8	115820000.5	6.27102851860184
8_117585001_117635000	8	117610000.5	13.140725091455
8_117590001_117640000	8	117615000.5	7.40750191573619
8_117630001_117680000	8	117655000.5	5.6250300368286
8_119535001_119585000	8	119560000.5	6.42289359154398
8_120470001_120520000	8	120495000.5	6.07722972293186
8_121435001_121485000	8	121460000.5	8.56834620677819
8_123495001_123545000	8	123520000.5	6.11591435222758
8_132500001_132550000	8	132525000.5	6.16150288228511
8_134545001_134595000	8	134570000.5	8.04811543391645
8_145140001_145190000	8	145165000.5	6.00400646399817
8_149815001_149865000	8	149840000.5	7.62280042094233
8_153340001_153390000	8	153365000.5	8.7604533310286
8_153355001_153405000	8	153380000.5	6.39815096464127
8_157100001_157150000	8	157125000.5	5.98808717753587
8_170115001_170165000	8	170140000.5	15.6124598458864
8_170185001_170235000	8	170210000.5	16.1575343021332
8_170265001_170315000	8	170290000.5	7.25141496769385
8_170275001_170325000	8	170300000.5	8.32232009928344
8_175305001_175355000	8	175330000.5	9.4024692202226
8_177075001_177125000	8	177100000.5	8.42722223390945
8_177505001_177555000	8	177530000.5	9.43683764682078
8_178270001_178320000	8	178295000.5	5.85730631562376
8_179630001_179680000	8	179655000.5	5.69677780800316
8_00855001_00905000	8	880000.5	12.7674520595451
8_04675001_04725000	8	4700000.5	6.91705722119559
8_04695001_04745000	8	4720000.5	5.8671877525386
8_04990001_05040000	8	5015000.5	10.6887067079714
8_05070001_05120000	8	5095000.5	10.5936028980197
8_05180001_05230000	8	5205000.5	16.0360959842795
8_06520001_06570000	8	6545000.5	8.0469751185708
8_08075001_08125000	8	8100000.5	7.51501088854729
8_09725001_09775000	8	9750000.5	9.48003999379637
8_10390001_10440000	8	10415000.5	6.16876375498521
8_11645001_11695000	8	11670000.5	8.1243045223996
8_11665001_11715000	8	11690000.5	24.8969207648641
8_12515001_12565000	8	12540000.5	9.0899752901056
8_12540001_12590000	8	12565000.5	27.0776619799431
8_13170001_13220000	8	13195000.5	6.00278186600389
8_13675001_13725000	8	13700000.5	14.1712964938943
8_13680001_13730000	8	13705000.5	22.3620475438877
8_13695001_13745000	8	13720000.5	24.9517493972374
8_13770001_13820000	8	13795000.5	8.54617002273636
8_14785001_14835000	8	14810000.5	5.76550162737306
8_15010001_15060000	8	15035000.5	62.5100874679152
8_15210001_15260000	8	15235000.5	8.50316139838833
8_15445001_15495000	8	15470000.5	8.57998408090737
8_18945001_18995000	8	18970000.5	7.12080334338555
8_23055001_23105000	8	23080000.5	5.69193872135469
8_30325001_30375000	8	30350000.5	11.6255652662924
8_30420001_30470000	8	30445000.5	9.99439297679899
8_33055001_33105000	8	33080000.5	9.0087153516663
8_36305001_36355000	8	36330000.5	6.88055917443759
8_36430001_36480000	8	36455000.5	5.73884587638247
8_38445001_38495000	8	38470000.5	6.81319211786723
8_57065001_57115000	8	57090000.5	5.90683651175891
8_65220001_65270000	8	65245000.5	8.28246518879519
8_73090001_73140000	8	73115000.5	8.13451027187716
8_75235001_75285000	8	75260000.5	8.02754216016262
8_75355001_75405000	8	75380000.5	17.8019800227896
8_75610001_75660000	8	75635000.5	7.2560628148581
8_75615001_75665000	8	75640000.5	30.1235453207656
8_75625001_75675000	8	75650000.5	7.28451038262622
8_75685001_75735000	8	75710000.5	7.32659484151225
8_75695001_75745000	8	75720000.5	6.22553589290311
8_75700001_75750000	8	75725000.5	28.0948078284665
8_75765001_75815000	8	75790000.5	5.94475671573952
8_75830001_75880000	8	75855000.5	13.0944145115768
8_75860001_75910000	8	75885000.5	12.8577247815207
8_80545001_80595000	8	80570000.5	5.6845866369552
8_80980001_81030000	8	81005000.5	10.3095943837013
8_81820001_81870000	8	81845000.5	17.177213300631
8_83945001_83995000	8	83970000.5	6.32235900630397
8_83990001_84040000	8	84015000.5	9.9610048855418
8_84030001_84080000	8	84055000.5	16.3494663213705
8_85940001_85990000	8	85965000.5	8.69749322169858
8_90585001_90635000	8	90610000.5	5.99686569093068
8_92475001_92525000	8	92500000.5	6.18230964568397
9_102845001_102895000	9	102870000.5	17.0676970387837
9_103000001_103050000	9	103025000.5	6.1410063040118
9_103095001_103145000	9	103120000.5	6.5290251652311
9_103345001_103395000	9	103370000.5	6.96541649162185
9_103435001_103485000	9	103460000.5	10.895092283179
9_103540001_103590000	9	103565000.5	7.04530643734029
9_106905001_106955000	9	106930000.5	5.59652248778872
9_107145001_107195000	9	107170000.5	7.18200970073917
9_107215001_107265000	9	107240000.5	32.3471202441827
9_107235001_107285000	9	107260000.5	25.8283174347958
9_107285001_107335000	9	107310000.5	19.9005830444617
9_107565001_107615000	9	107590000.5	5.80635226448669
9_107765001_107815000	9	107790000.5	11.871171595491
9_107825001_107875000	9	107850000.5	6.38989493321668
9_107960001_108010000	9	107985000.5	9.78243140652859
9_108085001_108135000	9	108110000.5	6.67775575633345
9_108135001_108185000	9	108160000.5	15.6568739217958
9_108190001_108240000	9	108215000.5	16.6386397863512
9_108200001_108250000	9	108225000.5	7.60926497529658
9_110675001_110725000	9	110700000.5	9.37150049235242
9_113185001_113235000	9	113210000.5	7.01418458669292
9_121055001_121105000	9	121080000.5	6.18750647271514
9_123550001_123600000	9	123575000.5	7.64973964243208
9_125950001_126000000	9	125975000.5	5.91043121325885
9_125960001_126010000	9	125985000.5	5.65300190535856
9_126300001_126350000	9	126325000.5	6.99849437707906
9_126940001_126990000	9	126965000.5	6.92294981468808
9_127170001_127220000	9	127195000.5	7.42681078591255
9_127210001_127260000	9	127235000.5	5.65247095610556
9_127225001_127275000	9	127250000.5	10.3581174533077
9_127240001_127290000	9	127265000.5	6.18155953351305
9_127255001_127305000	9	127280000.5	21.6306511218289
9_127260001_127310000	9	127285000.5	22.552460408815
9_127525001_127575000	9	127550000.5	21.0852173127979
9_127535001_127585000	9	127560000.5	12.1503685259884
9_127540001_127590000	9	127565000.5	59.5107035408372
9_127545001_127595000	9	127570000.5	36.0021852064036
9_127555001_127605000	9	127580000.5	48.8348003138894
9_127560001_127610000	9	127585000.5	35.1909175583471
9_127585001_127635000	9	127610000.5	56.7495686805526
9_127590001_127640000	9	127615000.5	17.933540886741
9_127595001_127645000	9	127620000.5	11.3331718843255
9_127615001_127665000	9	127640000.5	25.7070219773536
9_127620001_127670000	9	127645000.5	7.27879263249361
9_127630001_127680000	9	127655000.5	15.0648033854316
9_127650001_127700000	9	127675000.5	9.96621309167372
9_127675001_127725000	9	127700000.5	11.8756001583966
9_127715001_127765000	9	127740000.5	6.77388855901302
9_127730001_127780000	9	127755000.5	11.4286388263376
9_127770001_127820000	9	127795000.5	5.95575959307274
9_127775001_127825000	9	127800000.5	9.33944853393984
9_127820001_127870000	9	127845000.5	14.6392965239796
9_127835001_127885000	9	127860000.5	8.25052211386031
9_129475001_129525000	9	129500000.5	11.0529490449491
9_129625001_129675000	9	129650000.5	7.87546583562903
9_129630001_129680000	9	129655000.5	10.9606838089665
9_129635001_129685000	9	129660000.5	19.2735713975653
9_129645001_129695000	9	129670000.5	6.0658405073932
9_129790001_129840000	9	129815000.5	10.5675022223435
9_131440001_131490000	9	131465000.5	5.50933154919369
9_131950001_132000000	9	131975000.5	6.93205541158505
9_132090001_132140000	9	132115000.5	5.56852602948419
9_132120001_132170000	9	132145000.5	10.1096168644665
9_132180001_132230000	9	132205000.5	6.33564995290223
9_132445001_132495000	9	132470000.5	7.00720299807926
9_132510001_132560000	9	132535000.5	7.11050224619669
9_132515001_132565000	9	132540000.5	8.01180148224904
9_137295001_137345000	9	137320000.5	6.19154340489149
9_139170001_139220000	9	139195000.5	6.86522033284388
9_139355001_139405000	9	139380000.5	14.0516171927945
9_139920001_139970000	9	139945000.5	6.87386024364446
9_140065001_140115000	9	140090000.5	13.3503827684852
9_140620001_140670000	9	140645000.5	12.3053831496962
9_140635001_140685000	9	140660000.5	6.09247820256235
9_140655001_140705000	9	140680000.5	7.2841257968476
9_142540001_142590000	9	142565000.5	7.29502096702959
9_145835001_145885000	9	145860000.5	6.58221277232349
9_146705001_146755000	9	146730000.5	10.8109015702228
9_147425001_147475000	9	147450000.5	6.53014427090696
9_147445001_147495000	9	147470000.5	6.3692601886346
9_149290001_149340000	9	149315000.5	5.56403766274946
9_149750001_149800000	9	149775000.5	7.42102271334778
9_152510001_152560000	9	152535000.5	5.59442486550324
9_154040001_154090000	9	154065000.5	9.80302143671781
9_154120001_154170000	9	154145000.5	5.56589066374818
9_154185001_154235000	9	154210000.5	13.1285274370958
9_154250001_154300000	9	154275000.5	26.2955981185436
9_154335001_154385000	9	154360000.5	8.24661050841024
9_154675001_154725000	9	154700000.5	7.01281624262504
9_154680001_154730000	9	154705000.5	7.63633132058436
9_155355001_155405000	9	155380000.5	15.7170470598466
9_156140001_156190000	9	156165000.5	5.76237538325483
9_156390001_156440000	9	156415000.5	9.06125449396018
9_156395001_156445000	9	156420000.5	6.40982510667379
9_156445001_156495000	9	156470000.5	39.452636600377
9_157730001_157780000	9	157755000.5	11.3632014290139
9_158255001_158305000	9	158280000.5	5.91509362890469
9_02660001_02710000	9	2685000.5	5.97125477651878
9_02830001_02880000	9	2855000.5	5.59045838479716
9_03240001_03290000	9	3265000.5	5.82670722576688
9_03300001_03350000	9	3325000.5	10.6674107290119
9_03400001_03450000	9	3425000.5	13.2727807605426
9_03450001_03500000	9	3475000.5	12.7018163971591
9_03465001_03515000	9	3490000.5	12.6001508248984
9_03585001_03635000	9	3610000.5	6.30597467368045
9_03635001_03685000	9	3660000.5	10.3904611847942
9_04085001_04135000	9	4110000.5	5.69979251138687
9_05875001_05925000	9	5900000.5	7.72417864008355
9_06235001_06285000	9	6260000.5	7.99609210001887
9_09495001_09545000	9	9520000.5	6.10417927886601
9_10140001_10190000	9	10165000.5	14.9853529344987
9_10685001_10735000	9	10710000.5	9.81376541808169
9_13110001_13160000	9	13135000.5	7.53862793855035
9_14005001_14055000	9	14030000.5	8.7949584849282
9_16610001_16660000	9	16635000.5	7.94812838011762
9_18095001_18145000	9	18120000.5	5.7713260086993
9_18115001_18165000	9	18140000.5	8.67724694951801
9_22270001_22320000	9	22295000.5	5.52149056241143
9_25015001_25065000	9	25040000.5	7.98772046043115
9_27430001_27480000	9	27455000.5	6.35048943545587
9_29465001_29515000	9	29490000.5	7.45468046484433
9_29900001_29950000	9	29925000.5	6.86941824241092
9_96070001_96120000	9	96095000.5	6.75995088579731
