Gene	baseMean	log2FoldChange	lfcSE	stat	pvalue	padj	R_HN_m	R_LN_m
Zm00001d001977	101.6333632	-15.36297763	4.327299156	-3.550246257	0.000384871	0.008708883	4.205636703	3.47968517
Zm00001d046137	390.17	-8.616423	1.261707	-6.82918	8.54e-12	3.59e-09	93.24684	2.44746
Zm00001d038697	20.88365	-7.586531	1.602644	-4.733761	2.2e-06	0.000150228	6.495359	0.132692
Zm00001d001373	15.01797151	-6.999604589	1.550055479	-4.515712298	6.31e-06	0.000351741	0.31838955	0.00712187
Zm00001d000111	16.90121199	-6.437378876	1.838570238	-3.501296139	0.000463001	0.00999601	2.106052723	0.197964948
Zm00001d031428	27.03577	-6.076087	1.673324	-3.631148	0.000282164	0.006924446	1.225265	0.01891426
Zm00001d043427	118.7355	-5.890954	1.184737	-4.972371	6.61e-07	5.75e-05	36.75312	3.431262
Zm00001d052713	134.5238	-5.622374	0.8492621	-6.620305	3.58e-11	1.24e-08	6.384246	0.06178966
Zm00001d020921	1341.474	-5.502317	0.5812832	-9.465811	2.91e-21	1.35e-17	53.41348	3.504935
Zm00001d021336	1928.96	-5.475726	0.7037357	-7.780941	7.2e-15	7.4e-12	25.96259	0.7023193
Zm00001d004671	729.4859	-5.344462	1.059052	-5.04646	4.5e-07	4.38e-05	193.9607	3.576872
Zm00001d018737	104.9833	-5.263804	0.871231	-6.041801	1.52e-09	3.24e-07	15.57041	1.228741
Zm00001d009399	27.39094	-5.087393	1.269831	-4.006355	6.17e-05	0.002125033	1.028052	0.03265775
Zm00001d004323	122.8798	-4.837438	0.9664343	-5.005449	5.57e-07	5.1e-05	12.43782	0.9678318
Zm00001d026859	139.2934	-4.587175	0.7218507	-6.354741	2.09e-10	5.68e-08	28.27141	1.122719
Zm00001d027047	94.17767	-4.492461	0.8062126	-5.572303	2.51e-08	3.9e-06	14.50258	0.9824603
Zm00001d053924	26.70034	-4.491954	1.189425	-3.776575	0.000159	0.004469073	2.912328	0.1784444
Zm00001d047658	122.4536	-4.484859	0.8985147	-4.991414	5.99e-07	5.33e-05	8.239251	0.3877865
Zm00001d038997	156.9374	-4.45576	0.8031955	-5.547541	2.9e-08	4.34e-06	44.42518	4.248171
Zm00001d020340	824.4963	-4.441035	0.6729566	-6.599289	4.13e-11	1.38e-08	38.55121	1.248724
Zm00001d045022	340.5623	-4.383428	0.9025259	-4.856845	1.19e-06	9.56e-05	78.10062	7.360618
Zm00001d035681	43.75437	-4.369988	0.8129251	-5.375634	7.63e-08	9.67e-06	4.107297	0.1655553
Zm00001d047639	5511.359	-4.331552	0.8400371	-5.156382	2.52e-07	2.77e-05	103.5764	4.62233
Zm00001d042779	87.49184	-4.299694	1.115662	-3.853941	0.000116232	0.003474673	4.749268	0.3958009
Zm00001d008681	22.14383	-4.283773	0.8559583	-5.004652	5.6e-07	5.11e-05	4.703942	0.3410743
Zm00001d011073	136.9712	-4.266316	0.6484527	-6.579224	4.73e-11	1.54e-08	12.80985	1.294195
Zm00001d009646	333.9975	-4.211209	0.533657	-7.891227	2.99e-15	3.46e-12	18.7849	1.430971
Zm00001d028888	7814.316	-4.197257	0.7511646	-5.587666	2.3e-08	3.59e-06	356.4512	17.10404
Zm00001d027048	171.4839	-4.153431	0.6980182	-5.950318	2.68e-09	5.34e-07	20.86857	1.532438
Zm00001d026542	1544.595	-4.147903	0.4284008	-9.682295	3.59e-22	3.32e-18	56.56836	3.951314
Zm00001d020949	10.47166	-4.055823	1.055744	-3.841673	0.000122198	0.003621824	2.389489	0.5658645
Zm00001d038518	69.07742	-3.977719	1.048168	-3.794926	0.000147688	0.004210841	3.514183	0.507898
Zm00001d010459	43.14523	-3.832862	0.9189666	-4.170839	3.03e-05	0.001213134	2.398847	0.340273
Zm00001d000986	18.19322258	-3.652048547	0.684237954	-5.337395461	9.43e-08	1.16e-05	4.689695091	0.563632372
Zm00001d026078	228.3734	-3.627894	0.5462851	-6.641027	3.12e-11	1.11e-08	19.97106	2.150825
Zm00001d019237	123.8499	-3.610505	0.5186928	-6.960777	3.38e-12	1.62e-09	10.43278	1.016502
Zm00001d008899	25.86208	-3.583095	0.9665269	-3.707186	0.000209575	0.005574326	1.107093	0.3108797
Zm00001d042062	165.1444	-3.575628	0.6444827	-5.548059	2.89e-08	4.34e-06	15.56935	1.002411
Zm00001d047651	326.9541	-3.536902	1.009119	-3.50494	0.00045671	0.009919086	22.07092	1.312213
Zm00001d011987	86.14053	-3.533043	0.9739379	-3.627586	0.000286084	0.006967989	13.6653	2.903075
Zm00001d031300	3375.152	-3.525336	0.4820496	-7.313224	2.61e-13	1.78e-10	92.19238	12.91976
Zm00001d014816	45.35219	-3.47119	0.7697828	-4.509311	6.5e-06	0.000357996	3.095865	0.3847653
Zm00001d052340	1680.964	-3.461189	0.4548433	-7.60963	2.75e-14	2.46e-11	96.22541	11.65016
Zm00001d052139	130.1372	-3.437194	0.6287876	-5.466383	4.59e-08	6.37e-06	5.425355	0.2802608
Zm00001d037708	72.92453	-3.427945	0.8301421	-4.129348	3.64e-05	0.001405623	4.488033	0.4604214
Zm00001d033347	752.6187	-3.382515	0.5230471	-6.466941	1e-10	3.05e-08	33.91572	4.438604
Zm00001d031303	1835.571	-3.378977	0.52546	-6.430512	1.27e-10	3.75e-08	36.97663	5.270444
Zm00001d002260	21.4672132	-3.365617819	0.914681924	-3.679549939	0.000233646	0.006029587	0.572436031	0.16009153
Zm00001d045105	46.65206	-3.338927	0.9145991	-3.6507	0.000261527	0.006561868	1.905604	0.2083656
Zm00001d041726	669.8587	-3.298629	0.5239374	-6.295845	3.06e-10	7.85e-08	32.22988	5.75303
Zm00001d034097	23.29179	-3.265066	0.6879186	-4.746297	2.07e-06	0.000143686	1.448643	0.1771487
Zm00001d022965	255.4298	-3.203264	0.7098621	-4.512517	6.41e-06	0.000354384	26.3314	3.605248
Zm00001d053281	3117.531	-3.193304	0.4363875	-7.317588	2.52e-13	1.78e-10	80.26144	8.155368
Zm00001d042187	53.27146	-3.171429	0.6905621	-4.592534	4.38e-06	0.000261813	11.52132	2.009981
Zm00001d036963	13.53079	-3.170159	0.8492831	-3.732747	0.000189403	0.005146343	1.162157	0.6049489
Zm00001d010662	1352.94	-3.138535	0.3631075	-8.643543	5.45e-18	1.4e-14	78.47232	9.450346
Zm00001d046667	274.5427	-3.131428	0.5030009	-6.225493	4.8e-10	1.12e-07	42.14029	7.290716
Zm00001d029983	2743.308	-3.124292	0.4990977	-6.259881	3.85e-10	9.21e-08	107.3088	16.56389
Zm00001d023210	37.01084	-3.103101	0.8140429	-3.811963	0.000137868	0.003980075	1.696319	0.2269299
Zm00001d032495	24.61442	-3.055593	0.7538986	-4.053056	5.06e-05	0.001821795	2.548767	0.6098791
Zm00001d029546	14777.14	-3.05108	0.5417701	-5.631689	1.78e-08	2.88e-06	1670.618	165.6273
Zm00001d002500	1008.47933	-3.024823425	0.269912068	-11.20669944	3.78e-29	1.05e-24	273.3402093	63.15459178
Zm00001d022669	391.9077	-3.02154	0.485567	-6.222705	4.89e-10	1.12e-07	50.35954	5.269573
Zm00001d038984	258.2826	-2.997848	0.6000746	-4.995793	5.86e-07	5.26e-05	23.73344	3.07217
Zm00001d032504	123.603	-2.987565	0.6806251	-4.389442	1.14e-05	0.00056398	4.035962	0.695663
Zm00001d032311	1759.395	-2.919411	0.3026973	-9.644656	5.18e-22	3.59e-18	24.31165	3.619614
Zm00001d032771	33.85175	-2.911121	0.7782277	-3.740706	0.000183504	0.005030413	10.88759	2.052645
Zm00001d017545	48.91048	-2.899602	0.6474587	-4.478436	7.52e-06	0.000404259	1.22202	0.1884001
Zm00001d047077	738.83	-2.89609	0.6438359	-4.49818	6.85e-06	0.000373551	29.41738	4.517203
Zm00001d054093	2204.209	-2.878105	0.5646038	-5.097565	3.44e-07	3.55e-05	103.2731	12.54946
Zm00001d047507	81.00804	-2.851245	0.6219481	-4.584377	4.55e-06	0.000269341	8.401482	1.106825
Zm00001d040464	128.6395	-2.832385	0.6380946	-4.438818	9.05e-06	0.000469045	6.24389	1.481061
Zm00001d035214	113.3576	-2.817143	0.5318776	-5.296599	1.18e-07	1.42e-05	5.57052	0.855678
Zm00001d038296	893.7186	-2.794843	0.536802	-5.206469	1.92e-07	2.2e-05	33.50684	7.404052
Zm00001d011080	4905.405	-2.785813	0.4733434	-5.885394	3.97e-09	7.6e-07	1641.213	221.4192
Zm00001d049946	10.39473	-2.736736	0.6938455	-3.944301	8e-05	0.002605955	2.259606	0.3878024
Zm00001d014163	87.96811	-2.704472	0.5472493	-4.941937	7.74e-07	6.56e-05	6.51447	0.5953011
Zm00001d007267	60.69522	-2.686789	0.458323	-5.862218	4.57e-09	8.56e-07	2.594732	0.684259
Zm00001d011367	39.24581	-2.662349	0.510742	-5.212709	1.86e-07	2.13e-05	2.377087	0.2456535
Zm00001d023402	217.3285	-2.661156	0.6914482	-3.84867	0.000118761	0.003531383	7.69779	3.490511
Zm00001d044642	182.591	-2.650089	0.7410255	-3.576245	0.000348565	0.008139942	11.81384	2.414337
Zm00001d046234	10584.49	-2.638265	0.2916284	-9.046668	1.47e-19	5.84e-16	574.2909	116.0248
Zm00001d041111	2188.403	-2.625753	0.6526044	-4.023499	5.73e-05	0.002003424	81.01131	9.036046
Zm00001d025576	226.0288	-2.614328	0.630927	-4.14363	3.42e-05	0.001339497	24.28673	4.750039
Zm00001d001206	212.1018666	-2.606324136	0.616891377	-4.224932027	2.39e-05	0.001008371	28.54168001	3.494955325
Zm00001d026679	41.93043	-2.568151	0.707707	-3.628833	0.000284705	0.006955319	4.855789	0.880165
Zm00001d023411	186.0816	-2.565758	0.731917	-3.505531	0.000455698	0.009915274	7.249318	3.086519
Zm00001d012419	11.2557	-2.555128	0.6777804	-3.769846	0.000163348	0.004545248	0.7444434	0.14859
Zm00001d016588	12245.2	-2.552389	0.3166485	-8.060639	7.59e-16	1.11e-12	304.3566	64.93488
Zm00001d026170	31.27104	-2.545321	0.7081205	-3.594474	0.000325048	0.007707253	2.386299	0.5699758
Zm00001d015201	511.0446	-2.544178	0.3612007	-7.043669	1.87e-12	9.28e-10	13.3657	2.122899
Zm00001d046142	62.09897	-2.53147	0.5970712	-4.239812	2.24e-05	0.000956252	4.608422	1.100984
Zm00001d012069	437.4788	-2.519128	0.4717438	-5.340033	9.29e-08	1.16e-05	36.61121	6.734346
Zm00001d014976	353.6068	-2.515944	0.4853883	-5.183363	2.18e-07	2.44e-05	15.28853	4.407851
Zm00001d045965	4917.18	-2.505259	0.3624387	-6.912228	4.77e-12	2.24e-09	185.0908	23.48159
Zm00001d016691	474.6576	-2.4865	0.5752016	-4.322833	1.54e-05	0.000712223	34.53051	7.744956
Zm00001d027532	641.273	-2.481483	0.5332915	-4.653145	3.27e-06	0.000210142	8.636797	2.18057
Zm00001d033618	44.31347	-2.453036	0.476152	-5.151791	2.58e-07	2.82e-05	3.046438	0.3101091
Zm00001d013937	39.89443	-2.447952	0.5805753	-4.216424	2.48e-05	0.001036723	1.682689	0.3415744
Zm00001d031875	573.7428	-2.439468	0.6687839	-3.647618	0.000264683	0.006603265	25.96382	4.924044
Zm00001d043444	4775.996	-2.437086	0.3332894	-7.312221	2.63e-13	1.78e-10	286.4338	64.50331
Zm00001d051569	41.96285	-2.416256	0.578746	-4.174985	2.98e-05	0.00119642	1.69498	0.5019292
Zm00001d038352	2727.838	-2.402356	0.519889	-4.620901	3.82e-06	0.000234504	77.40302	9.292178
Zm00001d000763	60.02866568	-2.389122793	0.440244261	-5.426811893	5.74e-08	7.62e-06	3.342261826	0.954449895
Zm00001d050293	1188.319	-2.360774	0.4868342	-4.849238	1.24e-06	9.74e-05	15.93239	2.323707
Zm00001d044541	344.3832	-2.358341	0.4731206	-4.984651	6.21e-07	5.48e-05	21.08814	4.439704
Zm00001d000556	83.45305564	-2.356688909	0.558811501	-4.217323556	2.47e-05	0.001034442	3.249902221	0.478500776
Zm00001d028360	4424.877	-2.337156	0.3246022	-7.20006	6.02e-13	3.27e-10	265.383	52.68797
Zm00001d012810	18.47035	-2.323414	0.590593	-3.934035	8.35e-05	0.002696454	0.4991176	0.1898839
Zm00001d025873	607.6706	-2.322471	0.502051	-4.625966	3.73e-06	0.000230953	48.32117	30.64242
Zm00001d014349	72.28323	-2.300353	0.4488466	-5.125032	2.97e-07	3.17e-05	6.776651	2.021392
Zm00001d046937	3621.293	-2.297968	0.278183	-8.260633	1.45e-16	2.68e-13	146.3347	46.36421
Zm00001d012068	119.3823	-2.254781	0.5488879	-4.107907	3.99e-05	0.001506978	17.73026	4.127302
Zm00001d025985	77.86101	-2.217272	0.4319314	-5.133388	2.85e-07	3.08e-05	3.438672	0.9921814
Zm00001d029907	68.59826	-2.216411	0.6055303	-3.660282	0.000251938	0.006406712	3.933225	1.360775
Zm00001d031893	539.9905	-2.215023	0.2933227	-7.55149	4.3e-14	3.62e-11	17.99449	4.32653
Zm00001d005692	305.9826	-2.199535	0.4749958	-4.630642	3.65e-06	0.000229244	15.3662	3.31609
Zm00001d037318	822.1847	-2.198087	0.5943312	-3.698421	0.000216945	0.005688539	27.70901	4.892443
Zm00001d017597	322.1013	-2.190839	0.3222375	-6.798833	1.05e-11	4.3e-09	7.513167	2.054313
Zm00001d025707	7910.537	-2.185275	0.5177416	-4.220782	2.43e-05	0.001023326	338.1782	91.33784
Zm00001d011368	34.48253	-2.183158	0.5519537	-3.955329	7.64e-05	0.002518175	1.966656	0.2856079
Zm00001d011734	479.7295	-2.180014	0.3672499	-5.936052	2.92e-09	5.76e-07	40.47361	8.665424
Zm00001d043973	117.5512	-2.170505	0.4388695	-4.945672	7.59e-07	6.48e-05	10.5537	4.906565
Zm00001d028004	275.0744	-2.165598	0.4459614	-4.856021	1.2e-06	9.57e-05	6.939759	2.34905
Zm00001d004401	1282.815	-2.163911	0.3380709	-6.400762	1.55e-10	4.38e-08	77.53443	21.67583
Zm00001d038192	591.5751	-2.163453	0.3823986	-5.657588	1.54e-08	2.54e-06	24.6223	17.89364
Zm00001d049191	8602.521	-2.154056	0.2530746	-8.511544	1.72e-17	3.97e-14	167.5809	38.50262
Zm00001d019933	20.05249	-2.14007	0.5259387	-4.069047	4.72e-05	0.001736847	4.924421	1.325072
Zm00001d024371	79.45084	-2.100393	0.4999462	-4.201239	2.65e-05	0.0010894	23.46461	6.653304
Zm00001d042425	201.7328	-2.095845	0.4779077	-4.385459	1.16e-05	0.000572353	13.5175	4.754218
Zm00001d025901	6565.181	-2.089271	0.3119632	-6.697173	2.12e-11	7.86e-09	283.8102	78.056
Zm00001d020696	3564.272	-2.061997	0.2346145	-8.788873	1.51e-18	4.66e-15	136.705	30.46578
Zm00001d009351	171.2215	-2.060927	0.5376259	-3.833386	0.000126391	0.003718294	2.664169	0.8679689
Zm00001d042307	157.4709	-2.054075	0.5074987	-4.047449	5.18e-05	0.001848716	17.4655	6.388953
Zm00001d052482	541.7333	-2.05068	0.3077493	-6.663474	2.67e-11	9.72e-09	121.2718	25.0259
Zm00001d012935	1336.158	-2.026256	0.3610257	-5.612499	1.99e-08	3.18e-06	36.09322	17.86795
Zm00001d000344	28.05150419	-1.988722598	0.547631582	-3.631497277	0.000281782	0.006924446	1.292432113	0.357602086
Zm00001d048418	413.0016	-1.982889	0.2976319	-6.66222	2.7e-11	9.72e-09	20.42853	10.0947
Zm00001d026068	133.8295	-1.981678	0.4234638	-4.679686	2.87e-06	0.000187545	3.309757	1.845906
Zm00001d029656	27.09576	-1.980485	0.408395	-4.849435	1.24e-06	9.74e-05	1.534218	0.5194287
Zm00001d037480	7700.036	-1.96494	0.2564984	-7.660631	1.85e-14	1.77e-11	185.7087	59.76982
Zm00001d001936	363.400904	-1.964612783	0.440129245	-4.46371788	8.05e-06	0.000425639	15.24989923	3.980417899
Zm00001d052123	157.388	-1.950084	0.3018398	-6.460659	1.04e-10	3.11e-08	11.28163	3.237335
Zm00001d025984	10352.93	-1.936408	0.2685184	-7.211452	5.54e-13	3.13e-10	296.9702	81.61781
Zm00001d032081	1714.682	-1.928707	0.4482636	-4.302618	1.69e-05	0.000766388	52.59946	15.85563
Zm00001d053304	190.1792	-1.916089	0.39008	-4.912042	9.01e-07	7.51e-05	4.14776	2.63691
Zm00001d045107	111.6947	-1.899285	0.4139656	-4.588026	4.47e-06	0.000265242	6.13243	3.121767
Zm00001d042636	242.0907	-1.899194	0.4581199	-4.145626	3.39e-05	0.001331639	9.692794	4.280214
Zm00001d009372	78.06628	-1.896914	0.4409767	-4.301619	1.7e-05	0.000767339	3.572309	1.350817
Zm00001d018810	396.9574	-1.896764	0.3916368	-4.843172	1.28e-06	9.96e-05	15.34828	4.976514
Zm00001d013759	184.0407	-1.894208	0.471615	-4.016428	5.91e-05	0.002051554	7.345609	2.788844
Zm00001d029702	99.08659	-1.890813	0.4227879	-4.472249	7.74e-06	0.00041453	15.96789	6.332778
Zm00001d011486	2450.307	-1.881656	0.3878295	-4.851762	1.22e-06	9.67e-05	35.40416	12.30418
Zm00001d025037	69.3512	-1.852378	0.381695	-4.853032	1.22e-06	9.64e-05	2.538395	1.083041
Zm00001d054015	86.5508	-1.847064	0.3871504	-4.770922	1.83e-06	0.000132142	7.471765	2.319178
Zm00001d009797	1379.827	-1.844801	0.4852351	-3.80187	0.000143608	0.004107197	122.4703	43.79501
Zm00001d038201	10.77918	-1.838779	0.5246766	-3.504594	0.000457303	0.009919086	1.960426	0.7700505
Zm00001d005590	653.3516	-1.830079	0.2909638	-6.289714	3.18e-10	8.09e-08	13.77882	5.922495
Zm00001d011051	1269.933	-1.823546	0.3919956	-4.651955	3.29e-06	0.000210662	31.66285	11.14482
Zm00001d001943	8774.900929	-1.821975322	0.398257987	-4.574861975	4.77e-06	0.000279822	296.905459	81.4864218
Zm00001d030424	33.44789	-1.812816	0.4687731	-3.867149	0.000110115	0.003327686	1.541954	0.5628274
Zm00001d019457	1517.845	-1.798885	0.4104367	-4.382855	1.17e-05	0.000576158	109.8515	32.13979
Zm00001d037631	2437.486	-1.795963	0.3244358	-5.53565	3.1e-08	4.6e-06	447.8751	155.8526
Zm00001d023280	661.6704	-1.78866	0.3166792	-5.648177	1.62e-08	2.66e-06	62.99711	24.64712
Zm00001d043479	2088.197	-1.778601	0.4044505	-4.397573	1.09e-05	0.000550546	109.7842	33.40263
Zm00001d017618	38.60607	-1.773779	0.4524068	-3.92076	8.83e-05	0.002805026	1.899336	0.6482661
Zm00001d017833	2711.609	-1.767276	0.2885347	-6.125004	9.07e-10	1.98e-07	124.4882	33.81113
Zm00001d029778	737.8298	-1.764167	0.3700747	-4.767057	1.87e-06	0.000134005	65.55046	19.51537
Zm00001d007462	152.135	-1.764122	0.4457166	-3.957945	7.56e-05	0.002494869	5.07855	3.033843
Zm00001d018235	48.33854	-1.750591	0.3154908	-5.548785	2.88e-08	4.34e-06	2.568347	2.369191
Zm00001d050336	2719.876	-1.744439	0.2900752	-6.013748	1.81e-09	3.75e-07	36.10942	11.56789
Zm00001d034196	258.1311	-1.739478	0.3421174	-5.084448	3.69e-07	3.73e-05	8.289243	2.293766
Zm00001d047124	1877.002	-1.732999	0.4828736	-3.588929	0.00033204	0.007832861	60.39101	24.90611
Zm00001d048669	263.6331	-1.731932	0.4680068	-3.700655	0.000215044	0.005658885	6.016602	2.515172
Zm00001d032822	5881.992	-1.725301	0.1996617	-8.641121	5.57e-18	1.4e-14	420.171	253.0818
Zm00001d020909	31.87323	-1.724045	0.4424986	-3.89616	9.77e-05	0.003031997	1.654592	0.900769
Zm00001d046134	986.5712	-1.721171	0.4812575	-3.576404	0.000348353	0.008139942	30.72364	11.99386
Zm00001d029701	302.0826	-1.720031	0.3424321	-5.022984	5.09e-07	4.8e-05	19.31926	11.43918
Zm00001d034673	5691.233	-1.7146	0.311549	-5.503468	3.72e-08	5.41e-06	245.6644	64.00096
Zm00001d016846	40.23344	-1.71068	0.4865841	-3.515691	0.000438611	0.009604544	0.7064359	0.3286759
Zm00001d014716	389.544	-1.690282	0.3926895	-4.304373	1.67e-05	0.000761582	10.69846	2.9675
Zm00001d017287	139.1094	-1.662551	0.4506349	-3.689354	0.000224825	0.005850887	18.08657	5.21544
Zm00001d025900	436.3933	-1.659728	0.3544263	-4.68286	2.83e-06	0.000185819	22.66528	8.875199
Zm00001d014945	305.0223	-1.650053	0.3127044	-5.276719	1.32e-07	1.56e-05	16.27604	5.925771
Zm00001d031621	3957.786	-1.649214	0.2634427	-6.260236	3.84e-10	9.21e-08	36.20065	9.674786
Zm00001d041549	55.97873	-1.648543	0.428067	-3.851133	0.000117573	0.003503434	1.591661	1.001024
Zm00001d042935	581.8101	-1.644067	0.303956	-5.408898	6.34e-08	8.22e-06	63.01651	15.94961
Zm00001d049848	90.21575	-1.644003	0.4540481	-3.620768	0.00029373	0.007098137	8.163615	3.908671
Zm00001d027369	206.845	-1.624288	0.3393362	-4.786664	1.7e-06	0.000126046	3.184518	1.144488
Zm00001d018619	147.516	-1.6217	0.3993987	-4.060355	4.9e-05	0.001786214	4.184791	2.674363
Zm00001d049543	1326.301	-1.614531	0.3361996	-4.802299	1.57e-06	0.000117926	19.40226	10.09242
Zm00001d032876	176.7379	-1.614104	0.378824	-4.260828	2.04e-05	0.000884232	12.34894	7.748051
Zm00001d029254	488.4531	-1.614091	0.417647	-3.864726	0.000111214	0.003353584	13.12829	8.036916
Zm00001d026632	13495.82	-1.586834	0.3173084	-5.00092	5.71e-07	5.16e-05	1097.14	343.4166
Zm00001d011357	1427.159	-1.576982	0.2697843	-5.845345	5.06e-09	9.29e-07	30.28248	12.81776
Zm00001d008285	256.0764	-1.558711	0.3611295	-4.31621	1.59e-05	0.000729057	2.664607	1.476729
Zm00001d041308	147.6448	-1.556143	0.3940142	-3.949459	7.83e-05	0.002571569	4.256877	1.414122
Zm00001d019956	24.81021	-1.553124	0.3592136	-4.323678	1.53e-05	0.000710682	0.867856	0.5473227
Zm00001d003184	96.65064	-1.550063	0.3012767	-5.144983	2.68e-07	2.91e-05	4.401118	2.718351
Zm00001d046500	288.1216	-1.548739	0.3585902	-4.318965	1.57e-05	0.000722636	10.30685	4.087318
Zm00001d021775	14328.01	-1.539832	0.3233972	-4.761427	1.92e-06	0.000136389	436.1647	151.6989
Zm00001d032821	1645.975	-1.535971	0.2231165	-6.884166	5.81e-12	2.64e-09	150.3616	93.38208
Zm00001d022637	2193.181	-1.531694	0.2823937	-5.423965	5.83e-08	7.66e-06	101.3716	49.71773
Zm00001d003618	188.9557	-1.526708	0.3218267	-4.743882	2.1e-06	0.000144687	8.39797	3.3918
Zm00001d000117	1491.212917	-1.515293099	0.346243161	-4.376384201	1.21e-05	0.000588307	44.67550545	21.28238974
Zm00001d023243	2109.15	-1.512414	0.2239962	-6.751964	1.46e-11	5.7e-09	27.16024	9.757543
Zm00001d046934	77.92732	-1.507035	0.3909065	-3.855231	0.000115621	0.003462582	2.350895	0.8363173
Zm00001d025754	342.9503	-1.501132	0.4264945	-3.519699	0.000432037	0.009504806	11.52184	8.290308
Zm00001d003277	812.8282	-1.491449	0.4115543	-3.623941	0.000290148	0.007048399	14.85957	7.106919
Zm00001d019497	4367.189	-1.488247	0.3130556	-4.753939	1.99e-06	0.000139052	42.64443	15.27254
Zm00001d027717	461.1262	-1.481646	0.2693962	-5.499876	3.8e-08	5.49e-06	26.5166	15.99795
Zm00001d004730	584.9491	-1.47385	0.3460156	-4.259489	2.05e-05	0.000888155	41.36286	25.27021
Zm00001d052122	737.5083	-1.467782	0.2847793	-5.154104	2.55e-07	2.79e-05	146.1378	70.12479
Zm00001d018119	444.7927	-1.466111	0.3037342	-4.826955	1.39e-06	0.000105661	14.67841	12.76663
Zm00001d031860	150.8303	-1.45856	0.2851895	-5.114354	3.15e-07	3.32e-05	3.294275	1.999487
Zm00001d013786	1179.278	-1.454674	0.233627	-6.226482	4.77e-10	1.12e-07	47.42807	18.92719
Zm00001d019988	1663.204	-1.454173	0.2346123	-6.198193	5.71e-10	1.28e-07	27.44905	12.84472
Zm00001d015504	4152.989	-1.453672	0.2760117	-5.266704	1.39e-07	1.63e-05	50.72947	18.67897
Zm00001d025025	1197.085	-1.452711	0.2059457	-7.053857	1.74e-12	8.78e-10	70.72735	28.97034
Zm00001d027756	9787.413	-1.445792	0.232975	-6.20578	5.44e-10	1.23e-07	400.5185	130.6581
Zm00001d005879	3119.358	-1.437136	0.3866887	-3.716519	0.000201986	0.005419249	709.1054	237.3034
Zm00001d032405	1622.299	-1.432764	0.2301906	-6.224251	4.84e-10	1.12e-07	53.09215	28.93456
Zm00001d037468	100.7856	-1.415099	0.3944607	-3.587427	0.000333957	0.007867231	2.656066	0.7610336
Zm00001d002274	245.1758571	-1.414745624	0.27416675	-5.160164848	2.47e-07	2.73e-05	6.931245036	4.045974659
Zm00001d004007	272.1549	-1.41374	0.3815091	-3.705653	0.000210847	0.005597437	9.367194	5.849152
Zm00001d034897	140.6572	-1.41301	0.2869904	-4.923545	8.5e-07	7.17e-05	8.972213	4.081951
Zm00001d037337	279.9503	-1.412492	0.3645904	-3.874188	0.000106981	0.003243564	15.53089	8.756785
Zm00001d030915	7538.158	-1.408812	0.3525796	-3.995728	6.45e-05	0.002192694	1479.683	552.4038
Zm00001d025278	4012.158	-1.396719	0.2120044	-6.58816	4.45e-11	1.47e-08	39.56725	16.74315
Zm00001d026029	497.1906	-1.394813	0.3088884	-4.515588	6.31e-06	0.000351741	81.73505	58.01742
Zm00001d044024	3350.426	-1.391104	0.3240357	-4.293059	1.76e-05	0.000793657	76.35991	34.90195
Zm00001d010171	12017.68	-1.38419	0.2013362	-6.875022	6.2e-12	2.73e-09	547.4642	194.4235
Zm00001d008432	1064.574	-1.377921	0.2086222	-6.604864	3.98e-11	1.35e-08	24.24618	10.55926
Zm00001d033558	1357.169	-1.375467	0.1706067	-8.06221	7.49e-16	1.11e-12	41.03751	18.01826
Zm00001d022518	1431.765	-1.370822	0.3134174	-4.373792	1.22e-05	0.000592217	64.48646	29.61379
Zm00001d007117	625.1346	-1.369682	0.3395885	-4.033358	5.5e-05	0.001941941	13.25892	7.231758
Zm00001d012307	85.68663	-1.363169	0.2261727	-6.027116	1.67e-09	3.48e-07	1.201336	0.6403648
Zm00001d013202	1471.81	-1.356181	0.2473767	-5.48225	4.2e-08	5.94e-06	58.78661	24.62547
Zm00001d040639	54.35995	-1.343537	0.3592489	-3.739851	0.000184129	0.005032626	2.935449	1.249828
Zm00001d029558	6837.118	-1.32402	0.197171	-6.715087	1.88e-11	7.05e-09	790.9012	293.1161
Zm00001d009660	854.9898	-1.322163	0.2060849	-6.415622	1.4e-10	4.01e-08	31.1696	11.51383
Zm00001d016625	13103.6	-1.318915	0.2933904	-4.495427	6.94e-06	0.000376935	904.7165	395.7248
Zm00001d019221	4749.717	-1.317152	0.3276478	-4.020024	5.82e-05	0.002028101	199.3875	69.90689
Zm00001d012293	368.345	-1.316421	0.3448707	-3.817144	0.000135005	0.003921793	54.28565	20.02393
Zm00001d029083	667.903	-1.310458	0.3151557	-4.158128	3.21e-05	0.001270334	20.26491	10.95425
Zm00001d016705	1194.589	-1.3069	0.3071285	-4.255224	2.09e-05	0.000903643	70.69505	29.70279
Zm00001d026652	1000.296	-1.296931	0.3105287	-4.176524	2.96e-05	0.001191809	16.61099	6.749106
Zm00001d043990	59.82336	-1.293625	0.3590992	-3.602416	0.000315274	0.007533436	3.565553	2.765116
Zm00001d032517	473.1004	-1.288895	0.2008936	-6.415807	1.4e-10	4.01e-08	38.49381	18.12313
Zm00001d033822	327.2386	-1.285209	0.3475825	-3.697565	0.000217677	0.005702366	20.98567	14.54048
Zm00001d017535	226.832	-1.279948	0.3426582	-3.735351	0.000187454	0.005107237	29.55252	23.17418
Zm00001d046919	1004.308	-1.269566	0.26572	-4.777836	1.77e-06	0.000128346	14.29949	6.131445
Zm00001d029703	174.717	-1.266002	0.2735125	-4.62868	3.68e-06	0.000230455	7.235698	4.828137
Zm00001d015356	780.0689	-1.264296	0.3241065	-3.900867	9.58e-05	0.002994413	26.85269	12.76333
Zm00001d012527	3453.954	-1.252857	0.2580275	-4.855516	1.2e-06	9.57e-05	143.113	50.63459
Zm00001d020530	1796.206	-1.251738	0.2861424	-4.374529	1.22e-05	0.000591254	67.35217	31.27993
Zm00001d037338	182.3479	-1.25139	0.2850847	-4.389535	1.14e-05	0.00056398	4.950221	3.515981
Zm00001d002820	1221.927435	-1.243380469	0.322677352	-3.853324261	0.000116525	0.00347805	107.525504	38.2140391
Zm00001d034160	1142.151	-1.242976	0.2600636	-4.779509	1.76e-06	0.000127951	49.12773	18.61492
Zm00001d034245	985.9649	-1.238297	0.297346	-4.164499	3.12e-05	0.001241968	8.356074	4.811797
Zm00001d020434	67.16582	-1.231459	0.3421675	-3.598995	0.000319449	0.007613538	4.935032	1.801088
Zm00001d048203	4065.08	-1.229917	0.2632032	-4.67288	2.97e-06	0.000192512	71.45562	33.45502
Zm00001d045596	946.1092	-1.21851	0.2246506	-5.424024	5.83e-08	7.66e-06	30.24304	19.17424
Zm00001d018318	1051.661	-1.214894	0.2719922	-4.466651	7.95e-06	0.000422261	9.561937	4.914576
Zm00001d003247	10207.32	-1.210827	0.3398126	-3.563221	0.000366332	0.008392054	282.4851	105.9122
Zm00001d044004	440.6608	-1.20346	0.2806411	-4.288253	1.8e-05	0.000807089	24.95308	18.35439
Zm00001d020910	13119.51	-1.202084	0.2523795	-4.763001	1.91e-06	0.000136025	605.4864	313.2683
Zm00001d002548	390.7422634	-1.200786549	0.309165814	-3.883956419	0.00010277	0.003145656	14.76712176	10.88735983
Zm00001d012684	183.185	-1.19756	0.2584354	-4.633883	3.59e-06	0.000226267	27.54186	18.43248
Zm00001d053103	185.2797	-1.196011	0.3195446	-3.742862	0.000181936	0.004992363	28.47995	15.01687
Zm00001d013146	786.6426	-1.187797	0.3180746	-3.734334	0.000188212	0.005119007	69.66419	27.40031
Zm00001d034109	4058.412	-1.186487	0.3289419	-3.606981	0.00030978	0.007426407	149.0478	74.20656
Zm00001d029419	646.644	-1.186139	0.2810959	-4.219695	2.45e-05	0.001026592	9.66436	5.664362
Zm00001d046357	5636.889	-1.183109	0.29135	-4.060782	4.89e-05	0.001786102	108.1375	51.45566
Zm00001d014843	83.24189	-1.171884	0.2843523	-4.121242	3.77e-05	0.001434042	5.657156	3.172967
Zm00001d003945	1971.719	-1.169355	0.2823918	-4.140896	3.46e-05	0.001353652	47.73805	29.53225
Zm00001d020042	2448.034	-1.168332	0.2449204	-4.770253	1.84e-06	0.000132238	203.7896	108.971
Zm00001d035139	3062.637	-1.159351	0.2399052	-4.832536	1.35e-06	0.000103594	66.74184	33.5911
Zm00001d053819	3632.939	-1.157858	0.1951096	-5.9344	2.95e-09	5.76e-07	38.68753	18.05805
Zm00001d052101	952.1858	-1.154294	0.1894363	-6.093312	1.11e-09	2.4e-07	47.29201	33.02589
Zm00001d016469	3838.793	-1.149803	0.2412358	-4.766301	1.88e-06	0.000134162	73.68854	39.71663
Zm00001d004837	4581.496	-1.14811	0.2378241	-4.827558	1.38e-06	0.000105632	176.5804	84.50779
Zm00001d033799	2380.749	-1.144518	0.2613717	-4.378889	1.19e-05	0.000585705	26.72915	15.21445
Zm00001d006921	145.7767	-1.139917	0.2435682	-4.680074	2.87e-06	0.000187545	3.567194	2.199291
Zm00001d006010	8133.166	-1.135277	0.2372999	-4.784146	1.72e-06	0.000126359	354.6268	218.6825
Zm00001d022390	494.8562	-1.129414	0.2878217	-3.924005	8.71e-05	0.002777032	17.74346	14.42711
Zm00001d002004	413.8515497	-1.125641099	0.296718174	-3.793637185	0.000148457	0.004224084	8.341098877	6.149754354
Zm00001d012467	88.79181	-1.124615	0.312954	-3.593546	0.000326208	0.007728038	1.962179	1.446049
Zm00001d033365	389.9551	-1.113268	0.2392612	-4.652941	3.27e-06	0.000210142	13.22461	8.908425
Zm00001d050637	100.4721	-1.11269	0.2740159	-4.060676	4.89e-05	0.001786102	3.932896	2.221477
Zm00001d002650	4503.92097	-1.110651968	0.174995472	-6.346746908	2.2e-10	5.9e-08	39.72107999	21.00273048
Zm00001d031653	590.1316	-1.107457	0.125706	-8.809899	1.25e-18	4.34e-15	15.50211	7.544747
Zm00001d032229	676.2219	-1.102191	0.1869358	-5.896096	3.72e-09	7.22e-07	18.57486	10.59666
Zm00001d021298	118.4594	-1.099408	0.298014	-3.689117	0.000225034	0.005850887	6.084748	3.823727
Zm00001d003780	40.89393	-1.088189	0.27876	-3.903677	9.47e-05	0.002969877	2.510567	1.896714
Zm00001d013013	58.98348	-1.083902	0.2592068	-4.181613	2.89e-05	0.001172246	1.077157	0.7054045
Zm00001d031013	3262.935	-1.080753	0.2301915	-4.695015	2.67e-06	0.000176929	55.82798	26.33326
Zm00001d010575	1214.499	-1.079539	0.2351784	-4.5903	4.43e-06	0.000263496	198.3876	141.1365
Zm00001d035440	7368.36	-1.079514	0.2397239	-4.503156	6.7e-06	0.000367798	1022.772	528.4729
Zm00001d028344	490.8567	-1.076611	0.2708488	-3.974954	7.04e-05	0.002361353	15.45669	8.450928
Zm00001d012391	324.045	-1.073197	0.147812	-7.260558	3.85e-13	2.38e-10	3.696327	2.102016
Zm00001d030548	727.0657	-1.073177	0.2066819	-5.19241	2.08e-07	2.34e-05	30.34969	15.00497
Zm00001d050302	830.9091	-1.072635	0.2451795	-4.374897	1.21e-05	0.000591254	43.28267	19.39309
Zm00001d009011	146.5113	-1.058763	0.2768493	-3.824329	0.000131129	0.003834014	3.197241	2.552036
Zm00001d036351	1896.967	-1.056791	0.2080908	-5.078507	3.8e-07	3.82e-05	9.400758	6.777119
Zm00001d023462	496.7245	-1.054284	0.2902577	-3.632234	0.000280978	0.006916508	11.21025	5.892065
Zm00001d042811	4678.947	-1.047696	0.2559479	-4.093395	4.25e-05	0.001585107	184.3455	97.63693
Zm00001d041201	302.9805	-1.043825	0.2193274	-4.759208	1.94e-06	0.000136955	6.656753	4.446274
Zm00001d043386	2196.761	-1.038908	0.2738762	-3.793349	0.000148629	0.004224659	169.3835	82.58053
Zm00001d033983	8675.985	-1.038097	0.2832419	-3.665053	0.000247287	0.006311163	300.8766	174.7625
Zm00001d030895	4034.81	-1.037245	0.2244144	-4.622005	3.8e-06	0.000233776	212.8787	89.90234
Zm00001d014090	2811.316	-1.03723	0.2263986	-4.581433	4.62e-06	0.00027258	58.41431	44.59233
Zm00001d050323	1079.622	-1.019839	0.2786957	-3.659329	0.000252877	0.006412534	44.35993	28.60453
Zm00001d015309	114.5176	-1.016911	0.2706487	-3.757308	0.000171751	0.004755208	2.721188	1.87109
Zm00001d032789	2422.035	-1.015732	0.2430597	-4.17894	2.93e-05	0.001180932	50.09333	39.48778
Zm00001d036250	466.7583	-1.013428	0.2159287	-4.693346	2.69e-06	0.000177531	56.43117	43.36998
Zm00001d048076	64.86541	-1.011666	0.2833466	-3.570417	0.000356413	0.008294971	1.493957	1.116782
Zm00001d043514	782.4261	-1.010471	0.1694503	-5.963229	2.47e-09	5.04e-07	45.87619	24.90073
Zm00001d024982	131.1797	-1.005815	0.2417016	-4.161391	3.16e-05	0.001255393	7.319984	6.201347
Zm00001d006237	263.6952	-1.005089	0.2206952	-4.554194	5.26e-06	0.000301418	6.674736	5.475382
Zm00001d021569	175.4009	1.001653	0.2471386	4.052999	5.06e-05	0.001821795	2.905732	5.671987
Zm00001d003024	142.1508	1.003457	0.2573743	3.898826	9.67e-05	0.003011262	6.30461	8.732862
Zm00001d025859	361.8347	1.005418	0.183751	5.471634	4.46e-08	6.25e-06	21.75175	27.83184
Zm00001d033300	322.1429	1.006114	0.2856676	3.521973	0.000428348	0.009438623	7.032343	13.07038
Zm00001d039506	428.8152	1.007723	0.2004959	5.026153	5e-07	4.77e-05	5.697158	12.00509
Zm00001d008452	1360.333	1.010814	0.1673233	6.041084	1.53e-09	3.24e-07	85.58407	150.9128
Zm00001d024471	527.7405	1.011616	0.2518463	4.0168	5.9e-05	0.002050887	22.41202	42.30961
Zm00001d032468	610.3595	1.012183	0.2465999	4.104556	4.05e-05	0.001522771	28.0149	57.26852
Zm00001d020881	923.603	1.022099	0.1909543	5.352587	8.67e-08	1.08e-05	10.38628	17.46584
Zm00001d020133	99.99663	1.02988	0.261018	3.945627	7.96e-05	0.002597672	5.970661	12.46886
Zm00001d025412	1089.698	1.033091	0.2932252	3.523201	0.000426367	0.009420853	12.97748	24.26604
Zm00001d000391	317.5400192	1.034345404	0.244291821	4.234056627	2.3e-05	0.000978057	5.74223047	10.02575148
Zm00001d012167	2814.007	1.036952	0.2420425	4.284172	1.83e-05	0.000815458	35.76969	68.91458
Zm00001d044431	1292.024	1.04076	0.2071562	5.024037	5.06e-07	4.8e-05	18.74646	36.83483
Zm00001d045513	1664.008	1.046063	0.2307131	4.534043	5.79e-06	0.000330989	24.76927	51.87412
Zm00001d041635	2010.983	1.053752	0.1448782	7.273365	3.51e-13	2.32e-10	19.05358	39.02771
Zm00001d007050	258.2215	1.056501	0.2860178	3.69383	0.000220902	0.005765053	4.43676	6.8512
Zm00001d033855	4122.862	1.065488	0.2152422	4.95018	7.41e-07	6.37e-05	48.5964	107.889
Zm00001d042673	237.5243	1.06671	0.2523488	4.227127	2.37e-05	0.001002499	4.612009	7.65187
Zm00001d020808	545.5669	1.070896	0.2467414	4.340156	1.42e-05	0.000670621	7.394165	13.19611
Zm00001d048612	1041.719	1.075938	0.2163233	4.973749	6.57e-07	5.73e-05	7.514255	9.619196
Zm00001d005767	694.4262	1.082758	0.1755541	6.16766	6.93e-10	1.53e-07	11.79756	25.22519
Zm00001d002523	699.9078298	1.083495998	0.267417764	4.051697913	5.08e-05	0.001829579	23.99525949	44.39376478
Zm00001d033480	8360.839	1.086246	0.2364347	4.594276	4.34e-06	0.000260197	87.18125	168.6801
Zm00001d043270	616.5382	1.086479	0.2892656	3.755989	0.000172658	0.004774329	10.355	17.41834
Zm00001d029579	361.5661	1.086532	0.2790027	3.894341	9.85e-05	0.00304871	11.1053	18.68398
Zm00001d053739	228.0542	1.0866	0.1965278	5.52899	3.22e-08	4.73e-06	3.601221	7.36492
Zm00001d011917	326.4608	1.086648	0.2720422	3.994411	6.49e-05	0.002202226	9.602519	16.70528
Zm00001d046979	551.0744	1.086877	0.2941713	3.694707	0.00022014	0.005756016	4.842645	9.623376
Zm00001d017441	427.5713	1.086907	0.1909573	5.691883	1.26e-08	2.11e-06	13.69087	25.11469
Zm00001d028012	312.0628	1.087086	0.3076451	3.533572	0.000409984	0.009150265	9.900552	16.64264
Zm00001d021936	1892.004	1.088279	0.2405712	4.523729	6.08e-06	0.000341494	26.92692	49.19552
Zm00001d016308	452.2308	1.08857	0.2821707	3.857843	0.000114392	0.003434485	9.059444	20.02118
Zm00001d028751	1697.559	1.092975	0.1888654	5.787058	7.16e-09	1.27e-06	17.94654	40.48181
Zm00001d048907	302.8023	1.096279	0.2405936	4.556557	5.2e-06	0.000299285	6.126268	12.02422
Zm00001d031887	328.4796	1.098735	0.2163787	5.077832	3.82e-07	3.82e-05	11.8772	23.54629
Zm00001d051114	389.3094	1.106535	0.3102641	3.566429	0.000361878	0.008377581	4.86675	8.048452
Zm00001d023825	972.4553	1.108586	0.1689188	6.562835	5.28e-11	1.7e-08	8.188896	21.89516
Zm00001d019994	2214.682	1.10888	0.1861244	5.957733	2.56e-09	5.14e-07	41.86122	84.48141
Zm00001d027510	1156.069	1.109106	0.2056187	5.393995	6.89e-08	8.89e-06	8.334994	17.8606
Zm00001d047913	848.7819	1.11074	0.2460365	4.514535	6.35e-06	0.000352785	66.18359	117.5404
Zm00001d019117	756.4651	1.118141	0.235038	4.757275	1.96e-06	0.000137814	16.60658	32.01658
Zm00001d014391	732.0851	1.118162	0.240598	4.647429	3.36e-06	0.000214839	5.638763	9.85552
Zm00001d005451	3991.78	1.124218	0.2216557	5.071912	3.94e-07	3.92e-05	23.4803	46.40646
Zm00001d015569	2792.301	1.12701	0.2727078	4.132664	3.59e-05	0.00138936	23.88222	46.36845
Zm00001d036283	2974.827	1.133462	0.2992148	3.788122	0.00015179	0.004301295	34.61781	81.72806
Zm00001d049201	1930.127	1.133997	0.2809772	4.035902	5.44e-05	0.001924701	36.6863	66.08243
Zm00001d053734	142.1928	1.136031	0.3213777	3.534878	0.000407964	0.009112499	7.314669	13.26216
Zm00001d042344	1424.474	1.138468	0.2276188	5.001645	5.68e-07	5.16e-05	8.219358	15.78449
Zm00001d046945	2382.395	1.141284	0.2876572	3.967514	7.26e-05	0.002415828	20.99124	43.79725
Zm00001d030529	262.8383	1.141845	0.2963385	3.853176	0.000116595	0.00347805	13.94218	22.15124
Zm00001d040173	1281.792	1.142638	0.2669633	4.280129	1.87e-05	0.000829086	25.71324	59.15188
Zm00001d029654	1338.593	1.142738	0.3247858	3.518435	0.000434101	0.00953509	15.35678	28.21374
Zm00001d041951	1969.68	1.149412	0.176099	6.527082	6.71e-11	2.11e-08	33.76924	67.08876
Zm00001d004523	221.8326	1.150043	0.2097332	5.483361	4.17e-08	5.94e-06	9.399511	21.35306
Zm00001d012241	272.5568	1.150182	0.3121241	3.685016	0.000228688	0.005923682	8.53552	14.5822
Zm00001d025057	871.1342	1.152303	0.2693778	4.277646	1.89e-05	0.000833054	17.04907	33.98058
Zm00001d032049	1140.891	1.159005	0.2691199	4.306649	1.66e-05	0.000756273	9.853942	17.47851
Zm00001d045582	485.281	1.159084	0.2758047	4.202554	2.64e-05	0.001084694	8.096512	20.85358
Zm00001d049713	305.169	1.162089	0.2916462	3.984585	6.76e-05	0.002281399	3.255762	7.077034
Zm00001d027749	1886.404	1.164881	0.3201756	3.638257	0.000274489	0.006786874	21.00826	48.98693
Zm00001d017767	231.815	1.169343	0.280287	4.171947	3.02e-05	0.001210738	4.551457	9.952097
Zm00001d008628	2104.646	1.175349	0.3020739	3.890932	9.99e-05	0.003078124	19.56909	52.84922
Zm00001d003099	161.4896	1.176919	0.2704175	4.352231	1.35e-05	0.000640154	3.218525	5.838762
Zm00001d040541	338.1576	1.177578	0.239498	4.916862	8.79e-07	7.37e-05	10.32377	15.02083
Zm00001d006626	4221.977	1.182515	0.300302	3.937753	8.22e-05	0.002662456	103.3747	172.6451
Zm00001d006053	469.6631	1.188004	0.2090208	5.683663	1.32e-08	2.2e-06	8.670068	19.22294
Zm00001d031801	171.5216	1.196522	0.280782	4.261391	2.03e-05	0.000883391	5.24457	9.050332
Zm00001d049380	2342.842	1.19838	0.168283	7.121217	1.07e-12	5.6e-10	16.26905	33.46242
Zm00001d027802	1851.285	1.198793	0.1854626	6.463803	1.02e-10	3.08e-08	13.99863	30.21736
Zm00001d042470	306.5026	1.199479	0.2501409	4.795213	1.63e-06	0.000121841	1.538112	3.236211
Zm00001d016826	126.3646	1.208235	0.3386488	3.567812	0.000359974	0.008352914	2.496962	5.265891
Zm00001d027763	490.9919	1.210399	0.2987805	4.05113	5.1e-05	0.001831654	8.199862	21.25621
Zm00001d050308	920.2153	1.215364	0.3322001	3.65853	0.000253666	0.006420813	13.31571	23.45039
Zm00001d008850	704.8111	1.217425	0.3192279	3.813654	0.000136927	0.003963756	19.73432	52.75701
Zm00001d020773	549.7208	1.218652	0.3137797	3.883781	0.000102844	0.003145656	14.09216	27.21231
Zm00001d052733	1515.539	1.218908	0.2516681	4.843318	1.28e-06	9.96e-05	18.10347	41.86105
Zm00001d003174	345.229	1.220777	0.2656909	4.594726	4.33e-06	0.000260197	9.708697	16.12118
Zm00001d047638	897.3271	1.222755	0.2441318	5.008583	5.48e-07	5.05e-05	18.36343	37.57109
Zm00001d038972	9408.596	1.224412	0.1672688	7.320025	2.48e-13	1.78e-10	19.59902	50.15469
Zm00001d025869	293.8218	1.224619	0.179218	6.833122	8.31e-12	3.55e-09	2.443624	5.437403
Zm00001d006835	166.4436	1.229187	0.2122191	5.792064	6.95e-09	1.24e-06	1.412482	2.802968
Zm00001d046952	3842.577	1.233544	0.1574532	7.834353	4.71e-15	5.23e-12	52.71424	150.1824
Zm00001d045945	631.9272	1.235222	0.3051812	4.047503	5.18e-05	0.001848716	8.986744	18.66778
Zm00001d010131	721.2468	1.236382	0.2873957	4.302019	1.69e-05	0.000767205	12.79639	21.05754
Zm00001d052234	219.9582	1.247165	0.3039807	4.102776	4.08e-05	0.001532463	5.399693	15.75558
Zm00001d044476	355.8522	1.248529	0.2497283	4.999547	5.75e-07	5.18e-05	4.967683	11.92557
Zm00001d006900	6971.048	1.248585	0.2995411	4.168328	3.07e-05	0.001224806	51.25108	98.83031
Zm00001d039488	182.894	1.253881	0.3341701	3.752224	0.000175273	0.004828609	1.793962	5.48222
Zm00001d014952	421.1404	1.254895	0.2137207	5.871661	4.31e-09	8.2e-07	8.754957	20.23497
Zm00001d040126	1146.102	1.257813	0.248189	5.067963	4.02e-07	3.98e-05	25.4314	63.63646
Zm00001d022082	710.2751	1.266995	0.2807907	4.51224	6.41e-06	0.000354384	11.32277	23.70596
Zm00001d012177	25.07496	1.268509	0.3125279	4.058868	4.93e-05	0.001791889	0.2815515	0.511524
Zm00001d051505	290.7623	1.270551	0.2180701	5.826341	5.67e-09	1.03e-06	9.464287	19.32243
Zm00001d028548	259.2386	1.272344	0.3343944	3.804919	0.000141851	0.004072658	6.71286	17.37412
Zm00001d010673	459.959	1.283065	0.1544011	8.30995	9.57e-17	1.9e-13	8.233958	18.15257
Zm00001d032274	135.2676	1.285726	0.267254	4.810878	1.5e-06	0.0001139	1.228628	2.327759
Zm00001d048692	765.6252	1.286719	0.2844348	4.523776	6.07e-06	0.000341494	7.782683	12.89923
Zm00001d010410	549.0061	1.288958	0.3061388	4.21037	2.55e-05	0.001058816	8.896763	22.73216
Zm00001d017849	674.0545	1.289796	0.3524023	3.660011	0.000252205	0.006407205	7.964306	20.62334
Zm00001d040297	2978.284	1.290414	0.244596	5.275698	1.32e-07	1.56e-05	197.6263	419.7106
Zm00001d011202	860.3428	1.294806	0.233401	5.547558	2.9e-08	4.34e-06	10.27315	20.02516
Zm00001d020348	320.2293	1.30618	0.351068	3.720591	0.000198757	0.005342953	7.917018	18.16072
Zm00001d052471	135.6145	1.308534	0.3375441	3.87663	0.000105913	0.003218227	2.892845	3.461929
Zm00001d003833	1165.268	1.309568	0.3270266	4.004471	6.22e-05	0.002139383	20.38048	65.04837
Zm00001d053856	334.8228	1.319683	0.2757592	4.785634	1.7e-06	0.000126095	5.741072	14.8235
Zm00001d039517	481.4171	1.320861	0.2659486	4.966604	6.81e-07	5.91e-05	5.327641	10.37266
Zm00001d016062	233.378	1.333837	0.3151649	4.232189	2.31e-05	0.000983196	7.21372	15.53777
Zm00001d032152	4455.428	1.334784	0.3081189	4.332041	1.48e-05	0.000692274	70.0598	182.2156
Zm00001d041168	1247.035	1.335343	0.311198	4.290975	1.78e-05	0.000799843	17.03565	36.09936
Zm00001d042359	230.7059	1.341876	0.286364	4.685911	2.79e-06	0.000183662	5.043034	16.80606
Zm00001d032467	614.1856	1.343794	0.2948866	4.556987	5.19e-06	0.000299285	15.63875	34.37447
Zm00001d038563	233.3186	1.343864	0.340813	3.943113	8.04e-05	0.00261277	8.715498	13.64324
Zm00001d002614	466.378228	1.34780416	0.365575564	3.686800468	0.000227091	0.005887819	2.033390003	5.963753504
Zm00001d006879	262.25	1.347964	0.267418	5.040665	4.64e-07	4.47e-05	7.798307	22.24088
Zm00001d018801	475.9904	1.350672	0.2597948	5.198997	2e-07	2.27e-05	43.95707	101.7337
Zm00001d042813	665.3219	1.350802	0.3267649	4.133864	3.57e-05	0.00138405	9.830343	27.82911
Zm00001d000390	97.85078651	1.352797219	0.298476978	4.532333543	5.83e-06	0.00033231	3.15348097	7.835127622
Zm00001d009927	728.931	1.358044	0.2804519	4.842343	1.28e-06	9.97e-05	4.705979	10.33602
Zm00001d050457	1269.036	1.358734	0.2854146	4.760561	1.93e-06	0.000136626	14.50243	30.23128
Zm00001d038412	1268.202	1.363057	0.295478	4.613059	3.97e-06	0.000241923	19.98415	39.88737
Zm00001d047068	55.31744	1.364311	0.3677289	3.7101	0.000207177	0.00552645	1.429876	2.647508
Zm00001d016855	3685.283	1.364799	0.2665051	5.121099	3.04e-07	3.23e-05	16.25825	40.01928
Zm00001d024734	6443.197	1.366551	0.31362	4.357346	1.32e-05	0.000626451	110.2507	247.8252
Zm00001d031221	2525.285	1.367008	0.3497748	3.908251	9.3e-05	0.002930771	41.87202	90.25302
Zm00001d041055	31.18817	1.368694	0.3583146	3.819811	0.000133554	0.00389187	0.6330777	1.91147
Zm00001d045499	1082.213	1.378744	0.2009302	6.861804	6.8e-12	2.95e-09	12.88934	33.28135
Zm00001d047276	2674.477	1.37958	0.3620657	3.810302	0.000138797	0.004002608	35.00805	91.89599
Zm00001d016771	231.3498	1.384177	0.2984447	4.637968	3.52e-06	0.000223365	3.291159	6.992445
Zm00001d031661	41.74263	1.384794	0.3730411	3.712176	0.000205485	0.005491875	3.171001	7.311892
Zm00001d052775	213.619	1.385223	0.3851983	3.596131	0.000322986	0.00767804	2.780632	7.918253
Zm00001d033602	1149.825	1.38843	0.1924107	7.21597	5.36e-13	3.1e-10	8.180697	17.96331
Zm00001d015307	605.1401	1.391002	0.3783513	3.676482	0.000236473	0.006095612	10.97251	28.18822
Zm00001d002798	201.8373896	1.398527988	0.394054119	3.549075924	0.000386586	0.008733435	6.600129855	21.82239381
Zm00001d028007	458.1276	1.400549	0.176177	7.949666	1.87e-15	2.47e-12	3.802396	6.648666
Zm00001d039302	311.0549	1.400591	0.3268904	4.284589	1.83e-05	0.000815238	2.513668	4.227538
Zm00001d038511	213.427	1.410976	0.3005196	4.695123	2.66e-06	0.000176929	3.361835	8.124715
Zm00001d051896	675.7538	1.414803	0.2914186	4.854884	1.2e-06	9.58e-05	10.594	27.03242
Zm00001d043547	179.1552	1.418275	0.3944765	3.595335	0.000323975	0.007688373	3.245995	7.099788
Zm00001d002541	46.41452697	1.420986145	0.400158676	3.551056691	0.000383688	0.008696296	0.358422055	0.787211485
Zm00001d003012	475.3858	1.42129	0.3110612	4.569166	4.9e-06	0.000285987	10.00211	23.58061
Zm00001d013287	270.2487	1.421731	0.3862759	3.680609	0.000232678	0.006011326	4.19326	10.46764
Zm00001d016216	39.93505	1.422489	0.3851339	3.693492	0.000221196	0.005767305	1.328592	3.229295
Zm00001d005775	4722.484	1.432647	0.2618816	5.470591	4.49e-08	6.25e-06	28.97645	73.01443
Zm00001d021577	294.7023	1.433316	0.4020181	3.565301	0.000363438	0.008382425	5.672579	11.80446
Zm00001d033139	197.199	1.4473	0.4014473	3.605207	0.000311904	0.00746579	3.471206	6.247519
Zm00001d042814	903.0956	1.455713	0.4004768	3.634949	0.000278036	0.006856244	11.92111	35.7938
Zm00001d053163	147.2109	1.460857	0.416126	3.510613	0.000447075	0.009773635	2.061291	7.042374
Zm00001d002568	152.9073731	1.466831205	0.376733702	3.893549207	9.88e-05	0.003054875	7.194310182	21.50691524
Zm00001d025338	1033.792	1.468142	0.3099288	4.737029	2.17e-06	0.000149293	27.69141	68.99195
Zm00001d003981	481.3237	1.476289	0.3756491	3.929968	8.5e-05	0.002727876	32.01596	74.45379
Zm00001d040730	593.0075	1.476821	0.4032261	3.662514	0.000249752	0.006368223	5.208352	17.53711
Zm00001d046644	373.7748	1.488191	0.2637056	5.643379	1.67e-08	2.72e-06	7.08937	16.55689
Zm00001d008248	1229.211	1.493453	0.3858335	3.870719	0.000108515	0.003286486	7.807926	22.7265
Zm00001d009116	315.1158	1.500835	0.3822016	3.926815	8.61e-05	0.002757483	21.39906	41.17552
Zm00001d051804	9227.758	1.505197	0.2081783	7.230326	4.82e-13	2.84e-10	139.5712	354.4304
Zm00001d020100	250.106	1.505504	0.3730205	4.035983	5.44e-05	0.001924701	5.738385	13.73106
Zm00001d005570	861.9333	1.510396	0.2960579	5.101692	3.37e-07	3.5e-05	22.05889	59.58208
Zm00001d035854	1573.588	1.514352	0.326056	4.644454	3.41e-06	0.000217457	22.88033	38.38969
Zm00001d044849	276.124	1.515369	0.2924389	5.181833	2.2e-07	2.45e-05	6.848882	24.26894
Zm00001d045946	162.6657	1.516085	0.331146	4.578296	4.69e-06	0.000276112	3.362429	8.294309
Zm00001d026002	103.7128	1.520189	0.3648046	4.167131	3.08e-05	0.001229484	4.938	13.64344
Zm00001d005682	1239.985	1.531178	0.3430643	4.463239	8.07e-06	0.000425782	18.38542	47.75965
Zm00001d052227	279.0243	1.531416	0.4307553	3.555188	0.000377709	0.008588856	5.246924	7.635581
Zm00001d014611	1087.188	1.534168	0.2110979	7.267567	3.66e-13	2.32e-10	34.14517	97.72758
Zm00001d030191	76.14816	1.534888	0.4327146	3.547114	0.000389476	0.008777288	1.163824	3.260448
Zm00001d046652	268.9934	1.534965	0.1932936	7.941107	2e-15	2.53e-12	3.331814	8.970008
Zm00001d011785	87.70054	1.535105	0.2798015	5.486408	4.1e-08	5.87e-06	2.939226	8.198794
Zm00001d049178	131.8435	1.53777	0.4208894	3.653621	0.000258568	0.006510164	2.700719	5.412531
Zm00001d032973	165.6898	1.546957	0.3983679	3.883237	0.000103075	0.003149	1.818214	5.776052
Zm00001d021949	798.6993	1.548021	0.3546029	4.365507	1.27e-05	0.000610845	8.038899	18.8282
Zm00001d006638	160.2893	1.549618	0.4121757	3.759606	0.000170181	0.004716444	1.753195	4.074785
Zm00001d021286	190.2956	1.550973	0.4266234	3.635462	0.000277483	0.006848684	3.31313	7.006022
Zm00001d042853	296.0843	1.560915	0.2404082	6.492772	8.43e-11	2.63e-08	2.972335	8.742179
Zm00001d052041	1513.421	1.563291	0.389267	4.015986	5.92e-05	0.002052835	48.28428	112.3574
Zm00001d044495	9656.671	1.566601	0.4373153	3.582315	0.000340562	0.007999895	101.7517	329.0706
Zm00001d037757	428.8589	1.570455	0.2503442	6.273183	3.54e-10	8.81e-08	23.90885	76.06044
Zm00001d037288	402.2253	1.571909	0.3575199	4.396704	1.1e-05	0.000550546	10.29408	25.99838
Zm00001d018178	922.2574	1.58035	0.4096153	3.858132	0.000114257	0.003434143	12.36174	31.34184
Zm00001d011944	37.06544	1.584407	0.3548126	4.465476	7.99e-06	0.000422965	0.8182321	1.476479
Zm00001d051501	253.3434	1.584787	0.4123657	3.84316	0.00012146	0.003607525	12.30292	26.40278
Zm00001d020442	684.3349	1.588041	0.3959223	4.010991	6.05e-05	0.00209414	24.4977	58.91606
Zm00001d046530	1188.272	1.596269	0.3592634	4.443172	8.86e-06	0.000462239	22.62481	53.34955
Zm00001d013858	725.3219	1.597903	0.4470581	3.574263	0.000351216	0.008187749	10.7077	29.16127
Zm00001d006203	104.4795	1.598909	0.3362115	4.755666	1.98e-06	0.000138566	1.309368	3.45349
Zm00001d006293	389.0912	1.598963	0.3022132	5.290845	1.22e-07	1.45e-05	1.508407	4.63296
Zm00001d033412	252.8159	1.606314	0.452342	3.551105	0.000383617	0.008696296	5.955552	12.44751
Zm00001d038300	319.7807	1.619016	0.3737618	4.331678	1.48e-05	0.000692274	4.073579	9.027441
Zm00001d043276	266.3454	1.627326	0.3803463	4.278537	1.88e-05	0.000833054	9.514227	22.48141
Zm00001d027755	378.0106	1.628266	0.3950283	4.121897	3.76e-05	0.001431933	7.761695	17.58714
Zm00001d043853	32.71175	1.629633	0.3975933	4.098744	4.15e-05	0.001556469	0.3215307	1.102126
Zm00001d033898	929.8366	1.632248	0.3048903	5.35356	8.62e-08	1.08e-05	6.005135	17.22793
Zm00001d043839	290.2782	1.63712	0.291831	5.609824	2.03e-08	3.21e-06	7.568073	20.30573
Zm00001d002143	2193.798519	1.639307131	0.296362552	5.531424667	3.18e-08	4.69e-06	20.01812496	52.69869519
Zm00001d028505	1224.383	1.639581	0.2793131	5.870045	4.36e-09	8.22e-07	25.49031	67.50585
Zm00001d003185	786.5455	1.639982	0.3975908	4.124799	3.71e-05	0.001421808	7.038757	23.84655
Zm00001d026635	1062.848	1.642746	0.3255895	5.045451	4.52e-07	4.39e-05	8.14461	25.39635
Zm00001d040681	260.4812	1.644398	0.3972368	4.13959	3.48e-05	0.001357551	5.778368	17.44498
Zm00001d052269	717.9286	1.651152	0.3236977	5.100906	3.38e-07	3.5e-05	6.693906	16.61874
Zm00001d050417	562.2278	1.652007	0.3951622	4.180579	2.91e-05	0.001175872	12.17911	32.90331
Zm00001d029784	111.9801	1.658988	0.3830905	4.330539	1.49e-05	0.000694692	3.3833	6.873884
Zm00001d029921	183.6918	1.660279	0.3238278	5.127044	2.94e-07	3.15e-05	2.457273	7.199758
Zm00001d051894	61.71533	1.664376	0.4606639	3.612995	0.00030268	0.0072827	1.168502	4.647777
Zm00001d020069	653.3823	1.66727	0.4507948	3.698512	0.000216867	0.005688539	6.286671	20.76604
Zm00001d027435	996.3733	1.669991	0.2790562	5.984423	2.17e-09	4.46e-07	7.234674	23.77528
Zm00001d021360	56.67928	1.678589	0.3584777	4.682549	2.83e-06	0.000185819	1.766325	4.06642
Zm00001d010287	943.5687	1.681498	0.4064335	4.137204	3.52e-05	0.001368448	11.74914	37.65448
Zm00001d002038	130.5348773	1.68408889	0.364691866	4.617840554	3.88e-06	0.00023694	1.017121616	3.361964
Zm00001d003039	331.8102	1.685811	0.4004538	4.20975	2.56e-05	0.001060138	4.301077	13.32539
Zm00001d044546	116.3517	1.691406	0.3536732	4.782399	1.73e-06	0.00012679	7.111363	16.75681
Zm00001d051791	963.9237	1.696881	0.4049965	4.189866	2.79e-05	0.001137055	12.52845	42.20356
Zm00001d010627	38.58351	1.701029	0.4304764	3.951503	7.77e-05	0.002552725	1.379377	3.519111
Zm00001d000308	53.31771726	1.714707995	0.482979041	3.550274127	0.00038483	0.008708883	1.43113327	3.84444887
Zm00001d030213	220.7662	1.72137	0.2246696	7.661784	1.83e-14	1.77e-11	2.045107	6.49192
Zm00001d025761	692.2167	1.723356	0.2763955	6.235109	4.51e-10	1.07e-07	11.63163	30.34783
Zm00001d010373	126.3357	1.723748	0.4300294	4.008442	6.11e-05	0.00211159	2.823345	8.040127
Zm00001d037426	21.70584	1.735492	0.4757453	3.647943	0.000264348	0.006603265	0.9397833	3.029
Zm00001d042830	411.444	1.749386	0.2407386	7.266747	3.68e-13	2.32e-10	5.604736	14.45479
Zm00001d029098	621.418	1.750759	0.3703012	4.727932	2.27e-06	0.000153971	10.57045	33.92535
Zm00001d035300	49.73655	1.752835	0.3986765	4.396634	1.1e-05	0.000550546	0.5122287	2.133464
Zm00001d021537	194.6172	1.752906	0.3499124	5.009557	5.46e-07	5.04e-05	2.663881	8.365398
Zm00001d011006	420.1479	1.755895	0.3258339	5.388928	7.09e-08	9.1e-06	3.803838	13.29804
Zm00001d018076	495.1528	1.759623	0.2787151	6.313341	2.73e-10	7.15e-08	10.7725	35.40543
Zm00001d012171	47.33551	1.789804	0.375852	4.76199	1.92e-06	0.000136358	1.555953	3.290318
Zm00001d028510	1024.535	1.791518	0.3085419	5.806399	6.38e-09	1.16e-06	21.11433	58.10532
Zm00001d022453	1593.178	1.793737	0.3496684	5.129821	2.9e-07	3.12e-05	26.17422	84.71116
Zm00001d017713	964.7174	1.796149	0.4002974	4.487037	7.22e-06	0.000390553	14.23874	25.37398
Zm00001d019083	39.00916	1.796285	0.4707319	3.81594	0.000135665	0.003936848	0.6936506	1.109045
Zm00001d049906	92.5988	1.80015	0.3212183	5.604132	2.09e-08	3.3e-06	2.216233	7.759552
Zm00001d002565	91.44539697	1.801372755	0.353719779	5.092654863	3.53e-07	3.6e-05	4.187315257	10.69063548
Zm00001d002970	372.4898	1.818925	0.4186291	4.344956	1.39e-05	0.000658475	4.937564	12.11311
Zm00001d032787	265.8011	1.819655	0.3254707	5.590841	2.26e-08	3.54e-06	4.062482	16.82687
Zm00001d037336	457.3031	1.826769	0.4029793	4.533158	5.81e-06	0.000331696	5.806084	21.79749
Zm00001d049485	98.15592	1.82843	0.5038752	3.628737	0.000284812	0.006955319	3.472605	7.496309
Zm00001d032103	221.4433	1.829374	0.4161333	4.396125	1.1e-05	0.000550844	2.067679	6.363672
Zm00001d043037	94.03499	1.835479	0.5103725	3.596352	0.000322711	0.00767804	3.388844	7.963214
Zm00001d029814	549.3394	1.850736	0.5086389	3.638605	0.000274119	0.006783776	9.742387	28.68202
Zm00001d025059	577.3153	1.854624	0.5207758	3.561271	0.000369064	0.0084407	9.841757	38.41428
Zm00001d025727	299.1064	1.855699	0.3919478	4.734557	2.2e-06	0.000150228	1.551525	4.410797
Zm00001d035246	589.857	1.863978	0.4524133	4.120078	3.79e-05	0.001439329	8.789817	23.47641
Zm00001d042786	423.2302	1.867384	0.3227077	5.786612	7.18e-09	1.27e-06	7.916907	22.86051
Zm00001d031287	140.7433	1.871989	0.5254459	3.562668	0.000367105	0.008402821	1.012852	4.499164
Zm00001d051695	307.6187	1.877949	0.4735515	3.96567	7.32e-05	0.002428758	3.301719	10.47984
Zm00001d020638	156.2163	1.879263	0.4614297	4.072697	4.65e-05	0.001712115	1.425002	3.563209
Zm00001d048651	42.81939	1.880447	0.476878	3.943246	8.04e-05	0.00261277	0.5213582	1.18147
Zm00001d045519	2374.379	1.892478	0.5178186	3.654712	0.000257471	0.006493405	9.880815	45.69563
Zm00001d016814	93.85454	1.896983	0.4672686	4.059727	4.91e-05	0.001788671	2.174416	6.690351
Zm00001d039520	190.3617	1.898162	0.3725902	5.094503	3.5e-07	3.58e-05	2.991212	6.474716
Zm00001d032888	380.7669	1.904129	0.3899086	4.883525	1.04e-06	8.53e-05	5.499969	19.13229
Zm00001d032306	135.8776	1.904433	0.3001014	6.345965	2.21e-10	5.9e-08	1.94866	6.434054
Zm00001d035962	105.1638	1.91804	0.3000964	6.391413	1.64e-10	4.61e-08	1.385124	3.6612
Zm00001d027892	548.4656	1.918629	0.2548804	7.527568	5.17e-14	4.22e-11	6.007751	19.64101
Zm00001d031971	2721.951	1.920687	0.349595	5.494035	3.93e-08	5.65e-06	48.56315	134.4457
Zm00001d002530	248.7349089	1.935058927	0.384621224	5.031076821	4.88e-07	4.68e-05	3.600625221	15.81399261
Zm00001d023543	1065.126	1.975048	0.2610818	7.564862	3.88e-14	3.37e-11	6.74614	22.28582
Zm00001d050834	62.70492	1.976795	0.5241232	3.771622	0.00016219	0.00451754	1.017347	3.516921
Zm00001d045468	248.6808	1.982971	0.2882969	6.878228	6.06e-12	2.71e-09	2.709544	8.528644
Zm00001d032342	29.81622	1.990803	0.501119	3.972714	7.11e-05	0.002372692	0.5460046	1.771069
Zm00001d000194	440.1154841	1.992918972	0.440106697	4.528263228	5.95e-06	0.000337503	9.248037744	34.02036627
Zm00001d031066	124.0842	1.996493	0.4839374	4.125519	3.7e-05	0.001420965	3.767735	9.64554
Zm00001d027978	64.89826	1.998813	0.5465186	3.657355	0.000254831	0.006444421	1.989649	2.750524
Zm00001d033273	828.9513	2.007358	0.5666644	3.542411	0.000396488	0.008913587	3.986245	14.16617
Zm00001d020982	570.0882	2.015115	0.4132872	4.875822	1.08e-06	8.79e-05	10.19304	32.82843
Zm00001d017952	190.6118	2.020233	0.3800373	5.31588	1.06e-07	1.29e-05	2.879994	11.65218
Zm00001d034782	2331.019	2.039559	0.3819895	5.339306	9.33e-08	1.16e-05	20.09316	86.05041
Zm00001d008837	1348.118	2.046539	0.4486581	4.561467	5.08e-06	0.000295435	16.00042	60.91847
Zm00001d037857	45.1433	2.088409	0.500199	4.175155	2.98e-05	0.00119642	0.9463308	4.015061
Zm00001d011157	90.84008	2.090782	0.5152416	4.057866	4.95e-05	0.001795908	0.6042749	2.517012
Zm00001d013997	350.5434	2.110105	0.5978918	3.529243	0.00041675	0.009256596	4.38108	10.90825
Zm00001d011303	469.797	2.115025	0.4051329	5.22057	1.78e-07	2.05e-05	19.7417	70.05018
Zm00001d023661	19.67725	2.122698	0.6021722	3.525068	0.000423374	0.009388672	0.5572585	2.814984
Zm00001d030550	41.05418	2.138613	0.5086647	4.204367	2.62e-05	0.001077631	0.5389925	2.284377
Zm00001d037779	258.5395	2.14199	0.5463823	3.920314	8.84e-05	0.002807016	3.141242	13.49125
Zm00001d037060	295.1502	2.145377	0.3860625	5.557071	2.74e-08	4.2e-06	3.357187	13.48009
Zm00001d013689	104.5628	2.151938	0.5699453	3.775692	0.000159564	0.004480395	0.9878361	3.780278
Zm00001d053118	152.8618	2.162276	0.4948323	4.369716	1.24e-05	0.000601278	1.80188	7.88745
Zm00001d031167	165.5623	2.175868	0.5531116	3.933867	8.36e-05	0.002696454	2.114966	5.375392
Zm00001d032999	149.8094	2.181936	0.5781795	3.773804	0.000160777	0.004496723	1.88736	4.681256
Zm00001d013676	95.76194	2.186492	0.3377074	6.474517	9.51e-11	2.93e-08	0.6534713	3.127833
Zm00001d039094	178.952	2.191425	0.3744474	5.852424	4.84e-09	8.96e-07	1.813614	8.013
Zm00001d015202	355.9014	2.193005	0.4968316	4.413981	1.01e-05	0.000517547	2.569104	10.86067
Zm00001d033815	55.16866	2.194612	0.5072163	4.326778	1.51e-05	0.000703216	0.729555	2.789937
Zm00001d039930	17.18566	2.201416	0.523174	4.207808	2.58e-05	0.0010661	0.6942721	1.594545
Zm00001d009667	22.10868	2.206031	0.4587495	4.808793	1.52e-06	0.000114781	0.2387914	0.8136334
Zm00001d042196	173.143	2.210389	0.406432	5.438521	5.37e-08	7.32e-06	5.66048	22.39396
Zm00001d038407	45.59301	2.218874	0.5831803	3.804782	0.000141929	0.004072658	0.136561	0.4127127
Zm00001d041853	85.10337	2.23174	0.4932951	4.524147	6.06e-06	0.000341494	1.325826	5.754282
Zm00001d021444	54.94046	2.248191	0.5985912	3.755804	0.000172786	0.004774329	0.5341301	2.128454
Zm00001d011746	128.1262	2.267163	0.5698607	3.978451	6.94e-05	0.002335371	0.7754715	2.875027
Zm00001d048631	417.9482	2.273515	0.6456258	3.521414	0.000429253	0.009451052	3.674466	11.75094
Zm00001d025703	206.3641	2.274566	0.6168442	3.687425	0.000226535	0.00587959	0.8172036	3.714873
Zm00001d021442	846.003	2.284404	0.2922167	7.817499	5.39e-15	5.75e-12	2.393738	12.44057
Zm00001d017249	985.0158	2.297704	0.4610535	4.983595	6.24e-07	5.5e-05	12.3624	45.24239
Zm00001d006516	131.3891	2.315319	0.3503137	6.609273	3.86e-11	1.32e-08	3.121956	14.17727
Zm00001d014043	188.3404	2.324191	0.4634242	5.015256	5.3e-07	4.95e-05	2.728975	10.4022
Zm00001d028469	54.65165	2.324428	0.5270291	4.410436	1.03e-05	0.000525127	1.181762	6.165066
Zm00001d042646	172.829	2.32445	0.4768321	4.874777	1.09e-06	8.81e-05	3.501368	10.85635
Zm00001d020457	13.58083	2.33141	0.6195101	3.763313	0.000167677	0.004661026	0.2118779	0.762755
Zm00001d037612	154.8569	2.335244	0.6484304	3.60138	0.000316533	0.007550526	1.750893	4.981052
Zm00001d051666	30.5299	2.338679	0.6590925	3.548331	0.00038768	0.008743918	0.3682334	0.9272944
Zm00001d041818	99.59032	2.360082	0.4714876	5.005608	5.57e-07	5.1e-05	1.425989	5.539748
Zm00001d003723	40.12905	2.371818	0.5340761	4.440973	8.96e-06	0.000466113	0.4444756	1.04293
Zm00001d028599	1049.846	2.379997	0.4140341	5.748311	9.01e-09	1.52e-06	9.573705	33.38679
Zm00001d039698	990.4182	2.383223	0.5545641	4.297471	1.73e-05	0.000779292	9.374347	41.94978
Zm00001d047830	448.147	2.383484	0.6648805	3.584831	0.000337297	0.007936636	2.992685	12.42562
Zm00001d046299	1704.428	2.383827	0.5782838	4.122245	3.75e-05	0.001431741	22.57445	83.1963
Zm00001d018601	299.9454	2.391568	0.4058771	5.892344	3.81e-09	7.34e-07	2.324331	12.33778
Zm00001d005317	230.4833	2.393031	0.5188536	4.61215	3.99e-06	0.000241923	1.451658	9.44347
Zm00001d008808	379.7149	2.436658	0.3359775	7.252443	4.09e-13	2.47e-10	4.679694	18.00467
Zm00001d007257	84.69047	2.454462	0.3479264	7.054544	1.73e-12	8.78e-10	1.097065	6.163132
Zm00001d012229	690.8267	2.45999	0.4375432	5.622278	1.88e-08	3.02e-06	7.32113	26.60899
Zm00001d052726	5081.424	2.467623	0.3334593	7.400071	1.36e-13	1.08e-10	8.250901	46.02266
Zm00001d033215	143.3011	2.475589	0.3470149	7.133957	9.75e-13	5.2e-10	1.237939	5.600721
Zm00001d049616	452.3708	2.490584	0.3458967	7.200371	6e-13	3.27e-10	3.854482	22.42295
Zm00001d022593	352.0376	2.510453	0.3702764	6.779944	1.2e-11	4.83e-09	4.702256	17.94431
Zm00001d018206	1768.365	2.51942	0.5211817	4.834053	1.34e-06	0.000103093	15.24205	60.74502
Zm00001d007781	16.89117	2.529347	0.589749	4.288853	1.8e-05	0.000806217	0.1323134	0.7815214
Zm00001d004621	169.7441	2.540139	0.4840134	5.248075	1.54e-07	1.8e-05	1.348052	6.538822
Zm00001d002524	17.3635161	2.55580003	0.716861967	3.565261024	0.000363494	0.008382425	0.323109269	1.572709037
Zm00001d025082	83.86092	2.558576	0.7061705	3.623171	0.000291014	0.007057596	0.3232903	1.124303
Zm00001d020503	239.5338	2.574923	0.5568418	4.624155	3.76e-06	0.000231879	11.79461	57.21366
Zm00001d029474	74.85816	2.5785	0.4484302	5.750058	8.92e-09	1.52e-06	0.6771623	3.521047
Zm00001d002971	22.31186	2.579711	0.6098909	4.229791	2.34e-05	0.000992217	0.2846599	1.202486
Zm00001d051492	10.22289	2.584533	0.5486877	4.71039	2.47e-06	0.000165677	0.332652	1.88142
Zm00001d029372	43.63601	2.586202	0.3943723	6.557768	5.46e-11	1.74e-08	0.34919	1.679062
Zm00001d002736	306.8331829	2.587244963	0.508442596	5.088568471	3.61e-07	3.67e-05	2.177839179	9.283877081
Zm00001d012510	328.7922	2.610776	0.5934913	4.399012	1.09e-05	0.000548508	4.694883	14.62898
Zm00001d046824	71.16598	2.613794	0.6910165	3.782535	0.000155239	0.004393628	1.820088	7.266339
Zm00001d037242	257.847	2.617694	0.3420927	7.652002	1.98e-14	1.83e-11	1.17983	7.934252
Zm00001d042769	82.31853	2.655289	0.7318928	3.627975	0.000285653	0.006963597	1.396865	7.001753
Zm00001d045052	219.6667	2.728909	0.6026653	4.528068	5.95e-06	0.000337503	1.762383	12.60035
Zm00001d042822	6.631775	2.730982	0.7720245	3.537429	0.000404043	0.009054089	0.2951153	1.117433
Zm00001d053062	85.11067	2.731874	0.6258558	4.365022	1.27e-05	0.000611141	0.375893	2.218788
Zm00001d046169	134.2627	2.742932	0.6517832	4.208351	2.57e-05	0.001065132	2.888765	12.41196
Zm00001d011603	288.7406	2.745762	0.4276405	6.420726	1.36e-10	3.96e-08	4.253635	18.74084
Zm00001d052673	1114.033	2.812213	0.7980014	3.524071	0.000424971	0.009409053	7.569482	43.66256
Zm00001d036763	191.181	2.836345	0.4109264	6.90232	5.12e-12	2.37e-09	1.509841	8.145506
Zm00001d032887	22.57317	2.840648	0.7101656	3.99998	6.33e-05	0.002166953	1.114126	4.367917
Zm00001d044138	1652.191	2.842678	0.5707168	4.980891	6.33e-07	5.56e-05	16.81373	59.25338
Zm00001d005055	9.415899	2.862959	0.7158098	3.999609	6.34e-05	0.002167676	0.301453	0.8683192
Zm00001d031769	522.2666	2.868971	0.4580904	6.262893	3.78e-10	9.21e-08	3.147049	17.00215
Zm00001d002564	659.3765861	2.869357311	0.790299391	3.630721906	0.00028263	0.006924446	6.343112542	26.72033226
Zm00001d032961	509.2763	2.87986	0.4591427	6.272253	3.56e-10	8.81e-08	0.6875168	5.152153
Zm00001d020504	165.6581	2.93955	0.495259	5.93538	2.93e-09	5.76e-07	9.21955	37.0216
Zm00001d021892	24.16703	2.982826	0.7225919	4.127954	3.66e-05	0.001410239	0.4526564	1.86482
Zm00001d017326	36.65096	3.007062	0.4529683	6.638571	3.17e-11	1.11e-08	0.5135616	1.488592
Zm00001d025964	195.6577	3.079432	0.6856796	4.491065	7.09e-06	0.000383987	2.30694	9.339961
Zm00001d019976	67.0269	3.223053	0.8001633	4.027994	5.63e-05	0.001971054	0.5802656	1.89833
Zm00001d017826	17.5345	3.241693	0.8202523	3.952068	7.75e-05	0.002549719	0.0971407	0.5402486
Zm00001d010265	114.0348	3.283976	0.5995258	5.477623	4.31e-08	6.07e-06	0.7309725	5.865299
Zm00001d045101	1102.771	3.344096	0.4060627	8.235417	1.79e-16	3.1e-13	8.64157	58.73975
Zm00001d006503	278.7345	3.374986	0.6212745	5.432359	5.56e-08	7.45e-06	0.6362526	4.716965
Zm00001d043598	1218.229	3.434982	0.4657941	7.374464	1.65e-13	1.27e-10	2.379089	13.9347
Zm00001d041796	8.762051	3.448364	0.8877135	3.884546	0.000102521	0.003142697	0.2969009	1.773921
Zm00001d037943	196.3934	3.480093	0.6946465	5.009876	5.45e-07	5.04e-05	1.635248	27.40269
Zm00001d029290	35.83923	3.547197	0.5950992	5.960682	2.51e-09	5.09e-07	0.2749264	1.651941
Zm00001d042735	120.1037	3.605541	0.7376906	4.887606	1.02e-06	8.4e-05	1.486643	13.70907
Zm00001d020163	278.2972	3.74634	0.5120306	7.316634	2.54e-13	1.78e-10	1.862252	16.76666
Zm00001d001960	78.27824919	3.74851938	1.047215043	3.579512541	0.000344236	0.008058892	0.516588686	3.641509624
Zm00001d046491	280.7722	3.772028	0.6971091	5.410959	6.27e-08	8.16e-06	1.614973	15.18966
Zm00001d039088	96.01049	3.832824	0.7572012	5.061831	4.15e-07	4.09e-05	1.041542	5.471276
Zm00001d043442	1160.444	3.959611	0.6995372	5.660328	1.51e-08	2.51e-06	4.063424	43.06387
Zm00001d018255	243.2846	4.032751	0.4241202	9.50851	1.93e-21	1.07e-17	1.263172	14.08179
Zm00001d037118	11.97492	4.127159	1.053624	3.917109	8.96e-05	0.002831624	0.06448679	0.9026902
Zm00001d050628	46.70878	4.274429	0.8509798	5.022949	5.09e-07	4.8e-05	0.1235965	2.826591
Zm00001d031895	34.42945	4.311494	0.9285658	4.643176	3.43e-06	0.000218305	0.2117246	2.295043
Zm00001d012279	1255.307	4.582863	1.063967	4.307336	1.65e-05	0.000755171	24.36442	139.7139
Zm00001d035479	157.3708	4.600886	1.231036	3.73741	0.000185926	0.005076724	0.2881058	6.77156
Zm00001d002370	1870.281138	4.602491455	0.681832418	6.750179856	1.48e-11	5.7e-09	11.01643742	103.7577689
Zm00001d015133	1872.689	4.72684	0.5921475	7.982538	1.43e-15	1.99e-12	2.084247	76.20253
Zm00001d044122	59.96091	4.746028	0.9509993	4.990569	6.02e-07	5.34e-05	0.1454848	3.222603
Zm00001d045232	37.36842	4.900519	1.002423	4.888674	1.02e-06	8.38e-05	0.08968216	1.5317
Zm00001d025383	23.43375	5.305431	0.9536875	5.563071	2.65e-08	4.09e-06	0.03896273	0.8000669
Zm00001d009376	31.99274	5.415557	1.009064	5.366911	8.01e-08	1.01e-05	0.02598663	1.773969
Zm00001d011679	253.906	5.611589	0.968082	5.796605	6.77e-09	1.22e-06	0.1874378	14.11125
Zm00001d018940	9.318954	6.696381	1.832825	3.653585	0.000258604	0.006510164	0.03068652	0.7704618
Zm00001d037945	437.759	7.228957	0.7040257	10.26803	9.82e-25	1.36e-20	0.8984568	64.29858
Zm00001d044504	88.71668	8.397311	1.456048	5.767193	8.06e-09	1.42e-06	0.1034868	3.824021
Zm00001d035885	159.552	15.21608	4.268651	3.56461	0.000364398	0.008389307	10.71912	12.12934
