Chr	Start	End	LR
1	510001	620000	357.802776624601
1	15070001	15120000	99.5456357795933
1	17485001	17535000	83.4222681559685
1	17725001	17785000	74.5131736608312
1	22055001	22105000	62.2932525809589
1	28435001	28530000	65.7082399556516
1	34140001	34195000	87.1015502097431
1	38550001	38640000	89.3209499993534
1	38690001	38785000	233.898750137045
1	45850001	45935000	116.735444337233
1	47520001	47625000	161.398727388855
1	51080001	51175000	81.4243682649942
1	54775001	54825000	59.6653444404777
1	55005001	55105000	168.129083937574
1	55500001	55560000	127.95775663858
1	66005001	66055000	75.8942549663298
1	70525001	70620000	148.551066827854
1	79060001	79160000	151.925053955075
1	79690001	79800000	81.1368576200283
1	93695001	93805000	792.60395086561
1	97460001	97515000	78.2029924916593
1	101475001	101525000	65.956887425854
1	102905001	102955000	65.6577900501833
1	110010001	110065000	138.099840779236
1	121825001	121875000	60.3855643754048
1	125595001	125650000	61.5002423654385
1	146690001	146790000	66.0612521909205
1	158970001	159070000	467.442733657835
1	169750001	169845000	68.8766943040705
1	170170001	170235000	74.9132812753163
1	172305001	172370000	120.85543733593
1	176015001	176085000	74.9260870034509
1	177455001	177505000	86.0694201915018
1	179015001	179065000	65.2855854276019
1	180875001	180950000	108.501706855359
1	181975001	182055000	105.926335172202
1	191125001	191220000	72.9567854428987
1	195875001	195925000	63.0271753350043
1	198275001	198340000	64.5458600633519
1	199135001	199185000	70.8419709258905
1	202030001	202085000	88.0370653181812
1	206855001	206905000	68.9746662445688
1	207055001	207185000	158.893649317249
1	214980001	215040000	76.8584415650982
1	215090001	215190000	303.017762769064
1	222845001	222895000	101.401326837265
1	225080001	225170000	84.7208593901216
1	225460001	225510000	67.4609291589381
1	227050001	227145000	77.2329792215801
1	227385001	227450000	75.7726305953079
1	233550001	233615000	99.5041729336689
1	235820001	235875000	67.3040351217091
1	236740001	236790000	63.7323097466393
1	239075001	239175000	136.290015412669
1	239660001	239710000	69.8142679968342
1	254535001	254590000	66.1647064594567
1	256260001	256355000	369.904475542219
1	257705001	257760000	120.028450333938
1	259235001	259330000	102.003967449342
1	263300001	263380000	67.4875192462962
1	271370001	271420000	60.367293128937
1	273225001	273395000	413.748639694836
1	274500001	274725000	327.864786877153
1	277895001	278020000	233.172574964924
1	284480001	284530000	91.2539437813517
1	285890001	285950000	74.7017730592047
1	287605001	287705000	273.742186361424
1	288530001	288625000	193.370685115189
1	293690001	293745000	109.504479603381
1	294570001	294665000	73.7496667824032
1	296130001	296230000	283.440239089391
2	2770001	2865000	195.763477349121
2	3615001	3715000	177.692082668824
2	4955001	5010000	102.587327710251
2	12180001	12275000	132.196640670081
2	14690001	14770000	83.8643883199431
2	15925001	16045000	216.940555316916
2	16725001	16820000	308.636153658348
2	26245001	26335000	92.4905966753974
2	27255001	27360000	167.319148246052
2	28000001	28050000	72.5176819333066
2	28360001	28465000	80.9359012621199
2	35360001	35415000	68.1576606502446
2	42000001	42050000	64.7770633234858
2	45590001	45665000	91.5679810608044
2	47680001	47735000	89.9874251820066
2	58955001	59070000	212.109143687315
2	59500001	59555000	88.7732887650316
2	70565001	70650000	74.4111818384262
2	74975001	75095000	91.7362754919499
2	82665001	82760000	98.7975673106342
2	84450001	84500000	85.8069627708658
2	95880001	96065000	118.460147131667
2	100820001	100915000	69.3395696553732
2	105810001	105905000	168.123889965191
2	106860001	106955000	87.7424651754303
2	108450001	108525000	82.5604807166782
2	109185001	109285000	111.147728994912
2	109460001	109510000	61.2263097216927
2	109840001	109935000	70.4358341386951
2	110055001	110120000	107.760023024004
2	110220001	110285000	74.2361870201068
2	110780001	110875000	85.124849356392
2	117670001	117755000	64.2170768276852
2	120015001	120115000	149.52879489071
2	134110001	134190000	99.6607744091584
2	134380001	134435000	63.639529526653
2	137990001	138085000	114.953101683754
2	138425001	138520000	122.035634865728
2	142355001	142465000	149.805362737074
2	145070001	145165000	104.871434801741
2	148510001	148580000	63.4662656899086
2	154670001	154740000	78.7320154172342
2	156260001	156355000	93.9825934327336
2	160625001	160690000	81.4316104981125
2	165475001	165525000	60.3733358521744
2	168305001	168385000	126.43630825742
2	168675001	168725000	75.7870125327157
2	169525001	169575000	67.2418904187084
2	169735001	169830000	85.4921402382797
2	171215001	171270000	67.2499781936139
2	175605001	175655000	61.1633618054884
2	185630001	185690000	102.661319880561
2	185890001	185945000	59.8172812682398
2	192225001	192330000	133.852059917666
2	209180001	209315000	281.798139965862
2	224375001	224425000	61.2315522407889
2	228325001	228395000	105.739995925373
2	231540001	231590000	64.1095712951932
2	236040001	236090000	76.5440396290286
2	238145001	238230000	164.909404069911
2	244045001	244140000	132.534304540063
2	244200001	244255000	121.762036688244
3	195001	340000	108.699205505706
3	3620001	3675000	134.599500061645
3	11525001	11580000	93.3718254727838
3	22970001	23065000	120.08232261822
3	23665001	23715000	69.0733034164297
3	33415001	33465000	70.5994170115463
3	37360001	37460000	90.1566295119856
3	40100001	40165000	140.962013702135
3	46415001	46465000	60.0640441264512
3	47520001	47615000	158.011825529322
3	54720001	54820000	145.288093968664
3	56945001	57040000	74.2057099131635
3	57905001	57955000	68.6624850660026
3	58490001	58545000	64.233607589914
3	65375001	65425000	61.113412572426
3	66230001	66425000	208.226949730942
3	69665001	69745000	63.4573415277018
3	95555001	95670000	98.4528707907715
3	107635001	107685000	66.246518399341
3	108705001	108830000	168.169816092519
3	116005001	116060000	82.56562779585
3	121730001	121790000	80.3399153041261
3	124160001	124220000	61.7966094935446
3	124320001	124370000	60.4991973182046
3	124550001	124600000	89.2676584961245
3	129630001	129680000	65.9016110460209
3	136690001	136785000	79.1140420417396
3	144770001	144825000	94.8437735736968
3	150460001	150530000	65.4660612058615
3	156035001	156085000	86.0914955078851
3	159575001	159625000	71.604640413199
3	163300001	163350000	59.8663630331796
3	167225001	167320000	149.887174770421
3	170220001	170270000	63.7133684142054
3	184020001	184075000	80.6826705636968
3	186295001	186390000	86.0197331550422
3	192190001	192250000	100.279573864738
3	193445001	193545000	384.751339531271
3	197270001	197365000	105.101704662475
3	206695001	206790000	145.741875022703
3	214880001	2.15e+08	194.789824096074
3	217585001	217660000	62.7228690352887
3	224935001	225025000	84.4327372902226
3	230125001	230225000	81.6378579520797
3	233335001	233445000	87.0948985220334
4	7105001	7200000	125.446279156696
4	17070001	17140000	93.0096014593889
4	18595001	18690000	124.183695851221
4	21465001	21530000	80.1408877515078
4	32200001	32295000	83.1836913759194
4	56230001	56335000	68.3380604071567
4	62770001	62825000	92.8456656334329
4	73800001	73850000	60.9636164935335
4	77485001	77580000	76.1246230861775
4	83035001	83100000	74.6907761663635
4	116550001	116655000	129.928721061935
4	122120001	122175000	121.105770574522
4	126910001	126960000	93.8795043645989
4	133455001	133550000	86.7535704543493
4	140065001	140120000	70.3327509095465
4	147065001	147115000	66.7855882784069
4	148980001	149030000	74.0127794765043
4	152360001	152410000	59.9370022831991
4	152680001	152735000	113.975808623311
4	156670001	156750000	59.5371712099608
4	157040001	157115000	106.742754293533
4	165630001	165695000	123.753282966394
4	173945001	174040000	273.469548576626
4	177780001	177875000	74.7194871532933
4	188990001	189080000	120.451225772591
4	191395001	191500000	341.52687753021
4	199820001	199875000	70.5838432058952
4	200390001	200515000	399.917836138092
4	202500001	202605000	180.563237129264
4	211845001	211910000	101.687369293569
4	216475001	216530000	71.4605325765448
4	218800001	218885000	69.8370899419357
4	220095001	220145000	59.4029467249747
4	225570001	225705000	81.2539087910287
4	227550001	227650000	142.49871116577
4	230585001	230670000	86.8804651501974
4	232750001	232800000	69.1752229645411
4	234140001	234245000	291.036393103157
4	234980001	235030000	71.4998646963785
4	235525001	235580000	90.3255919748062
4	235985001	236080000	59.6114302434218
4	240560001	240615000	81.0314628832057
4	243160001	243255000	105.384681746748
5	8365001	8425000	73.3934909183014
5	10210001	10260000	60.4911583121908
5	21910001	22025000	138.530098942946
5	22105001	22165000	81.4264431072825
5	23990001	24055000	76.2912879530516
5	26615001	26665000	64.5690264836656
5	26900001	27040000	108.286182087225
5	28550001	28680000	311.659469782036
5	34270001	34355000	81.0995558054488
5	37860001	37915000	97.8976776419235
5	43370001	43425000	91.7137895272196
5	54130001	54230000	102.112915254253
5	63975001	64030000	86.625162877662
5	73735001	73835000	201.011875939946
5	77060001	77110000	64.9205515613197
5	79340001	79440000	85.8657177325782
5	80240001	80335000	244.50183775829
5	87445001	87495000	59.914240917038
5	88395001	88485000	101.679664337626
5	95950001	9.6e+07	74.4195726751226
5	96660001	96755000	73.683210359455
5	98780001	98865000	75.1378273850311
5	113980001	114115000	87.3240215445273
5	117475001	117570000	92.3282121290422
5	134975001	135050000	83.53048358258
5	142350001	142435000	65.6370471323125
5	143060001	143110000	62.7369059438175
5	144575001	144625000	82.7696303234144
5	148425001	148505000	74.0729998500942
5	150245001	150300000	150.529633764367
5	150675001	150805000	101.522557409909
5	150915001	150975000	91.6167121371272
5	154260001	154355000	63.8745213364061
5	154605001	154660000	94.6220210649221
5	156745001	156795000	60.0043236301118
5	158895001	158995000	132.171273061632
5	162700001	162780000	81.7816299830021
5	162915001	163010000	122.728893311931
5	164940001	164995000	98.9792326459616
5	165455001	165570000	162.46656642966
5	167465001	167565000	202.191729294333
5	172415001	172475000	62.1775181435185
5	174970001	175020000	78.31326015358
5	192010001	192110000	118.322520519206
5	199090001	199185000	123.643531773289
5	200185001	200335000	118.48863086947
5	202515001	202610000	121.386890099123
5	202795001	202865000	108.101388991222
5	203290001	203370000	92.697620528546
5	203960001	204015000	120.153542142211
5	206755001	206805000	84.2230779538374
5	218180001	218275000	167.846840529601
6	9560001	9610000	70.3331671057519
6	17225001	17275000	66.5106338579532
6	38765001	38850000	101.489846613552
6	43615001	43675000	70.4190865626767
6	44365001	44490000	103.041590324908
6	45235001	45285000	104.723456095666
6	45670001	45775000	171.459084640042
6	58490001	58575000	86.1210982702106
6	62600001	62735000	170.793223402159
6	64920001	64980000	154.111861814924
6	67275001	67350000	87.3210916057339
6	68445001	68500000	66.8687036010616
6	74120001	74190000	77.7253696237496
6	74280001	74375000	151.824203763375
6	91785001	91880000	190.481000779228
6	92460001	92555000	62.7908368009333
6	98535001	98600000	109.673079275074
6	102035001	102130000	82.1349485515195
6	107850001	107900000	61.5135829007463
6	108025001	108120000	94.4704387884884
6	120950001	121065000	1152.9793857439
6	124195001	124275000	71.9858526688855
6	128835001	128955000	265.667285761911
6	133130001	133225000	111.437247563378
6	134615001	134670000	84.0398330286683
6	135305001	135365000	59.1862909970708
6	140130001	140185000	70.0799414555894
6	142915001	142985000	74.371754698752
6	144585001	144635000	60.9179609042547
6	148390001	148485000	105.986660469899
6	151780001	151835000	73.8844560361373
6	152970001	153035000	120.217469359521
6	159450001	159530000	65.9541003278025
6	172360001	172420000	81.9887319077949
7	18475001	18570000	71.8822676235986
7	20040001	20090000	69.2905940732925
7	23070001	23125000	77.7385496176042
7	23525001	23575000	63.1228108668474
7	24665001	24730000	67.460634786506
7	27575001	27650000	70.0031521996898
7	33425001	33560000	296.935705396537
7	35785001	35880000	95.7798507932024
7	43245001	43405000	146.551297065998
7	43735001	43795000	134.6687803536
7	43865001	43930000	66.42226960798
7	45770001	45870000	69.205528672675
7	51945001	51995000	60.7153159241425
7	89020001	89080000	96.8384578438694
7	92230001	92355000	240.000804739043
7	98110001	98160000	62.3690064346344
7	101455001	101565000	100.008255642838
7	110090001	110160000	62.2867512797014
7	110800001	110870000	78.1463293102122
7	111240001	111335000	142.464398690683
7	116530001	116580000	70.8203812333498
7	119725001	119775000	78.9889934797401
7	123335001	123385000	93.6314181630005
7	125880001	125975000	78.9761615259034
7	126255001	126305000	71.3071841899691
7	143565001	143615000	77.2709290109438
7	144610001	144705000	84.7677230826209
7	150330001	150435000	112.741255665644
7	155200001	155260000	104.872289009333
7	156140001	156210000	74.754488736719
7	159215001	159265000	64.4765435663603
7	163025001	163120000	240.56340893832
7	174795001	174890000	123.885613659681
7	175065001	175165000	131.370541080848
7	180010001	180070000	92.7466942046428
7	180460001	180550000	111.810081710113
8	5455001	5545000	96.8007051209106
8	6155001	6220000	76.3910409952259
8	6555001	6615000	60.8500181508627
8	7240001	7305000	122.480160821661
8	14055001	14105000	64.9659063639103
8	14310001	14430000	172.333564922592
8	16725001	16860000	500.817873586886
8	20210001	20310000	154.87384237549
8	30270001	30390000	115.134711212947
8	38705001	38755000	65.7198113446088
8	39920001	39990000	63.9206880818179
8	41045001	41140000	76.9916213515319
8	52855001	52970000	236.233965783717
8	63310001	63420000	132.108440561608
8	69520001	69575000	65.3860351015545
8	73055001	73135000	121.173418855671
8	76410001	76465000	64.3442002879053
8	77250001	77350000	198.468040751034
8	88240001	88290000	63.6615516563846
8	90025001	90090000	67.7753701592419
8	92690001	92760000	65.9345333939932
8	96650001	96725000	68.6834353726166
8	97985001	98035000	85.3280194263852
8	100505001	100600000	98.8534416190727
8	100915001	101020000	157.281532638471
8	101130001	101225000	91.8173059346023
8	104015001	104065000	70.6591044460856
8	115555001	115655000	198.161341020397
8	131545001	131600000	78.2071286960846
8	133585001	133645000	64.446214333338
8	135425001	135530000	240.096545668813
8	136385001	136455000	67.8811064836015
8	144145001	144210000	63.7090569546866
8	144325001	144385000	108.92729627141
8	144560001	144660000	138.128247177473
8	157905001	158015000	174.842728545755
8	159865001	159950000	106.292996071217
8	161570001	161665000	193.609700599843
9	2935001	3030000	232.269739867815
9	3765001	3860000	93.6699919224943
9	13510001	13585000	67.7415281125515
9	18860001	18910000	77.9674063853678
9	23540001	23590000	90.0056231853072
9	32240001	32295000	76.8670087383043
9	35120001	35185000	97.3881659865483
9	51160001	51220000	97.9019769703614
9	74520001	74595000	63.8426885274005
9	74935001	75035000	90.0837626864968
9	78480001	78535000	79.4026681784339
9	79540001	79600000	82.4728666461678
9	85740001	85835000	61.4053318720079
9	87055001	87110000	95.8268148666354
9	97385001	97435000	61.5519400094139
9	101220001	101315000	101.176861395964
9	103760001	103915000	269.268570496462
9	111140001	111200000	68.1415178303972
9	114975001	115025000	73.1530774953847
9	129660001	129760000	147.318690709539
9	130115001	130210000	129.224596837276
9	131325001	131375000	62.1627154802414
9	133915001	133965000	60.6949573673764
9	135405001	135505000	356.844624003399
9	136335001	136435000	191.726916121918
9	137615001	137665000	61.782508246153
9	138190001	138280000	93.795800839631
9	139830001	139925000	113.60265658952
9	141525001	141625000	166.909925971128
9	148360001	148425000	139.413844539399
10	9545001	9650000	231.31448987322
10	13745001	13875000	154.014957690245
10	17870001	17920000	85.9310039241731
10	22245001	22295000	67.8669136133315
10	23720001	23820000	174.220736768826
10	26365001	26470000	108.04716768308
10	27590001	27685000	97.6173061601712
10	32770001	32865000	180.326252478311
10	41195001	41305000	109.134729544791
10	52930001	52980000	59.901412342386
10	57280001	57355000	74.1942034777757
10	59275001	59375000	80.1655847975202
10	60985001	61085000	114.599677434959
10	62635001	62735000	106.951415689628
10	64250001	64370000	99.171790354413
10	65530001	65580000	63.0694235115763
10	65730001	65935000	118.732392278128
10	66510001	66640000	115.778610524922
10	69600001	69675000	107.596624427108
10	69725001	69820000	84.257377329796
10	74860001	74925000	112.568800511352
10	79295001	79415000	75.1838255038382
10	80725001	80820000	95.1072294983068
10	81990001	82055000	61.2038809596842
10	85820001	85925000	371.74784193498
10	86470001	86520000	69.5446631095891
10	89620001	89785000	85.4913746466751
10	91095001	91205000	116.890850017966
10	93145001	93200000	59.463508826535
10	96685001	96775000	78.7317370063005
10	104015001	104075000	200.331284178153
10	107800001	107850000	60.4113824816945
10	111505001	111605000	85.437412952469
10	113010001	113070000	64.8447259662467
10	125165001	125260000	112.032673422921
10	127840001	127900000	119.340911930598
10	128320001	128420000	190.290100555502
10	133125001	133175000	68.3544809081023
10	134510001	134605000	109.026707368937
10	135905001	135955000	87.068664323333
10	146270001	146320000	79.623585872063
10	148935001	148985000	98.1164953882381
