chr	rs	ps	n_miss	allele1	allele0	af	beta	se	logl_H1	l_remle	l_mle	p_wald	p_lrt	p_score
1	1-2103631	2172302	11	A	G	0.017	-0.06063414	0.01328942	353.548	1e-05	1e-05	8.651301e-06	6.568903e-06	1.722436e-05
1	1-2146463	2212998	5	T	C	0.014	-0.06429692	0.01381621	353.9381	1e-05	1e-05	5.814557e-06	4.370442e-06	1.228488e-05
1	1-2147084	2213618	10	T	C	0.015	-0.06449835	0.01380962	354.0107	1e-05	1e-05	5.400348e-06	4.051455e-06	1.153937e-05
1	1-2147148	2213682	6	A	G	0.015	-0.06444333	0.01381236	353.9895	1e-05	1e-05	5.518356e-06	4.142273e-06	1.175253e-05
1	1-5375693	5465898	28	T	G	0.158	0.02312515	0.004826183	354.5401	1e-05	1e-05	3.153103e-06	2.333219e-06	7.332357e-06
1	1-5375697	5465902	33	G	C	0.162	0.0221685	0.004766627	353.9253	1e-05	1e-05	5.890531e-06	4.429014e-06	1.242082e-05
1	1-5375709	5465914	35	T	C	0.158	0.02213181	0.004868453	353.4775	1e-05	1e-05	9.295689e-06	7.071124e-06	1.831411e-05
1	1-25168128	25564445	29	C	T	0.087	-0.02852706	0.006191722	353.7385	1e-05	1e-05	7.12457e-06	5.382938e-06	1.459822e-05
1	1-25170321	25566638	21	A	G	0.073	-0.03008587	0.006563882	353.6371	1e-05	1e-05	7.899811e-06	5.984416e-06	1.594005e-05
1	1-25183864	25580181	17	C	T	0.087	-0.02790794	0.006075011	353.6813	1e-05	1e-05	7.55257e-06	5.714811e-06	1.534128e-05
1	1-48999857	49405891	31	T	C	0.099	0.03284845	0.006693115	355.0583	1e-05	1e-05	1.863686e-06	1.360647e-06	4.726217e-06
1	1-57767541	58464726	8	A	C	0.025	-0.07150262	0.01506123	354.3458	1e-05	1e-05	3.840991e-06	2.856617e-06	8.654932e-06
1	1-88130804	90076848	37	T	C	0.014	0.08343758	0.01785489	354.797	0.4186737	1e+05	5.339873e-06	1.785568e-06	8.858106e-05
1	1-119179210	120965487	19	A	G	0.181	-0.02572759	0.005421333	354.3377	1e-05	1e-05	3.872641e-06	2.880759e-06	8.714926e-06
1	1-165445656	167111839	37	T	C	0.017	-0.077964	0.01680117	353.8806	1e-05	1e-05	6.164931e-06	4.640722e-06	1.290988e-05
1	1-166402896	168093148	8	A	G	0.025	0.04880711	0.01073955	353.4718	1e-05	1e-05	9.349937e-06	7.113444e-06	1.84054e-05
1	1-183200296	185210322	30	A	G	0.011	-0.1089601	0.02361521	353.7672	1e-05	1e-05	6.919661e-06	5.224229e-06	1.42404e-05
1	1-249499119	253295068	41	A	G	0.015	-0.07192834	0.01561109	354.124	1e-05	1e+05	7.117508e-06	3.600068e-06	1.458591e-05
1	1-286637562	291723208	12	T	C	0.033	-0.06288925	0.01323855	354.359	1e-05	1e-05	3.78999e-06	2.817723e-06	8.558109e-06
1	1-290424482	295825908	10	T	A	0.027	0.05455534	0.01095951	355.3757	1e-05	1e-05	1.351086e-06	9.7831e-07	3.619748e-06
1	1-298221965	303642694	24	T	G	0.037	0.04447363	0.009305578	354.4855	1e-05	1e-05	3.332675e-06	2.469593e-06	7.681272e-06
1	1-298231599	303652328	22	C	T	0.042	0.03982124	0.008765966	353.4637	1e-05	1e-05	9.427116e-06	7.173666e-06	1.853516e-05
1	1-298231906	303652635	21	T	C	0.021	0.05332663	0.01172893	353.4802	1e-05	1e-05	9.270577e-06	7.051535e-06	1.827183e-05
2	2-8701760	8880889	5	T	C	0.024	0.05238231	0.01119589	354.0461	1e-05	1e-05	5.209419e-06	3.904625e-06	1.119313e-05
2	2-8701939	8881068	6	C	T	0.024	0.04860806	0.01054784	353.743	1e-05	1e-05	7.09194e-06	5.357657e-06	1.454133e-05
2	2-41650558	42786993	19	T	G	0.521	-0.02027559	0.003819613	356.9186	1e-05	1e-05	2.840852e-07	1.9763e-07	1.013706e-06
2	2-41650579	42787014	18	G	C	0.508	-0.02022842	0.003736815	357.4248	1e-05	1e-05	1.70547e-07	1.170971e-07	6.732216e-07
2	2-41650582	42787017	17	G	C	0.521	-0.02031848	0.003748687	357.4582	1e-05	1e-05	1.648992e-07	1.131212e-07	6.553599e-07
2	2-76371682	77807164	17	A	G	0.028	0.05023035	0.01040551	354.6982	1e-05	1e-05	2.685527e-06	1.979082e-06	6.409781e-06
2	2-159909909	163942146	12	A	G	0.115	0.03083324	0.006764137	353.53	1e-05	1e-05	8.811671e-06	6.693806e-06	1.749652e-05
2	2-173378918	177556771	7	A	G	0.046	-0.06743979	0.01420676	354.3439	1e-05	1e-05	3.848579e-06	2.862404e-06	8.669322e-06
2	2-180461771	185231658	8	T	C	0.5	-0.04141338	0.009087743	353.5245	1e-05	1e-05	8.860652e-06	6.731965e-06	1.757952e-05
2	2-211012726	217164702	23	T	C	0.053	-0.04718874	0.01038826	353.4629	1e-05	1e-05	9.435335e-06	7.18008e-06	1.854897e-05
2	2-226529153	232873674	33	A	G	0.031	-0.05143754	0.01065293	354.7035	1e-05	1e-05	2.671009e-06	1.96811e-06	6.380778e-06
2	2-226529274	232873795	5	C	A	0.034	-0.05639818	0.01094697	356.179	1e-05	1e-05	5.994671e-07	4.251131e-07	1.857006e-06
2	2-226529675	232874196	17	A	T	0.026	-0.05545688	0.01135169	354.9574	1e-05	1e-05	2.064486e-06	1.511202e-06	5.146312e-06
2	2-226529677	232874198	17	G	C	0.026	-0.05545688	0.01135169	354.9574	1e-05	1e-05	2.064486e-06	1.511202e-06	5.146312e-06
2	2-226529801	232874322	17	T	G	0.028	-0.05381211	0.01151933	354.0147	1e-05	1e-05	5.378402e-06	4.034571e-06	1.149965e-05
2	2-226529802	232874323	17	T	G	0.023	-0.05902995	0.01219035	354.7652	1e-05	1e-05	2.508928e-06	1.845722e-06	6.055386e-06
2	2-226529876	232874397	18	T	A	0.018	-0.06797368	0.01421241	354.5008	1e-05	1e-05	3.28149e-06	2.430702e-06	7.582099e-06
2	2-226531234	232875755	22	C	T	0.021	-0.06023294	0.01278398	354.189	1e-05	1e-05	4.504677e-06	3.363886e-06	9.899363e-06
2	2-230648682	237075390	15	C	G	0.015	0.08865288	0.01941544	353.5629	1e-05	1e-05	8.520637e-06	6.46718e-06	1.700213e-05
3	3-59570269	59599344	29	T	A	0.011	-0.0881805	0.01926654	353.6671	1e-05	1e+05	8.132031e-06	5.799757e-06	1.633855e-05
3	3-67300316	67531116	32	G	A	0.075	-0.03138971	0.006785703	353.8181	1e-05	1e-05	6.569798e-06	4.953526e-06	1.362617e-05
3	3-67402654	67607405	3	C	T	0.036	-0.05644671	0.01201567	354.1288	1e-05	1e-05	4.789153e-06	3.581919e-06	1.042474e-05
3	3-67554890	67763715	1	C	T	0.031	-0.06563245	0.0134665	355.0511	1e-05	1e+05	2.17612e-06	1.370941e-06	5.377179e-06
3	3-67694949	67923399	24	C	A	0.043	-0.0405819	0.008700578	353.9836	1e-05	1e-05	5.551215e-06	4.167569e-06	1.181177e-05
3	3-108397477	94283543	3	T	C	0.029	-0.06434474	0.01388349	353.8558	1e-05	1e-05	6.322722e-06	4.762573e-06	1.318977e-05
3	3-92324897	106872111	22	T	C	0.011	-0.08839368	0.01924443	354.743	1e-05	1e+05	7.575024e-06	1.8889e-06	1.53801e-05
3	3-114143463	114482910	27	C	T	0.081	0.03930903	0.008055012	354.9338	1e-05	1e-05	2.11458e-06	1.548822e-06	5.250137e-06
3	3-138164693	138845059	38	C	G	0.029	0.06384168	0.01263905	355.7111	1e-05	1e-05	9.620952e-07	6.90606e-07	2.73575e-06
3	3-208547991	212036920	13	C	T	0.402	-0.02399973	0.005098512	354.9978	0.0678427	1e+05	4.593147e-06	1.449e-06	1.604336e-05
3	3-219447547	223038473	5	G	A	0.353	-0.01790859	0.003831025	354.0284	1e-05	1e-05	5.30408e-06	3.977405e-06	1.1365e-05
3	3-219449511	223040437	29	T	C	0.213	0.0223472	0.004850253	353.7391	1e-05	1e-05	7.120226e-06	5.379572e-06	1.459065e-05
3	3-228252856	232085165	30	A	G	0.03	0.05503523	0.01139679	354.7059	1e-05	1e-05	2.664679e-06	1.963326e-06	6.368125e-06
4	4-14954492	16065700	19	G	C	0.028	-0.04890643	0.01023541	354.4808	1e-05	1e-05	3.348865e-06	2.481898e-06	7.712596e-06
4	4-14974868	16087140	20	G	A	0.026	-0.05176866	0.01046967	355.2247	1e-05	1e-05	1.574529e-06	1.144584e-06	4.108819e-06
4	4-14974888	16087160	21	T	G	0.029	-0.04751904	0.01027602	353.8113	1e-05	1e-05	6.615804e-06	4.989102e-06	1.370718e-05
4	4-14979489	16091761	24	T	C	0.027	-0.05497224	0.01103787	355.3868	1e-05	1e-05	1.336019e-06	9.671225e-07	3.586337e-06
4	4-14979517	16091789	20	T	C	0.026	-0.05218309	0.01047013	355.4035	1e-05	1e-05	1.313619e-06	9.504953e-07	3.536555e-06
4	4-14979536	16091808	18	G	A	0.026	-0.05212091	0.01047129	355.3739	1e-05	1e-05	1.353529e-06	9.801244e-07	3.62516e-06
4	4-14979585	16091857	15	C	T	0.025	-0.05237453	0.01045784	355.5138	1e-05	1e-05	1.174762e-06	8.475917e-07	3.224873e-06
4	4-14979788	16092060	37	A	G	0.031	-0.04912513	0.01029536	354.4518	1e-05	1e-05	3.448959e-06	2.558005e-06	7.905773e-06
4	4-15024773	16123898	15	A	G	0.018	-0.06062571	0.01303409	353.9277	1e-05	1e-05	5.876422e-06	4.418135e-06	1.239559e-05
4	4-86972346	90328452	11	T	C	0.433	0.0328428	0.00686621	354.5032	1e-05	1e-05	3.273404e-06	2.424559e-06	7.566412e-06
4	4-135771394	138959319	6	A	G	0.012	-0.09947707	0.02094235	354.3571	1e-05	1e-05	3.797071e-06	2.823122e-06	8.571562e-06
4	4-147025738	150371742	9	A	G	0.017	0.08271094	0.01822957	353.4404	1e-05	1e-05	9.654386e-06	7.351072e-06	1.891648e-05
4	4-173328798	176331178	26	T	A	0.022	-0.05684574	0.01202884	354.251	1e-05	1e-05	4.22979e-06	3.153535e-06	9.387293e-06
4	4-184792088	188083324	10	A	G	0.02	-0.05665138	0.0120219	354.1923	1e-05	1e-05	4.489651e-06	3.352379e-06	9.871487e-06
4	4-184805322	188096548	8	T	C	0.017	-0.06302779	0.01339184	354.1665	1e-05	1e-05	4.608849e-06	3.443687e-06	1.009227e-05
4	4-184811911	188103311	9	A	G	0.02	-0.05701931	0.01201715	354.3343	1e-05	1e-05	3.88636e-06	2.891226e-06	8.740911e-06
4	4-185901323	189183431	29	A	G	0.079	-0.0298759	0.006582236	353.4475	1e-05	1e-05	9.584571e-06	7.296563e-06	1.879946e-05
4	4-185901564	189183672	5	T	C	0.031	-0.04393113	0.009613737	353.5779	1e-05	1e-05	8.391745e-06	6.366876e-06	1.678248e-05
4	4-188590331	192582209	13	C	G	0.028	-0.04961884	0.01070921	353.85	1e-05	1e-05	6.359826e-06	4.791237e-06	1.325545e-05
4	4-195224009	199328953	3	A	C	0.014	-0.0695215	0.01501029	353.8428	1e-05	1e-05	6.407195e-06	4.827837e-06	1.333922e-05
4	4-195224338	199329282	22	A	G	0.055	-0.03993972	0.00782949	355.9425	1e-05	1e-05	7.613329e-07	5.432239e-07	2.257689e-06
5	5-24189114	24691251	29	A	G	0.046	-0.04479982	0.00892724	355.5604	1e-05	1e-05	1.120675e-06	8.07591e-07	3.101921e-06
5	5-24189188	24691325	28	G	T	0.033	-0.05241647	0.01066102	355.0982	1e-05	1e-05	1.789851e-06	1.305389e-06	4.570052e-06
5	5-130795030	134258573	17	G	A	0.326	-0.0180155	0.003798907	354.3231	1e-05	1e-05	3.930594e-06	2.924979e-06	8.824602e-06
5	5-130914084	134371362	12	C	T	0.273	-0.0189711	0.00406873	353.9767	1e-05	1e-05	5.590814e-06	4.19806e-06	1.18831e-05
5	5-130921271	134378549	14	A	G	0.265	-0.01992005	0.004177561	354.4375	1e-05	1e-05	3.499208e-06	2.596234e-06	8.002448e-06
5	5-140766033	144091254	24	A	G	0.247	0.02171981	0.004567486	354.3802	1e-05	1e-05	3.708945e-06	2.755946e-06	8.403867e-06
5	5-203093279	208461746	4	G	C	0.038	0.0400138	0.008455856	354.2785	1e-05	1e-05	4.113148e-06	3.064382e-06	9.168615e-06
6	6-699012	710363	43	A	G	0.038	-0.05012181	0.01099659	353.5283	1e-05	1e-05	8.826941e-06	6.705701e-06	1.75224e-05
6	6-5438832	6336052	24	A	G	0.035	-0.05777007	0.01171993	355.1549	1e-05	1e-05	1.689836e-06	1.230631e-06	4.356937e-06
6	6-9218708	9624063	28	C	T	0.06	0.03496667	0.007447789	354.1164	1e-05	1e-05	4.849943e-06	3.628554e-06	1.053644e-05
6	6-30647830	32116621	15	G	C	0.015	-0.06734286	0.01482153	353.4674	1e-05	1e-05	9.391593e-06	7.145946e-06	1.847545e-05
6	6-31710209	33196035	8	C	A	0.25	0.01842797	0.003963392	353.92	1e-05	1e-05	5.922427e-06	4.45361e-06	1.247782e-05
6	6-31774664	33262825	15	A	G	0.14	0.02787154	0.005584141	355.4363	1e-05	1e-05	1.270661e-06	9.186291e-07	3.44071e-06
6	6-36378565	38109800	27	C	T	0.446	-0.01653398	0.003549041	353.9596	1e-05	1e-05	5.688586e-06	4.273367e-06	1.205894e-05
6	6-54254160	56689226	16	A	G	0.276	-0.02666951	0.005538135	354.6463	1e-05	1e-05	2.83059e-06	2.088794e-06	6.698333e-06
6	6-69709962	72468176	15	A	G	0.046	-0.04278161	0.009431567	353.4354	1e-05	1e-05	9.703705e-06	7.389584e-06	1.899907e-05
6	6-73489623	76284356	13	T	C	0.158	0.03308643	0.006880814	354.6149	1e-05	1e-05	2.922562e-06	2.158428e-06	6.88016e-06
6	6-83609576	86559138	26	T	A	0.056	0.04012908	0.008628427	353.9255	1e-05	1e-05	5.889899e-06	4.428527e-06	1.241969e-05
6	6-86622781	89212992	38	A	G	0.014	0.1065898	0.02266378	354.152	1e-05	1e-05	4.677526e-06	3.496323e-06	1.021912e-05
6	6-93068158	95514014	16	G	C	0.148	-0.02360506	0.005035062	354.087	1e-05	1e-05	4.997155e-06	3.741549e-06	1.080615e-05
6	6-93070923	95516779	4	T	C	0.036	-0.04783556	0.01049777	353.5231	1e-05	1e-05	8.873079e-06	6.741648e-06	1.760057e-05
6	6-98493025	101194735	23	A	G	0.029	-0.04849298	0.01032358	354.1268	1e-05	1e-05	4.798858e-06	3.589363e-06	1.044259e-05
6	6-98574446	101292480	12	A	G	0.025	-0.04924433	0.01048495	354.1241	1e-05	1e-05	4.81228e-06	3.599659e-06	1.046726e-05
6	6-103118543	106202694	5	G	C	0.017	-0.05909539	0.01301042	353.4614	1e-05	1e-05	9.44956e-06	7.191181e-06	1.857287e-05
6	6-103118524	106202713	6	G	C	0.019	-0.05693638	0.01254751	353.4424	1e-05	1e-05	9.634435e-06	7.335494e-06	1.888305e-05
6	6-103114360	106206877	6	G	A	0.012	-0.1001955	0.02092282	354.5278	1e-05	1e-05	3.192773e-06	2.36333e-06	7.409679e-06
6	6-103136135	106235365	17	A	C	0.015	-0.07815274	0.0167585	353.9802	1e-05	1e-05	5.570987e-06	4.182793e-06	1.18474e-05
6	6-109273583	113775473	19	A	G	0.158	-0.02424425	0.005174748	354.0739	1e-05	1e-05	5.064437e-06	3.793221e-06	1.092905e-05
6	6-124186971	127896424	23	T	C	0.032	-0.04956728	0.01050083	354.2271	1e-05	1e-05	4.333709e-06	3.233017e-06	9.581407e-06
6	6-129068662	132888298	35	G	A	0.158	-0.02738613	0.005912925	353.8427	1e-05	1e-05	6.407695e-06	4.828223e-06	1.334011e-05
6	6-130773046	134667449	6	G	A	0.034	-0.04414681	0.009312103	354.3166	1e-05	1e-05	3.956689e-06	2.944897e-06	8.873913e-06
6	6-148981975	152852025	33	A	C	0.02	-0.06463934	0.01422947	353.4634	1e-05	1e-05	9.42996e-06	7.175885e-06	1.853994e-05
6	6-149157594	153044086	12	C	T	0.015	-0.07150825	0.01533253	353.9817	1e-05	1e-05	5.562239e-06	4.176057e-06	1.183164e-05
7	7-11579568	11818385	13	T	A	0.209	0.02010767	0.004424196	353.4731	1e-05	1e-05	9.337191e-06	7.103501e-06	1.838396e-05
7	7-11669188	12036499	20	T	C	0.026	0.05035811	0.01046912	354.6222	1e-05	1e-05	2.900925e-06	2.142041e-06	6.83746e-06
7	7-12532360	12951358	14	G	C	0.04	0.03864049	0.008419438	353.6623	1e-05	1e-05	7.700263e-06	5.829445e-06	1.559639e-05
7	7-12560985	12979980	8	A	G	0.025	0.0644636	0.01372641	354.1225	1e-05	1e-05	4.819742e-06	3.605383e-06	1.048097e-05
7	7-12662178	13066809	3	A	G	0.029	0.05925706	0.01274453	353.9203	1e-05	1e-05	5.920799e-06	4.452355e-06	1.247491e-05
7	7-12670106	13074737	1	A	G	0.024	0.06065369	0.01264231	354.5669	1e-05	1e-05	3.068323e-06	2.268902e-06	7.16664e-06
7	7-12731841	13183338	25	A	G	0.035	0.05032168	0.01095205	353.6848	1e-05	1e-05	7.525178e-06	5.693557e-06	1.529389e-05
7	7-12814917	13263899	21	A	G	0.042	0.04141096	0.008685235	354.4359	1e-05	1e-05	3.505037e-06	2.600669e-06	8.013648e-06
7	7-12881684	13336842	7	A	G	0.071	0.03077276	0.00653524	354.1766	1e-05	1e-05	4.561957e-06	3.40776e-06	1.000551e-05
7	7-12993848	13459169	7	A	G	0.039	0.03841263	0.008418759	353.5486	1e-05	1e-05	8.645464e-06	6.564358e-06	1.721445e-05
7	7-13030706	13479211	16	A	C	0.048	0.04131614	0.00858715	354.6276	1e-05	1e-05	2.884865e-06	2.12988e-06	6.805736e-06
7	7-13053038	13510876	6	A	G	0.041	0.03772444	0.008311387	353.4476	1e-05	1e-05	9.583871e-06	7.296016e-06	1.879829e-05
7	7-13093882	13560661	15	A	G	0.076	0.02919586	0.006370188	353.6357	1e-05	1e-05	7.911652e-06	5.993614e-06	1.59604e-05
7	7-13108833	13575610	3	A	G	0.033	0.05318597	0.01121453	354.3245	1e-05	1e-05	3.925162e-06	2.920834e-06	8.814332e-06
7	7-13108890	13575667	8	A	G	0.032	0.04987628	0.01095856	353.5003	1e-05	1e-05	9.081791e-06	6.904315e-06	1.79535e-05
7	7-26203135	27275559	39	T	C	0.026	-0.05391946	0.01143221	354.2102	1e-05	1e-05	4.408699e-06	3.290403e-06	9.72108e-06
7	7-141492748	146371133	5	T	C	0.087	0.02872747	0.005951652	354.696	1e-05	1e-05	2.691342e-06	1.983477e-06	6.421391e-06
7	7-141492778	146371163	5	G	A	0.087	0.02732202	0.005958878	353.6437	1e-05	1e-05	7.846933e-06	5.943341e-06	1.584909e-05
7	7-144038749	148969164	12	T	A	0.485	-0.01644813	0.003411459	354.6722	1e-05	1e-05	2.757286e-06	2.033335e-06	6.552797e-06
7	7-151891223	157225235	22	C	A	0.187	-0.02366532	0.0052088	353.4664	1e-05	1e-05	9.401763e-06	7.153882e-06	1.849255e-05
7	7-156242064	161597682	30	A	T	0.19	-0.02422624	0.005057101	354.5354	1e-05	1e-05	3.168178e-06	2.34466e-06	7.361757e-06
7	7-156242120	161597738	16	G	C	0.168	-0.02301185	0.005007072	353.6897	1e-05	1e-05	7.487821e-06	5.664573e-06	1.522923e-05
7	7-157645057	163006181	26	A	T	0.159	-0.03019171	0.006386544	354.258	1e-05	1e-05	4.199715e-06	3.130542e-06	9.330991e-06
7	7-165057258	170586216	14	A	G	0.035	-0.04065551	0.008965539	353.4296	1e-05	1e-05	9.760721e-06	7.434112e-06	1.909449e-05
7	7-166593047	172170572	16	C	G	0.171	-0.02127821	0.004547814	354.0464	1e-05	1e-05	5.207807e-06	3.903386e-06	1.11902e-05
8	8-287350	473732	24	T	C	0.098	0.02800349	0.005788846	354.7436	1e-05	1e-05	2.564616e-06	1.88775e-06	6.167523e-06
8	8-112292523	115493913	18	A	G	0.031	-0.05026149	0.009954594	355.7016	1e-05	1e-05	9.714201e-07	6.974721e-07	2.757536e-06
8	8-124433561	128293614	6	T	C	0.07	0.04048679	0.008584564	354.2092	1e-05	1e-05	4.413023e-06	3.293713e-06	9.729124e-06
8	8-146916148	151782460	21	T	C	0.018	-0.07456256	0.01639837	353.4817	1e-05	1e-05	9.256219e-06	7.040335e-06	1.824765e-05
8	8-166505855	172197621	13	G	C	0.108	0.03234769	0.006831274	354.2923	1e-05	1e-05	4.05586e-06	3.020618e-06	9.060894e-06
8	8-168803394	174478049	12	A	G	0.098	-0.0286645	0.006317406	353.4412	1e-05	1e-05	9.646106e-06	7.344606e-06	1.89026e-05
9	9-103580149	106108711	20	T	C	0.151	0.02309209	0.005000387	353.7847	1e-05	1e-05	6.797529e-06	5.12969e-06	1.402646e-05
9	9-103642548	106171177	34	T	C	0.16	0.02379801	0.005214563	353.553	1e-05	1e-05	8.607484e-06	6.534787e-06	1.714989e-05
9	9-105506685	107942357	26	T	C	0.016	-0.06929533	0.01484552	353.9987	1e-05	1e-05	5.466747e-06	4.102549e-06	1.165938e-05
9	9-107550609	110139664	8	C	T	0.012	-0.08664878	0.0175752	355.5489	1e-05	1e+05	1.68243e-06	8.172487e-07	4.34108e-06
9	9-110999662	113957199	32	T	C	0.017	-0.07598147	0.01478385	356.1208	1e-05	1e-05	6.35776e-07	4.515429e-07	1.948302e-06
9	9-111432418	114819251	9	C	A	0.015	0.06298372	0.01343524	354.0862	1e-05	1e-05	5.001322e-06	3.744749e-06	1.081377e-05
9	9-117239502	119211967	6	T	G	0.015	0.09371963	0.01916082	354.9837	1e-05	1e-05	2.010058e-06	1.470355e-06	5.033079e-06
9	9-140142104	142545728	21	A	G	0.115	-0.0284293	0.006038518	354.1733	1e-05	1e-05	4.57712e-06	3.419377e-06	1.003358e-05
10	10-8937220	8869429	5	T	G	0.012	-0.07531023	0.01561514	354.6787	1e-05	1e-05	2.739162e-06	2.019629e-06	6.516728e-06
10	10-49147169	50444673	24	A	G	0.011	-0.08756974	0.01929426	353.4465	1e-05	1e-05	9.593911e-06	7.303854e-06	1.881512e-05
10	10-103207304	103817085	4	G	C	0.014	0.06778961	0.01495866	353.4176	1e-05	1e-05	9.881111e-06	7.528157e-06	1.929573e-05
10	10-143951736	145213175	8	T	C	0.02	0.05571459	0.01166171	354.4781	1e-05	1e-05	3.357829e-06	2.488712e-06	7.729929e-06
10	10-144945333	146287598	15	T	C	0.015	-0.096508	0.01901436	355.8237	1e-05	1e-05	8.585756e-07	6.145008e-07	2.491515e-06
