chr	rs	ps	n_miss	allele1	allele0	af	beta	se	logl_H1	l_remle	l_mle	p_wald	p_lrt	p_score
1	1-5933823	6013944	27	G	A	0.01	3.346867	0.7233073	-423.161	1e+05	1e+05	6.358888e-06	4.859529e-06	1.280366e-05
1	1-6070212	6153275	5	C	G	0.014	2.624597	0.5341871	-421.8971	1e+05	1e+05	1.758212e-06	1.302354e-06	4.309984e-06
1	1-9229754	9277493	9	T	C	0.089	1.326197	0.2903947	-423.4195	1e+05	1e+05	8.276927e-06	6.365836e-06	1.605164e-05
1	1-19490684	19765126	34	A	T	0.013	3.471988	0.7607122	-423.4312	1e+05	1e+05	8.376559e-06	6.444331e-06	1.621757e-05
1	1-27554193	27744757	41	A	C	0.022	2.142495	0.4649471	-423.2433	1e+05	1e+05	6.91563e-06	5.295756e-06	1.37578e-05
1	1-32359084	32643665	25	T	A	0.013	3.100374	0.675085	-423.3097	1e+05	1e+05	7.39989e-06	5.675885e-06	1.457978e-05
1	1-39721340	40077074	42	T	C	0.014	2.825525	0.5816653	-422.1475	1e+05	1e+05	2.267363e-06	1.689913e-06	5.336344e-06
1	1-55389541	56039766	7	A	C	0.021	2.21933	0.4552819	-422.0713	1e+05	1e+05	2.098399e-06	1.561039e-06	4.999825e-06
1	1-55569485	56213370	8	T	C	0.026	1.972199	0.39432	-421.4948	1e+05	1e+05	1.169151e-06	8.574644e-07	3.065028e-06
1	1-55696432	56339574	18	A	G	0.017	2.934729	0.5956444	-421.8349	1e+05	1e+05	1.650677e-06	1.220824e-06	4.088021e-06
1	1-55713461	56356562	34	G	C	0.024	2.323101	0.4336792	-419.8193	1e+05	1e+05	2.147211e-07	1.511012e-07	7.617848e-07
1	1-55771285	56413714	17	C	T	0.022	2.033811	0.4231412	-422.3761	1e+05	1e+05	2.86008e-06	2.143739e-06	6.490647e-06
1	1-55861094	56466309	18	T	C	0.02	2.672943	0.4941181	-419.5627	1e+05	1e+05	1.657365e-07	1.158944e-07	6.178577e-07
1	1-55847955	56474451	41	A	G	0.03	1.897015	0.4077412	-423.0516	1e+05	1e+05	5.688017e-06	4.335112e-06	1.163951e-05
1	1-56014023	56673402	41	T	C	0.025	2.100407	0.4532447	-423.1309	1e+05	1e+05	6.166616e-06	4.709088e-06	1.247171e-05
1	1-88842052	90804070	1	A	T	0.014	3.352807	0.7070235	-423.275	2.833265	1e+05	3.819259e-06	5.473682e-06	1.414359e-05
1	1-103900146	106417653	6	T	C	0.113	1.11767	0.2333976	-422.4549	1e+05	1e+05	3.098796e-06	2.327193e-06	6.945737e-06
1	1-104128248	106678060	22	T	C	0.015	3.079408	0.6091441	-421.581	4.903056	1e+05	9.094248e-07	9.377698e-07	3.296574e-06
1	1-104359804	106922852	23	T	C	0.01	3.1623	0.67995	-423.059	1e+05	1e+05	5.731173e-06	4.368803e-06	1.171491e-05
1	1-120068590	121884122	38	T	C	0.014	2.866193	0.6290831	-423.5343	20.164	1e+05	8.672334e-06	7.17761e-06	1.775413e-05
1	1-126902156	129093656	41	A	C	0.016	2.650041	0.5684269	-423.0102	86987.59	1e+05	5.452808e-06	4.151604e-06	1.122726e-05
1	1-135404417	137570098	21	T	G	0.012	2.983237	0.6530587	-423.4143	1e+05	1e+05	8.233064e-06	6.331286e-06	1.597851e-05
1	1-145028173	147194510	26	G	A	0.013	2.842048	0.6180152	-423.2835	1e+05	1e+05	7.205154e-06	5.522949e-06	1.425008e-05
1	1-149120393	151021614	41	T	C	0.011	3.153665	0.5906556	-419.9038	1e+05	1e+05	2.338308e-07	1.648919e-07	8.163161e-07
1	1-149179921	151080618	20	G	A	0.015	3.362554	0.7166151	-422.8788	1e+05	1e+05	4.769913e-06	3.619896e-06	1.001662e-05
1	1-149873286	151770220	1	T	C	0.025	2.297255	0.5069641	-423.5703	1e+05	1e+05	9.654255e-06	7.452866e-06	1.832499e-05
1	1-155023632	156931885	18	G	A	0.017	2.578634	0.5304258	-422.249	12.58064	1e+05	2.228503e-06	1.878162e-06	5.82055e-06
1	1-163682054	165308503	26	T	A	0.03	2.368728	0.4381632	-419.5797	1e+05	1e+05	1.686003e-07	1.179464e-07	6.264606e-07
1	1-178662758	180607281	17	T	G	0.019	2.273243	0.4783939	-422.6178	1e+05	1e+05	3.65725e-06	2.757663e-06	7.992293e-06
1	1-178669043	180613565	25	G	A	0.015	2.597974	0.571104	-423.4954	1e+05	1e+05	8.943983e-06	6.891793e-06	1.715803e-05
1	1-178812700	180749288	16	T	C	0.014	3.517378	0.7064321	-421.7155	12.4051	1e+05	1.297615e-06	1.07833e-06	3.69398e-06
1	1-193273246	195599939	33	A	C	0.013	3.103102	0.6536172	-422.6365	1e+05	1e+05	3.727407e-06	2.81186e-06	8.122162e-06
1	1-204140023	206906345	28	A	G	0.021	2.066667	0.4288237	-422.3185	1e+05	1e+05	2.697606e-06	2.019088e-06	6.177894e-06
1	1-204853980	207640377	32	A	G	0.013	3.105215	0.6614072	-422.8675	1e+05	1e+05	4.715434e-06	3.577555e-06	9.9191e-06
1	1-211517203	214523370	12	G	A	0.017	2.209284	0.4773271	-423.1555	1e+05	1e+05	6.323305e-06	4.831679e-06	1.274233e-05
1	1-223378026	226860407	29	C	T	0.015	2.486162	0.5450961	-423.4447	1e+05	1e+05	8.492709e-06	6.535867e-06	1.641071e-05
1	1-229266686	232698646	12	A	T	0.069	1.442282	0.2796707	-420.8555	17.29661	1e+05	5.623753e-07	4.417071e-07	1.79254e-06
1	1-230269779	233745821	28	G	A	0.226	0.7340092	0.1572651	-422.9873	1e+05	1e+05	5.327156e-06	4.053635e-06	1.100605e-05
1	1-230270114	233746156	31	A	C	0.224	0.7390208	0.1559605	-422.6764	1e+05	1e+05	3.88179e-06	2.931208e-06	8.406786e-06
1	1-230274180	233750222	35	C	G	0.12	0.9947419	0.2086903	-422.5527	1e+05	1e+05	3.422752e-06	2.576697e-06	7.555708e-06
1	1-230458508	233930857	5	A	C	0.021	2.367421	0.4891033	-422.2251	1e+05	1e+05	2.453185e-06	1.831913e-06	5.702348e-06
1	1-230508958	233981126	33	T	C	0.032	1.898467	0.3753953	-421.2379	1e+05	1e+05	9.011634e-07	6.567431e-07	2.468768e-06
1	1-237549921	240898858	20	A	G	0.015	2.688235	0.5201511	-420.7199	1e+05	1e+05	5.334068e-07	3.837948e-07	1.601113e-06
1	1-242982266	246573350	22	A	G	0.017	2.356249	0.5187568	-424.0375	3.344821	1e+05	9.216851e-06	1.215428e-05	2.769618e-05
1	1-242982668	246573752	11	T	C	0.014	2.525213	0.5542228	-423.634	9.037768	1e+05	8.665893e-06	7.966914e-06	1.938313e-05
1	1-242988448	246579532	31	A	G	0.01	3.082308	0.6304075	-422.0659	23.58315	1e+05	1.961485e-06	1.552349e-06	4.976974e-06
1	1-242992873	246583957	31	T	C	0.013	2.975804	0.5912206	-421.419	20.5306	1e+05	1.00799e-06	7.925117e-07	2.875025e-06
1	1-242997846	246588930	28	C	G	0.013	2.938272	0.5539919	-420.0746	1e+05	1e+05	2.778347e-07	1.967494e-07	9.390956e-07
1	1-243005433	246596517	35	T	C	0.011	3.093267	0.6298737	-421.9823	19.49811	1e+05	1.777051e-06	1.422972e-06	4.634204e-06
1	1-243005865	246596949	27	A	C	0.01	3.086139	0.6299448	-422.0343	19.89866	1e+05	1.876493e-06	1.502122e-06	4.844482e-06
1	1-243024669	246615750	35	T	C	0.011	3.080967	0.6306292	-422.0839	23.34729	1e+05	1.996285e-06	1.581647e-06	5.053934e-06
1	1-243037086	246628167	31	A	G	0.013	2.670695	0.5889194	-423.632	18.86371	1e+05	9.508688e-06	7.94984e-06	1.934815e-05
1	1-243047597	246638782	15	T	C	0.012	2.628434	0.5796906	-423.8825	5.006508	1e+05	9.537796e-06	1.033235e-05	2.413808e-05
1	1-254100854	258310790	35	T	C	0.016	2.839542	0.5851612	-422.1703	1e+05	1e+05	2.320264e-06	1.73031e-06	5.440959e-06
1	1-253364136	258880303	24	T	C	0.02	2.085163	0.4278208	-422.0745	1e+05	1e+05	2.105239e-06	1.566251e-06	5.01352e-06
1	1-253364153	258880320	19	A	T	0.02	2.091026	0.4276109	-422.002	1e+05	1e+05	1.955838e-06	1.452498e-06	4.712865e-06
1	1-253364420	258880587	22	T	C	0.022	1.954202	0.4212631	-423.1104	1e+05	1e+05	6.038944e-06	4.609254e-06	1.225055e-05
1	1-253364501	258880668	22	T	C	0.02	2.106369	0.4271124	-421.8137	1e+05	1e+05	1.615571e-06	1.194235e-06	4.015108e-06
1	1-253364680	258880847	23	T	C	0.022	2.355057	0.4106567	-417.9397	1e+05	1e+05	3.232565e-08	2.171771e-08	1.680327e-07
1	1-256725544	261231493	7	A	G	0.012	2.773122	0.5570149	-421.6001	1e+05	1e+05	1.300827e-06	9.565184e-07	3.350137e-06
1	1-260992985	265766166	29	T	G	0.013	2.71547	0.5833392	-423.0406	1e+05	1e+05	5.624425e-06	4.285477e-06	1.152827e-05
1	1-268233929	272914180	3	T	C	0.023	1.819825	0.4021316	-423.5955	1e+05	1e+05	9.905802e-06	7.651817e-06	1.873572e-05
1	1-269103742	273757259	14	G	A	0.014	2.337179	0.508842	-423.3073	1e+05	1e+05	7.381655e-06	5.66156e-06	1.454896e-05
1	1-271220569	275887093	18	T	C	0.049	1.295862	0.2844072	-423.4643	1e+05	1e+05	8.664047e-06	6.670952e-06	1.669501e-05
1	1-271220614	275887138	24	T	C	0.05	1.308655	0.284709	-423.293	1e+05	1e+05	7.275001e-06	5.577791e-06	1.436846e-05
1	1-275093349	279918025	23	T	C	0.1	1.150009	0.2286675	-421.4926	11.88023	1e+05	1.027723e-06	8.554855e-07	3.059277e-06
1	1-275093353	279918029	23	T	C	0.1	1.150009	0.2286675	-421.4926	11.88023	1e+05	1.027723e-06	8.554855e-07	3.059277e-06
1	1-282197964	287251684	43	T	C	0.014	2.999074	0.5594469	-419.7997	1e+05	1e+05	2.105043e-07	1.48062e-07	7.496404e-07
1	1-286927535	292048089	8	A	G	0.04	1.509181	0.3248149	-423.1533	19.07057	1e+05	5.846082e-06	4.82059e-06	1.271789e-05
1	1-291971587	297416393	24	T	C	0.013	3.265015	0.6647993	-421.906	1e+05	1e+05	1.774217e-06	1.314498e-06	4.342847e-06
1	1-299469771	304943744	16	T	C	0.053	1.375673	0.2921876	-423.1002	5.515903	1e+05	4.444173e-06	4.56079e-06	1.214293e-05
2	2-1836937	1826661	31	G	A	0.01	3.230322	0.6697812	-422.3027	1e+05	1e+05	2.65442e-06	1.985986e-06	6.094329e-06
2	2-19427654	20005315	25	A	G	0.01	4.086166	0.8311832	-421.8843	1e+05	1e+05	1.735504e-06	1.285126e-06	4.263281e-06
2	2-24632645	25295092	23	A	G	0.028	2.0385	0.4469	-423.4427	1e+05	1e+05	8.475668e-06	6.522435e-06	1.638239e-05
2	2-40718402	41722546	17	T	C	0.012	3.391332	0.7497188	-423.6038	1e+05	1e+05	9.990738e-06	7.719021e-06	1.887411e-05
2	2-52710783	54114926	6	T	C	0.046	1.843607	0.3823293	-422.3067	1e+05	1e+05	2.665411e-06	1.994409e-06	6.115615e-06
2	2-64979138	66120320	35	G	T	0.013	3.096588	0.6585019	-422.8343	1e+05	1e+05	4.558571e-06	3.455707e-06	9.637456e-06
2	2-83447006	84987407	31	G	T	0.305	-0.7143716	0.1561898	-423.3902	1e+05	1e+05	8.033332e-06	6.174018e-06	1.564488e-05
2	2-83451192	84991593	29	A	G	0.291	-0.7144685	0.157701	-423.574	1e+05	1e+05	9.690746e-06	7.48172e-06	1.838465e-05
2	2-83720249	85267753	9	T	G	0.306	-0.6549311	0.1438925	-423.4848	1e+05	1e+05	8.847759e-06	6.815863e-06	1.699908e-05
2	2-83721113	85268617	24	A	G	0.269	-0.6989972	0.1531023	-423.4251	1e+05	1e+05	8.32468e-06	6.403456e-06	1.61312e-05
2	2-83722835	85270337	3	T	C	0.309	-0.6639097	0.1426332	-423.0422	1e+05	1e+05	5.633883e-06	4.292858e-06	1.154483e-05
2	2-83734609	85282109	10	A	G	0.324	-0.6614615	0.1409134	-422.8708	1e+05	1e+05	4.731381e-06	3.589947e-06	9.947661e-06
2	2-83741267	85288766	12	T	G	0.273	-0.7318969	0.1518004	-422.3094	1e+05	1e+05	2.672605e-06	1.999923e-06	6.12954e-06
2	2-104418535	106737839	11	T	G	0.458	-0.6379183	0.1346173	-422.6754	1e+05	1e+05	3.877632e-06	2.927992e-06	8.39914e-06
2	2-105794351	108125669	12	A	G	0.024	1.977259	0.407148	-422.1533	1e+05	1e+05	2.28065e-06	1.700057e-06	5.362652e-06
2	2-108505844	110960794	22	T	C	0.08	1.17362	0.2549465	-423.2633	1e+05	1e+05	7.057573e-06	5.407113e-06	1.399947e-05
2	2-108506917	110961867	27	C	T	0.087	1.137393	0.2458195	-423.162	1e+05	1e+05	6.36522e-06	4.864486e-06	1.281457e-05
2	2-108519352	110974302	39	A	C	0.084	1.220419	0.2612533	-422.9696	1e+05	1e+05	5.232231e-06	3.979668e-06	1.08385e-05
2	2-108523869	110978819	17	A	G	0.083	1.118707	0.2459637	-423.4987	1e+05	1e+05	8.974248e-06	6.91568e-06	1.720799e-05
2	2-108525343	110980293	27	A	G	0.094	1.094445	0.2380728	-423.2903	1e+05	1e+05	7.254642e-06	5.561805e-06	1.433397e-05
2	2-108526087	110981037	25	T	G	0.088	1.163779	0.2417877	-422.346	1e+05	1e+05	2.773887e-06	2.07759e-06	6.325049e-06
2	2-108526106	110981056	26	C	A	0.086	1.146396	0.2460482	-423.0224	1e+05	1e+05	5.521425e-06	4.205112e-06	1.134774e-05
2	2-108526751	110981701	36	A	C	0.078	1.268224	0.2592664	-421.9949	1e+05	1e+05	1.941861e-06	1.441867e-06	4.684574e-06
2	2-108528992	110983942	9	A	G	0.056	1.643016	0.3186281	-420.7747	1e+05	1e+05	5.638184e-07	4.062254e-07	1.675837e-06
2	2-108529459	110984409	16	G	T	0.068	1.309329	0.2839465	-423.2298	1e+05	1e+05	6.82107e-06	5.221603e-06	1.359645e-05
2	2-108535842	110990792	39	G	C	0.071	1.407085	0.3052012	-423.2334	1e+05	1e+05	6.845954e-06	5.241115e-06	1.363894e-05
2	2-108540346	110995295	32	A	G	0.099	1.092521	0.236292	-423.1764	1e+05	1e+05	6.459355e-06	4.938182e-06	1.29766e-05
2	2-108540889	110995838	33	T	C	0.089	1.122706	0.2457482	-423.4125	1e+05	1e+05	8.21803e-06	6.319445e-06	1.595343e-05
2	2-108548171	111003116	9	T	C	0.065	1.327827	0.2769819	-422.4318	1e+05	1e+05	3.026747e-06	2.271785e-06	6.80891e-06
2	2-108548756	111003701	3	A	G	0.064	1.256193	0.2772256	-423.5853	93.69101	1e+05	9.658166e-06	7.571067e-06	1.85692e-05
2	2-108551009	111005954	35	A	G	0.08	1.17307	0.2432943	-422.3086	1e+05	1e+05	2.670584e-06	1.998374e-06	6.125629e-06
2	2-108577486	111032903	34	A	C	0.095	1.188917	0.2418699	-421.8868	1e+05	1e+05	1.739967e-06	1.288512e-06	4.272468e-06
2	2-108577509	111032926	31	T	G	0.096	1.175495	0.2398327	-421.9511	1e+05	1e+05	1.857254e-06	1.377552e-06	4.51267e-06
2	2-108578957	111034373	19	A	G	0.086	1.207492	0.2515826	-422.4066	1e+05	1e+05	2.950242e-06	2.212987e-06	6.663128e-06
2	2-108581603	111037019	24	G	T	0.085	1.153401	0.2470074	-422.9779	1e+05	1e+05	5.276403e-06	4.014084e-06	1.091652e-05
2	2-108581613	111037029	25	A	G	0.086	1.171745	0.2469822	-422.6512	1e+05	1e+05	3.783473e-06	2.855189e-06	8.225706e-06
2	2-108587684	111043100	22	T	C	0.087	1.151714	0.2397383	-422.3868	1e+05	1e+05	2.891375e-06	2.167769e-06	6.550599e-06
2	2-108601211	111056626	20	A	G	0.086	1.174844	0.2435606	-422.2997	1e+05	1e+05	2.646372e-06	1.979818e-06	6.078735e-06
2	2-108629446	111084849	30	T	C	0.091	1.137276	0.2448405	-423.0842	1e+05	1e+05	5.880029e-06	4.485061e-06	1.197443e-05
2	2-108630729	111086130	23	G	T	0.098	1.13155	0.2313169	-421.9941	1e+05	1e+05	1.940204e-06	1.440606e-06	4.681216e-06
2	2-108630929	111086330	26	A	C	0.086	1.131249	0.2482731	-423.4638	1e+05	1e+05	8.660049e-06	6.667798e-06	1.668839e-05
2	2-108644887	111100285	22	T	C	0.092	1.107797	0.2432462	-423.4734	1e+05	1e+05	8.74507e-06	6.734853e-06	1.682922e-05
2	2-108648736	111104134	25	T	C	0.088	1.126009	0.2458664	-423.3645	1e+05	1e+05	7.825355e-06	6.010359e-06	1.529638e-05
2	2-108653144	111108541	37	C	A	0.094	1.1211	0.2433851	-423.2509	1e+05	1e+05	6.969097e-06	5.337695e-06	1.38489e-05
2	2-108666082	111121478	39	T	C	0.098	1.125334	0.2358393	-422.5305	1e+05	1e+05	3.34643e-06	2.517862e-06	7.412745e-06
2	2-108670762	111126157	20	T	C	0.086	1.162978	0.2497483	-423.0338	1e+05	1e+05	5.585963e-06	4.255463e-06	1.146091e-05
2	2-108673955	111129350	16	A	G	0.085	1.110782	0.2399599	-423.153	1e+05	1e+05	6.307191e-06	4.819069e-06	1.271454e-05
2	2-108674515	111129910	18	T	C	0.08	1.155373	0.2466971	-422.9176	1e+05	1e+05	4.962136e-06	3.769384e-06	1.035956e-05
2	2-108675395	111130790	8	A	G	0.088	1.068857	0.235742	-423.5592	1e+05	1e+05	9.545606e-06	7.366974e-06	1.814718e-05
2	2-108675578	111130973	7	T	C	0.079	1.132197	0.24924	-423.5228	1e+05	1e+05	9.197283e-06	7.091766e-06	1.757546e-05
2	2-108678082	111133477	26	T	C	0.086	1.169832	0.2453027	-422.5424	1e+05	1e+05	3.387011e-06	2.549141e-06	7.488815e-06
2	2-108716287	111172584	9	A	G	0.082	1.134382	0.2432812	-423.0068	1e+05	1e+05	5.434055e-06	4.136971e-06	1.119427e-05
2	2-108719660	111175957	20	A	G	0.079	1.203243	0.2514192	-422.4677	1e+05	1e+05	3.139421e-06	2.358448e-06	7.022692e-06
2	2-108725072	111181194	14	A	G	0.084	1.15316	0.2475021	-423.0226	1e+05	1e+05	5.522325e-06	4.205814e-06	1.134932e-05
2	2-108736516	111192691	6	G	C	0.081	1.13099	0.2393836	-422.7375	1e+05	1e+05	4.130837e-06	3.123979e-06	8.862759e-06
2	2-108739432	111195607	9	T	C	0.084	1.119332	0.2415555	-423.1322	1e+05	1e+05	6.174961e-06	4.715615e-06	1.248614e-05
2	2-108780524	111237514	9	A	G	0.068	1.297286	0.2826108	-423.3191	1e+05	1e+05	7.47158e-06	5.732211e-06	1.470088e-05
2	2-108780549	111237539	8	G	C	0.065	1.342787	0.2836557	-422.6968	1e+05	1e+05	3.963365e-06	2.994318e-06	8.556562e-06
2	2-108791685	111248674	6	A	G	0.085	1.0852	0.235212	-423.219	1e+05	1e+05	6.745911e-06	5.162682e-06	1.346801e-05
2	2-108792293	111249282	9	A	G	0.084	1.123453	0.2417552	-423.0751	1e+05	1e+05	5.825782e-06	4.442686e-06	1.187996e-05
2	2-108793890	111250879	8	T	C	0.072	1.186719	0.2581006	-423.2869	1e+05	1e+05	7.229664e-06	5.542192e-06	1.429164e-05
2	2-108825114	111282264	6	A	C	0.085	1.196772	0.2434349	-421.8838	1e+05	1e+05	1.73468e-06	1.284502e-06	4.261585e-06
2	2-108826099	111283249	11	T	C	0.085	1.094641	0.2402054	-423.4611	1e+05	1e+05	8.636271e-06	6.649048e-06	1.664897e-05
2	2-108827956	111285106	15	T	A	0.07	1.28972	0.2704373	-422.542	1e+05	1e+05	3.385734e-06	2.548156e-06	7.486423e-06
2	2-108838557	111295707	9	T	A	0.044	2.097698	0.4361791	-422.3636	1e+05	1e+05	2.824104e-06	2.116123e-06	6.421614e-06
2	2-108843269	111300418	1	A	G	0.079	1.203742	0.2485994	-422.2172	1e+05	1e+05	2.433587e-06	1.816924e-06	5.663937e-06
2	2-108846381	111303529	14	A	C	0.081	1.121552	0.2477428	-423.5886	1e+05	1e+05	9.836112e-06	7.596686e-06	1.862205e-05
2	2-108849253	111306401	11	A	C	0.09	1.157211	0.2325725	-421.6131	1e+05	1e+05	1.318071e-06	9.695093e-07	3.387145e-06
2	2-108849857	111307005	35	A	G	0.09	1.158658	0.2447332	-422.6946	1e+05	1e+05	3.954334e-06	2.98733e-06	8.540001e-06
2	2-108853384	111310532	20	T	A	0.069	1.305843	0.2768992	-422.7754	1e+05	1e+05	4.293119e-06	3.249742e-06	9.157881e-06
2	2-108858571	111315715	8	G	C	0.067	1.228858	0.2666341	-423.2401	1e+05	1e+05	6.893216e-06	5.278177e-06	1.371958e-05
2	2-108929161	111389520	40	A	C	0.098	1.108266	0.2404965	-423.2425	1e+05	1e+05	6.909466e-06	5.290922e-06	1.374729e-05
2	2-108963861	111424207	27	A	G	0.082	1.188763	0.2585242	-423.2853	1e+05	1e+05	7.217829e-06	5.5329e-06	1.427157e-05
2	2-109015070	111475808	28	T	C	0.059	1.586583	0.3502341	-423.5759	1e+05	1e+05	9.71007e-06	7.497001e-06	1.841624e-05
2	2-109042679	111503415	23	A	G	0.133	1.158412	0.2213267	-420.4086	1e+05	1e+05	3.893731e-07	2.780171e-07	1.236822e-06
2	2-109045186	111505922	40	T	C	0.107	1.086968	0.2299612	-422.7281	1e+05	1e+05	4.091339e-06	3.093387e-06	8.790695e-06
2	2-109063813	111524549	14	A	G	0.074	1.16304	0.2547405	-423.425	1e+05	1e+05	8.323539e-06	6.402556e-06	1.61293e-05
2	2-109068741	111529477	20	A	C	0.089	1.164258	0.2339171	-421.6061	1e+05	1e+05	1.308786e-06	9.625138e-07	3.367227e-06
2	2-109071066	111531802	6	A	G	0.041	2.068732	0.4388583	-422.7844	1e+05	1e+05	4.332655e-06	3.2804e-06	9.229555e-06
2	2-109074741	111535477	5	A	G	0.08	1.10026	0.2418334	-423.4928	1e+05	1e+05	8.91983e-06	6.872732e-06	1.711816e-05
2	2-109078576	111539312	11	C	G	0.075	1.181328	0.2497606	-422.7145	1e+05	1e+05	4.035192e-06	3.049912e-06	8.688095e-06
2	2-109078838	111539574	14	G	A	0.086	1.104345	0.2380543	-423.1098	1e+05	1e+05	6.035296e-06	4.606402e-06	1.224423e-05
2	2-109087576	111548311	15	T	C	0.062	1.326658	0.2748815	-422.2878	1e+05	1e+05	2.614563e-06	1.955447e-06	6.017035e-06
2	2-109107494	111569142	18	T	C	0.08	1.14778	0.2420935	-422.6652	1e+05	1e+05	3.837859e-06	2.897235e-06	8.325952e-06
2	2-109108793	111570441	5	T	C	0.083	1.079142	0.2383438	-423.5861	1e+05	1e+05	9.811008e-06	7.576829e-06	1.858109e-05
2	2-109112468	111574117	9	G	A	0.084	1.077884	0.2375114	-423.5413	1e+05	1e+05	9.372555e-06	7.230216e-06	1.786347e-05
2	2-109119635	111581284	9	A	C	0.07	1.291942	0.2756362	-422.9012	1e+05	1e+05	4.880054e-06	3.705533e-06	1.021334e-05
2	2-109122552	111584201	9	T	C	0.084	1.062166	0.2339085	-423.5298	1e+05	1e+05	9.263206e-06	7.143833e-06	1.768386e-05
2	2-109127402	111589051	7	T	C	0.081	1.106548	0.2390039	-423.1495	1e+05	1e+05	6.28495e-06	4.801664e-06	1.267617e-05
2	2-109128015	111589664	6	T	C	0.083	1.10268	0.241575	-423.4294	1e+05	1e+05	8.36147e-06	6.432441e-06	1.619246e-05
2	2-109193931	111654437	14	A	G	0.081	1.114826	0.2441171	-423.42	1e+05	1e+05	8.280931e-06	6.36899e-06	1.605831e-05
2	2-109196461	111656967	7	A	C	0.072	1.241307	0.2546279	-422.0697	1e+05	1e+05	2.094986e-06	1.558438e-06	4.992988e-06
2	2-109198582	111659088	15	T	A	0.075	1.148494	0.24634	-423.0094	1e+05	1e+05	5.448742e-06	4.148424e-06	1.122009e-05
2	2-109198585	111659091	16	T	C	0.075	1.225099	0.24526	-421.5243	1e+05	1e+05	1.204553e-06	8.840709e-07	3.142138e-06
2	2-109208424	111681794	9	A	C	0.091	1.06503	0.2323995	-423.3517	1e+05	1e+05	7.723783e-06	5.930468e-06	1.512576e-05
2	2-109214419	111687788	8	A	G	0.079	1.121773	0.2443616	-423.318	1e+05	1e+05	7.462915e-06	5.725402e-06	1.468625e-05
2	2-109242718	111704519	24	C	T	0.09	1.083225	0.2389141	-423.5595	1e+05	1e+05	9.548185e-06	7.369012e-06	1.815141e-05
2	2-109285031	111746631	7	A	G	0.083	1.163246	0.2382246	-422.0337	1e+05	1e+05	2.01983e-06	1.501196e-06	4.842034e-06
2	2-109357084	111820998	29	A	G	0.088	1.080449	0.2376919	-423.5101	1e+05	1e+05	9.078844e-06	6.998246e-06	1.738046e-05
2	2-109433431	111899045	45	T	C	0.081	1.264783	0.2641287	-422.4558	1e+05	1e+05	3.101367e-06	2.32917e-06	6.950611e-06
2	2-109533799	111989178	38	A	T	0.081	1.189823	0.258732	-423.2835	1e+05	1e+05	7.205138e-06	5.522936e-06	1.425005e-05
2	2-109538354	112018429	26	A	G	0.086	1.114588	0.2399642	-423.0849	1e+05	1e+05	5.884151e-06	4.488282e-06	1.198161e-05
2	2-122016693	125401442	38	C	T	0.011	2.866281	0.586648	-422.0207	1e+05	1e+05	1.9934e-06	1.481078e-06	4.788758e-06
2	2-123090250	126500888	10	T	C	0.362	-0.6954482	0.152129	-423.4	1e+05	1e+05	8.114321e-06	6.237778e-06	1.578028e-05
2	2-127229525	130730513	3	A	G	0.03	2.165695	0.4663074	-423.0869	1e+05	1e+05	5.896015e-06	4.497551e-06	1.200225e-05
2	2-127316509	130844466	20	A	G	0.012	2.98408	0.6205397	-422.3655	1e+05	1e+05	2.829371e-06	2.120166e-06	6.431728e-06
2	2-128080324	131626394	24	C	T	0.234	0.754784	0.1586516	-422.5929	1e+05	1e+05	3.565464e-06	2.686796e-06	7.821876e-06
2	2-128080326	131626396	24	C	T	0.229	0.7308012	0.1612941	-423.5725	1e+05	1e+05	9.676619e-06	7.47055e-06	1.836156e-05
2	2-140939626	145090364	12	A	G	0.294	-0.6640594	0.1464283	-423.5548	1e+05	1e+05	9.5029e-06	7.333219e-06	1.807723e-05
2	2-154365404	158352242	19	A	C	0.049	1.48286	0.301781	-421.8951	1e+05	1e+05	1.75464e-06	1.299644e-06	4.302644e-06
2	2-154399058	158385934	22	C	T	0.03	1.794847	0.3758834	-422.5155	1e+05	1e+05	3.295701e-06	2.478773e-06	7.317473e-06
2	2-154869496	158853826	29	T	C	0.015	2.828494	0.5783974	-422.0011	1e+05	1e+05	1.953985e-06	1.451088e-06	4.709116e-06
2	2-157612474	161611608	37	T	C	0.019	2.733389	0.6029614	-423.5623	1e+05	1e+05	9.576225e-06	7.391178e-06	1.819732e-05
2	2-157666355	161665486	46	A	G	0.076	1.353766	0.2654494	-421.0398	1e+05	1e+05	7.373218e-07	5.34719e-07	2.090898e-06
2	2-158200941	162250898	18	T	C	0.071	1.250307	0.2749579	-423.503	1e+05	1e+05	9.01295e-06	6.946228e-06	1.727183e-05
2	2-159909909	163942146	12	A	G	0.109	1.188536	0.262312	-423.5719	1e+05	1e+05	9.670738e-06	7.465899e-06	1.835194e-05
2	2-162830935	166805934	6	A	G	0.012	2.839333	0.6166043	-423.2573	1e+05	1e+05	7.014758e-06	5.373517e-06	1.392663e-05
2	2-163871184	167911713	11	A	G	0.13	1.024037	0.2111468	-422.1823	1e+05	1e+05	2.348939e-06	1.752217e-06	5.497524e-06
2	2-181883042	186700999	15	A	T	0.031	2.308248	0.4367268	-420.1632	1e+05	1e+05	3.038728e-07	2.156596e-07	1.010161e-06
2	2-197183673	202906469	5	C	T	0.03	1.765719	0.3873882	-423.4573	1e+05	1e+05	8.602341e-06	6.622294e-06	1.65927e-05
2	2-198231310	203991509	19	T	C	0.015	2.299984	0.4967601	-423.1489	1e+05	1e+05	6.281181e-06	4.798714e-06	1.266966e-05
2	2-221197381	227328625	33	C	G	0.011	3.156496	0.6682187	-422.7412	1e+05	1e+05	4.146475e-06	3.136092e-06	8.891263e-06
2	2-230201910	236638016	30	T	C	0.01	2.807788	0.5885929	-422.5362	1e+05	1e+05	3.36566e-06	2.532682e-06	7.448807e-06
3	3-6987212	6151454	14	A	G	0.072	-1.441172	0.3111495	-423.1412	1e+05	1e+05	6.231727e-06	4.760021e-06	1.258427e-05
3	3-21004349	20421786	41	A	G	0.047	1.842096	0.3730678	-421.7862	1e+05	1e+05	1.571187e-06	1.16064e-06	3.922588e-06
3	3-47948647	47720373	44	T	G	0.028	2.196238	0.4821818	-423.471	1e+05	1e+05	8.723357e-06	6.717727e-06	1.679327e-05
3	3-51508872	51349035	36	A	C	0.019	2.252334	0.4929075	-423.4084	1e+05	1e+05	8.183533e-06	6.292277e-06	1.589586e-05
3	3-59964689	59998143	6	T	C	0.012	3.630946	0.7702583	-422.7842	1e+05	1e+05	4.331897e-06	3.279812e-06	9.228182e-06
3	3-60700865	60737267	27	A	G	0.031	1.903081	0.4032003	-422.7579	1e+05	1e+05	4.217463e-06	3.191097e-06	9.020485e-06
3	3-60700887	60737289	24	C	T	0.023	2.151189	0.4594685	-422.924	1e+05	1e+05	4.994376e-06	3.794471e-06	1.041691e-05
3	3-60708365	60745720	20	A	G	0.027	1.953368	0.4135745	-422.7439	1e+05	1e+05	4.157779e-06	3.14485e-06	8.911861e-06
3	3-60735074	60772414	28	T	G	0.021	2.274799	0.4747376	-422.4416	1e+05	1e+05	3.057132e-06	2.295149e-06	6.866669e-06
3	3-60735110	60772450	27	T	C	0.02	2.345206	0.4758878	-421.83	1e+05	1e+05	1.642462e-06	1.214601e-06	4.070981e-06
3	3-60757358	60795145	39	C	T	0.014	2.860081	0.5567659	-420.8666	1e+05	1e+05	6.187644e-07	4.468255e-07	1.809232e-06
3	3-60757365	60795152	40	C	T	0.016	2.533993	0.4876725	-420.5881	1e+05	1e+05	4.668599e-07	3.348231e-07	1.435115e-06
3	3-60757367	60795154	40	T	C	0.019	2.426534	0.4671341	-420.5956	1e+05	1e+05	4.704074e-07	3.374297e-07	1.444057e-06
3	3-60757373	60795160	44	T	C	0.017	2.532765	0.4876837	-420.6006	1e+05	1e+05	4.727882e-07	3.391792e-07	1.450052e-06
3	3-60759199	60796985	25	T	C	0.015	2.558433	0.4864568	-420.2877	1e+05	1e+05	3.445824e-07	2.453031e-07	1.119255e-06
3	3-60761918	60799697	18	T	C	0.017	2.661861	0.5145442	-420.696	1e+05	1e+05	5.20696e-07	3.744288e-07	1.56968e-06
3	3-60807965	60876113	33	A	G	0.029	1.892239	0.4140558	-423.4061	1e+05	1e+05	8.164878e-06	6.277586e-06	1.586472e-05
3	3-61188269	61223605	24	G	A	0.04	1.516899	0.3227056	-422.8426	1e+05	1e+05	4.597404e-06	3.485862e-06	9.707299e-06
3	3-61188312	61223648	23	G	T	0.04	1.529894	0.322578	-422.658	1e+05	1e+05	3.809578e-06	2.875369e-06	8.273848e-06
3	3-63230060	63277994	3	A	G	0.011	4.184873	0.7922349	-420.1775	1e+05	1e+05	3.082767e-07	2.188619e-07	1.022076e-06
3	3-63442445	63491712	22	T	C	0.017	2.16683	0.4633082	-422.9459	1e+05	1e+05	5.107171e-06	3.882269e-06	1.061716e-05
3	3-72455821	72815560	21	A	T	0.012	2.793247	0.6070551	-423.2722	1e+05	1e+05	7.12248e-06	5.458051e-06	1.410977e-05
3	3-96439891	102684817	29	A	G	0.015	2.466736	0.5343167	-423.2065	1e+05	1e+05	6.660468e-06	5.095718e-06	1.332177e-05
3	3-94660900	104495703	23	T	C	0.01	3.199769	0.6520482	-421.9242	1e+05	1e+05	1.807265e-06	1.339585e-06	4.410571e-06
3	3-113817167	114181741	42	A	G	0.16	0.9067036	0.1938149	-422.9401	1e+05	1e+05	5.077223e-06	3.858953e-06	1.056405e-05
3	3-113822116	114186690	31	T	C	0.094	1.210156	0.2460101	-421.8705	1e+05	1e+05	1.711353e-06	1.266811e-06	4.213513e-06
3	3-113943324	114274047	28	G	A	0.115	1.109509	0.2412113	-423.279	1e+05	1e+05	7.171552e-06	5.496569e-06	1.419308e-05
3	3-113981221	114311939	36	T	C	0.174	0.9642238	0.1936351	-421.5953	1e+05	1e+05	1.294504e-06	9.517565e-07	3.33655e-06
3	3-114042542	114369549	14	C	A	0.163	0.8635994	0.1858365	-423.075	1e+05	1e+05	5.825169e-06	4.442207e-06	1.187889e-05
3	3-114042543	114369550	14	A	C	0.158	0.8594831	0.1864156	-423.2324	1e+05	1e+05	6.839264e-06	5.235869e-06	1.362752e-05
3	3-114046557	114373564	15	A	C	0.156	0.8551494	0.1835923	-423.0283	1e+05	1e+05	5.554666e-06	4.231044e-06	1.140605e-05
3	3-114057823	114384210	11	C	T	0.146	0.8374456	0.1830216	-423.382	1e+05	1e+05	7.966227e-06	6.121201e-06	1.553256e-05
3	3-114062659	114389045	39	A	G	0.147	0.9763599	0.2094025	-423.0078	1e+05	1e+05	5.439892e-06	4.141523e-06	1.120453e-05
3	3-114079103	114403665	15	A	G	0.096	1.347283	0.2628839	-420.9225	1e+05	1e+05	6.548024e-07	4.735025e-07	1.89569e-06
3	3-114143463	114482910	29	C	T	0.08	1.356988	0.2949149	-423.2723	1e+05	1e+05	7.123171e-06	5.458593e-06	1.411094e-05
3	3-136222023	136914253	30	A	G	0.031	1.82093	0.3985704	-423.4119	1e+05	1e+05	8.213222e-06	6.315659e-06	1.594541e-05
3	3-141531458	142375819	36	T	C	0.233	0.7487881	0.1628757	-423.2894	1e+05	1e+05	7.248523e-06	5.557e-06	1.43236e-05
3	3-144921074	145804398	8	T	C	0.184	-0.8001239	0.1762066	-423.5303	1e+05	1e+05	9.268005e-06	7.147623e-06	1.769175e-05
3	3-149791690	151065261	12	T	A	0.014	2.852611	0.5936337	-422.3811	1e+05	1e+05	2.874593e-06	2.154882e-06	6.51846e-06
3	3-154134268	155506241	5	A	T	0.078	1.182091	0.2475619	-422.5159	1e+05	1e+05	3.296901e-06	2.479698e-06	7.319731e-06
3	3-161628097	163215165	36	A	G	0.064	1.312882	0.2626151	-421.5052	1e+05	1e+05	1.181471e-06	8.667215e-07	3.091903e-06
3	3-161644676	163231743	38	C	G	0.068	1.187383	0.2607551	-423.4759	1e+05	1e+05	8.767329e-06	6.752411e-06	1.686606e-05
3	3-161742820	163354096	13	G	A	0.057	1.193596	0.2637493	-423.5953	1e+05	1e+05	9.903844e-06	7.650267e-06	1.873252e-05
3	3-161745734	163357010	11	G	A	0.064	1.270908	0.2475028	-420.8761	1e+05	1e+05	6.24758e-07	4.512596e-07	1.823666e-06
3	3-161746130	163357406	5	A	G	0.048	1.26673	0.2771796	-423.4059	1e+05	1e+05	8.162757e-06	6.275917e-06	1.586118e-05
3	3-161944938	163563512	40	A	G	0.068	1.189613	0.2626424	-423.5787	1e+05	1e+05	9.737994e-06	7.519082e-06	1.846186e-05
3	3-170117000	172697377	24	T	C	0.01	2.684501	0.5895745	-423.4774	1e+05	1e+05	8.780664e-06	6.76293e-06	1.688812e-05
3	3-170117002	172697379	26	G	A	0.013	2.434719	0.5364942	-423.5414	1e+05	1e+05	9.374066e-06	7.231411e-06	1.786595e-05
3	3-170118399	172698776	32	A	C	0.01	2.685911	0.5899243	-423.4787	1e+05	1e+05	8.792414e-06	6.7722e-06	1.690756e-05
3	3-170118412	172698789	37	G	A	0.011	2.683706	0.5900053	-423.4972	1e+05	1e+05	8.960456e-06	6.904794e-06	1.718522e-05
3	3-170130323	172711314	15	T	C	0.012	2.548033	0.5508884	-423.169	1e+05	1e+05	6.41095e-06	4.900284e-06	1.289333e-05
3	3-170131579	172712570	23	G	A	0.015	2.90535	0.5179015	-418.5717	1e+05	1e+05	6.10533e-08	4.166217e-08	2.777434e-07
3	3-170146201	172727190	30	A	G	0.01	2.684836	0.5897381	-423.4803	1e+05	1e+05	8.807163e-06	6.783835e-06	1.693196e-05
3	3-170149313	172730302	41	T	A	0.011	2.691741	0.5899598	-423.4378	1e+05	1e+05	8.433005e-06	6.488812e-06	1.631147e-05
3	3-170149371	172730360	38	G	A	0.011	2.703376	0.5901065	-423.3585	1e+05	1e+05	7.777483e-06	5.972702e-06	1.5216e-05
3	3-177751897	180478918	13	G	C	0.012	2.695344	0.5907687	-423.4384	1e+05	1e+05	8.438404e-06	6.493066e-06	1.632045e-05
3	3-186614908	189487013	10	T	C	0.155	1.001809	0.2172528	-423.2295	1e+05	1e+05	6.818762e-06	5.219793e-06	1.359251e-05
3	3-197346634	200347874	17	G	T	0.044	1.394313	0.3056097	-423.4386	1e+05	1e+05	8.439797e-06	6.494164e-06	1.632277e-05
3	3-207225474	210671174	33	G	A	0.011	2.788631	0.5893229	-422.7054	1e+05	1e+05	3.997822e-06	3.020985e-06	8.619701e-06
3	3-210835185	214382661	25	G	A	0.242	0.7449263	0.1612939	-423.1986	1e+05	1e+05	6.607437e-06	5.054166e-06	1.323088e-05
3	3-210835993	214383469	18	C	T	0.239	0.7501009	0.1587499	-422.7355	1e+05	1e+05	4.122438e-06	3.117473e-06	8.847443e-06
3	3-210836003	214383479	18	G	T	0.239	0.7500309	0.1582763	-422.6754	1e+05	1e+05	3.87776e-06	2.928092e-06	8.399377e-06
3	3-210836230	214383706	12	A	G	0.218	0.7226093	0.1557059	-423.1019	1e+05	1e+05	5.987311e-06	4.568894e-06	1.216094e-05
3	3-210836241	214383717	9	G	A	0.227	0.7111258	0.1544791	-423.2633	1e+05	1e+05	7.058236e-06	5.407633e-06	1.400059e-05
3	3-214976551	218518960	43	T	A	0.025	2.342937	0.4584754	-420.9914	1e+05	1e+05	7.020668e-07	5.085437e-07	2.007945e-06
3	3-220405303	224017105	10	T	G	0.045	1.619286	0.334751	-422.2387	1e+05	1e+05	2.487333e-06	1.858037e-06	5.769173e-06
3	3-224993905	228683605	28	A	C	0.013	3.682482	0.7429474	-421.7003	1e+05	1e+05	1.440012e-06	1.061486e-06	3.646841e-06
3	3-225557063	229272598	38	A	G	0.073	1.264852	0.2550951	-421.6923	1e+05	1e+05	1.42829e-06	1.052637e-06	3.622025e-06
4	4-2945723	3517022	14	A	G	0.124	0.9494038	0.2001703	-423.0984	3.776546	1e+05	3.804996e-06	4.552165e-06	1.212376e-05
4	4-5958904	6751475	9	A	G	0.012	2.741089	0.5900455	-423.0816	1e+05	1e+05	5.864767e-06	4.473139e-06	1.194786e-05
4	4-5959975	6752546	5	T	C	0.014	2.424391	0.5095509	-422.5911	1e+05	1e+05	3.559015e-06	2.681818e-06	7.80988e-06
4	4-5960058	6752629	5	A	G	0.014	2.421565	0.5097459	-422.6235	1e+05	1e+05	3.67846e-06	2.774045e-06	8.03159e-06
4	4-5960344	6752915	9	T	C	0.014	2.566148	0.5641091	-423.4955	1e+05	1e+05	8.94437e-06	6.892099e-06	1.715867e-05
4	4-5960603	6753174	6	A	G	0.012	2.744536	0.5895565	-423.0397	1e+05	1e+05	5.619208e-06	4.281405e-06	1.151914e-05
4	4-5961238	6753809	30	A	T	0.026	1.984809	0.4091321	-422.3507	8.940688	1e+05	2.334178e-06	2.087812e-06	6.350693e-06
4	4-5961472	6754043	30	A	G	0.023	1.942905	0.4248465	-423.3925	1e+05	1e+05	8.0525e-06	6.189107e-06	1.567694e-05
4	4-5961479	6754050	29	T	G	0.015	2.438041	0.5100479	-422.4933	1e+05	1e+05	3.222203e-06	2.422167e-06	7.179084e-06
4	4-5961497	6754068	38	G	A	0.016	2.415371	0.5108898	-422.7236	1e+05	1e+05	4.072616e-06	3.078888e-06	8.756503e-06
4	4-5961561	6754132	38	A	C	0.016	2.416058	0.5105965	-422.7057	1e+05	1e+05	3.99943e-06	3.022229e-06	8.622645e-06
4	4-5961581	6754152	38	T	C	0.022	2.145121	0.4593642	-423.4549	3.747996	1e+05	5.270327e-06	6.606257e-06	1.655896e-05
4	4-10288634	11151158	28	G	A	0.023	2.802543	0.5762842	-422.123	1e+05	1e+05	2.211442e-06	1.647233e-06	5.225379e-06
4	4-23916860	25467211	27	A	G	0.031	2.389699	0.4740023	-421.3106	1e+05	1e+05	9.700109e-07	7.081862e-07	2.624271e-06
4	4-31128891	32682397	29	C	T	0.369	-0.6708258	0.1424641	-422.8069	1e+05	1e+05	4.433338e-06	3.358501e-06	9.411683e-06
4	4-35011930	36606887	4	A	C	0.016	2.471205	0.5263522	-422.8671	1e+05	1e+05	4.713233e-06	3.575844e-06	9.915155e-06
4	4-35027218	36622175	6	T	G	0.016	2.457875	0.5361427	-423.3448	1e+05	1e+05	7.669658e-06	5.887907e-06	1.503473e-05
4	4-39023930	40700559	17	A	G	0.068	1.280543	0.2610123	-421.9296	1e+05	1e+05	1.817204e-06	1.347132e-06	4.430903e-06
4	4-39038507	40715135	14	T	C	0.065	1.243805	0.2635048	-422.7566	1e+05	1e+05	4.211871e-06	3.186763e-06	9.010316e-06
4	4-39091386	40759697	17	C	T	0.027	1.889455	0.4116936	-423.323	1e+05	1e+05	7.500702e-06	5.755095e-06	1.475003e-05
4	4-39091397	40759708	18	C	T	0.024	2.415106	0.443167	-419.3664	1e+05	1e+05	1.359633e-07	9.461577e-08	5.267401e-07
4	4-39159183	40830886	13	C	T	0.055	1.350567	0.2842334	-422.6188	1e+05	1e+05	3.660717e-06	2.76034e-06	7.998718e-06
4	4-40988661	42704277	10	C	T	0.042	1.884019	0.3904829	-422.2942	1e+05	1e+05	2.63176e-06	1.968622e-06	6.050405e-06
4	4-64969890	67415887	10	A	G	0.014	2.66124	0.5228628	-421.0871	1e+05	1e+05	7.734856e-07	5.616005e-07	2.175343e-06
4	4-71093086	73777851	35	A	G	0.037	2.020721	0.4048744	-421.5431	1e+05	1e+05	1.227837e-06	9.0158e-07	3.192665e-06
4	4-107256181	111370987	6	G	C	0.012	3.658289	0.798567	-423.3589	1e+05	1e+05	7.780869e-06	5.975365e-06	1.522169e-05
4	4-115678138	119329245	20	T	A	0.012	3.174619	0.6663909	-422.6135	28.83161	1e+05	3.464434e-06	2.745264e-06	7.962528e-06
4	4-141879438	145076041	11	T	C	0.387	0.808104	0.1614448	-421.4768	1e+05	1e+05	1.147943e-06	8.415352e-07	3.018667e-06
4	4-143808205	147090829	26	T	C	0.01	3.143758	0.5853018	-419.7493	1e+05	1e+05	2.000695e-07	1.405477e-07	7.194038e-07
4	4-145146278	148458122	18	T	C	0.039	1.825706	0.3962869	-423.2477	1e+05	1e+05	6.94623e-06	5.319758e-06	1.380995e-05
4	4-154352677	157887580	24	A	G	0.01	2.688031	0.5904409	-423.4804	1e+05	1e+05	8.807478e-06	6.784083e-06	1.693248e-05
4	4-167382219	170293292	42	G	T	0.022	2.403354	0.5153924	-423.0054	1e+05	1e+05	5.426563e-06	4.131129e-06	1.118109e-05
4	4-176126591	179131644	15	T	A	0.026	2.104205	0.41296	-421.6898	2.881981	1e+05	7.530728e-07	1.049908e-06	3.614367e-06
4	4-176212106	179217038	13	T	C	0.012	3.788045	0.8298281	-423.4281	1e+05	1e+05	8.350121e-06	6.423499e-06	1.617356e-05
4	4-176253172	179253353	3	A	G	0.02	2.038873	0.4439253	-423.3086	1e+05	1e+05	7.391467e-06	5.669268e-06	1.456555e-05
4	4-176262281	179262461	40	A	G	0.027	1.880898	0.41429	-423.5336	1e+05	1e+05	9.299274e-06	7.172324e-06	1.774313e-05
4	4-176263593	179263773	5	A	G	0.016	2.720789	0.548962	-421.7019	1e+05	1e+05	1.442291e-06	1.063207e-06	3.651664e-06
4	4-176281441	179282252	4	A	G	0.023	1.904804	0.4143631	-423.2909	1e+05	1e+05	7.259681e-06	5.565761e-06	1.434251e-05
4	4-176293516	179294327	36	A	G	0.029	1.851002	0.4039299	-423.3528	1e+05	1e+05	7.732918e-06	5.937652e-06	1.514112e-05
4	4-176323945	179323035	5	G	A	0.018	2.270822	0.4991357	-423.4934	1e+05	1e+05	8.925772e-06	6.877422e-06	1.712797e-05
4	4-176324387	179323477	13	A	G	0.021	2.030342	0.4445256	-423.4171	1e+05	1e+05	8.256918e-06	6.350075e-06	1.601828e-05
4	4-176425638	179390346	14	A	C	0.031	1.744186	0.3800871	-423.3254	1e+05	1e+05	7.519084e-06	5.769542e-06	1.478105e-05
4	4-176425364	179390620	9	T	C	0.026	1.874832	0.4026962	-423.0378	1e+05	1e+05	5.60824e-06	4.272846e-06	1.149993e-05
4	4-176394256	179421560	29	A	T	0.026	1.894781	0.4161101	-423.4762	1e+05	1e+05	8.770278e-06	6.754737e-06	1.687094e-05
4	4-176431035	179435601	3	T	C	0.014	2.995086	0.6557361	-423.4168	1e+05	1e+05	8.253984e-06	6.347764e-06	1.601339e-05
4	4-176518812	179525862	13	T	C	0.019	2.337278	0.4949338	-422.7471	1e+05	1e+05	4.171366e-06	3.155376e-06	8.936606e-06
4	4-201807973	205983002	7	A	G	0.012	2.550082	0.5546499	-423.2879	1e+05	1e+05	7.237589e-06	5.548415e-06	1.430507e-05
4	4-212578950	216042923	30	T	C	0.044	1.593637	0.3478709	-423.3587	1e+05	1e+05	7.779219e-06	5.974067e-06	1.521892e-05
4	4-225096711	228890177	24	T	C	0.015	2.971217	0.5859509	-421.1753	1e+05	1e+05	8.457764e-07	6.154268e-07	2.342332e-06
5	5-1761289	1836166	16	C	G	0.034	1.675358	0.3657459	-423.3606	1e+05	1e+05	7.794633e-06	5.986192e-06	1.52448e-05
5	5-2261284	2341496	30	A	C	0.039	1.611391	0.336719	-422.4688	1e+05	1e+05	3.142778e-06	2.361031e-06	7.029045e-06
5	5-7892593	8193180	22	G	A	0.035	1.607781	0.3505528	-423.336	1e+05	1e+05	7.601372e-06	5.834221e-06	1.491976e-05
5	5-7892658	8193245	21	A	C	0.03	1.716861	0.3490871	-421.8749	1e+05	1e+05	1.719133e-06	1.272711e-06	4.229558e-06
5	5-7892693	8193280	29	G	C	0.034	1.606262	0.3385113	-422.6475	1e+05	1e+05	3.769444e-06	2.844346e-06	8.199818e-06
5	5-7892729	8193316	35	A	G	0.027	1.969423	0.3802672	-420.6686	1e+05	1e+05	5.064637e-07	3.639484e-07	1.534336e-06
5	5-9935103	10277646	21	C	A	0.047	1.544304	0.331934	-423.075	59.31458	1e+05	5.689375e-06	4.442427e-06	1.187938e-05
5	5-11797375	12231864	14	A	T	0.036	1.744818	0.3559103	-421.9461	1e+05	1e+05	1.84792e-06	1.37046e-06	4.493636e-06
5	5-12593010	12960664	20	T	C	0.032	1.739894	0.3732539	-423.0129	1e+05	1e+05	5.468273e-06	4.163656e-06	1.125442e-05
5	5-13402529	13744827	27	A	G	0.02	2.115304	0.466782	-423.5691	1e+05	1e+05	9.642713e-06	7.443741e-06	1.830611e-05
5	5-29067534	29715538	34	T	C	0.013	3.157212	0.6188718	-421.032	1e+05	1e+05	7.315749e-07	5.3045e-07	2.077419e-06
5	5-56815748	58602078	11	A	G	0.014	2.3484	0.4903087	-422.4508	1e+05	1e+05	3.085695e-06	2.317115e-06	6.920889e-06
5	5-56872670	58661644	35	C	G	0.016	2.359942	0.4902085	-422.3418	1e+05	1e+05	2.762187e-06	2.068614e-06	6.302514e-06
5	5-56882359	58671333	10	T	C	0.016	2.220507	0.4657675	-422.5491	1e+05	1e+05	3.410155e-06	2.566984e-06	7.532142e-06
5	5-57173180	58975443	49	A	G	0.02	2.150339	0.4683308	-423.3143	1e+05	1e+05	7.434629e-06	5.703177e-06	1.463848e-05
5	5-57211136	58995599	17	A	G	0.017	2.245726	0.4737631	-422.6691	1e+05	1e+05	3.852851e-06	2.908827e-06	8.353552e-06
5	5-57320931	59160794	24	A	G	0.015	2.341448	0.4904668	-422.5204	1e+05	1e+05	3.311964e-06	2.491303e-06	7.348039e-06
5	5-57693900	59435280	27	A	G	0.015	2.333831	0.4907656	-422.6017	1e+05	1e+05	3.597639e-06	2.711633e-06	7.881682e-06
5	5-85723311	87974879	11	T	C	0.019	2.609929	0.5300255	-421.8477	1e+05	1e+05	1.67226e-06	1.237178e-06	4.132737e-06
5	5-98518449	100977840	3	A	G	0.3	-0.869127	0.1805099	-422.3388	1e+05	1e+05	2.753639e-06	2.062057e-06	6.286044e-06
5	5-98543223	101002611	17	A	G	0.447	-0.7059007	0.1456979	-422.2044	1e+05	1e+05	2.402099e-06	1.792847e-06	5.602131e-06
5	5-98608462	101057367	28	G	T	0.438	-0.6732535	0.1485801	-423.5709	1e+05	1e+05	9.660427e-06	7.457746e-06	1.833508e-05
5	5-98675575	101134877	14	T	C	0.416	-0.6805935	0.1417492	-422.3986	1e+05	1e+05	2.926294e-06	2.194589e-06	6.617387e-06
5	5-105137017	107702134	8	A	G	0.026	1.934004	0.4235217	-423.4212	1e+05	1e+05	8.291297e-06	6.377156e-06	1.607558e-05
5	5-113560403	116387813	31	C	T	0.016	2.514714	0.5464013	-423.2679	1e+05	1e+05	7.090985e-06	5.433332e-06	1.405626e-05
5	5-120446675	123280048	6	T	C	0.014	2.758342	0.6064605	-423.4987	1e+05	1e+05	8.97409e-06	6.915555e-06	1.720772e-05
5	5-133558905	136824031	26	T	G	0.015	2.856002	0.620819	-423.2762	1e+05	1e+05	7.151526e-06	5.480849e-06	1.415909e-05
5	5-134697360	137972888	41	A	G	0.025	1.95193	0.4254084	-423.3277	1e+05	1e+05	7.536935e-06	5.783572e-06	1.481116e-05
5	5-137462196	140745884	17	T	C	0.017	2.636598	0.5199076	-421.1729	1e+05	1e+05	8.437082e-07	6.138853e-07	2.337586e-06
5	5-144216688	147560394	19	C	T	0.309	0.6320354	0.1387596	-423.4705	1e+05	1e+05	8.719452e-06	6.714647e-06	1.67868e-05
5	5-144620944	147976747	30	C	G	0.039	1.742288	0.3581187	-422.114	1e+05	1e+05	2.191507e-06	1.632025e-06	5.185724e-06
5	5-144622447	147978250	18	T	C	0.037	1.712036	0.3576627	-422.4636	1e+05	1e+05	3.126291e-06	2.348345e-06	6.997836e-06
5	5-154327023	158058713	28	C	G	0.013	2.884354	0.6179845	-422.9872	1e+05	1e+05	5.326682e-06	4.053266e-06	1.100522e-05
5	5-160079562	163852895	27	A	C	0.01	4.196016	0.8485992	-421.7547	1e+05	1e+05	1.521695e-06	1.123205e-06	3.818965e-06
5	5-166140914	169998614	14	T	C	0.115	1.136866	0.2465836	-423.2329	1e+05	1e+05	6.842412e-06	5.238337e-06	1.363289e-05
5	5-166141451	169999151	7	G	A	0.222	0.8966395	0.1643363	-419.3346	1e+05	1e+05	1.316764e-07	9.156077e-08	5.133408e-07
5	5-166183574	170043712	26	T	C	0.137	0.9605852	0.1994914	-422.3373	1e+05	1e+05	2.749588e-06	2.05895e-06	6.278235e-06
5	5-167759244	171678228	39	T	C	0.019	2.264649	0.4992869	-423.5518	1e+05	1e+05	9.473374e-06	7.309884e-06	1.802884e-05
5	5-188539194	193526656	17	A	T	0.204	-0.7723931	0.1683459	-423.3287	1e+05	1e+05	7.544682e-06	5.78966e-06	1.482422e-05
5	5-197727863	202946634	31	T	C	0.305	-0.7295692	0.143725	-421.1503	1e+05	1e+05	8.246273e-07	5.996676e-07	2.293718e-06
5	5-197727965	202946736	14	G	C	0.294	-0.6425445	0.1375529	-422.9703	1e+05	1e+05	5.235653e-06	3.982334e-06	1.084455e-05
5	5-197736740	202955511	16	A	G	0.29	-0.651204	0.137742	-422.7239	1e+05	1e+05	4.073812e-06	3.079814e-06	8.758687e-06
5	5-197736842	202955613	10	T	G	0.305	-0.7231205	0.1345984	-419.7432	1e+05	1e+05	1.988416e-07	1.396641e-07	7.15828e-07
5	5-197736849	202955620	10	T	C	0.305	-0.7192917	0.1348266	-419.9247	1e+05	1e+05	2.388097e-07	1.684897e-07	8.303955e-07
5	5-197736889	202955660	12	C	G	0.301	-0.7031584	0.1365165	-420.802	1e+05	1e+05	5.796103e-07	4.178847e-07	1.714381e-06
5	5-197736892	202955663	13	G	C	0.3	-0.7161471	0.1367521	-420.3949	1e+05	1e+05	3.840137e-07	2.740977e-07	1.222878e-06
5	5-197736970	202955741	33	A	G	0.358	-0.678318	0.1362563	-421.6014	1e+05	1e+05	1.302573e-06	9.578334e-07	3.353887e-06
5	5-197737094	202955865	35	T	C	0.301	-0.6782139	0.1458476	-423.0618	1e+05	1e+05	5.747093e-06	4.381234e-06	1.174271e-05
5	5-197737404	202956175	31	T	A	0.263	-0.7490584	0.1472763	-421.1041	1e+05	1e+05	7.869809e-07	5.716399e-07	2.206695e-06
5	5-197737444	202956215	22	C	G	0.353	-0.6737126	0.1366255	-421.8163	1e+05	1e+05	1.619753e-06	1.197402e-06	4.023804e-06
5	5-197737468	202956239	23	G	C	0.28	-0.7239559	0.1448002	-421.5032	1e+05	1e+05	1.179145e-06	8.649736e-07	3.086832e-06
5	5-197737531	202956302	22	T	C	0.368	-0.6399491	0.1384412	-423.181	1e+05	1e+05	6.489754e-06	4.961987e-06	1.302886e-05
5	5-197737819	202956590	22	A	G	0.256	-0.6670468	0.1461952	-423.4372	1e+05	1e+05	8.428294e-06	6.485099e-06	1.630364e-05
5	5-197738017	202956788	45	G	T	0.298	-0.6944849	0.1468655	-422.7194	1e+05	1e+05	4.055567e-06	3.065687e-06	8.725349e-06
5	5-197738205	202956976	43	A	G	0.3	-0.6880822	0.1481147	-423.0814	1e+05	1e+05	5.863564e-06	4.472198e-06	1.194577e-05
5	5-197738708	202957479	14	T	C	0.263	-0.6674511	0.1404027	-422.609	1e+05	1e+05	3.624432e-06	2.732319e-06	7.931428e-06
5	5-197739284	202958055	23	C	T	0.247	-0.7532816	0.1444379	-420.4973	1e+05	1e+05	4.259143e-07	3.047744e-07	1.331072e-06
5	5-197739622	202958393	20	T	C	0.35	-0.6019908	0.1324519	-423.5127	1e+05	1e+05	9.102851e-06	7.0172e-06	1.742001e-05
5	5-197739634	202958405	22	C	T	0.338	-0.6288242	0.1332156	-422.7561	1e+05	1e+05	4.209805e-06	3.185162e-06	9.006558e-06
5	5-197739635	202958406	22	T	C	0.261	-0.7076516	0.1419332	-421.5668	1e+05	1e+05	1.257718e-06	9.240612e-07	3.257296e-06
5	5-197739692	202958463	21	A	T	0.272	-0.6749901	0.140984	-422.4593	1e+05	1e+05	3.112602e-06	2.337813e-06	6.971905e-06
5	5-197739742	202958513	15	C	T	0.351	-0.5996978	0.1310579	-423.3813	1e+05	1e+05	7.960771e-06	6.116907e-06	1.552342e-05
5	5-197740734	202959505	23	C	T	0.275	-0.6467457	0.1429084	-423.5948	1e+05	1e+05	9.89939e-06	7.646744e-06	1.872526e-05
5	5-197741278	202960049	6	C	T	0.217	-0.7417766	0.1503673	-421.8071	1e+05	1e+05	1.604839e-06	1.18611e-06	3.99277e-06
5	5-200654577	206063056	16	T	C	0.031	1.650991	0.3591349	-423.2901	1e+05	1e+05	7.253677e-06	5.561047e-06	1.433234e-05
5	5-201372048	206800876	17	C	T	0.289	0.7130771	0.1444688	-421.7946	1e+05	1e+05	1.584577e-06	1.170773e-06	3.95054e-06
5	5-201372051	206800879	16	G	A	0.309	0.6809501	0.1440846	-422.7311	1e+05	1e+05	4.104165e-06	3.10332e-06	8.814105e-06
5	5-201433765	206872387	22	A	T	0.294	0.685548	0.1467882	-422.9743	1e+05	1e+05	5.257318e-06	3.999213e-06	1.088282e-05
5	5-202703953	208092046	44	A	G	0.014	2.699422	0.5668225	-422.5713	1e+05	1e+05	3.4882e-06	2.627175e-06	7.677958e-06
5	5-205620704	211181804	11	G	A	0.031	1.696267	0.3572298	-422.633	1e+05	1e+05	3.713925e-06	2.801443e-06	8.09723e-06
5	5-212804317	218593201	23	A	G	0.045	1.568387	0.328658	-422.5284	1e+05	1e+05	3.339194e-06	2.512285e-06	7.399167e-06
5	5-213080944	218865622	5	T	G	0.03	1.878296	0.3675118	-420.9887	1e+05	1e+05	7.001854e-07	5.071477e-07	2.0035e-06
5	5-214999407	220829820	8	G	A	0.03	1.815523	0.3645532	-421.7315	11.02052	1e+05	1.291268e-06	1.096484e-06	3.744646e-06
5	5-215389454	221196916	27	A	T	0.048	1.423619	0.2952681	-422.3094	1e+05	1e+05	2.672576e-06	1.999901e-06	6.129484e-06
6	6-19469111	15437897	40	T	A	0.087	1.219224	0.264384	-423.2282	1e+05	1e+05	6.809633e-06	5.212636e-06	1.357692e-05
6	6-30022142	31499734	4	A	G	0.03	2.310321	0.4715403	-421.9591	1e+05	1e+05	1.872561e-06	1.389182e-06	4.543852e-06
6	6-32259343	33762726	31	A	T	0.013	2.652852	0.5836613	-423.5118	1e+05	1e+05	9.094463e-06	7.010577e-06	1.740619e-05
6	6-32485185	34008229	13	G	A	0.081	1.122206	0.2319351	-422.2335	1e+05	1e+05	2.474233e-06	1.848014e-06	5.743554e-06
6	6-47426263	48985249	9	A	T	0.014	2.857969	0.5870239	-422.0985	1e+05	1e+05	2.157193e-06	1.605855e-06	5.117345e-06
6	6-81774317	84653620	9	C	T	0.033	1.681152	0.3317671	-421.1915	1e+05	1e+05	8.597787e-07	6.258659e-07	2.374414e-06
6	6-85589057	88169030	6	T	C	0.164	0.8063793	0.1720034	-422.8967	1e+05	1e+05	4.857822e-06	3.688243e-06	1.017368e-05
6	6-101889263	105024454	35	T	A	0.08	1.372145	0.293547	-422.9568	1e+05	1e+05	5.164085e-06	3.926587e-06	1.071798e-05
6	6-104565319	107773575	39	T	C	0.014	3.061847	0.6572204	-423.0244	1e+05	1e+05	5.532377e-06	4.213656e-06	1.136696e-05
6	6-105907215	109111782	8	A	C	0.016	2.407207	0.489949	-421.9824	17.20994	1e+05	1.758822e-06	1.423138e-06	4.634648e-06
6	6-111002044	111108795	38	C	T	0.019	2.586328	0.5016312	-420.778	1e+05	1e+05	5.656885e-07	4.076057e-07	1.68041e-06
6	6-111002046	111108797	38	T	C	0.014	3.226312	0.6097405	-420.1347	1e+05	1e+05	2.95241e-07	2.093862e-07	9.867211e-07
6	6-111084228	111196471	29	A	G	0.049	1.578097	0.322023	-421.9544	1e+05	1e+05	1.863545e-06	1.382331e-06	4.525489e-06
6	6-107053298	111529472	9	G	T	0.028	1.730419	0.3741683	-423.1716	1e+05	1e+05	6.428076e-06	4.913692e-06	1.29228e-05
6	6-109974746	114498529	22	T	C	0.027	1.884076	0.4156169	-423.5626	1e+05	1e+05	9.579076e-06	7.393431e-06	1.820198e-05
6	6-131858721	135761565	39	A	C	0.03	1.914588	0.4040851	-422.6783	1e+05	1e+05	3.889302e-06	2.937018e-06	8.420596e-06
6	6-145690096	149577429	39	T	C	0.019	2.84407	0.6179449	-423.2673	1e+05	1e+05	7.086474e-06	5.429792e-06	1.404859e-05
6	6-152372404	156303906	13	G	A	0.088	-1.116535	0.2410948	-423.1441	1e+05	1e+05	6.250003e-06	4.774319e-06	1.261584e-05
6	6-156481436	160424431	24	T	G	0.01	3.570703	0.7240732	-421.8148	1e+05	1e+05	1.617357e-06	1.195587e-06	4.018822e-06
6	6-158489804	162469300	7	A	G	0.019	2.295743	0.4646439	-421.7719	1e+05	1e+05	1.548403e-06	1.143403e-06	3.874945e-06
6	6-161654439	165636827	25	C	T	0.015	2.867341	0.4769502	-416.503	1e+05	1e+05	7.637911e-09	4.952986e-09	5.473732e-08
6	6-161655110	165637498	22	A	C	0.017	2.588325	0.5270662	-421.9081	1e+05	1e+05	1.777996e-06	1.317367e-06	4.350601e-06
6	6-164022941	167992147	18	A	T	0.012	2.728769	0.5924715	-423.2532	1e+05	1e+05	6.985657e-06	5.350687e-06	1.38771e-05
6	6-165002360	168947873	13	A	G	0.019	2.051307	0.4501144	-423.4603	1e+05	1e+05	8.628856e-06	6.643201e-06	1.663668e-05
7	7-12252776	12660599	19	A	G	0.169	0.7894546	0.1729739	-423.4317	1e+05	1e+05	8.380854e-06	6.447715e-06	1.622472e-05
7	7-12670106	13074737	1	A	G	0.023	2.133137	0.4679656	-423.4559	1e+05	1e+05	8.590738e-06	6.613146e-06	1.657346e-05
7	7-12886068	13341226	11	G	A	0.255	0.7069407	0.1550754	-423.4544	1e+05	1e+05	8.576943e-06	6.60227e-06	1.655057e-05
7	7-24471258	25555752	25	C	T	0.01	3.055505	0.6313726	-422.2638	40.39606	1e+05	2.462836e-06	1.907224e-06	5.894587e-06
7	7-25516895	26622284	9	A	G	0.168	0.8690444	0.1888644	-423.756	3.427406	1e+05	7.118951e-06	9.050754e-06	2.158339e-05
7	7-25516968	26622357	9	G	C	0.187	0.7999915	0.1690708	-423.1881	3.444801	1e+05	4.001922e-06	4.999087e-06	1.311024e-05
7	7-25518688	26624077	16	C	T	0.169	0.8172774	0.1759123	-423.4401	4.509389	1e+05	5.854927e-06	6.504594e-06	1.634477e-05
7	7-25518727	26624116	16	A	G	0.164	0.8266607	0.1773759	-423.3233	5.227427	1e+05	5.490492e-06	5.757384e-06	1.475495e-05
7	7-25523422	26628811	33	C	T	0.174	0.890062	0.1760333	-422.7352	1.214523	1e+05	9.05552e-07	3.116462e-06	8.845061e-06
7	7-25523469	26628858	35	G	A	0.199	0.8297818	0.1746529	-423.5872	1.760957	1e+05	3.670208e-06	7.585765e-06	1.859952e-05
7	7-25523507	26628896	36	A	T	0.203	0.8547515	0.1743462	-423.4134	1.205702	1e+05	1.846205e-06	6.325827e-06	1.596694e-05
7	7-25523649	26629038	16	G	T	0.188	0.8092732	0.1767392	-423.3681	1e+05	1e+05	7.854303e-06	6.033131e-06	1.534496e-05
7	7-25526453	26631842	31	G	A	0.174	0.873665	0.1798163	-422.97	2.1047	1e+05	2.256994e-06	3.981379e-06	1.084239e-05
7	7-29474401	30669339	41	A	G	0.014	2.904334	0.6318296	-423.292	1e+05	1e+05	7.267321e-06	5.571761e-06	1.435546e-05
7	7-49580694	51154557	7	G	A	0.012	3.566142	0.7332274	-422.1207	1e+05	1e+05	2.206444e-06	1.64342e-06	5.215441e-06
7	7-86750951	89567861	11	A	G	0.021	2.270535	0.4982096	-423.4599	1e+05	1e+05	8.62555e-06	6.640594e-06	1.66312e-05
7	7-104018446	107259457	18	T	C	0.012	2.898795	0.5432714	-419.9204	1e+05	1e+05	2.377944e-07	1.677558e-07	8.275284e-07
7	7-104273242	107514702	23	T	C	0.01	2.777254	0.5885989	-422.7646	1e+05	1e+05	4.246223e-06	3.213388e-06	9.072754e-06
7	7-116431391	119825580	33	A	G	0.016	2.45073	0.5032915	-422.0948	1e+05	1e+05	2.149023e-06	1.599625e-06	5.101043e-06
7	7-145583375	150474475	18	A	C	0.268	0.6695085	0.1474868	-423.5361	1e+05	1e+05	9.323601e-06	7.191541e-06	1.778309e-05
7	7-145590900	150482000	13	A	C	0.305	0.6543023	0.1441915	-423.5434	1e+05	1e+05	9.393233e-06	7.246554e-06	1.78974e-05
7	7-146164112	151069114	23	C	A	0.077	1.164861	0.2342265	-421.6244	1e+05	1e+05	1.333285e-06	9.809735e-07	3.419734e-06
7	7-149129980	154337610	33	A	G	0.011	3.244278	0.7135672	-423.6332	11.65702	1e+05	9.040545e-06	7.959935e-06	1.936884e-05
7	7-161395259	166847502	30	C	T	0.215	-0.7756695	0.1652067	-422.8663	1e+05	1e+05	4.709479e-06	3.572927e-06	9.90843e-06
8	8-2319208	2459617	6	T	C	0.039	1.558244	0.3290456	-422.8047	12.8582	1e+05	3.931837e-06	3.350753e-06	9.393643e-06
8	8-3572737	3772520	36	C	T	0.08	1.141205	0.2460355	-423.1127	1e+05	1e+05	6.053171e-06	4.620376e-06	1.227523e-05
8	8-8122039	8457190	22	T	C	0.017	2.52747	0.531885	-422.6175	1e+05	1e+05	3.65583e-06	2.756567e-06	7.989662e-06
8	8-15675748	16119711	21	A	G	0.017	2.252539	0.4716188	-422.5103	1e+05	1e+05	3.278352e-06	2.465409e-06	7.284846e-06
8	8-16418804	16960129	32	G	A	0.021	2.803719	0.5959948	-422.8265	1e+05	1e+05	4.522345e-06	3.427582e-06	9.572233e-06
8	8-21758580	22462203	17	G	A	0.337	-0.6885484	0.140264	-421.9166	1e+05	1e+05	1.79332e-06	1.328998e-06	4.382016e-06
8	8-28656207	29601849	1	T	C	0.018	3.064144	0.6727312	-423.471	1e+05	1e+05	8.72375e-06	6.718037e-06	1.679392e-05
8	8-41884194	43080818	1	A	G	0.014	3.682543	0.7565192	-422.1022	1e+05	1e+05	2.165356e-06	1.61208e-06	5.133627e-06
8	8-44802287	46033153	44	T	C	0.014	3.09858	0.6064137	-420.9942	1e+05	1e+05	7.040541e-07	5.100184e-07	2.012638e-06
8	8-56762411	58007905	35	T	C	0.019	2.387696	0.5012508	-422.5665	1e+05	1e+05	3.471022e-06	2.613924e-06	7.645901e-06
8	8-58608789	59853231	38	G	A	0.027	2.205319	0.4302385	-420.9188	1e+05	1e+05	6.523452e-07	4.716824e-07	1.889819e-06
8	8-58982293	60228557	22	T	G	0.032	1.752942	0.379912	-423.2174	1e+05	1e+05	6.735195e-06	5.154283e-06	1.344968e-05
8	8-71172425	72786561	7	T	G	0.019	2.329519	0.4531847	-420.8508	1e+05	1e+05	6.089376e-07	4.395577e-07	1.785519e-06
8	8-71172427	72786563	7	T	C	0.019	2.329519	0.4531847	-420.8508	1e+05	1e+05	6.089376e-07	4.395577e-07	1.785519e-06
8	8-71603020	73247104	34	T	C	0.011	3.284116	0.6764329	-422.1592	1e+05	1e+05	2.294325e-06	1.710499e-06	5.389705e-06
8	8-87034739	89356109	14	A	C	0.031	2.233883	0.4644546	-423.3245	1.957951	1e+05	2.818598e-06	5.764179e-06	1.476954e-05
8	8-101465034	104008826	11	A	C	0.017	2.692573	0.5924556	-423.5136	1e+05	1e+05	9.111121e-06	7.023729e-06	1.743363e-05
8	8-102615013	105301626	7	A	C	0.095	1.39248	0.2724401	-420.9873	1e+05	1e+05	6.992049e-07	5.064203e-07	2.001183e-06
8	8-103680499	106397795	26	A	C	0.02	2.546713	0.484976	-420.3264	1e+05	1e+05	3.583173e-07	2.553244e-07	1.155564e-06
8	8-103787121	106548782	14	G	C	0.017	2.401508	0.5098156	-422.799	1e+05	1e+05	4.397797e-06	3.330926e-06	9.347455e-06
8	8-115833145	119144053	28	A	T	0.015	2.778688	0.5827076	-422.5439	1e+05	1e+05	3.392357e-06	2.553262e-06	7.498827e-06
8	8-116829538	120219956	32	C	T	0.013	3.58901	0.7449758	-422.3264	1e+05	1e+05	2.719278e-06	2.035705e-06	6.219761e-06
8	8-119778445	123296594	38	A	G	0.041	1.829144	0.3864027	-422.6972	1e+05	1e+05	3.964876e-06	2.995487e-06	8.559331e-06
8	8-120581175	124014711	14	T	C	0.038	1.793277	0.3726369	-422.3497	1e+05	1e+05	2.784294e-06	2.085574e-06	6.345081e-06
8	8-121423703	124968543	28	G	T	0.062	1.287929	0.2710074	-422.6154	1e+05	1e+05	3.648213e-06	2.750684e-06	7.975541e-06
8	8-123601479	127390670	25	A	G	0.018	2.855991	0.5499295	-420.601	1e+05	1e+05	4.729695e-07	3.393124e-07	1.450508e-06
8	8-128204383	132577641	37	A	C	0.011	3.132948	0.6714127	-422.9922	1e+05	1e+05	5.353908e-06	4.074487e-06	1.10532e-05
8	8-128946374	133301723	26	A	C	0.01	3.389148	0.6641617	-421.0258	1e+05	1e+05	7.269808e-07	5.27038e-07	2.066632e-06
8	8-144251530	148963787	11	T	C	0.012	2.765933	0.5890951	-422.8659	1e+05	1e+05	4.70782e-06	3.571638e-06	9.905458e-06
8	8-144251547	148963804	13	A	G	0.012	2.772466	0.5891151	-422.8182	1e+05	1e+05	4.484566e-06	3.398257e-06	9.50414e-06
8	8-144251606	148963863	17	C	T	0.012	2.79505	0.5884739	-422.6274	1e+05	1e+05	3.692894e-06	2.785195e-06	8.058316e-06
8	8-146486710	151339462	11	A	G	0.014	2.901505	0.6365372	-423.4562	1e+05	1e+05	8.592783e-06	6.614758e-06	1.657685e-05
8	8-146749001	151646412	27	T	G	0.026	2.044497	0.4293244	-422.5724	1e+05	1e+05	3.492113e-06	2.630194e-06	7.685257e-06
8	8-148441001	153388939	18	A	G	0.051	1.393606	0.288691	-422.2831	1e+05	1e+05	2.602251e-06	1.946015e-06	5.993123e-06
8	8-148494240	153443276	8	C	T	0.047	1.382212	0.2980229	-423.1146	1e+05	1e+05	6.064805e-06	4.629472e-06	1.22954e-05
8	8-148494299	153443335	30	T	C	0.049	1.366984	0.3014169	-423.5542	1e+05	1e+05	9.497047e-06	7.328593e-06	1.806764e-05
8	8-148797325	153758323	23	C	T	0.285	0.6590923	0.142157	-423.1213	1e+05	1e+05	6.106876e-06	4.662368e-06	1.23683e-05
8	8-148797551	153758549	14	T	C	0.273	0.6664689	0.1426841	-422.9716	1e+05	1e+05	5.242928e-06	3.988002e-06	1.08574e-05
8	8-150114030	155146762	42	A	G	0.025	1.987565	0.4222003	-422.8118	1e+05	1e+05	4.455115e-06	3.3754e-06	9.451004e-06
8	8-150114162	155146894	14	A	G	0.022	1.984166	0.4156373	-422.5209	1e+05	1e+05	3.313824e-06	2.492736e-06	7.351532e-06
8	8-150115018	155147750	13	G	T	0.029	1.930262	0.3997758	-422.2785	1e+05	1e+05	2.590133e-06	1.936733e-06	5.969574e-06
8	8-150268525	155300956	21	T	C	0.012	2.876429	0.5598178	-420.861	1e+05	1e+05	6.152605e-07	4.442337e-07	1.800784e-06
8	8-150720936	155788577	34	A	G	0.233	0.7859957	0.1629231	-422.4602	9.298663	1e+05	2.637812e-06	2.339959e-06	6.977191e-06
8	8-150720939	155788580	33	T	G	0.232	0.7721859	0.1627784	-422.7776	11.89405	1e+05	3.791279e-06	3.257144e-06	9.175194e-06
8	8-151245084	156345057	21	T	G	0.012	2.602282	0.5650814	-423.2558	1e+05	1e+05	7.003839e-06	5.364951e-06	1.390805e-05
8	8-153950367	159193949	28	A	G	0.01	3.53052	0.6985872	-421.2539	1e+05	1e+05	9.158605e-07	6.677171e-07	2.502113e-06
8	8-154380696	159658220	48	T	C	0.02	2.646249	0.5627863	-422.8361	1e+05	1e+05	4.567151e-06	3.462369e-06	9.652895e-06
8	8-155108112	160366041	12	C	G	0.021	2.012922	0.4419076	-423.4698	1e+05	1e+05	8.712683e-06	6.709308e-06	1.677559e-05
8	8-166344373	172038357	11	G	A	0.012	2.746832	0.5871126	-422.9386	1e+05	1e+05	5.069374e-06	3.852842e-06	1.055012e-05
8	8-170398952	176087233	18	A	G	0.012	2.991058	0.5900673	-421.3545	9.059779	1e+05	8.527549e-07	7.412536e-07	2.723187e-06
9	9-3127785	2836797	33	G	A	0.029	2.055277	0.4143258	-421.6823	1e+05	1e+05	1.413961e-06	1.04182e-06	3.591646e-06
9	9-5650024	5272799	31	A	C	0.016	2.74113	0.5551256	-421.8531	21.17557	1e+05	1.570039e-06	1.244197e-06	4.151899e-06
9	9-14876139	14585990	40	T	G	0.011	3.250903	0.708117	-423.3168	1e+05	1e+05	7.453625e-06	5.718103e-06	1.467057e-05
9	9-14881302	14589477	44	T	C	0.017	2.42033	0.4882178	-421.6962	1e+05	1e+05	1.434069e-06	1.056999e-06	3.634264e-06
9	9-14882489	14590664	32	A	G	0.024	2.078579	0.4328853	-422.3973	1e+05	1e+05	2.922412e-06	2.191607e-06	6.609968e-06
9	9-14882490	14590665	31	T	C	0.013	2.852237	0.5548783	-420.8509	1e+05	1e+05	6.090409e-07	4.396341e-07	1.785769e-06
9	9-14882514	14590689	28	A	C	0.013	2.855345	0.5545176	-420.8089	1e+05	1e+05	5.837069e-07	4.209105e-07	1.724352e-06
9	9-14883295	14591470	35	A	G	0.016	2.388764	0.4889282	-422.0214	1e+05	1e+05	1.994737e-06	1.482096e-06	4.791454e-06
9	9-14888447	14599622	36	T	C	0.021	2.46807	0.5404646	-423.4208	1e+05	1e+05	8.287985e-06	6.374547e-06	1.607007e-05
9	9-14888453	14599628	36	T	C	0.024	2.411413	0.5176633	-423.0266	1e+05	1e+05	5.545002e-06	4.223505e-06	1.138911e-05
9	9-26047124	26050214	26	T	C	0.135	1.020074	0.216692	-422.8124	1e+05	1e+05	4.458116e-06	3.377729e-06	9.456421e-06
9	9-26078092	26081160	1	A	G	0.122	1.245103	0.2724168	-423.4037	1e+05	1e+05	8.144613e-06	6.261629e-06	1.583089e-05
9	9-26302936	26335095	12	C	G	0.206	0.776803	0.1712048	-423.5454	1e+05	1e+05	9.411843e-06	7.261259e-06	1.792794e-05
9	9-26303353	26335512	16	C	A	0.208	0.7688348	0.167898	-423.367	1e+05	1e+05	7.84525e-06	6.02601e-06	1.532977e-05
9	9-26303506	26335665	18	A	T	0.217	0.7805134	0.1676716	-423.0407	1e+05	1e+05	5.625242e-06	4.286114e-06	1.15297e-05
9	9-26303567	26335726	20	T	C	0.214	0.8011426	0.167983	-422.5413	1e+05	1e+05	3.383106e-06	2.54613e-06	7.4815e-06
9	9-26303782	26335941	14	T	G	0.208	0.8060909	0.167228	-422.3144	1e+05	1e+05	2.686363e-06	2.010469e-06	6.156159e-06
9	9-26304361	26336520	15	T	C	0.197	0.7879414	0.1704915	-423.1851	1e+05	1e+05	6.516775e-06	4.983149e-06	1.307529e-05
9	9-26307209	26339368	26	A	G	0.208	0.7967738	0.1758092	-423.5676	1e+05	1e+05	9.62756e-06	7.43176e-06	1.828132e-05
9	9-26307295	26339454	29	A	G	0.211	0.8989349	0.1726087	-420.5321	1e+05	1e+05	4.411436e-07	3.159428e-07	1.369953e-06
9	9-26309232	26341391	7	A	G	0.222	0.7582163	0.1628407	-423.0356	1e+05	1e+05	5.596207e-06	4.263457e-06	1.147886e-05
9	9-26309611	26341769	7	A	G	0.197	0.8144185	0.1661339	-421.9471	1e+05	1e+05	1.849845e-06	1.371923e-06	4.497563e-06
9	9-26310162	26342320	10	T	C	0.221	0.7646927	0.1621381	-422.7738	1e+05	1e+05	4.286371e-06	3.244511e-06	9.14564e-06
9	9-26310461	26342619	8	T	C	0.202	0.8384464	0.165408	-421.1836	1e+05	1e+05	8.529668e-07	6.207869e-07	2.358817e-06
9	9-26310557	26342715	9	T	C	0.215	0.8100071	0.1652171	-421.9449	1e+05	1e+05	1.845593e-06	1.368693e-06	4.488889e-06
9	9-26313871	26346026	3	T	C	0.218	0.7703309	0.1636776	-422.8172	1e+05	1e+05	4.479782e-06	3.394543e-06	9.495511e-06
9	9-26314074	26346229	4	C	T	0.413	-0.5616591	0.1228747	-423.4019	1e+05	1e+05	8.130171e-06	6.250257e-06	1.580676e-05
9	9-26315478	26347633	6	T	C	0.21	0.7767559	0.1628712	-422.5415	1e+05	1e+05	3.383799e-06	2.546665e-06	7.482799e-06
9	9-26316382	26348537	6	T	C	0.214	0.8147873	0.1648655	-421.7661	1e+05	1e+05	1.539376e-06	1.136575e-06	3.85604e-06
9	9-26316807	26348962	2	T	C	0.213	0.7514624	0.1638509	-423.3367	1e+05	1e+05	7.606654e-06	5.838373e-06	1.492866e-05
9	9-26317163	26349318	4	T	C	0.221	0.750243	0.1630871	-423.2767	1e+05	1e+05	7.155182e-06	5.483719e-06	1.416529e-05
9	9-26317392	26349547	8	T	C	0.228	0.7447525	0.1638374	-423.5097	1e+05	1e+05	9.075136e-06	6.995318e-06	1.737435e-05
9	9-26318487	26350642	9	A	G	0.213	0.7878329	0.1650639	-422.5249	1e+05	1e+05	3.327189e-06	2.503034e-06	7.376633e-06
9	9-26318876	26351031	14	G	A	0.428	-0.6070823	0.1282223	-422.6936	1e+05	1e+05	3.950189e-06	2.984122e-06	8.532398e-06
9	9-26319116	26351271	5	G	A	0.243	0.7353499	0.158087	-423.0557	1e+05	1e+05	5.711792e-06	4.353672e-06	1.168106e-05
9	9-26319419	26351573	3	T	C	0.216	0.7610184	0.166761	-423.4338	1e+05	1e+05	8.398506e-06	6.461624e-06	1.625409e-05
9	9-26319851	26352005	7	A	G	0.229	0.7412931	0.1622692	-423.4134	1e+05	1e+05	8.226144e-06	6.325836e-06	1.596696e-05
9	9-26320696	26352850	19	T	C	0.225	0.7642225	0.1645752	-423.0901	1e+05	1e+05	5.915367e-06	4.512672e-06	1.203592e-05
9	9-26320786	26352940	28	T	C	0.231	0.7963101	0.1669576	-422.5397	1e+05	1e+05	3.377837e-06	2.542069e-06	7.471628e-06
9	9-26323628	26355782	9	T	C	0.273	0.6866469	0.1517361	-423.5962	1e+05	1e+05	9.913417e-06	7.657841e-06	1.874813e-05
9	9-31988767	32192215	6	T	C	0.012	2.963254	0.6148508	-422.3182	1e+05	1e+05	2.696607e-06	2.018322e-06	6.175964e-06
9	9-33881038	34253016	26	A	G	0.033	1.792938	0.3695512	-422.1744	1e+05	1e+05	2.329978e-06	1.737731e-06	5.460132e-06
9	9-35046456	35416888	24	A	G	0.106	1.069271	0.2282765	-422.9144	1e+05	1e+05	4.945904e-06	3.756755e-06	1.033067e-05
9	9-36520264	36984363	9	T	C	0.126	0.9308764	0.2032189	-423.3607	1e+05	1e+05	7.794762e-06	5.986293e-06	1.524502e-05
9	9-38348848	38849690	24	A	G	0.01	2.844074	0.5871118	-422.2079	1e+05	1e+05	2.410647e-06	1.799382e-06	5.618921e-06
9	9-53966153	53643236	11	T	C	0.014	2.635079	0.5736091	-423.3042	1e+05	1e+05	7.358284e-06	5.643201e-06	1.450943e-05
9	9-53527162	53992224	36	A	G	0.029	1.823422	0.3934615	-423.3175	8.289824	1e+05	6.162515e-06	5.722295e-06	1.467958e-05
9	9-53395555	54171182	41	A	G	0.016	2.640069	0.5753324	-423.3259	1e+05	1e+05	7.523599e-06	5.77309e-06	1.478866e-05
9	9-54151093	55332042	14	T	C	0.026	1.950079	0.4099828	-422.8627	6.091953	1e+05	3.581551e-06	3.559687e-06	9.877893e-06
9	9-55597449	56822332	3	A	T	0.016	2.468123	0.544655	-423.5789	148.3055	1e+05	9.64851e-06	7.520279e-06	1.846433e-05
9	9-71412782	59500331	20	A	G	0.034	1.813212	0.3734061	-422.1555	1e+05	1e+05	2.285767e-06	1.703964e-06	5.372779e-06
9	9-70689528	60231863	8	T	C	0.019	2.342384	0.479162	-422.0089	1e+05	1e+05	1.969472e-06	1.46287e-06	4.740436e-06
9	9-69075349	61910620	30	A	G	0.013	2.733103	0.6010106	-423.5254	59.22329	1e+05	9.003376e-06	7.111312e-06	1.761617e-05
9	9-69028528	61957272	38	A	G	0.014	2.743522	0.6011346	-423.4643	43.65539	1e+05	8.384676e-06	6.671387e-06	1.669593e-05
9	9-68971676	62021040	31	A	G	0.01	3.067952	0.6306577	-422.1844	21.15717	1e+05	2.195778e-06	1.756013e-06	5.507313e-06
9	9-68673227	62413902	35	T	C	0.016	2.693897	0.5331801	-421.2599	1e+05	1e+05	9.214191e-07	6.718686e-07	2.514703e-06
9	9-68554772	62532348	41	A	G	0.014	2.710616	0.5863653	-423.1879	171.5845	1e+05	6.483795e-06	4.998016e-06	1.310789e-05
9	9-65938281	65020063	24	C	T	0.01	3.070256	0.6306356	-422.1533	26.26412	1e+05	2.157817e-06	1.700065e-06	5.362673e-06
9	9-65733187	65238719	21	T	C	0.015	2.716647	0.5674815	-422.4616	1e+05	1e+05	3.119744e-06	2.343308e-06	6.985436e-06
9	9-65635005	65331067	41	T	G	0.011	3.065867	0.6312155	-422.1801	46.60656	1e+05	2.273181e-06	1.748185e-06	5.48712e-06
9	9-65525741	65446071	41	A	G	0.011	3.077075	0.630965	-422.1013	35.66466	1e+05	2.077922e-06	1.61048e-06	5.129444e-06
9	9-65034808	65978345	22	A	G	0.015	2.58213	0.5501933	-423.1173	6.529206	1e+05	4.751763e-06	4.642902e-06	1.232517e-05
9	9-64375751	66660013	8	A	G	0.012	3.397896	0.658737	-420.7668	1e+05	1e+05	5.593683e-07	4.029413e-07	1.664944e-06
9	9-63090371	67661751	35	G	A	0.011	3.069826	0.630494	-422.1591	23.18906	1e+05	2.153771e-06	1.710363e-06	5.389353e-06
9	9-63352836	67954942	44	T	C	0.011	3.057628	0.6317546	-422.2556	49.02552	1e+05	2.45799e-06	1.890938e-06	5.85312e-06
9	9-62308708	68854054	30	G	A	0.013	2.778041	0.5919679	-422.9136	37.3646	1e+05	4.756828e-06	3.753658e-06	1.032358e-05
9	9-61808017	69372456	29	T	C	0.01	3.042268	0.6312425	-422.3651	30.29628	1e+05	2.696334e-06	2.119253e-06	6.429444e-06
9	9-61748701	69407014	14	T	C	0.012	2.725139	0.5993294	-423.527	60.99433	1e+05	9.024157e-06	7.122803e-06	1.764009e-05
9	9-77034545	79087466	47	G	T	0.014	2.965002	0.5876761	-421.3243	44.9129	1e+05	9.530693e-07	7.18314e-07	2.65465e-06
9	9-86527947	88882288	12	T	C	0.012	3.51963	0.7575556	-423.0796	1e+05	1e+05	5.852394e-06	4.463473e-06	1.192632e-05
9	9-89528526	91880285	16	A	T	0.019	2.012231	0.4306859	-422.9664	1e+05	1e+05	5.214782e-06	3.966075e-06	1.080766e-05
9	9-89566214	91918647	4	T	C	0.018	1.975153	0.4313187	-423.3663	1e+05	1e+05	7.839853e-06	6.021763e-06	1.532071e-05
9	9-89633168	91985736	31	A	G	0.021	2.701053	0.443939	-416.1191	1e+05	1e+05	5.197324e-09	3.338604e-09	4.075343e-08
9	9-89799755	92155216	23	G	A	0.01	2.688314	0.5901346	-423.4683	1e+05	1e+05	8.699444e-06	6.698867e-06	1.675366e-05
9	9-89800585	92156046	7	T	G	0.074	1.1209	0.2387873	-422.8707	1e+05	1e+05	4.730651e-06	3.58938e-06	9.946354e-06
9	9-89801976	92157437	18	A	G	0.073	1.22046	0.2462043	-421.698	1e+05	1e+05	1.436564e-06	1.058883e-06	3.639545e-06
9	9-89802313	92157774	9	T	C	0.019	2.318312	0.4232767	-419.2317	1e+05	1e+05	1.186952e-07	8.232515e-08	4.722724e-07
9	9-89802372	92157833	10	G	C	0.019	2.319295	0.4232836	-419.2207	1e+05	1e+05	1.173867e-07	8.139545e-08	4.680886e-07
9	9-89802908	92158369	8	C	T	0.019	2.327419	0.4230891	-419.1135	1e+05	1e+05	1.053677e-07	7.286877e-08	4.292492e-07
9	9-89802960	92158421	22	T	C	0.015	2.416707	0.4912666	-421.8695	1e+05	1e+05	1.709726e-06	1.265578e-06	4.210157e-06
9	9-89803680	92159265	30	A	G	0.021	2.347758	0.42309	-418.8752	1e+05	1e+05	8.288062e-08	5.698173e-08	3.54273e-07
9	9-89803958	92159543	19	A	G	0.022	2.077471	0.4066514	-420.9986	1e+05	1e+05	7.072312e-07	5.123761e-07	2.020137e-06
9	9-89803980	92159565	21	C	T	0.02	2.293308	0.4242011	-419.579	1e+05	1e+05	1.684847e-07	1.178636e-07	6.26114e-07
9	9-89803991	92159576	26	A	G	0.018	2.319719	0.4733073	-421.9521	1e+05	1e+05	1.859181e-06	1.379015e-06	4.516597e-06
9	9-89803993	92159578	26	T	C	0.015	2.395473	0.4919456	-422.0949	1e+05	1e+05	2.149223e-06	1.599778e-06	5.101442e-06
9	9-89804017	92159602	24	A	G	0.015	2.406802	0.491648	-421.9779	1e+05	1e+05	1.908451e-06	1.416461e-06	4.616823e-06
9	9-89804067	92159652	25	T	C	0.025	2.044697	0.4156333	-421.8689	1e+05	1e+05	1.708672e-06	1.264779e-06	4.207984e-06
9	9-89804095	92159680	23	C	T	0.02	2.276643	0.4246276	-419.7962	1e+05	1e+05	2.097626e-07	1.475276e-07	7.474999e-07
9	9-89804101	92159686	25	G	A	0.02	2.288635	0.4243308	-419.6407	1e+05	1e+05	1.793067e-07	1.256252e-07	6.583986e-07
9	9-89804111	92159696	25	T	C	0.02	2.288635	0.4243308	-419.6407	1e+05	1e+05	1.793067e-07	1.256252e-07	6.583986e-07
9	9-89838370	92193954	21	T	C	0.015	2.415988	0.491795	-421.9001	1e+05	1e+05	1.763566e-06	1.306416e-06	4.320982e-06
9	9-89839856	92195440	28	A	G	0.023	2.0889	0.4170624	-421.4623	1e+05	1e+05	1.131227e-06	8.289853e-07	2.982036e-06
9	9-89840406	92195990	44	C	T	0.022	2.321207	0.4236149	-419.2195	1e+05	1e+05	1.172535e-07	8.130084e-08	4.676623e-07
9	9-89841458	92197042	44	A	G	0.022	2.346266	0.4230498	-418.8901	1e+05	1e+05	8.413455e-08	5.786509e-08	3.585451e-07
9	9-89861111	92216074	27	A	C	0.02	2.526322	0.4517922	-418.6622	1e+05	1e+05	6.687812e-08	4.573892e-08	2.986075e-07
9	9-89867756	92222716	29	T	C	0.015	2.903302	0.5249005	-418.9643	1e+05	1e+05	9.065922e-08	6.246663e-08	3.805887e-07
9	9-89923814	92289578	5	A	G	0.018	2.32138	0.4232363	-419.1934	1e+05	1e+05	1.142002e-07	7.91327e-08	4.578652e-07
9	9-89936300	92302054	29	G	A	0.021	2.345003	0.4231916	-418.9142	1e+05	1e+05	8.619996e-08	5.932081e-08	3.655563e-07
9	9-90023488	92381485	21	T	C	0.02	2.288206	0.4240449	-419.6279	1e+05	1e+05	1.770105e-07	1.239773e-07	6.515779e-07
9	9-90743301	93099723	24	A	C	0.013	2.739233	0.5949226	-423.2592	1e+05	1e+05	7.028219e-06	5.384079e-06	1.394954e-05
9	9-92297198	94701290	20	A	C	0.017	2.411929	0.5296662	-423.4757	1e+05	1e+05	8.765713e-06	6.751136e-06	1.686338e-05
9	9-92330527	94734613	31	G	T	0.052	1.552457	0.338438	-423.333	1e+05	1e+05	7.577953e-06	5.815812e-06	1.48803e-05
9	9-92355576	94759660	36	A	T	0.053	1.548828	0.2948803	-420.3207	1e+05	1e+05	3.562828e-07	2.538394e-07	1.150201e-06
9	9-92387284	94791343	25	A	C	0.018	2.386492	0.5263551	-423.5593	1e+05	1e+05	9.546316e-06	7.367535e-06	1.814835e-05
9	9-92388222	94792281	11	A	G	0.047	1.461418	0.3194483	-423.3856	1e+05	1e+05	7.995742e-06	6.144431e-06	1.558198e-05
9	9-92394036	94798093	21	T	A	0.012	2.762751	0.5888281	-422.8802	1e+05	1e+05	4.776814e-06	3.62526e-06	1.002897e-05
9	9-92396950	94801007	15	T	C	0.012	2.733776	0.58715	-423.0364	1e+05	1e+05	5.600517e-06	4.26682e-06	1.148641e-05
9	9-92403573	94807624	17	A	G	0.015	2.540052	0.5091497	-421.5531	1e+05	1e+05	1.240292e-06	9.109491e-07	3.219633e-06
9	9-102207908	104674870	15	A	G	0.022	2.081749	0.4324165	-422.3415	1e+05	1e+05	2.761409e-06	2.068017e-06	6.301017e-06
9	9-102207928	104674890	13	A	G	0.019	2.214926	0.441593	-421.4294	1e+05	1e+05	1.094102e-06	8.011282e-07	2.900381e-06
9	9-102207972	104674934	11	C	T	0.019	2.220073	0.4416445	-421.3784	1e+05	1e+05	1.039022e-06	7.598406e-07	2.778449e-06
9	9-102207990	104674952	13	T	C	0.019	2.217629	0.4416606	-421.4047	1e+05	1e+05	1.067122e-06	7.808975e-07	2.840774e-06
9	9-102208237	104675199	32	T	C	0.016	2.477834	0.5090829	-422.1045	1e+05	1e+05	2.170259e-06	1.615819e-06	5.143402e-06
9	9-102208305	104675267	13	T	C	0.024	2.038997	0.4160755	-421.9545	1e+05	1e+05	1.863777e-06	1.382507e-06	4.525962e-06
9	9-102209329	104676291	10	G	A	0.016	2.532283	0.48727	-420.6022	76.91658	1e+05	4.651184e-07	3.397459e-07	1.451993e-06
9	9-102209341	104676303	10	G	C	0.016	2.525162	0.4874863	-420.678	99.51352	1e+05	5.042637e-07	3.675023e-07	1.546341e-06
9	9-117373152	119073906	2	A	G	0.029	1.960274	0.4082994	-422.4	1e+05	1e+05	2.930538e-06	2.197849e-06	6.625498e-06
9	9-127946841	129906189	27	C	T	0.015	2.339494	0.5051626	-423.1438	1e+05	1e+05	6.248148e-06	4.772868e-06	1.261263e-05
9	9-127946876	129906224	27	T	C	0.015	2.325364	0.5056528	-423.2833	1e+05	1e+05	7.203048e-06	5.521295e-06	1.424651e-05
9	9-127947963	129907311	21	C	T	0.022	1.999111	0.4200003	-422.5828	1e+05	1e+05	3.528993e-06	2.658649e-06	7.753995e-06
9	9-127948248	129907596	9	C	A	0.033	1.800483	0.3599148	-421.4902	1e+05	1e+05	1.163687e-06	8.533597e-07	3.053096e-06
9	9-127949230	129908578	6	C	T	0.016	2.22297	0.4883094	-423.4812	1e+05	1e+05	8.815181e-06	6.79016e-06	1.694522e-05
9	9-127949355	129908703	4	T	C	0.021	2.138318	0.4464774	-422.4522	1e+05	1e+05	3.090243e-06	2.320613e-06	6.929517e-06
9	9-127949478	129908826	4	A	G	0.018	2.126371	0.4695419	-423.5821	1e+05	1e+05	9.771444e-06	7.545537e-06	1.85165e-05
9	9-134562478	136762365	21	G	A	0.012	2.958092	0.5702206	-420.6281	1e+05	1e+05	4.861469e-07	3.489998e-07	1.4836e-06
9	9-144947490	147506303	10	T	C	0.016	2.130703	0.4658101	-423.3883	1e+05	1e+05	8.017676e-06	6.161695e-06	1.561869e-05
9	9-154211488	157090089	7	C	T	0.037	1.463186	0.3232681	-423.743	9.753639	1e+05	9.872338e-06	8.929068e-06	2.13383e-05
10	10-900579	404754	14	T	C	0.048	1.465411	0.2962524	-422.1882	3.846865	1e+05	1.508719e-06	1.762998e-06	5.525319e-06
10	10-968113	473691	30	C	G	0.021	2.434846	0.4862109	-421.466	1e+05	1e+05	1.13547e-06	8.321699e-07	2.99134e-06
10	10-968117	473695	29	A	C	0.015	2.96296	0.5789366	-420.9556	1e+05	1e+05	6.771029e-07	4.900284e-07	1.948809e-06
10	10-1083624	603009	5	G	C	0.021	2.35286	0.4716056	-421.552	1e+05	1e+05	1.238961e-06	9.09948e-07	3.216754e-06
10	10-3500345	3079032	45	C	T	0.02	2.465739	0.5402061	-423.4299	1e+05	1e+05	8.365131e-06	6.435326e-06	1.619855e-05
10	10-20870845	21381522	15	G	A	0.014	2.873737	0.5919422	-422.1605	1e+05	1e+05	2.297371e-06	1.712825e-06	5.395728e-06
10	10-24331782	24936583	41	T	C	0.016	2.565996	0.566205	-423.5681	1e+05	1e+05	9.632417e-06	7.435601e-06	1.828927e-05
10	10-25148570	25771338	8	T	G	0.019	2.206447	0.4288706	-420.8299	1e+05	1e+05	5.961939e-07	4.301369e-07	1.754676e-06
10	10-25148950	25771718	18	C	A	0.02	2.336893	0.4750216	-421.8686	1e+05	1e+05	1.708075e-06	1.264326e-06	4.206751e-06
10	10-25155289	25778056	27	G	T	0.028	1.905438	0.4127926	-423.2092	1e+05	1e+05	6.679381e-06	5.110539e-06	1.335416e-05
10	10-27470385	28215682	32	A	G	0.024	2.166695	0.4767052	-423.512	1e+05	1e+05	9.096181e-06	7.011934e-06	1.740902e-05
10	10-27472038	28217335	27	A	G	0.015	3.263313	0.5645869	-417.7089	1e+05	1e+05	2.563217e-08	1.712308e-08	1.400581e-07
10	10-27534707	28307372	43	A	G	0.019	2.909149	0.5803521	-421.4433	1e+05	1e+05	1.109675e-06	8.128103e-07	2.934682e-06
10	10-36410715	37452711	43	T	C	0.011	2.861339	0.5866933	-422.0604	1e+05	1e+05	2.07522e-06	1.543378e-06	4.953363e-06
10	10-43065843	44288910	19	A	G	0.012	2.668346	0.5894804	-423.5906	1e+05	1e+05	9.856309e-06	7.612663e-06	1.865501e-05
10	10-44657243	45907891	18	A	G	0.012	3.152441	0.6601	-422.5125	1e+05	1e+05	3.285477e-06	2.470897e-06	7.298248e-06
10	10-45724532	46985047	36	A	T	0.019	2.453489	0.5182495	-422.6954	1e+05	1e+05	3.957645e-06	2.989892e-06	8.546073e-06
10	10-46395167	47696170	14	C	G	0.014	2.717481	0.5457351	-421.5958	1e+05	1e+05	1.295135e-06	9.522317e-07	3.337906e-06
10	10-47742339	49058752	13	T	C	0.012	2.855667	0.5780272	-421.7741	1e+05	1e+05	1.551962e-06	1.146095e-06	3.882394e-06
10	10-51331027	52619402	13	A	G	0.012	2.529677	0.5539964	-423.4222	1e+05	1e+05	8.300204e-06	6.384173e-06	1.609043e-05
10	10-54436204	55238321	31	A	C	0.013	2.699179	0.5883961	-423.332	1e+05	1e+05	7.570455e-06	5.809918e-06	1.486767e-05
10	10-57477316	58376092	32	A	G	0.01	3.351541	0.7313585	-423.3522	1e+05	1e+05	7.728195e-06	5.933938e-06	1.513318e-05
10	10-86936572	86951051	15	T	C	0.07	1.532463	0.3214351	-422.5484	1e+05	1e+05	3.407822e-06	2.565185e-06	7.527778e-06
10	10-103204352	103814133	7	A	G	0.014	2.655417	0.5434672	-422.0198	1e+05	1e+05	1.991527e-06	1.479653e-06	4.784978e-06
10	10-114332899	115325492	12	A	G	0.045	2.069244	0.3711616	-419.305	3.225783	1e+05	7.275121e-08	8.880114e-08	5.011602e-07
10	10-117138144	118207942	39	A	G	0.014	2.998703	0.6230174	-422.3461	1e+05	1e+05	2.774298e-06	2.077905e-06	6.32584e-06
10	10-135563446	136593489	23	A	G	0.01	3.034391	0.6319611	-422.4299	43.91095	1e+05	2.924247e-06	2.267242e-06	6.797668e-06
10	10-139632154	140968545	37	T	A	0.027	2.196578	0.4674858	-422.8508	1e+05	1e+05	4.635578e-06	3.515512e-06	9.775878e-06
10	10-139774271	141040400	6	T	C	0.016	2.092467	0.4602157	-423.5053	1e+05	1e+05	9.034787e-06	6.963465e-06	1.730784e-05
10	10-143951736	145213175	8	T	C	0.019	2.276576	0.4541241	-421.4416	1e+05	1e+05	1.107691e-06	8.113221e-07	2.930317e-06
10	10-144072827	145356386	24	T	C	0.01	3.1561	0.6375709	-421.7294	1e+05	1e+05	1.483163e-06	1.09408e-06	3.737944e-06
10	10-145510423	146815524	43	C	T	0.2	0.7979314	0.1732876	-423.302	31.41726	1e+05	7.018575e-06	5.630274e-06	1.448159e-05
10	10-148991824	150313857	13	A	G	0.04	1.712255	0.3431145	-421.6495	14.36364	1e+05	1.23156e-06	1.006887e-06	3.493163e-06
10	10-149000477	150322510	5	T	C	0.028	1.791734	0.3861955	-423.108	1e+05	1e+05	6.024665e-06	4.598091e-06	1.222578e-05
10	10-149004952	150326985	10	T	C	0.019	2.291286	0.4812422	-422.5766	1e+05	1e+05	3.506818e-06	2.641538e-06	7.712676e-06
10	10-149014874	150336905	12	G	A	0.045	1.393164	0.304429	-423.3792	1e+05	1e+05	7.943669e-06	6.103448e-06	1.549477e-05
