chr	rs	ps	n_miss	allele1	allele0	af	beta	se	logl_H1	l_remle	l_mle	p_wald	p_lrt	p_score
1	1-13343849	13564115	20	T	C	0.013	2.438107	0.4907011	-374.6811	15.62374	1e+05	1.378802e-06	1.094227e-06	3.815857e-06
1	1-79715013	81312046	20	C	T	0.015	2.005909	0.4300225	-375.9551	1e+05	1e+05	5.443399e-06	4.123168e-06	1.135237e-05
1	1-93870563	96053257	12	A	T	0.012	2.685704	0.5743075	-375.9041	1e+05	1e+05	5.167874e-06	3.90945e-06	1.086159e-05
1	1-106253761	108805468	26	A	G	0.111	0.9132061	0.1996947	-376.3491	1e+05	1e+05	8.13247e-06	6.221384e-06	1.599501e-05
1	1-120048125	121863557	33	C	G	0.038	1.259889	0.2676072	-375.7667	1e+05	1e+05	4.493327e-06	3.387435e-06	9.644786e-06
1	1-128416243	130667864	26	T	G	0.036	1.355855	0.294027	-376.1852	1e+05	1e+05	6.880799e-06	5.242186e-06	1.386366e-05
1	1-134379483	136794601	15	A	C	0.017	2.127129	0.467768	-376.458	1e+05	1e+05	9.088211e-06	6.97161e-06	1.75942e-05
1	1-149914501	151822050	33	T	C	0.032	1.499516	0.3218487	-375.9794	1e+05	1e+05	5.579266e-06	4.228657e-06	1.159316e-05
1	1-155023632	156931885	20	G	A	0.023	1.769694	0.3843913	-376.2598	26.0896	1e+05	7.10839e-06	5.66721e-06	1.479547e-05
1	1-155065996	156964762	5	A	G	0.196	0.9615988	0.1967798	-375.1155	9.088826	1e+05	2.009025e-06	1.719059e-06	5.516897e-06
1	1-178662758	180607281	16	T	G	0.017	1.919876	0.417039	-376.235	62.20906	1e+05	7.11765e-06	5.522616e-06	1.447968e-05
1	1-182104435	184088924	7	T	C	0.476	0.9737061	0.2079006	-375.8733	1e+05	1e+05	5.008182e-06	3.785708e-06	1.057555e-05
1	1-193273246	195599939	32	A	C	0.013	2.593562	0.5445329	-375.5258	1e+05	1e+05	3.516604e-06	2.635086e-06	7.8371e-06
1	1-200445495	202896940	13	T	C	0.015	2.19288	0.423995	-373.7249	18.68088	1e+05	5.313687e-07	4.056821e-07	1.713828e-06
1	1-240966199	244533429	22	T	G	0.038	1.396533	0.2915396	-375.4052	1e+05	1e+05	3.111084e-06	2.324165e-06	7.066945e-06
1	1-240966200	244533430	22	G	A	0.036	1.348316	0.2979156	-376.5494	1e+05	1e+05	9.976252e-06	7.670442e-06	1.906127e-05
1	1-242997846	246588930	25	C	G	0.013	2.136005	0.4710723	-376.5133	1e+05	1e+05	9.616247e-06	7.386948e-06	1.846858e-05
1	1-266169809	270927351	35	T	C	0.024	1.641864	0.3604209	-376.424	1e+05	1e+05	8.778372e-06	6.728174e-06	1.707819e-05
1	1-277416101	282313327	11	T	G	0.159	0.6885909	0.1490526	-376.1488	1e+05	1e+05	6.630764e-06	5.047082e-06	1.343217e-05
1	1-281714197	286740647	9	T	A	0.012	2.242282	0.4933965	-376.47	1e+05	1e+05	9.199791e-06	7.059327e-06	1.777948e-05
1	1-291971587	297416393	22	T	C	0.013	2.87093	0.5503207	-373.6713	6.617918	1e+05	4.289265e-07	3.837622e-07	1.639341e-06
2	2-22154632	22845138	38	A	G	0.011	3.047206	0.5959809	-374.0975	8.54263	1e+05	7.027963e-07	5.969712e-07	2.33695e-06
2	2-48820044	50183408	27	A	G	0.031	1.511985	0.3309903	-376.71	4.635185	1e+05	8.309188e-06	9.074565e-06	2.195278e-05
2	2-56821769	58264115	33	T	C	0.019	2.013119	0.4072634	-374.9123	7.340171	1e+05	1.551477e-06	1.391516e-06	4.641212e-06
2	2-57198741	58568155	15	A	G	0.051	1.286538	0.2485551	-373.8815	6.159374	1e+05	5.210558e-07	4.771631e-07	1.951854e-06
2	2-57427577	58867791	9	A	G	0.017	1.888322	0.4004383	-376.1665	3.966869	1e+05	4.342967e-06	5.141265e-06	1.364077e-05
2	2-57429131	58869345	11	A	G	0.017	2.061387	0.4106262	-374.3679	1e+05	1e+05	1.085863e-06	7.903247e-07	2.930856e-06
2	2-57430393	58870607	5	T	C	0.021	1.886876	0.3825026	-374.7656	1e+05	1e+05	1.625013e-06	1.194616e-06	4.098371e-06
2	2-69380762	70607926	9	T	C	0.021	2.493662	0.4523256	-372.0168	1e+05	1e+05	1.010425e-07	6.932468e-08	4.250598e-07
2	2-86507877	88160630	39	G	C	0.289	0.6566526	0.1411992	-376.0163	1e+05	1e+05	5.79296e-06	4.394698e-06	1.197033e-05
2	2-104418535	106737839	11	T	G	0.476	-0.516109	0.1139861	-376.5409	1e+05	1e+05	9.89089e-06	7.603198e-06	1.892098e-05
2	2-131170354	134703272	27	A	T	0.266	0.6149146	0.132533	-376.063	1e+05	1e+05	6.075576e-06	4.614522e-06	1.246636e-05
2	2-131220434	134753343	23	A	G	0.278	0.5741351	0.1237542	-376.0647	1e+05	1e+05	6.086128e-06	4.622734e-06	1.248482e-05
2	2-194227004	199426829	16	C	T	0.025	1.636784	0.3545081	-376.1606	1e+05	1e+05	6.710456e-06	5.109247e-06	1.356992e-05
2	2-194227009	199426834	16	A	C	0.022	1.820187	0.3626028	-374.3693	1e+05	1e+05	1.087504e-06	7.915481e-07	2.934526e-06
2	2-194227020	199426845	13	C	G	0.027	1.462033	0.3180544	-376.2934	23.82053	1e+05	7.33178e-06	5.869785e-06	1.523589e-05
3	3-2624903	1871868	13	C	G	0.26	0.5646099	0.1236561	-376.3791	1e+05	1e+05	8.385217e-06	6.419581e-06	1.642011e-05
3	3-5571872	4736208	8	T	C	0.066	0.9689863	0.2059296	-375.814	29.86995	1e+05	4.544642e-06	3.558784e-06	1.00472e-05
3	3-12144126	11448784	19	A	G	0.03	1.746979	0.3765966	-376.0667	1e+05	1e+05	6.098304e-06	4.632212e-06	1.250612e-05
3	3-19679166	19083743	26	G	A	0.373	-0.5358664	0.1164283	-376.2228	1e+05	1e+05	7.150266e-06	5.452649e-06	1.432643e-05
3	3-48233824	48009292	36	G	C	0.016	2.568067	0.5095687	-374.2777	1e+05	1e+05	9.911082e-07	7.197268e-07	2.71736e-06
3	3-116368768	116660523	19	G	A	0.193	0.9586926	0.2041601	-375.8199	1e+05	1e+05	4.743221e-06	3.580611e-06	1.009824e-05
3	3-125217639	125610702	17	G	T	0.027	1.695144	0.363996	-375.9881	1e+05	1e+05	5.629406e-06	4.267602e-06	1.168183e-05
3	3-125388306	125794134	2	T	A	0.025	2.009754	0.3977427	-374.2167	1e+05	1e+05	9.317622e-07	6.755948e-07	2.582034e-06
3	3-125388307	125794135	2	A	T	0.035	1.698792	0.345254	-374.8225	1e+05	1e+05	1.721538e-06	1.267386e-06	4.300634e-06
3	3-134603759	135253986	29	C	G	0.024	1.766577	0.3744545	-375.7241	1e+05	1e+05	4.302594e-06	3.240169e-06	9.296392e-06
3	3-178254938	181022330	39	G	A	0.075	0.9976289	0.2171218	-376.256	1e+05	1e+05	7.396443e-06	5.645092e-06	1.474724e-05
3	3-178255005	181022397	34	A	G	0.073	1.028623	0.2160126	-375.5304	1e+05	1e+05	3.53313e-06	2.647776e-06	7.868214e-06
3	3-182811695	185631824	4	A	G	0.119	-0.9245531	0.1960411	-375.7455	70.93027	1e+05	4.333696e-06	3.313298e-06	9.469698e-06
3	3-205724935	209150656	3	T	C	0.035	1.518263	0.3118406	-375.0553	1e+05	1e+05	2.180457e-06	1.614663e-06	5.241079e-06
3	3-205851071	209234948	4	A	G	0.051	1.18207	0.2544704	-376.0393	1e+05	1e+05	5.930259e-06	4.501459e-06	1.22117e-05
3	3-205854444	209238321	8	A	C	0.05	1.204518	0.2492779	-375.2194	1e+05	1e+05	2.575756e-06	1.915273e-06	6.028018e-06
3	3-205855709	209239586	24	C	T	0.054	1.188398	0.2577022	-376.1843	1e+05	1e+05	6.87514e-06	5.237769e-06	1.385392e-05
3	3-210618221	214161513	14	T	C	0.068	0.9949595	0.2189264	-376.4694	1e+05	1e+05	9.194312e-06	7.05502e-06	1.777039e-05
3	3-210618302	214161594	9	C	T	0.062	1.26403	0.2203573	-370.8971	1e+05	1e+05	3.275277e-08	2.184872e-08	1.744974e-07
3	3-210618306	214161598	9	T	A	0.062	1.17826	0.2264862	-373.5184	1e+05	1e+05	4.596852e-07	3.275076e-07	1.444419e-06
3	3-210618797	214162089	4	T	C	0.06	1.105055	0.2265727	-375.017	1e+05	1e+05	2.097166e-06	1.551488e-06	5.072738e-06
3	3-210618851	214162143	7	T	G	0.066	1.02868	0.2179962	-375.7195	1e+05	1e+05	4.282302e-06	3.224511e-06	9.259203e-06
3	3-211151607	214699595	6	T	C	0.014	2.257571	0.4842194	-375.9654	1e+05	1e+05	5.500663e-06	4.167621e-06	1.145395e-05
4	4-5959975	6752546	6	T	C	0.014	2.028054	0.4256797	-375.6212	12.36107	1e+05	3.495235e-06	2.910652e-06	8.507604e-06
4	4-5960344	6752915	8	T	C	0.014	2.313997	0.4676681	-374.7985	12.45006	1e+05	1.516798e-06	1.236229e-06	4.214281e-06
4	4-5961238	6753809	30	A	T	0.026	1.651745	0.3435665	-375.3279	1e+05	1e+05	2.875906e-06	2.144299e-06	6.613925e-06
4	4-5961472	6754043	31	A	G	0.024	1.664483	0.3543375	-375.9823	8.029735	1e+05	4.708338e-06	4.241618e-06	1.162269e-05
4	4-5961479	6754050	30	T	G	0.016	2.034792	0.4262819	-375.5829	12.18551	1e+05	3.355827e-06	2.7968e-06	8.231857e-06
4	4-5961497	6754068	37	G	A	0.016	2.057183	0.4260879	-375.3236	14.11282	1e+05	2.622309e-06	2.134797e-06	6.589828e-06
4	4-5961561	6754132	36	A	C	0.016	2.01813	0.4266726	-375.7608	13.66503	1e+05	4.075231e-06	3.366398e-06	9.595164e-06
4	4-5961581	6754152	38	T	C	0.022	1.852664	0.3833224	-375.5705	4.517804	1e+05	2.562422e-06	2.760902e-06	8.144548e-06
4	4-146074560	149407200	29	T	C	0.329	-0.6615422	0.1449564	-376.3886	1e+05	1e+05	8.467034e-06	6.483772e-06	1.655738e-05
4	4-176358219	179355618	17	A	C	0.015	1.947918	0.4293832	-376.529	42.69047	1e+05	9.525108e-06	7.509193e-06	1.872455e-05
4	4-212708908	216173766	15	A	C	0.047	1.337104	0.2821754	-375.651	56.98477	1e+05	3.921318e-06	3.002566e-06	8.728974e-06
4	4-212708937	216173795	17	G	A	0.037	1.509784	0.3023518	-374.49	1e+05	1e+05	1.228961e-06	8.972264e-07	3.247936e-06
4	4-212712969	216177826	15	T	C	0.054	1.067761	0.2322733	-376.3039	19.91708	1e+05	7.325331e-06	5.934268e-06	1.53756e-05
4	4-212715991	216180848	11	A	G	0.048	1.17715	0.2498121	-375.7486	1e+05	1e+05	4.411018e-06	3.323864e-06	9.494689e-06
4	4-215507288	219056400	16	A	G	0.052	1.228905	0.2697912	-376.4256	1e+05	1e+05	8.793087e-06	6.73973e-06	1.710275e-05
4	4-228438087	232867181	21	A	G	0.063	1.354385	0.2860035	-375.6461	1e+05	1e+05	3.974236e-06	2.987024e-06	8.691617e-06
4	4-237794576	242505047	29	T	C	0.047	1.433048	0.3134443	-376.3805	37.59931	1e+05	8.170447e-06	6.429168e-06	1.644062e-05
4	4-237816221	242526691	22	C	T	0.381	0.5867653	0.123055	-375.5019	1e+05	1e+05	3.432436e-06	2.570477e-06	7.678315e-06
5	5-58737510	60521297	43	A	G	0.054	1.201887	0.2460538	-374.9838	1e+05	1e+05	2.027662e-06	1.498818e-06	4.931518e-06
5	5-71639152	73699992	19	T	C	0.115	0.9058001	0.1971812	-376.2605	1e+05	1e+05	7.430256e-06	5.671537e-06	1.48049e-05
5	5-90972005	93266591	15	A	G	0.059	1.417665	0.2966698	-375.4566	1e+05	1e+05	3.277683e-06	2.451786e-06	7.384943e-06
5	5-135719002	138985629	43	T	C	0.145	0.8740089	0.1827922	-375.444	1e+05	1e+05	3.236123e-06	2.419934e-06	7.305832e-06
5	5-157142930	160910922	39	A	G	0.042	1.267379	0.2703341	-376.8392	2.044702	1e+05	4.905545e-06	1.038905e-05	2.460205e-05
5	5-166140914	169998614	13	T	C	0.112	1.008515	0.2065385	-374.9914	1e+05	1e+05	2.043559e-06	1.510861e-06	4.963879e-06
5	5-213080896	218865574	6	G	A	0.031	1.460315	0.3169198	-376.3106	11.5593	1e+05	6.98668e-06	5.976456e-06	1.546689e-05
5	5-213080942	218865620	4	A	T	0.03	1.461174	0.3166651	-376.2841	11.4818	1e+05	6.793179e-06	5.813074e-06	1.511282e-05
5	5-213080944	218865622	5	T	G	0.033	1.644722	0.3058963	-372.6836	1e+05	1e+05	1.978801e-07	1.380567e-07	7.286504e-07
5	5-213081019	218865697	7	A	G	0.028	1.496962	0.3198502	-375.9854	12.84209	1e+05	5.08229e-06	4.25527e-06	1.165377e-05
6	6-7097051	7459255	39	A	G	0.017	2.283979	0.4907916	-376.0074	202.3621	1e+05	5.7138e-06	4.354115e-06	1.187835e-05
6	6-9877750	10295778	12	A	G	0.053	1.185791	0.2559126	-376.0895	1e+05	1e+05	6.241528e-06	4.743721e-06	1.275621e-05
6	6-10042111	10455640	27	G	C	0.06	1.186917	0.2617502	-376.5125	1e+05	1e+05	9.608169e-06	7.38059e-06	1.845524e-05
6	6-23728806	22136978	8	A	G	0.088	0.9087861	0.1953448	-376.0574	23.16755	1e+05	5.750397e-06	4.587754e-06	1.240615e-05
6	6-49000668	50613431	1	A	G	0.177	0.8472723	0.1720648	-374.8056	1e+05	1e+05	1.692287e-06	1.245323e-06	4.239523e-06
6	6-60178388	62796075	7	A	G	0.019	1.926095	0.4172301	-376.4603	5.137812	1e+05	6.730218e-06	6.988485e-06	1.762987e-05
6	6-113455995	117164341	33	C	T	0.059	1.186005	0.2273137	-373.4467	1e+05	1e+05	4.275899e-07	3.040934e-07	1.361491e-06
6	6-113456023	117164369	11	A	G	0.053	1.177049	0.2289315	-373.8047	1e+05	1e+05	6.140186e-07	4.406218e-07	1.831055e-06
6	6-113456027	117164373	12	A	C	0.051	1.080938	0.2337837	-376.1321	1e+05	1e+05	6.518841e-06	4.959806e-06	1.323834e-05
6	6-126139355	129879789	40	A	G	0.028	1.619522	0.3563012	-376.6137	9.10225	1e+05	9.168424e-06	8.204667e-06	2.016969e-05
6	6-127022225	130783941	1	T	G	0.011	2.387082	0.4906353	-375.0707	1e+05	1e+05	2.21475e-06	1.640692e-06	5.310117e-06
6	6-127178182	130940145	40	T	G	0.014	2.199774	0.4635784	-375.6037	1e+05	1e+05	3.806606e-06	2.857987e-06	8.380266e-06
6	6-131858721	135761565	37	A	C	0.027	1.6451	0.3456697	-375.5423	1e+05	1e+05	3.576081e-06	2.680766e-06	7.948988e-06
6	6-134013387	137855676	32	T	A	0.163	0.7041158	0.1488943	-375.675	1e+05	1e+05	4.092749e-06	3.078333e-06	8.910654e-06
6	6-142104359	146031124	12	T	C	0.019	2.614719	0.5690699	-376.2563	1e+05	1e+05	7.398599e-06	5.646778e-06	1.475092e-05
6	6-145357961	149245464	8	T	C	0.014	2.081802	0.4224797	-374.856	17.87971	1e+05	1.665812e-06	1.312346e-06	4.424612e-06
6	6-146228535	150076392	23	G	A	0.015	1.98149	0.4318001	-376.3242	26.16679	1e+05	7.588698e-06	6.062009e-06	1.565172e-05
6	6-146296325	150144462	13	A	T	0.017	1.944583	0.4138803	-375.8711	18.75644	1e+05	4.688202e-06	3.777175e-06	1.055578e-05
6	6-157606953	161549693	4	T	C	0.012	2.275508	0.4875519	-375.9441	1e+05	1e+05	5.382462e-06	4.075877e-06	1.124412e-05
6	6-161654439	165636827	25	C	T	0.015	1.997563	0.4198043	-375.699	8.72003	1e+05	3.589691e-06	3.156363e-06	9.097025e-06
6	6-161655110	165637498	25	A	C	0.018	2.297055	0.4283841	-372.7542	1e+05	1e+05	2.125007e-07	1.485204e-07	7.717813e-07
6	6-165002360	168947873	13	A	G	0.019	1.804771	0.3744533	-375.2916	59.94351	1e+05	2.722886e-06	2.064846e-06	6.411876e-06
7	7-9102479	9396463	33	T	G	0.016	2.444696	0.5047769	-375.1699	1e+05	1e+05	2.449433e-06	1.819076e-06	5.778565e-06
7	7-104204133	107406419	11	A	G	0.087	0.8565767	0.185401	-376.8481	2.52652	1e+05	6.620709e-06	1.048605e-05	2.47956e-05
7	7-105252096	108489000	17	T	C	0.101	0.7792126	0.1683145	-376.107	1e+05	1e+05	6.354077e-06	4.831393e-06	1.295222e-05
7	7-105252107	108489011	24	C	T	0.097	0.7983497	0.1735187	-376.2297	1e+05	1e+05	7.200397e-06	5.491824e-06	1.441227e-05
7	7-105322411	108559871	39	T	C	0.072	1.011626	0.2124898	-375.535	1e+05	1e+05	3.54966e-06	2.660471e-06	7.899317e-06
7	7-106529615	109774814	37	A	C	0.484	-0.559259	0.1228579	-376.5538	10.31853	1e+05	8.905945e-06	7.70587e-06	1.913512e-05
7	7-148767794	153969745	19	A	G	0.21	0.6485279	0.1374948	-375.7284	1e+05	1e+05	4.321654e-06	3.254878e-06	9.331299e-06
7	7-168018976	173536266	5	T	C	0.234	-0.6422471	0.1396475	-376.2378	1e+05	1e+05	7.25988e-06	5.538317e-06	1.451403e-05
8	8-3572737	3772520	34	C	T	0.059	1.143806	0.2276455	-374.3476	1e+05	1e+05	1.063843e-06	7.739041e-07	2.881508e-06
8	8-16425161	16966485	13	A	G	0.42	0.5462877	0.1100013	-374.6504	30.49782	1e+05	1.394333e-06	1.059807e-06	3.717992e-06
8	8-20708132	21393325	17	A	G	0.079	-0.9062916	0.1975589	-376.2874	1e+05	1e+05	7.637007e-06	5.833299e-06	1.515673e-05
8	8-20708964	21394157	12	C	A	0.077	-0.9146019	0.1988384	-376.2349	1e+05	1e+05	7.238822e-06	5.521857e-06	1.447802e-05
8	8-35871007	36893100	37	T	C	0.283	0.6085408	0.1325325	-376.2696	1e+05	1e+05	7.499016e-06	5.725322e-06	1.492205e-05
8	8-36232892	37234447	27	C	T	0.346	0.5704188	0.1258004	-376.5135	1e+05	1e+05	9.617413e-06	7.387866e-06	1.84705e-05
8	8-36235080	37236635	9	G	A	0.21	0.8078299	0.1636668	-374.7527	1e+05	1e+05	1.60389e-06	1.178705e-06	4.053872e-06
8	8-36274681	37332536	29	G	A	0.25	0.7059702	0.1412685	-374.5826	11.28117	1e+05	1.206929e-06	9.87822e-07	3.511523e-06
8	8-45374479	46630970	35	C	T	0.111	-0.8062629	0.178011	-376.8119	5.168312	1e+05	9.828611e-06	1.009575e-05	2.401525e-05
8	8-45623009	46879335	21	G	A	0.116	-0.7873819	0.1702001	-376.1212	1e+05	1e+05	6.446509e-06	4.903422e-06	1.311285e-05
8	8-46180836	47418103	23	A	G	0.163	-0.7104628	0.1555023	-376.3669	1e+05	1e+05	8.281815e-06	6.338478e-06	1.624639e-05
8	8-46313556	47591757	3	C	T	0.169	-0.9131905	0.1876951	-375.0707	1e+05	1e+05	2.214764e-06	1.640702e-06	5.310145e-06
8	8-51450365	52551825	8	C	G	0.142	-0.7656096	0.1617113	-375.651	1e+05	1e+05	3.994313e-06	3.002488e-06	8.728787e-06
8	8-58183577	59450448	32	C	G	0.016	1.968321	0.4333625	-376.481	1e+05	1e+05	9.304321e-06	7.141526e-06	1.79528e-05
8	8-71233971	72863096	9	A	G	0.043	-1.112767	0.2445071	-376.4425	1e+05	1e+05	8.945274e-06	6.859281e-06	1.735643e-05
8	8-71238332	72868215	14	A	C	0.046	-1.100164	0.2407877	-376.3661	1e+05	1e+05	8.274731e-06	6.332923e-06	1.623448e-05
8	8-71238844	72868727	20	T	C	0.048	-1.082236	0.2346464	-376.1814	1e+05	1e+05	6.854697e-06	5.22181e-06	1.381871e-05
8	8-71244168	72874325	8	G	A	0.05	-1.036891	0.2253221	-376.2259	1e+05	1e+05	7.172946e-06	5.470371e-06	1.436528e-05
8	8-71244294	72874451	17	T	G	0.05	-1.056907	0.233046	-376.5098	1e+05	1e+05	9.581328e-06	7.359464e-06	1.841094e-05
8	8-71244354	72874511	17	C	T	0.047	-1.081863	0.2348538	-376.2057	1e+05	1e+05	7.026515e-06	5.355971e-06	1.411419e-05
8	8-71290244	72932777	17	G	T	0.052	-1.092161	0.2304911	-375.6335	1e+05	1e+05	3.923891e-06	2.948255e-06	8.5983e-06
8	8-71290818	72933351	16	A	G	0.044	-1.075202	0.2375162	-376.545	1e+05	1e+05	9.932214e-06	7.635749e-06	1.898892e-05
8	8-93050436	95344681	35	A	G	0.454	-0.6972181	0.1517128	-376.2524	1e+05	1e+05	7.368925e-06	5.623572e-06	1.47003e-05
8	8-124542167	128424897	19	A	G	0.17	0.6667071	0.1464804	-376.4406	1e+05	1e+05	8.927903e-06	6.845632e-06	1.73275e-05
8	8-126217078	130567353	25	T	C	0.075	1.038511	0.2279538	-376.4224	1e+05	1e+05	8.763738e-06	6.716681e-06	1.705376e-05
8	8-126297190	130647821	8	A	C	0.083	0.9744431	0.2014056	-376.1303	1.904468	1e+05	2.504575e-06	4.95055e-06	1.321776e-05
8	8-126298910	130649541	17	A	G	0.089	0.8895166	0.1886938	-376.1161	4.0998	1e+05	4.373259e-06	4.877715e-06	1.305556e-05
8	8-126300470	130651101	10	T	C	0.086	0.9639154	0.2048291	-376.0995	4.639777	1e+05	4.534065e-06	4.793454e-06	1.286746e-05
8	8-126407098	130743916	24	A	G	0.095	0.9092541	0.1939058	-376.5851	2.378543	1e+05	4.884716e-06	7.962423e-06	1.966841e-05
8	8-126490115	130759703	27	C	G	0.083	0.9431567	0.1998324	-376.1319	3.756566	1e+05	4.264437e-06	4.958509e-06	1.323546e-05
8	8-126493282	130762870	7	G	A	0.09	0.9134286	0.1931763	-376.3666	2.466898	1e+05	4.101745e-06	6.336517e-06	1.624219e-05
8	8-126493291	130762879	7	T	C	0.092	0.8965	0.1913957	-376.2748	3.820211	1e+05	4.997195e-06	5.756554e-06	1.499e-05
8	8-126493303	130762891	7	T	G	0.092	0.8925805	0.1922892	-376.8193	2.251325	1e+05	6.018352e-06	1.017409e-05	2.417221e-05
8	8-126493314	130762902	10	G	A	0.091	0.9262396	0.1932845	-375.972	2.862714	1e+05	3.084503e-06	4.196321e-06	1.151945e-05
8	8-126493322	130762910	12	G	A	0.094	0.8964465	0.1920748	-376.6365	2.456152	1e+05	5.383344e-06	8.402891e-06	2.057829e-05
8	8-126509637	130778967	17	G	A	0.092	0.8723341	0.1922348	-376.6293	9.472091	1e+05	9.471356e-06	8.339228e-06	2.044722e-05
8	8-126510594	130779922	37	G	A	0.082	1.180365	0.2262827	-373.8679	3.729889	1e+05	4.299555e-07	4.704668e-07	1.929847e-06
8	8-126513742	130783070	4	T	C	0.095	0.890341	0.184711	-375.2722	1e+05	1e+05	2.717559e-06	2.023396e-06	6.305968e-06
8	8-126513781	130783109	4	G	A	0.095	0.9771167	0.1894362	-375.2557	1.256656	1e+05	5.677146e-07	1.989012e-06	6.217846e-06
8	8-126513784	130783112	4	G	A	0.093	0.903224	0.1927467	-376.4805	2.663618	1e+05	4.951967e-06	7.137857e-06	1.794507e-05
8	8-126514652	130783980	8	C	T	0.088	0.863825	0.1844578	-376.1266	5.603323	1e+05	5.018574e-06	4.931153e-06	1.31746e-05
8	8-126522137	130791465	9	A	G	0.09	0.8530103	0.1880022	-376.7508	5.600183	1e+05	9.496914e-06	9.470166e-06	2.275548e-05
8	8-126523747	130793075	6	G	T	0.096	0.8721732	0.1861924	-375.8701	1e+05	1e+05	4.991814e-06	3.77303e-06	1.054617e-05
8	8-126524521	130793849	7	C	T	0.092	0.8471411	0.1854056	-376.936	2.893082	1e+05	8.271027e-06	1.149741e-05	2.679917e-05
8	8-126524844	130794172	7	C	T	0.142	0.8555747	0.178249	-375.4736	10.84142	1e+05	2.978287e-06	2.4958e-06	7.493994e-06
8	8-126556691	130803780	7	G	A	0.113	0.8575787	0.1744449	-374.8422	1e+05	1e+05	1.756377e-06	1.293676e-06	4.373218e-06
8	8-126556633	130803838	6	C	G	0.092	0.8697661	0.1860033	-376.4152	3.199808	1e+05	5.175685e-06	6.66671e-06	1.694748e-05
8	8-126556574	130803897	5	C	T	0.11	0.9015976	0.1737319	-373.9883	3.876491	1e+05	4.885387e-07	5.330664e-07	2.133479e-06
8	8-126540384	130825287	6	A	G	0.087	0.8682231	0.1886499	-376.3374	10.65554	1e+05	7.157939e-06	6.145626e-06	1.583199e-05
8	8-126540274	130825397	6	C	T	0.092	0.8446167	0.1860405	-376.9062	3.756318	1e+05	9.385602e-06	1.114343e-05	2.610083e-05
8	8-126540273	130825398	6	A	T	0.094	0.8448939	0.1843322	-376.3954	12.75833	1e+05	7.76826e-06	6.52992e-06	1.665593e-05
8	8-126539674	130825997	3	A	G	0.106	0.8393237	0.1848476	-376.6481	8.160483	1e+05	9.358672e-06	8.505341e-06	2.078893e-05
8	8-126588307	130904050	7	T	C	0.146	0.7649229	0.166947	-376.3899	15.09657	1e+05	7.826267e-06	6.492862e-06	1.65768e-05
8	8-126645106	130917853	18	T	A	0.082	0.9061893	0.1928397	-375.9095	11.43479	1e+05	4.672276e-06	3.931539e-06	1.09125e-05
8	8-126646461	130919207	11	T	C	0.082	0.8964863	0.1923981	-376.295	4.646909	1e+05	5.567775e-06	5.879459e-06	1.525686e-05
8	8-144241890	148954173	7	T	C	0.012	2.278168	0.4874695	-375.917	1e+05	1e+05	5.236023e-06	3.962286e-06	1.09833e-05
8	8-144241908	148954191	8	T	G	0.014	2.215449	0.4608195	-375.3827	20.84667	1e+05	2.876096e-06	2.270288e-06	6.931861e-06
8	8-144251530	148963787	10	T	C	0.012	2.382074	0.4902333	-375.2268	10.19407	1e+05	2.278379e-06	1.930049e-06	6.066151e-06
8	8-144251547	148963804	12	A	G	0.012	2.392188	0.4902014	-375.1294	10.42598	1e+05	2.071061e-06	1.743985e-06	5.582338e-06
8	8-144251606	148963863	16	C	T	0.012	2.414864	0.48939	-374.8979	9.542197	1e+05	1.61412e-06	1.370843e-06	4.584857e-06
8	8-151684512	156805322	10	A	G	0.108	0.8250723	0.1799043	-376.2929	1e+05	1e+05	7.679648e-06	5.866675e-06	1.522914e-05
8	8-151688575	156809383	13	A	T	0.1	0.8081078	0.1782613	-376.5179	1e+05	1e+05	9.660708e-06	7.421946e-06	1.854192e-05
8	8-152552074	157691593	17	C	T	0.035	1.316762	0.2776334	-375.6142	1e+05	1e+05	3.847584e-06	2.889518e-06	8.456548e-06
8	8-159627892	164977183	34	A	G	0.014	2.297968	0.4932365	-375.9798	1e+05	1e+05	5.582043e-06	4.230814e-06	1.159808e-05
8	8-166204041	171873445	33	T	C	0.022	1.901197	0.3706398	-373.9358	16.11841	1e+05	6.498774e-07	5.047777e-07	2.042026e-06
8	8-166204090	171873494	28	A	G	0.018	1.979278	0.4149394	-375.5111	62.2814	1e+05	3.405998e-06	2.595158e-06	7.739047e-06
9	9-5650024	5272799	31	A	C	0.016	2.249293	0.4642924	-375.3811	6.602262	1e+05	2.433492e-06	2.266418e-06	6.922138e-06
9	9-24082679	23996533	33	G	A	0.032	1.628743	0.3005919	-372.4807	1e+05	1e+05	1.612713e-07	1.119438e-07	6.180237e-07
9	9-24082680	23996534	31	T	G	0.043	1.30119	0.2865134	-376.4832	1e+05	1e+05	9.324943e-06	7.157745e-06	1.798697e-05
9	9-24144789	24078190	23	T	C	0.02	1.664373	0.3677497	-376.5494	1e+05	1e+05	9.976365e-06	7.67053e-06	1.906146e-05
9	9-24752844	24736292	19	T	C	0.01	3.625571	0.7512401	-375.3455	12.62554	1e+05	2.645631e-06	2.184025e-06	6.714492e-06
9	9-55651062	56875928	30	A	C	0.063	1.135298	0.2412161	-375.7729	1e+05	1e+05	4.521733e-06	3.40938e-06	9.696499e-06
9	9-82279630	84458057	4	A	G	0.012	3.069725	0.6336606	-375.164	1e+05	1e+05	2.434946e-06	1.808052e-06	5.749841e-06
9	9-84037104	86304586	18	C	A	0.012	2.290401	0.4891963	-375.9867	11.8716	1e+05	5.042643e-06	4.261006e-06	1.166682e-05
9	9-84037681	86305163	7	T	C	0.017	1.931523	0.4187856	-376.2319	22.67986	1e+05	6.854604e-06	5.504655e-06	1.444037e-05
9	9-101930091	104379004	4	C	T	0.072	0.9792055	0.2022642	-375.1794	946.9708	1e+05	2.470675e-06	1.837227e-06	5.825795e-06
9	9-102208237	104675199	31	T	C	0.016	2.052443	0.4261281	-375.3743	14.25444	1e+05	2.763244e-06	2.250442e-06	6.881973e-06
9	9-102209329	104676291	10	G	A	0.017	1.951354	0.4118224	-375.7089	15.94359	1e+05	3.925126e-06	3.189349e-06	9.175594e-06
9	9-102209341	104676303	9	G	C	0.017	1.954413	0.4117841	-375.6712	16.54189	1e+05	3.789564e-06	3.066419e-06	8.882132e-06
9	9-117373152	119073906	2	A	G	0.03	1.565938	0.3434556	-376.5408	9.913945	1e+05	8.629105e-06	7.601923e-06	1.891832e-05
9	9-127949355	129908703	4	T	C	0.019	1.829028	0.3848555	-375.5716	1e+05	1e+05	3.684345e-06	2.763962e-06	8.151996e-06
9	9-131118366	133135464	16	A	G	0.209	-0.6534105	0.1431848	-376.39	1e+05	1e+05	8.478941e-06	6.493115e-06	1.657734e-05
9	9-131118970	133136068	15	T	G	0.221	-0.7013549	0.1406351	-374.5194	1e+05	1e+05	1.266041e-06	9.249786e-07	3.32915e-06
9	9-134946949	137157266	27	T	C	0.029	1.548558	0.3130319	-374.7021	1e+05	1e+05	1.523683e-06	1.118338e-06	3.8841e-06
9	9-134946952	137157269	27	A	C	0.026	1.651402	0.3185056	-373.601	1e+05	1e+05	4.997217e-07	3.567716e-07	1.546532e-06
9	9-143431459	145900328	27	C	T	0.352	0.5407513	0.1144655	-375.6961	1e+05	1e+05	4.181643e-06	3.146866e-06	9.07438e-06
9	9-154211488	157090089	6	C	T	0.038	1.24579	0.2695079	-376.1373	1e+05	1e+05	6.553444e-06	4.986786e-06	1.329832e-05
10	10-19615903	20044500	19	T	G	0.033	1.56971	0.3037552	-373.6818	1e+05	1e+05	5.422597e-07	3.879279e-07	1.653555e-06
10	10-19639019	20068790	28	T	C	0.021	1.65867	0.3656599	-376.5059	1e+05	1e+05	9.543563e-06	7.329743e-06	1.834858e-05
10	10-24331782	24936583	42	T	C	0.014	2.388418	0.4899519	-375.1699	9.374793	1e+05	2.120856e-06	1.81917e-06	5.778811e-06
10	10-27470385	28215682	32	A	G	0.019	2.01316	0.4215248	-375.5601	13.58488	1e+05	3.317602e-06	2.730918e-06	8.071482e-06
10	10-34184411	35131347	6	A	G	0.014	1.959055	0.4313728	-376.4833	1e+05	1e+05	9.325688e-06	7.158331e-06	1.79882e-05
10	10-41179591	42334352	16	T	C	0.015	2.103674	0.4616201	-376.4166	1e+05	1e+05	8.712128e-06	6.676154e-06	1.696757e-05
10	10-41616273	42781479	8	T	C	0.024	1.50477	0.3275386	-376.2755	61.0069	1e+05	7.41633e-06	5.761277e-06	1.500027e-05
10	10-46327492	47617883	3	A	G	0.042	1.307523	0.2832596	-376.1652	1e+05	1e+05	6.741971e-06	5.133836e-06	1.362434e-05
10	10-46395167	47696170	13	C	G	0.015	2.144328	0.4598528	-375.962	1e+05	1e+05	5.481603e-06	4.152824e-06	1.142016e-05
10	10-46548753	47846814	18	A	G	0.109	0.9386349	0.1890217	-374.6199	291.6083	1e+05	1.397188e-06	1.026802e-06	3.623636e-06
10	10-47742339	49058752	12	T	C	0.012	2.240588	0.4873515	-376.2445	1e+05	1e+05	7.310182e-06	5.577641e-06	1.46e-05
10	10-48431682	49740055	8	A	G	0.012	2.260313	0.4828675	-375.8842	1e+05	1e+05	5.063803e-06	3.828797e-06	1.067532e-05
10	10-49961111	51286040	17	A	G	0.017	1.98868	0.4256462	-375.9227	1e+05	1e+05	5.26651e-06	3.985928e-06	1.103768e-05
10	10-51140913	52453788	12	T	G	0.012	2.182517	0.4795754	-376.443	1e+05	1e+05	8.950179e-06	6.863135e-06	1.736459e-05
10	10-51331027	52619402	10	A	G	0.012	2.152855	0.4631432	-376.0257	1e+05	1e+05	5.848857e-06	4.438155e-06	1.206869e-05
10	10-87480942	87558448	10	A	G	0.069	1.309139	0.2628447	-374.5486	1e+05	1e+05	1.304136e-06	9.535119e-07	3.41221e-06
10	10-108490384	109232568	37	A	T	0.022	2.130682	0.4391758	-375.1322	1e+05	1e+05	2.357533e-06	1.74917e-06	5.595931e-06
10	10-148787711	150101005	8	T	C	0.019	1.865604	0.4050181	-376.2071	1e+05	1e+05	7.03615e-06	5.363496e-06	1.413073e-05
10	10-148896040	150209713	7	A	G	0.038	1.284332	0.2799947	-376.4891	6.931452	1e+05	7.65246e-06	7.202267e-06	1.808069e-05
