chr	rs	ps	n_miss	allele1	allele0	af	beta	se	logl_H1	l_remle	l_mle	p_wald	p_lrt	p_score
1	1-20105409	20421873	16	C	T	0.38	0.3825032	0.07776374	-304.1588	4.941303	1e+05	1.709135e-06	1.746288e-06	5.456543e-06
1	1-20107694	20424404	8	A	G	0.366	0.3954145	0.07627671	-303.2614	3.084799	1e+05	4.930455e-07	6.872834e-07	2.547635e-06
1	1-20107818	20424528	11	G	C	0.376	0.3484286	0.07691477	-306.1034	3.394718	1e+05	9.689362e-06	1.330344e-05	2.980161e-05
1	1-20112761	20429471	9	G	C	0.47	0.3374763	0.07461565	-305.9365	4.558433	1e+05	9.995726e-06	1.116959e-05	2.569336e-05
1	1-20112833	20429543	9	G	C	0.463	0.348803	0.07547791	-305.3807	6.277577	1e+05	6.511129e-06	6.244512e-06	1.573393e-05
1	1-29258925	29512523	20	G	A	0.267	0.4202542	0.09040564	-305.0618	42.67964	1e+05	5.774504e-06	4.475397e-06	1.190444e-05
1	1-56748876	57446937	8	C	G	0.308	0.3944946	0.08543381	-305.2242	18.15583	1e+05	6.618114e-06	5.302584e-06	1.371832e-05
1	1-171811347	173795371	16	G	A	0.502	0.3520506	0.07746493	-305.4928	1e+05	1e+05	9.096239e-06	7.020325e-06	1.736091e-05
1	1-214146042	217240424	27	T	C	0.165	0.5113784	0.110775	-305.2451	14.64646	1e+05	6.652331e-06	5.419546e-06	1.397128e-05
1	1-214177079	217270993	9	A	G	0.163	0.4861707	0.1061747	-305.3465	1e+05	1e+05	7.834799e-06	6.025049e-06	1.526852e-05
1	1-225758987	229351013	10	T	C	0.04	0.8700987	0.1921651	-306.1115	3.251714	1e+05	9.781563e-06	1.341791e-05	3.001935e-05
1	1-225823999	229418007	18	A	G	0.041	0.8847845	0.1901501	-305.3729	4.437088	1e+05	5.659861e-06	6.193439e-06	1.562584e-05
1	1-225827652	229421660	19	A	G	0.039	0.8984691	0.1944393	-305.6364	3.595266	1e+05	6.523714e-06	8.158593e-06	1.970259e-05
1	1-225848873	229442879	11	T	C	0.04	1.032673	0.1918441	-301.9077	5.782454	1e+05	1.881684e-07	1.690736e-07	8.27339e-07
1	1-225865450	229465613	41	T	C	0.046	0.9745759	0.2005326	-304.5097	3.998831	1e+05	2.237639e-06	2.516517e-06	7.376608e-06
1	1-225948770	229527508	7	T	G	0.041	0.8835267	0.1888314	-305.4227	3.419859	1e+05	5.048753e-06	6.524781e-06	1.632488e-05
1	1-225949514	229528252	13	A	G	0.036	0.9775331	0.199919	-304.3246	4.505861	1e+05	1.953657e-06	2.075244e-06	6.290308e-06
1	1-225915583	229546239	26	C	T	0.035	0.9511855	0.2011928	-305.0297	4.583754	1e+05	4.063205e-06	4.327809e-06	1.157579e-05
1	1-225969496	229558607	23	A	G	0.037	0.9656797	0.1998548	-304.5807	4.527441	1e+05	2.541902e-06	2.709857e-06	7.842863e-06
1	1-225969531	229558642	22	A	G	0.035	0.9347091	0.2002169	-305.3833	3.873717	1e+05	5.287555e-06	6.261365e-06	1.576957e-05
1	1-225969691	229558802	33	T	G	0.045	0.9794779	0.1897819	-303.2116	3.58505	1e+05	5.498822e-07	6.526976e-07	2.443223e-06
1	1-225969986	229559097	26	C	T	0.038	0.9155438	0.1889662	-304.5136	4.55956	1e+05	2.394957e-06	2.526817e-06	7.401585e-06
1	1-225971146	229560257	19	T	C	0.039	1.027604	0.188139	-301.7482	3.642623	1e+05	1.274018e-07	1.433642e-07	7.259952e-07
1	1-225971152	229560263	18	A	C	0.036	0.9733281	0.1939817	-303.7898	4.094231	1e+05	1.081272e-06	1.189766e-06	3.982999e-06
1	1-225971278	229560389	20	A	T	0.039	0.9697186	0.1883755	-303.1085	4.755103	1e+05	5.857376e-07	5.864948e-07	2.240601e-06
1	1-225971365	229560476	19	T	C	0.037	1.011584	0.2023658	-303.8263	4.510485	1e+05	1.180452e-06	1.235793e-06	4.108614e-06
1	1-225971712	229560823	19	G	C	0.041	0.8806262	0.190257	-305.5398	3.987306	1e+05	6.304107e-06	7.373861e-06	1.809363e-05
1	1-225971899	229561010	18	A	T	0.041	0.873485	0.1902157	-305.7405	3.741121	1e+05	7.399106e-06	9.097361e-06	2.159904e-05
1	1-226035459	229629822	34	G	A	0.037	0.9296671	0.2014717	-305.4311	5.674145	1e+05	6.710661e-06	6.582256e-06	1.64456e-05
1	1-226035458	229629823	34	C	T	0.037	0.9296671	0.2014717	-305.4311	5.674145	1e+05	6.710661e-06	6.582256e-06	1.64456e-05
1	1-226035451	229629830	37	A	C	0.043	0.8926376	0.1920225	-305.5358	3.614246	1e+05	5.77275e-06	7.343394e-06	1.803069e-05
1	1-226035426	229629855	44	T	C	0.042	0.9394334	0.197258	-304.8085	5.365031	1e+05	3.477913e-06	3.436013e-06	9.551251e-06
1	1-226035165	229630116	42	C	T	0.038	0.9758288	0.2001857	-304.2748	5.86822	1e+05	2.09265e-06	1.970537e-06	6.027388e-06
1	1-226035068	229630213	23	A	G	0.057	0.8474509	0.1670527	-303.345	6.313243	1e+05	8.343967e-07	7.496209e-07	2.733572e-06
1	1-226034936	229630345	14	A	C	0.043	0.8611561	0.1870715	-305.5407	4.892808	1e+05	7.042989e-06	7.380787e-06	1.810793e-05
1	1-226034896	229630385	17	A	G	0.041	0.8992783	0.1897042	-305.0175	4.234031	1e+05	3.839064e-06	4.273126e-06	1.14536e-05
1	1-226034860	229630421	21	A	G	0.039	0.9229247	0.2005767	-305.5714	4.641942	1e+05	7.104815e-06	7.622029e-06	1.860497e-05
1	1-226061440	229631083	20	T	C	0.039	0.9393576	0.1887421	-303.9135	4.62025	1e+05	1.306605e-06	1.353134e-06	4.425437e-06
1	1-226061495	229631138	13	T	G	0.05	0.7911783	0.1729442	-305.5806	6.077974	1e+05	7.979974e-06	7.695906e-06	1.875673e-05
1	1-226061513	229631156	14	G	A	0.045	0.9311076	0.1827153	-303.4001	4.346823	1e+05	7.487517e-07	7.937301e-07	2.863522e-06
1	1-226061554	229631197	19	A	G	0.044	0.9481475	0.1856155	-303.3715	4.124531	1e+05	7.069e-07	7.705197e-07	2.795302e-06
1	1-226061567	229631210	22	A	G	0.045	0.9529924	0.1855481	-303.2425	4.113335	1e+05	6.192123e-07	6.739477e-07	2.507486e-06
1	1-226061621	229631264	34	T	C	0.045	0.9348952	0.196822	-304.9181	4.773782	1e+05	3.678678e-06	3.852252e-06	1.050498e-05
1	1-226061731	229631374	22	T	C	0.032	0.9358648	0.2029488	-305.6714	3.681111	1e+05	6.800906e-06	8.462458e-06	2.031964e-05
1	1-226061755	229631398	21	T	C	0.032	0.9275208	0.2030441	-305.7973	4.028542	1e+05	8.215687e-06	9.653878e-06	2.271022e-05
1	1-226061811	229631454	16	G	A	0.036	0.8746019	0.1889928	-305.5655	3.825432	1e+05	6.329447e-06	7.57529e-06	1.850885e-05
1	1-226061847	229631490	17	T	C	0.036	0.8687673	0.1891773	-305.768	3.559613	1e+05	7.390448e-06	9.363011e-06	2.21306e-05
1	1-226062067	229631710	17	T	C	0.039	0.932132	0.1890907	-304.1178	4.729532	1e+05	1.62654e-06	1.673383e-06	5.268466e-06
1	1-226062102	229631745	17	T	A	0.041	0.9125528	0.1859699	-304.249	4.448817	1e+05	1.804318e-06	1.918184e-06	5.895096e-06
1	1-226062114	229631757	18	G	A	0.039	0.9380966	0.1888197	-303.9407	4.745144	1e+05	1.360517e-06	1.391834e-06	4.528917e-06
1	1-226062175	229631818	22	C	T	0.042	0.8702532	0.1873402	-305.3341	5.191488	1e+05	5.857363e-06	5.947378e-06	1.510322e-05
1	1-226062475	229632118	8	C	T	0.039	0.8968799	0.1895593	-305.0435	4.342983	1e+05	3.997236e-06	4.390646e-06	1.171592e-05
1	1-226062509	229632152	12	A	G	0.033	0.9378803	0.207194	-305.825	5.482214	1e+05	9.836344e-06	9.937858e-06	2.327379e-05
1	1-226062935	229632578	14	A	G	0.033	0.9355484	0.1922595	-304.4949	3.967995	1e+05	2.175896e-06	2.477935e-06	7.282906e-06
1	1-226063343	229632986	4	C	A	0.039	0.899044	0.1896932	-305.0468	4.053343	1e+05	3.8556e-06	4.405758e-06	1.174958e-05
1	1-226063350	229632993	6	A	G	0.039	0.8937698	0.1898431	-305.176	4.115272	1e+05	4.438094e-06	5.042078e-06	1.315192e-05
1	1-226063765	229633408	10	T	C	0.042	0.8797846	0.1864867	-305.176	3.841033	1e+05	4.249576e-06	5.042306e-06	1.315241e-05
1	1-226064680	229634323	26	C	G	0.053	0.8031578	0.1760008	-305.4423	24.06193	1e+05	8.385492e-06	6.659268e-06	1.660713e-05
1	1-226066609	229636312	19	C	T	0.041	0.8980718	0.1899404	-305.0682	4.251761	1e+05	4.055119e-06	4.505446e-06	1.197116e-05
1	1-226066893	229636596	14	C	G	0.04	0.9012836	0.1868043	-304.5292	5.438136	1e+05	2.6258e-06	2.568074e-06	7.501473e-06
1	1-226067431	229637134	10	G	C	0.037	0.9597734	0.2015706	-304.866	4.779694	1e+05	3.493349e-06	3.648231e-06	1.003957e-05
1	1-226068112	229637815	20	T	C	0.032	1.062491	0.2114781	-303.5432	7.102918	1e+05	1.049004e-06	9.208429e-07	3.231379e-06
1	1-226068421	229638124	19	T	C	0.041	0.9204132	0.1894143	-304.5531	3.813035	1e+05	2.244544e-06	2.632965e-06	7.658076e-06
1	1-226069159	229638862	20	T	A	0.037	0.9231922	0.2039247	-306.0469	3.516837	1e+05	9.813297e-06	1.253954e-05	2.834198e-05
1	1-226069213	229638916	13	A	T	0.033	0.9996225	0.2027556	-304.139	4.499969	1e+05	1.621793e-06	1.71067e-06	5.364818e-06
1	1-226069290	229638993	18	T	A	0.032	1.034211	0.2157954	-304.6837	5.245677	1e+05	3.037348e-06	3.016833e-06	8.572738e-06
1	1-226069909	229639612	20	G	A	0.039	0.9721618	0.1885508	-303.0824	4.637417	1e+05	5.634038e-07	5.708248e-07	2.192068e-06
1	1-226071352	229641053	36	C	T	0.037	0.9452737	0.2015644	-305.0863	6.013682	1e+05	4.813276e-06	4.591288e-06	1.216138e-05
1	1-226071373	229641074	26	G	A	0.048	0.8043896	0.1763154	-305.5177	10.11365	1e+05	8.427736e-06	7.205724e-06	1.77458e-05
1	1-226071388	229641089	23	A	G	0.04	0.9652395	0.1887706	-303.2087	5.491217	1e+05	6.898433e-07	6.50684e-07	2.437115e-06
1	1-226071431	229641132	15	G	T	0.048	0.8391647	0.1758902	-304.6362	8.774229	1e+05	3.347657e-06	2.871162e-06	8.227896e-06
1	1-226071598	229641299	10	A	G	0.042	0.8888756	0.186925	-305.1537	3.158739	1e+05	3.592255e-06	4.925837e-06	1.28978e-05
1	1-226072182	229641883	13	T	C	0.036	0.9876048	0.1935336	-303.4577	3.719975	1e+05	7.24187e-07	8.426396e-07	3.006174e-06
1	1-226072397	229642097	6	A	G	0.039	0.9837599	0.1838687	-302.1667	4.540596	1e+05	2.206661e-07	2.210245e-07	1.023718e-06
1	1-226072517	229642217	8	T	C	0.037	0.9452987	0.1885098	-303.7598	4.45982	1e+05	1.096714e-06	1.153322e-06	3.882962e-06
1	1-226072539	229642239	6	G	A	0.037	0.9544866	0.1883678	-303.5042	4.568576	1e+05	8.575113e-07	8.842987e-07	3.126565e-06
1	1-226072625	229642325	3	A	G	0.038	0.89017	0.1861308	-304.792	4.576407	1e+05	3.178232e-06	3.377285e-06	9.415312e-06
1	1-226072720	229642420	7	A	G	0.044	0.8038503	0.1758561	-305.5254	7.863061	1e+05	8.10935e-06	7.26375e-06	1.786597e-05
1	1-226072722	229642422	7	A	G	0.044	0.8038503	0.1758561	-305.5254	7.863061	1e+05	8.10935e-06	7.26375e-06	1.786597e-05
1	1-226072732	229642432	10	A	G	0.04	0.9836152	0.1839562	-302.2287	4.150627	1e+05	2.242858e-07	2.356787e-07	1.077455e-06
1	1-226072756	229642456	11	A	G	0.045	0.8918325	0.1826662	-304.4719	3.652784	1e+05	2.020361e-06	2.419452e-06	7.140432e-06
1	1-226072768	229642468	13	C	T	0.043	0.9226045	0.1855638	-304.0693	3.646453	1e+05	1.337472e-06	1.591147e-06	5.054716e-06
1	1-226072789	229642489	9	T	G	0.04	0.9391723	0.1956721	-304.7912	3.952524	1e+05	2.940623e-06	3.374486e-06	9.408825e-06
1	1-226072910	229642610	7	T	G	0.051	0.8107273	0.1791856	-306.1761	3.076863	1e+05	9.924707e-06	1.435739e-05	3.179719e-05
1	1-226083223	229652841	20	A	G	0.029	1.064886	0.2216096	-304.5554	6.594995	1e+05	2.868315e-06	2.63918e-06	7.673043e-06
1	1-226083339	229652957	20	A	G	0.032	1.039806	0.2043037	-303.3277	5.394331	1e+05	7.718307e-07	7.362554e-07	2.693939e-06
1	1-226084993	229654611	8	C	G	0.037	0.9095867	0.1942531	-305.3801	3.537867	1e+05	4.969614e-06	6.240294e-06	1.572501e-05
1	1-226235072	229763008	6	A	G	0.041	0.8707955	0.1867879	-305.3625	4.212945	1e+05	5.442551e-06	6.126672e-06	1.548433e-05
1	1-226241390	229769326	38	G	A	0.048	0.8287313	0.1793471	-305.3328	7.316492	1e+05	6.523601e-06	5.939449e-06	1.508633e-05
1	1-226339010	229870434	15	A	G	0.086	0.6923706	0.1499039	-305.589	4.00023	1e+05	6.582865e-06	7.763688e-06	1.889579e-05
1	1-241557292	245141158	13	T	G	0.059	0.7605236	0.1569086	-304.2616	11.12923	1e+05	2.374277e-06	1.943662e-06	5.959547e-06
1	1-242551514	246131165	30	C	T	0.157	0.5175522	0.1129478	-305.4279	10.3669	1e+05	7.72439e-06	6.560289e-06	1.639948e-05
1	1-251164136	255234372	11	G	C	0.106	0.5640501	0.1225031	-305.5371	5.042913	1e+05	7.011568e-06	7.353775e-06	1.805214e-05
1	1-265904022	270652288	24	A	G	0.09	0.6626414	0.1431691	-305.2179	11.98611	1e+05	6.310442e-06	5.267476e-06	1.364223e-05
1	1-265968280	270715745	6	T	C	0.071	0.7886118	0.1611616	-303.9654	69199.18	1e+05	1.921252e-06	1.42814e-06	4.625567e-06
1	1-265997497	270744960	41	G	A	0.331	0.5048262	0.08869143	-300.1854	16.62345	1e+05	4.006093e-08	2.856655e-08	2.058396e-07
1	1-266008459	270755922	28	G	A	0.357	0.4232148	0.08571823	-303.9475	7.082806	1e+05	1.56962e-06	1.401711e-06	4.555252e-06
1	1-266008902	270756365	24	C	T	0.362	0.4036281	0.08577167	-305.0097	6.381409	1e+05	4.479678e-06	4.238586e-06	1.137629e-05
1	1-266040499	270787040	28	C	T	0.367	0.417335	0.08318784	-303.8162	4.104313	1e+05	1.085558e-06	1.22294e-06	4.073614e-06
1	1-266089351	270835932	11	A	G	0.089	0.6385757	0.1354092	-304.7923	20.52872	1e+05	4.283496e-06	3.378371e-06	9.417828e-06
1	1-266089606	270836187	29	C	T	0.403	0.3828369	0.08324149	-305.3202	14.87829	1e+05	7.174932e-06	5.861871e-06	1.492088e-05
1	1-266122683	270871241	8	A	T	0.375	-0.4016169	0.08864434	-305.6392	11.63583	1e+05	9.664503e-06	8.182205e-06	1.975065e-05
1	1-267059823	271809731	39	C	T	0.314	0.484295	0.09642535	-303.3883	51.71309	1e+05	1.057026e-06	7.840336e-07	2.835064e-06
1	1-286549463	291635228	14	A	G	0.121	0.5362571	0.1155698	-305.2973	6.201645	1e+05	5.992994e-06	5.722901e-06	1.46237e-05
1	1-286560818	291646582	9	C	T	0.205	0.4381786	0.09660365	-305.5301	1e+05	1e+05	9.450062e-06	7.300108e-06	1.79412e-05
2	2-53997713	55400667	6	A	T	0.3	0.6551599	0.1423993	-305.5368	5.140009	1e+05	7.120047e-06	7.351127e-06	1.804667e-05
2	2-224844652	231241399	13	G	A	0.22	0.4643972	0.09747118	-304.5407	2535.392	1e+05	3.446894e-06	2.59915e-06	7.576545e-06
2	2-232086195	238277148	36	T	C	0.242	0.4499543	0.09298601	-304.7602	3.422129	1e+05	2.461929e-06	3.267417e-06	9.160023e-06
2	2-232278039	238503856	20	T	C	0.395	0.4884279	0.1001006	-304.0282	1e+05	1e+05	2.047684e-06	1.524468e-06	4.880083e-06
3	3-15410879	14720026	30	T	C	0.224	0.4414196	0.09540756	-305.1417	1e+05	1e+05	6.358085e-06	4.864877e-06	1.276418e-05
3	3-31198256	30761777	34	T	C	0.013	2.160153	0.4298417	-303.3627	1e+05	1e+05	1.042446e-06	7.634967e-07	2.77459e-06
3	3-92628973	106554298	14	G	A	0.107	0.6862574	0.1460333	-304.8508	26.98606	1e+05	4.611584e-06	3.590939e-06	9.908177e-06
3	3-138123028	138803633	7	A	G	0.143	0.5144819	0.1061024	-304.316	7.92662	1e+05	2.352787e-06	2.056735e-06	6.243988e-06
3	3-138142602	138822903	31	T	G	0.168	0.4850771	0.1045645	-305.1036	39.98477	1e+05	6.02186e-06	4.6751e-06	1.23466e-05
3	3-138166038	138846404	42	A	G	0.038	0.9980545	0.1988784	-303.3952	1e+05	1e+05	1.077303e-06	7.896554e-07	2.851571e-06
3	3-138302429	138988951	5	A	G	0.027	1.243373	0.2668004	-304.9963	1e+05	1e+05	5.482113e-06	4.179652e-06	1.124417e-05
3	3-138320384	139011985	15	T	C	0.048	0.8476634	0.1742996	-304.1006	1e+05	1e+05	2.204035e-06	1.643794e-06	5.191758e-06
3	3-138320446	139012047	23	T	C	0.045	0.9410555	0.1833306	-302.8624	97196.8	1e+05	6.28047e-07	4.543682e-07	1.823404e-06
3	3-170360156	172949972	23	T	C	0.052	0.8327031	0.181274	-305.3082	28.62163	1e+05	7.34947e-06	5.788421e-06	1.476394e-05
3	3-206935539	210382835	10	G	A	0.287	0.4587231	0.100889	-305.7946	4.758731	1e+05	9.011167e-06	9.627039e-06	2.265685e-05
3	3-207031174	210463506	22	T	G	0.309	-0.4269108	0.09244866	-305.3514	7.211588	1e+05	6.610321e-06	6.055706e-06	1.533368e-05
4	4-18717166	19876557	10	C	T	0.133	-0.5069381	0.1107307	-305.4186	13.65527	1e+05	7.864039e-06	6.496772e-06	1.626599e-05
4	4-95767904	102413353	12	G	T	0.264	-0.4697564	0.1034884	-305.629	9.236057	1e+05	9.312763e-06	8.095062e-06	1.957317e-05
4	4-95759296	102421961	6	T	C	0.177	-0.5494479	0.1187283	-305.1746	20.04906	1e+05	6.327392e-06	5.034856e-06	1.313616e-05
4	4-178346219	181283461	4	T	C	0.039	1.187805	0.2500774	-304.6054	1e+05	1e+05	3.682026e-06	2.780383e-06	8.011634e-06
4	4-221760634	225566112	7	T	C	0.251	0.4256517	0.09210451	-305.1645	1e+05	1e+05	6.507118e-06	4.981692e-06	1.302002e-05
4	4-225204597	228996507	2	C	G	0.101	-0.7730033	0.1643557	-304.816	82.32211	1e+05	4.531998e-06	3.463122e-06	9.613879e-06
4	4-228056513	232484499	22	C	G	0.057	0.7965105	0.1726307	-305.1965	1e+05	1e+05	6.723149e-06	5.151136e-06	1.338955e-05
4	4-229151564	233588905	27	C	T	0.124	0.5580539	0.1221197	-305.5714	6.913097	1e+05	8.156822e-06	7.621577e-06	1.860404e-05
4	4-240653123	245524840	11	C	G	0.42	-0.3585462	0.07805122	-305.4021	9.409921	1e+05	7.345844e-06	6.38568e-06	1.603205e-05
5	5-11575576	11922269	18	A	G	0.053	1.001919	0.2180288	-305.2764	1e+05	1e+05	7.293903e-06	5.599428e-06	1.435877e-05
5	5-193291545	198640351	25	A	T	0.118	0.5477754	0.1203093	-305.4844	26.73315	1e+05	8.770086e-06	6.958819e-06	1.723291e-05
5	5-193320658	198669461	30	A	G	0.059	0.8529341	0.1745709	-304.0592	15.19491	1e+05	1.987524e-06	1.574494e-06	5.011214e-06
6	6-28981861	30454726	6	T	C	0.213	0.5303436	0.101094	-302.7651	3.877628	1e+05	3.66018e-07	4.107794e-07	1.68123e-06
6	6-95859795	98514871	8	T	C	0.201	0.4541326	0.09977174	-305.4627	97089.07	1e+05	8.821366e-06	6.803152e-06	1.690821e-05
6	6-96091359	98769968	5	A	G	0.329	0.365119	0.07778823	-305.117	5.48464	1e+05	4.727062e-06	4.74076e-06	1.249136e-05
6	6-121100113	124803661	5	T	G	0.247	0.4134242	0.09105723	-305.6674	7.734215	1e+05	9.270475e-06	8.426873e-06	2.024754e-05
6	6-130138970	134039065	28	A	C	0.166	0.5163648	0.1085495	-305.049	3.647212	1e+05	3.564952e-06	4.415969e-06	1.17723e-05
6	6-130142922	134043065	38	C	G	0.086	0.7079247	0.1374357	-302.8106	23.649	1e+05	5.770107e-07	4.306105e-07	1.746233e-06
6	6-130147196	134047339	41	A	C	0.167	0.5907132	0.1229453	-304.3623	1e+05	1e+05	2.875483e-06	2.158407e-06	6.497622e-06
6	6-132376493	136326970	21	T	C	0.209	0.4360842	0.09478078	-305.6622	4.044841	1e+05	7.116595e-06	8.381005e-06	2.015455e-05
6	6-132384060	136334536	36	G	A	0.221	0.4284535	0.09323859	-305.4228	7.791961	1e+05	7.297554e-06	6.525487e-06	1.632636e-05
6	6-132586743	136543111	11	C	A	0.07	0.6709034	0.1403595	-304.4851	44.75215	1e+05	3.2157e-06	2.452978e-06	7.222172e-06
6	6-136024906	139956356	27	G	A	0.102	0.5626736	0.1243912	-305.6645	11.50512	1e+05	9.971665e-06	8.401819e-06	2.019675e-05
6	6-139059652	143242642	15	C	T	0.12	0.5287986	0.1139161	-305.1413	13.3734	1e+05	5.943452e-06	4.862462e-06	1.275888e-05
6	6-141349017	145271346	22	A	G	0.116	0.5654321	0.1217551	-305.2297	7.29505	1e+05	5.890981e-06	5.33275e-06	1.378364e-05
6	6-142052822	145938995	17	C	T	0.21	0.4312994	0.09304022	-305.724	2.937131	1e+05	6.112667e-06	8.940948e-06	2.128504e-05
6	6-153464036	157445372	18	C	G	0.192	0.4740305	0.1022695	-305.2932	6.701895	1e+05	6.126501e-06	5.698934e-06	1.457234e-05
7	7-695497	55000	23	G	A	0.162	0.5481929	0.1143375	-305.2522	2.450241	1e+05	3.0106e-06	5.459983e-06	1.405855e-05
7	7-667986	81455	16	T	C	0.154	0.5484894	0.1191291	-305.7933	3.341564	1e+05	7.018118e-06	9.613877e-06	2.263066e-05
7	7-663473	85968	13	A	G	0.128	0.654952	0.1282136	-303.2703	5.016333	1e+05	7.063608e-07	6.936393e-07	2.566723e-06
7	7-587475	165527	6	T	C	0.138	0.5907232	0.1166512	-303.6873	3.539506	1e+05	8.702173e-07	1.06954e-06	3.650943e-06
7	7-553429	199568	24	C	T	0.14	0.5389163	0.1188746	-306.4144	2.423658	1e+05	9.546739e-06	1.843651e-05	3.935082e-05
7	7-517958	233989	6	G	A	0.144	0.5469804	0.1169946	-305.6158	2.886374	1e+05	5.131183e-06	7.984039e-06	1.934667e-05
7	7-515790	236157	11	A	G	0.146	0.5947097	0.1177942	-303.6822	3.917023	1e+05	9.349602e-07	1.063917e-06	3.635265e-06
7	7-471081	251790	7	A	G	0.138	0.533104	0.1158941	-305.7483	3.522835	1e+05	7.149486e-06	9.17152e-06	2.174764e-05
7	7-469035	253836	20	A	G	0.157	0.5725512	0.1155325	-304.0544	4.327688	1e+05	1.441236e-06	1.566669e-06	4.990748e-06
7	7-468124	254747	9	C	G	0.128	0.5890547	0.127126	-305.4098	4.96845	1e+05	6.166595e-06	6.437224e-06	1.614067e-05
7	7-264200	403828	15	A	G	0.153	0.5197443	0.1137501	-306.0251	3.003392	1e+05	8.176375e-06	1.225525e-05	2.779572e-05
7	7-277781	417408	14	T	C	0.145	0.5955613	0.1246077	-304.4867	48.09903	1e+05	3.221579e-06	2.456904e-06	7.231731e-06
7	7-291616	458939	32	C	G	0.115	0.7424975	0.1318505	-300.5326	10.90253	1e+05	5.450827e-08	4.086151e-08	2.715291e-07
7	7-299154	466477	18	G	A	0.141	0.6976333	0.1200185	-299.5577	19.83701	1e+05	2.153595e-08	1.49645e-08	1.252959e-07
7	7-305235	472559	7	T	C	0.159	0.5429977	0.1129814	-304.4218	13.70944	1e+05	2.857365e-06	2.296282e-06	6.838573e-06
7	7-305989	473313	6	G	A	0.151	0.5392143	0.1164964	-305.187	15.99118	1e+05	6.304666e-06	5.100593e-06	1.327951e-05
7	7-308067	475391	5	A	G	0.164	0.5195281	0.1100875	-304.824	11.58399	1e+05	4.220346e-06	3.492157e-06	9.680876e-06
7	7-311532	478856	21	C	T	0.143	0.6051502	0.1230731	-304.0222	7.415286	1e+05	1.723236e-06	1.515017e-06	4.855229e-06
7	7-196518	549544	10	A	G	0.157	0.5456418	0.1162754	-304.899	18.56287	1e+05	4.749979e-06	3.776168e-06	1.033187e-05
7	7-176238	569821	28	T	C	0.133	0.6100139	0.1248544	-304.0144	40.70768	1e+05	1.988307e-06	1.502752e-06	4.82294e-06
7	7-159919	587076	15	T	C	0.146	0.6315287	0.1190421	-302.1532	9.876217	1e+05	2.750853e-07	2.179621e-07	1.012405e-06
7	7-127669	619843	18	A	C	0.136	0.6100817	0.1265525	-304.3264	21.79728	1e+05	2.673438e-06	2.079205e-06	6.30021e-06
7	7-116033	631579	26	T	C	0.124	0.5898445	0.120089	-303.8821	1e+05	1e+05	1.76548e-06	1.309663e-06	4.308616e-06
7	7-43258	719144	22	A	G	0.131	0.665545	0.1294141	-302.9259	9.812428	1e+05	5.999334e-07	4.853077e-07	1.922833e-06
7	7-38685	724525	8	A	G	0.169	0.5603671	0.1128684	-303.7479	9.864768	1e+05	1.382305e-06	1.139064e-06	3.843681e-06
7	7-37567	725643	15	T	C	0.141	0.5649412	0.121091	-305.0078	22.0613	1e+05	5.359526e-06	4.230255e-06	1.135763e-05
7	7-37487	725723	14	T	A	0.133	0.6160057	0.1177302	-302.5831	6.712546	1e+05	3.909595e-07	3.401748e-07	1.444929e-06
7	7-137579027	140478814	37	T	C	0.045	0.8510344	0.177779	-304.4406	1e+05	1e+05	3.113891e-06	2.341867e-06	6.950581e-06
7	7-135681081	142368571	6	G	A	0.452	0.5555592	0.1168526	-304.7004	9.254851	1e+05	3.606711e-06	3.069903e-06	8.697722e-06
8	8-38652956	39742314	10	T	C	0.229	-0.4277374	0.08881717	-304.3122	1e+05	1e+05	2.732803e-06	2.048784e-06	6.22407e-06
9	9-23977465	23856700	13	A	G	0.261	0.4612372	0.09989373	-305.3652	6.897852	1e+05	6.625888e-06	6.143731e-06	1.552051e-05
9	9-24000305	23879167	21	T	C	0.249	0.4852382	0.09969143	-304.1084	26.43213	1e+05	2.162738e-06	1.657165e-06	5.22645e-06
9	9-24032455	23946312	29	T	C	0.331	0.4510726	0.09261917	-304.2987	5.993165	1e+05	2.135426e-06	2.020074e-06	6.152045e-06
