chr	rs	ps	n_miss	allele1	allele0	af	beta	se	logl_H1	l_remle	l_mle	p_wald	p_lrt	p_score
1	1-97728588	99990875	16	C	G	0.015	0.2745427	0.05605217	125.448	1e-05	1e-05	1.955149e-06	1.427001e-06	4.938661e-06
1	1-151484914	153452583	16	A	C	0.018	-0.1940899	0.04165487	124.3972	1e-05	1e-05	5.684589e-06	4.264355e-06	1.209261e-05
1	1-170960388	172795422	29	G	A	0.192	-0.0692315	0.01512225	124.0484	1e-05	1e-05	8.108138e-06	6.138042e-06	1.634911e-05
1	1-170961925	172796959	14	T	C	0.198	-0.06527003	0.01412492	124.2312	1e-05	1e-05	6.730592e-06	5.070947e-06	1.395461e-05
1	1-172209887	174114942	12	C	T	0.447	0.05114934	0.01116758	124.0571	1e-05	1e-05	8.036758e-06	6.082627e-06	1.622643e-05
1	1-172255002	174137120	17	C	T	0.472	-0.05363386	0.01157308	124.289	1e-05	1e-05	6.346349e-06	4.774248e-06	1.32755e-05
1	1-174992037	176956935	24	C	A	0.021	0.2066672	0.04390712	124.6028	1e-05	1e-05	4.611566e-06	3.440894e-06	1.013293e-05
1	1-270798651	275493245	25	C	T	0.188	-0.0746281	0.01618869	124.184	1e-05	1e-05	7.062186e-06	5.32734e-06	1.45365e-05
1	1-287655540	292766296	11	G	T	0.165	-0.07176288	0.01567613	124.0472	1e-05	1e-05	8.117932e-06	6.145646e-06	1.636593e-05
2	2-42008095	43176840	19	G	A	0.453	-0.049316	0.01080336	123.9921	1e-05	1e-05	8.587008e-06	6.510123e-06	1.716852e-05
2	2-51509560	52912261	8	C	T	0.278	0.05097631	0.01118482	123.9614	1e-05	1e-05	8.860201e-06	6.722633e-06	1.76333e-05
2	2-51510005	52912706	6	C	T	0.283	0.05050473	0.01104871	124.0185	1e-05	1e-05	8.358769e-06	6.332713e-06	1.677873e-05
2	2-51576755	52984262	5	T	C	0.284	0.05223281	0.01106723	124.6581	1e-05	1e-05	4.359767e-06	3.248329e-06	9.664332e-06
2	2-53215426	54608301	42	T	C	0.104	0.08475541	0.01761985	125.0565	1e-05	1e-05	2.90866e-06	2.144737e-06	6.879075e-06
2	2-53429875	54855144	18	A	C	0.091	0.08202099	0.01735181	124.6901	1e-05	1e-05	4.219903e-06	3.14149e-06	9.402417e-06
2	2-53733070	55137239	13	G	A	0.205	0.05768923	0.0124091	124.3517	1e-05	1e-05	5.953566e-06	4.471432e-06	1.257554e-05
2	2-53835001	55236846	36	G	A	0.026	0.1542515	0.03366688	124.0636	1e-05	1e-05	7.983301e-06	6.041135e-06	1.613447e-05
2	2-53869032	55271055	14	T	A	0.096	0.08220389	0.01711791	125.021	1e-05	1e-05	3.015263e-06	2.225401e-06	7.089565e-06
2	2-53869882	55271905	15	G	A	0.094	0.08052278	0.01726842	124.4124	1e-05	1e-05	5.597089e-06	4.197046e-06	1.193485e-05
2	2-53919853	55322815	32	A	G	0.095	0.09131942	0.01715137	127.4285	1e-05	1e-05	2.640219e-07	1.830022e-07	9.610697e-07
2	2-53919878	55322840	25	G	C	0.086	0.08552503	0.01815301	124.6221	1e-05	1e-05	4.522141e-06	3.372473e-06	9.96693e-06
2	2-53920794	55323756	12	A	G	0.083	0.08883844	0.01767526	126.0298	1e-05	1e-05	1.084499e-06	7.796191e-07	3.032916e-06
2	2-53920811	55323773	8	T	G	0.086	0.08208913	0.01732731	124.7365	1e-05	1e-05	4.025462e-06	2.993111e-06	9.036254e-06
2	2-53920847	55323809	13	A	G	0.088	0.0820091	0.01733085	124.7121	1e-05	1e-05	4.126679e-06	3.070328e-06	9.227165e-06
2	2-53954562	55357522	23	A	G	0.082	0.08509412	0.01842794	124.2173	1e-05	1e-05	6.826604e-06	5.145152e-06	1.412348e-05
2	2-54004641	55407578	14	A	C	0.091	0.07776371	0.01712937	123.8858	1e-05	1e-05	9.569661e-06	7.275273e-06	1.88318e-05
2	2-54106347	55516981	15	C	A	0.054	0.1329314	0.02932446	123.8576	1e-05	1e-05	9.848332e-06	7.492637e-06	1.929938e-05
2	2-54292883	55707696	34	T	C	0.209	0.05906155	0.01295132	123.9725	1e-05	1e-05	8.759739e-06	6.644466e-06	1.74626e-05
2	2-54904265	56335097	35	A	G	0.099	0.08980937	0.0196397	124.026	1e-05	1e-05	8.295642e-06	6.283667e-06	1.667069e-05
2	2-70186655	71403931	3	T	G	0.014	0.1818428	0.03989597	123.9626	1e-05	1e-05	8.849134e-06	6.71402e-06	1.76145e-05
2	2-70333190	71571785	15	T	A	0.015	0.1817218	0.03991482	123.9406	1e-05	1e-05	9.049622e-06	6.870077e-06	1.795446e-05
2	2-71231002	72460983	11	T	C	0.015	0.182519	0.03989986	124.0327	1e-05	1e-05	8.239106e-06	6.239749e-06	1.657382e-05
2	2-71343134	72573386	14	A	G	0.03	0.1567322	0.03081822	126.3042	1e-05	1e-05	8.216403e-07	5.864452e-07	2.41469e-06
2	2-71351960	72582212	15	A	G	0.015	0.1835635	0.0398599	124.164	1e-05	1e-05	7.207462e-06	5.439768e-06	1.479028e-05
2	2-79992757	81492507	47	G	A	0.143	0.07121874	0.01558583	124.0115	1e-05	1e-05	8.418567e-06	6.379183e-06	1.688099e-05
2	2-122122005	125512483	31	A	T	0.019	0.1888341	0.03784559	125.8627	1e-05	1e-05	1.284429e-06	9.273777e-07	3.486863e-06
2	2-122122041	125512519	16	T	A	0.018	0.1929035	0.04157689	124.3118	1e-05	1e-05	6.200282e-06	4.66158e-06	1.301591e-05
2	2-122128179	125518657	33	A	C	0.022	0.1623837	0.03432528	124.7067	1e-05	1e-05	4.149445e-06	3.087702e-06	9.270012e-06
2	2-122162315	125552790	32	T	C	0.022	0.1631214	0.03429746	124.8177	1e-05	1e-05	3.706775e-06	2.75032e-06	8.430619e-06
2	2-122162430	125552905	29	G	A	0.022	0.1610689	0.0343469	124.527	1e-05	1e-05	4.981181e-06	3.724042e-06	1.081442e-05
2	2-122167024	125557498	18	G	C	0.023	0.1674868	0.03312413	126.1686	1e-05	1e-05	9.424105e-07	6.750274e-07	2.702186e-06
2	2-122172410	125562883	11	T	C	0.02	0.1704525	0.0368307	124.2616	1e-05	1e-05	6.525386e-06	4.912438e-06	1.35926e-05
2	2-122172953	125563426	38	A	C	0.026	0.1871489	0.0352	127.3921	1e-05	1e-05	2.738885e-07	1.900212e-07	9.898418e-07
2	2-122178025	125568498	10	T	C	0.027	0.1459084	0.03179661	124.0939	1e-05	1e-05	7.740804e-06	5.853003e-06	1.571626e-05
2	2-122181816	125572289	17	A	G	0.023	0.1681509	0.03307852	126.2935	1e-05	1e-05	8.30581e-07	5.929921e-07	2.436199e-06
2	2-122182413	125572886	14	C	T	0.02	0.1613979	0.03430565	124.5932	1e-05	1e-05	4.656984e-06	3.475656e-06	1.021707e-05
2	2-122182510	125572983	38	C	T	0.023	0.1630188	0.03431594	124.7934	1e-05	1e-05	3.799663e-06	2.821033e-06	8.60788e-06
2	2-122182512	125572985	37	G	T	0.026	0.162346	0.03326792	125.3671	1e-05	1e-05	2.122275e-06	1.552253e-06	5.287465e-06
2	2-122189309	125579778	17	T	G	0.023	0.1554779	0.03337729	124.3916	1e-05	1e-05	5.716718e-06	4.289078e-06	1.215046e-05
2	2-125013560	128481858	15	A	C	0.015	0.199395	0.04369849	123.984	1e-05	1e-05	8.65808e-06	6.565391e-06	1.728961e-05
2	2-125454309	128925105	33	T	C	0.017	0.2009096	0.04366405	124.1471	1e-05	1e-05	7.33275e-06	5.536773e-06	1.500859e-05
2	2-125799694	129277935	14	A	T	0.01	0.2540795	0.05602135	123.8673	1e-05	1e-05	9.752074e-06	7.417537e-06	1.913806e-05
2	2-128930643	132465764	21	T	C	0.082	-0.08799702	0.0189671	124.3109	1e-05	1e-05	6.206419e-06	4.666313e-06	1.302683e-05
2	2-143873051	147752807	37	T	A	0.149	0.08734939	0.01730055	126.1346	1e-05	1e-05	9.754732e-07	6.993308e-07	2.77982e-06
2	2-154356330	158343169	30	C	T	0.052	0.1213656	0.02629119	124.211	1e-05	1e-05	6.870311e-06	5.178941e-06	1.420025e-05
2	2-162312620	166285153	14	C	T	0.274	0.05294181	0.01123478	124.6263	1e-05	1e-05	4.502672e-06	3.357583e-06	9.93073e-06
2	2-162323472	166296004	14	C	T	0.261	0.05139154	0.01126347	123.9827	1e-05	1e-05	8.669198e-06	6.574038e-06	1.730854e-05
2	2-162323979	166296510	23	A	G	0.25	0.05445131	0.01184476	124.1292	1e-05	1e-05	7.46726e-06	5.640966e-06	1.524243e-05
2	2-162351816	166324343	11	G	A	0.233	0.05690842	0.01185744	125.0085	1e-05	1e-05	3.053791e-06	2.254571e-06	7.165369e-06
2	2-223185011	229544310	9	G	A	0.047	0.1156521	0.02365837	125.4051	1e-05	1e-05	2.042149e-06	1.49217e-06	5.120774e-06
3	3-3018069	2267484	31	C	T	0.022	0.2056483	0.04415864	124.3866	1e-05	1e-05	5.745914e-06	4.311545e-06	1.220299e-05
3	3-109115728	95022690	20	A	G	0.063	0.1185045	0.02454768	125.1332	1e-05	1e-05	2.69068e-06	1.980038e-06	6.4451e-06
4	4-6460693	7261613	23	T	C	0.045	-0.1364264	0.02958093	124.1929	1e-05	1e-05	6.998355e-06	5.27796e-06	1.442477e-05
4	4-21272772	22514462	16	T	C	0.105	0.07660154	0.0159713	124.9944	1e-05	1e-05	3.09779e-06	2.287896e-06	7.251771e-06
4	4-129247509	132301768	33	T	C	0.014	0.3420562	0.06504123	126.1643	0.08242619	1e-05	3.614527e-07	6.780964e-07	2.712017e-06
5	5-13292268	13637829	5	A	G	0.034	0.1241106	0.02736976	123.8638	1e-05	1e-05	9.786525e-06	7.444414e-06	1.919582e-05
5	5-64871420	66842356	25	T	C	0.013	-0.2388163	0.05257049	123.8985	1e-05	1e-05	9.446961e-06	7.179617e-06	1.862536e-05
5	5-78671579	80942026	11	A	G	0.142	0.08259872	0.0171547	125.0773	1e-05	1e-05	2.847717e-06	2.098657e-06	6.758239e-06
5	5-171568544	175550295	16	A	T	0.023	0.163872	0.03583659	124.0256	1e-05	1e-05	8.299005e-06	6.286279e-06	1.667644e-05
5	5-171516499	175572340	9	T	C	0.017	0.1782765	0.03833428	124.3588	1e-05	1e-05	5.911117e-06	4.438735e-06	1.249953e-05
5	5-173854973	177885148	13	T	G	0.485	0.04875401	0.01044426	124.4341	1e-05	1e-05	5.475143e-06	4.103283e-06	1.171441e-05
5	5-191120336	196423589	40	T	C	0.085	0.09139621	0.01879333	125.2923	1e-05	1e-05	2.289696e-06	1.677981e-06	5.632763e-06
5	5-191312999	196630966	27	A	G	0.217	0.05717818	0.01242827	124.1445	1e-05	1e-05	7.352109e-06	5.551766e-06	1.504228e-05
5	5-191313000	196630967	27	C	A	0.217	0.05717818	0.01242827	124.1445	1e-05	1e-05	7.352109e-06	5.551766e-06	1.504228e-05
5	5-202730400	208118483	21	T	C	0.013	-0.2501118	0.05237731	124.9018	1e-05	1e-05	3.403437e-06	2.519719e-06	7.847224e-06
5	5-205801596	211368832	5	A	C	0.061	0.09258601	0.02019308	124.0778	1e-05	1e-05	7.868544e-06	5.952087e-06	1.593677e-05
6	6-132444597	136400331	9	A	G	0.02	0.171915	0.03678997	124.4551	1e-05	1e-05	5.359309e-06	4.01427e-06	1.15044e-05
6	6-140142681	144015986	10	A	G	0.211	0.0582654	0.0123379	124.6706	1e-05	1e-05	4.304425e-06	3.206044e-06	9.560839e-06
6	6-140142707	144016012	8	G	A	0.232	0.05418383	0.01180425	124.0998	1e-05	1e-05	7.694101e-06	5.816788e-06	1.563552e-05
6	6-140144459	144017764	11	A	G	0.138	0.06664757	0.01442679	124.226	1e-05	1e-05	6.766105e-06	5.09839e-06	1.401711e-05
6	6-140533989	144425027	25	G	A	0.116	0.07905087	0.01629025	125.2451	1e-05	1e-05	2.402041e-06	1.762482e-06	5.862344e-06
6	6-140534030	144425068	26	C	T	0.124	0.07529016	0.01591304	124.7094	1e-05	1e-05	4.138069e-06	3.07902e-06	9.248607e-06
6	6-140534035	144425073	26	T	C	0.132	0.0736139	0.01534923	124.9933	1e-05	1e-05	3.101476e-06	2.290689e-06	7.259001e-06
6	6-140887281	144786331	15	A	G	0.179	0.06031101	0.01314193	124.0956	1e-05	1e-05	7.727399e-06	5.842608e-06	1.569309e-05
6	6-141584167	145509274	7	T	C	0.047	0.1344521	0.02593348	126.7649	1e-05	1e-05	5.157976e-07	3.637544e-07	1.65137e-06
6	6-141618789	145543894	17	C	T	0.198	0.06261166	0.01330977	124.5909	1e-05	1e-05	4.667613e-06	3.483793e-06	1.023674e-05
6	6-141705918	145632735	13	T	G	0.091	0.07822403	0.01704923	124.091	1e-05	1e-05	7.763631e-06	5.870707e-06	1.57557e-05
6	6-141706070	145632887	12	T	A	0.098	0.08026847	0.01680313	124.9097	1e-05	1e-05	3.376123e-06	2.49898e-06	7.794336e-06
6	6-141706215	145633032	23	T	A	0.096	0.08254337	0.01705738	125.1849	1e-05	1e-05	2.553099e-06	1.87626e-06	6.168544e-06
6	6-141747688	145674491	28	T	A	0.06	0.1192731	0.02628732	123.8752	1e-05	1e-05	9.673403e-06	7.356173e-06	1.900607e-05
6	6-141750357	145677160	19	C	T	0.055	0.1354109	0.02875935	124.6093	1e-05	1e-05	4.581153e-06	3.41762e-06	1.007653e-05
6	6-141770269	145697071	11	G	A	0.062	0.1190717	0.02355817	126.1596	1e-05	1e-05	9.511013e-07	6.814137e-07	2.722635e-06
6	6-141772847	145699772	41	A	G	0.094	0.1133919	0.01927219	130.2138	1e-05	1e-05	1.604628e-08	1.034373e-08	1.066025e-07
6	6-151856459	155801434	24	T	C	0.406	-0.06623861	0.01418914	124.4351	1e-05	1e-05	5.469319e-06	4.098807e-06	1.170387e-05
6	6-162299629	166296537	7	G	A	0.461	-0.04959394	0.01026064	125.1413	0.001898937	1e-05	2.620131e-06	1.963472e-06	6.40112e-06
6	6-162299810	166296718	10	T	C	0.495	0.04985481	0.01020807	125.0162	0.03183482	1e-05	2.08495e-06	2.236598e-06	7.118682e-06
8	8-14805215	15239029	33	A	G	0.011	0.3260972	0.06863629	124.7958	1e-05	1e-05	3.790114e-06	2.813762e-06	8.589686e-06
8	8-80024826	82106261	17	T	C	0.175	0.06554958	0.01389218	124.6531	1e-05	1e-05	4.381864e-06	3.265217e-06	9.705604e-06
8	8-138690521	143299922	19	A	G	0.018	0.1922551	0.04173498	124.1698	1e-05	1e-05	7.165129e-06	5.407001e-06	1.47164e-05
8	8-138690539	143299940	22	T	C	0.019	0.1918681	0.04176696	124.1151	1e-05	1e-05	7.575343e-06	5.724724e-06	1.542992e-05
8	8-144083349	148793367	13	C	A	0.038	0.1234007	0.02577337	124.9578	1e-05	1e-05	3.215029e-06	2.376752e-06	7.481134e-06
9	9-147636950	150378927	25	G	T	0.011	0.3308168	0.06884911	125.0331	1e-05	1e-05	2.978374e-06	2.197479e-06	7.01685e-06
10	10-7897032	7829958	30	T	C	0.014	0.2970986	0.06190517	125.0079	1e-05	1e-05	3.055618e-06	2.255955e-06	7.168962e-06
10	10-18851749	19175480	6	A	G	0.034	0.1240208	0.02729226	123.9043	1e-05	1e-05	9.390341e-06	7.135487e-06	1.852998e-05
10	10-49884017	51190355	30	T	C	0.011	0.3127824	0.06893407	123.8758	1e-05	1e-05	9.668052e-06	7.352e-06	1.899708e-05
10	10-100337047	100845288	37	C	A	0.017	-0.2744362	0.0565763	125.2365	1e-05	1e-05	2.42301e-06	1.778265e-06	5.905015e-06
10	10-100337048	100845289	37	C	T	0.02	-0.2346351	0.04596125	126.394	1e-05	1e-05	7.503556e-07	5.343138e-07	2.241781e-06
10	10-100337050	100845291	34	T	C	0.023	-0.2163435	0.04390651	125.5804	1e-05	1e-05	1.70971e-06	1.243562e-06	4.418006e-06
10	10-116766596	117831404	23	T	C	0.324	-0.07061285	0.01374968	126.536	1e-05	1e-05	6.499825e-07	4.611287e-07	1.993593e-06
10	10-128675905	129744490	30	A	G	0.033	0.1296049	0.02839251	123.9916	1e-05	1e-05	8.59156e-06	6.513662e-06	1.717627e-05
