chr	rs	ps	n_miss	allele1	allele0	af	beta	se	logl_H1	l_remle	l_mle	p_wald	p_lrt	p_score
1	1-928486	960920	10	A	G	0.049	0.8074081	0.168376	-227.1733	1e+05	1e+05	3.000395e-06	2.254485e-06	6.735566e-06
1	1-3518852	3621792	33	A	G	0.068	0.524725	0.10771	-227.4107	1.814003	1e+05	2.121253e-06	2.886983e-06	8.265478e-06
1	1-3701725	3805102	18	A	G	0.063	0.4823344	0.1052872	-228.5872	1.836819	1e+05	7.761409e-06	9.866388e-06	2.313217e-05
1	1-3701827	3805204	17	G	A	0.063	0.4799969	0.1044259	-228.4605	1.936516	1e+05	7.256395e-06	8.640351e-06	2.067943e-05
1	1-3706735	3810112	17	A	G	0.053	0.6954379	0.1106148	-220.2257	1.989723	1e+05	1.729958e-09	1.726483e-09	2.472643e-08
1	1-4113055	4220759	21	T	G	0.318	0.2836015	0.06039774	-228.0772	1.934635	1e+05	4.689222e-06	5.787555e-06	1.476209e-05
1	1-4463290	4560981	10	G	C	0.086	0.4710978	0.09873371	-227.2791	1e+05	1e+05	3.341024e-06	2.516967e-06	7.377699e-06
1	1-4755700	4904522	34	T	G	0.026	0.7795036	0.1690745	-228.0537	3.518921	1e+05	6.828403e-06	5.647187e-06	1.446135e-05
1	1-4927850	5048805	6	A	G	0.023	0.723281	0.159668	-228.4362	3.122393	1e+05	9.695913e-06	8.423808e-06	2.024133e-05
1	1-5026388	5146496	44	A	G	0.031	0.7897414	0.1658599	-227.6202	2.284158	1e+05	3.493024e-06	3.59169e-06	9.909901e-06
1	1-5336121	5428585	12	A	C	0.085	0.4286787	0.09339034	-228.0016	12.03696	1e+05	7.4606e-06	5.347899e-06	1.381642e-05
1	1-5339818	5432282	11	C	T	0.094	0.4480407	0.08956498	-226.2379	1e+05	1e+05	1.160745e-06	8.523574e-07	3.034347e-06
1	1-5339911	5432375	13	T	C	0.095	0.4167347	0.08832284	-227.5127	1e+05	1e+05	4.237631e-06	3.210816e-06	9.027993e-06
1	1-5340165	5432629	16	T	G	0.118	0.3988852	0.0868937	-228.0664	1e+05	1e+05	7.450362e-06	5.722468e-06	1.462277e-05
1	1-5535312	5613847	30	C	A	0.026	0.7872612	0.1676738	-227.8135	2.604969	1e+05	4.696916e-06	4.394415e-06	1.172431e-05
1	1-5559833	5638769	10	T	G	0.03	0.7458729	0.1597411	-228.1389	1.99187	1e+05	5.269344e-06	6.172819e-06	1.558216e-05
1	1-5575880	5654812	18	T	C	0.022	0.807765	0.1782534	-228.4497	2.927409	1e+05	9.626924e-06	8.543817e-06	2.048432e-05
1	1-5575895	5654827	20	T	C	0.025	0.8190083	0.172397	-227.5065	2.935743	1e+05	3.666166e-06	3.1903e-06	8.980049e-06
1	1-5575955	5654887	20	A	C	0.022	0.8246893	0.1779551	-228.0504	2.711197	1e+05	6.149611e-06	5.627539e-06	1.441916e-05
1	1-5576025	5654957	27	G	A	0.025	0.9533473	0.1661209	-222.6648	1e+05	1e+05	3.150802e-08	2.119364e-08	1.635746e-07
1	1-7394884	7398162	16	A	G	0.06	0.658926	0.1224216	-224.4411	1e+05	1e+05	1.885781e-07	1.324982e-07	6.821303e-07
1	1-8727250	8758810	16	T	C	0.019	0.8488909	0.1693226	-226.1872	1e+05	1e+05	1.102525e-06	8.085969e-07	2.907039e-06
1	1-8727311	8758871	36	A	G	0.021	0.8375787	0.1696797	-226.5402	1e+05	1e+05	1.577201e-06	1.166804e-06	3.920028e-06
1	1-8727357	8758917	30	T	C	0.021	0.8370455	0.1696732	-226.5536	1e+05	1e+05	1.598818e-06	1.183186e-06	3.964975e-06
1	1-8727516	8759076	19	A	G	0.022	0.7523349	0.1640512	-228.0857	1e+05	1e+05	7.598967e-06	5.839387e-06	1.487287e-05
1	1-8735440	8773610	18	C	G	0.024	0.8207884	0.1571323	-225.2048	1e+05	1e+05	4.078543e-07	2.919903e-07	1.278542e-06
1	1-13388868	13609337	7	T	C	0.039	0.666094	0.1395716	-227.4259	3.069792	1e+05	3.325707e-06	2.933083e-06	8.374802e-06
1	1-28078894	28234895	8	A	C	0.03	0.7822719	0.1683393	-228.3686	1.712374	1e+05	5.813981e-06	7.848369e-06	1.906927e-05
1	1-33321684	33646593	24	C	T	0.013	1.153598	0.235178	-226.6808	1e+05	1e+05	1.81911e-06	1.350425e-06	4.418175e-06
1	1-37781800	38160466	17	T	C	0.07	0.5009191	0.1018313	-227.1738	1.842393	1e+05	1.706608e-06	2.255629e-06	6.73839e-06
1	1-64082045	64913299	37	A	G	0.064	0.5868258	0.1231952	-227.2729	6.643635	1e+05	3.463576e-06	2.500802e-06	7.33847e-06
1	1-64671017	65563730	25	T	A	0.013	1.451747	0.3106748	-227.7109	1e+05	1e+05	5.185541e-06	3.948237e-06	1.072264e-05
1	1-71553267	72840273	23	A	G	0.015	1.080426	0.2273719	-227.3655	1e+05	1e+05	3.648335e-06	2.754331e-06	7.949368e-06
1	1-85944534	87782704	30	T	C	0.021	1.077254	0.2222517	-226.8877	11.93453	1e+05	2.37342e-06	1.674623e-06	5.271677e-06
1	1-101754883	104087257	21	C	T	0.017	1.209923	0.2650373	-228.1749	1e+05	1e+05	8.32268e-06	6.409562e-06	1.608239e-05
1	1-118145686	119920710	6	T	C	0.011	1.662715	0.3078635	-224.3516	1e+05	1e+05	1.722899e-07	1.207881e-07	6.340661e-07
1	1-118149755	119924778	34	T	C	0.013	1.151858	0.2390235	-227.0677	1e+05	1e+05	2.694933e-06	2.019712e-06	6.151136e-06
1	1-120161858	121971490	41	G	A	0.014	1.22306	0.2388933	-225.6944	1e+05	1e+05	6.692729e-07	4.849411e-07	1.921662e-06
1	1-128068091	130379673	6	T	C	0.069	0.6614912	0.1254345	-225.0345	3.038104	1e+05	3.204395e-07	2.447845e-07	1.110529e-06
1	1-128895264	131187100	23	T	C	0.017	0.8883345	0.1833296	-226.9491	1e+05	1e+05	2.389014e-06	1.785231e-06	5.556483e-06
1	1-132206245	134549741	7	G	C	0.014	0.987342	0.2178584	-228.3155	1e+05	1e+05	9.606936e-06	7.424236e-06	1.819762e-05
1	1-135762437	137917604	29	C	T	0.01	1.422121	0.3103003	-228.0983	1e+05	1e+05	7.696675e-06	5.916293e-06	1.503698e-05
1	1-141052886	143289683	33	A	G	0.018	0.8881042	0.1950973	-228.2302	1e+05	1e+05	8.806294e-06	6.791247e-06	1.688333e-05
1	1-141675140	143897918	25	T	C	0.013	1.298824	0.2627024	-226.5045	1e+05	1e+05	1.521059e-06	1.124283e-06	3.802873e-06
1	1-143383794	145574974	7	A	G	0.035	0.7984211	0.1679124	-227.3515	1e+05	1e+05	3.596589e-06	2.714328e-06	7.853581e-06
1	1-143462081	145655596	11	C	A	0.023	1.012135	0.1965652	-225.5565	1e+05	1e+05	5.821041e-07	4.203544e-07	1.712684e-06
1	1-143462098	145655613	11	C	T	0.021	1.115607	0.2214831	-226.0787	1e+05	1e+05	9.87773e-07	7.225094e-07	2.653048e-06
1	1-143489782	145683141	7	A	G	0.039	0.6888038	0.1460173	-227.4554	6.430437	1e+05	4.257246e-06	3.02469e-06	8.591262e-06
1	1-146091129	148320112	5	A	G	0.139	0.4548149	0.09608107	-227.9072	2.151632	1e+05	3.956995e-06	4.84593e-06	1.27226e-05
1	1-146878036	148473400	15	A	C	0.031	0.8402529	0.1835008	-228.1155	1e+05	1e+05	7.833331e-06	6.023893e-06	1.526606e-05
1	1-146887680	148483044	7	T	C	0.03	0.9573932	0.2024226	-227.4628	1e+05	1e+05	4.028037e-06	3.048272e-06	8.646819e-06
1	1-147173626	148808904	17	C	A	0.048	0.5513906	0.1181237	-227.7325	1e+05	1e+05	5.300964e-06	4.038265e-06	1.092606e-05
1	1-147196920	148810908	16	A	G	0.048	0.5475383	0.1175318	-228.0935	2.290776	1e+05	5.522678e-06	5.886791e-06	1.497406e-05
1	1-163257866	164872356	7	A	G	0.016	1.193697	0.2621796	-228.2266	1e+05	1e+05	8.77332e-06	6.765206e-06	1.68289e-05
1	1-165492183	167177370	26	A	G	0.028	1.095901	0.1906206	-222.6125	1e+05	1e+05	2.989352e-08	2.008187e-08	1.569456e-07
1	1-165492201	167177388	28	A	G	0.033	0.8621707	0.1759405	-226.7027	1e+05	1e+05	1.860105e-06	1.381603e-06	4.501606e-06
1	1-176115622	178015555	22	A	G	0.017	0.8994589	0.1852753	-226.9081	1e+05	1e+05	2.291496e-06	1.710633e-06	5.364724e-06
1	1-176115627	178015560	25	A	G	0.018	0.9012267	0.185237	-226.8608	1e+05	1e+05	2.183931e-06	1.628439e-06	5.151863e-06
1	1-181661510	183613122	28	T	C	0.018	0.9168571	0.1993119	-228.0733	4.129874	1e+05	7.143564e-06	5.764298e-06	1.471233e-05
1	1-187337603	189474588	28	T	C	0.038	0.7357962	0.1547851	-227.3573	1e+05	1e+05	3.617968e-06	2.730853e-06	7.893178e-06
1	1-195156564	197472566	29	G	A	0.387	0.282214	0.059263	-227.4606	3.210362	1e+05	3.484172e-06	3.041116e-06	8.629968e-06
1	1-195180075	197495118	8	T	C	0.225	0.301686	0.06178853	-226.8851	3.295103	1e+05	2.01807e-06	1.670164e-06	5.260131e-06
1	1-195910231	198258969	24	A	T	0.448	-0.2691073	0.05892034	-228.1052	10.21704	1e+05	8.243263e-06	5.959199e-06	1.51284e-05
1	1-196751739	199154523	21	A	G	0.064	-0.6430454	0.1407798	-228.1637	1e+05	1e+05	8.22783e-06	6.334765e-06	1.592464e-05
1	1-197082068	199495521	38	A	T	0.056	-0.7778459	0.1667224	-227.7429	1e+05	1e+05	5.357385e-06	4.082289e-06	1.102529e-05
1	1-197128270	199541719	37	T	C	0.059	-0.7844107	0.1715216	-228.1401	1e+05	1e+05	8.032715e-06	6.180965e-06	1.559942e-05
1	1-197216560	199640707	40	T	C	0.054	-0.8651794	0.1855438	-227.7541	1e+05	1e+05	5.418785e-06	4.130211e-06	1.113312e-05
1	1-197307186	199721521	19	A	G	0.051	-0.8324324	0.1702703	-226.7545	1e+05	1e+05	1.960442e-06	1.457981e-06	4.704704e-06
1	1-197307716	199722051	11	T	C	0.047	-0.774818	0.1668715	-227.8396	1e+05	1e+05	5.911983e-06	4.51561e-06	1.199371e-05
1	1-197308879	199723214	19	C	T	0.051	-0.7604575	0.1643356	-227.9075	1e+05	1e+05	6.33599e-06	4.847563e-06	1.272619e-05
1	1-197427611	199835753	32	A	G	0.089	-0.496345	0.1086697	-228.1648	1e+05	1e+05	8.237666e-06	6.34252e-06	1.594101e-05
1	1-197427632	199835774	33	A	G	0.06	-0.7155668	0.148245	-227.0325	1e+05	1e+05	2.600079e-06	1.946936e-06	5.96782e-06
1	1-197570697	199986323	24	G	C	0.343	0.3324557	0.07037871	-227.4468	6.811065	1e+05	4.134941e-06	2.997818e-06	8.527873e-06
1	1-197615512	200031138	23	G	A	0.075	-0.5808444	0.1253384	-227.8784	1e+05	1e+05	6.150787e-06	4.702501e-06	1.240704e-05
1	1-198253926	200676703	22	A	C	0.099	0.4258007	0.09152456	-227.8002	1e+05	1e+05	5.679225e-06	4.333626e-06	1.158877e-05
1	1-198570089	201011065	30	C	A	0.052	-0.7994833	0.1691571	-227.4778	1e+05	1e+05	4.089677e-06	3.096054e-06	8.759188e-06
1	1-198766062	201189140	19	G	T	0.054	-0.8028089	0.1693588	-227.4162	1e+05	1e+05	3.841437e-06	2.90373e-06	8.305224e-06
1	1-198949489	201380692	28	T	C	0.01	1.151259	0.2524134	-228.1923	1e+05	1e+05	8.472286e-06	6.52758e-06	1.633076e-05
1	1-206429365	209210977	6	T	C	0.103	0.4082664	0.08796719	-227.8486	1e+05	1e+05	5.966457e-06	4.558227e-06	1.208818e-05
1	1-230187163	233661125	12	A	G	0.083	0.4679062	0.09925657	-229.102	0.9541971	1e+05	4.31781e-06	1.692297e-05	3.657668e-05
1	1-231336828	234840273	20	A	C	0.262	0.2837728	0.06258394	-228.5225	2.437195	1e+05	9.514239e-06	9.220051e-06	2.18448e-05
1	1-231592201	235171025	10	G	C	0.019	0.8536579	0.173974	-226.6736	1e+05	1e+05	1.805802e-06	1.340307e-06	4.391032e-06
1	1-232351479	235882866	38	C	T	0.03	0.8068482	0.1718696	-228.0218	1.983623	1e+05	4.710669e-06	5.461995e-06	1.406289e-05
1	1-234964483	238327673	26	A	C	0.013	1.439883	0.3021179	-227.3031	1e+05	1e+05	3.423614e-06	2.580708e-06	7.532011e-06
1	1-236470981	239897841	39	C	T	0.038	0.6366132	0.1323578	-227.1088	1e+05	1e+05	2.809817e-06	2.107938e-06	6.371965e-06
1	1-243545009	247130260	25	G	A	0.015	0.9401108	0.2041462	-227.9792	6.013531	1e+05	6.989687e-06	5.224198e-06	1.354833e-05
1	1-243544997	247130272	26	A	G	0.015	0.9394016	0.2041751	-227.9965	6.038135	1e+05	7.117123e-06	5.319482e-06	1.375492e-05
1	1-244093407	247698923	7	C	T	0.03	0.6965424	0.1370435	-225.8672	1e+05	1e+05	7.972281e-07	5.801119e-07	2.220859e-06
1	1-244093419	247698935	10	G	T	0.023	0.7536722	0.1617721	-227.7718	1e+05	1e+05	5.517522e-06	4.207302e-06	1.130619e-05
1	1-244523936	248101746	41	T	C	0.014	1.546007	0.3110701	-226.3366	7.741373	1e+05	1.349534e-06	9.442967e-07	3.298275e-06
1	1-248657486	252529533	27	C	A	0.401	-0.2523503	0.0556682	-229.0547	1.605603	1e+05	9.562181e-06	1.610302e-05	3.506033e-05
1	1-253857835	258068267	23	A	G	0.132	0.3826905	0.08270233	-228.1131	2.855752	1e+05	6.339908e-06	6.008815e-06	1.5234e-05
1	1-253857900	258068332	31	T	C	0.127	0.384705	0.08413027	-228.3184	3.012163	1e+05	8.050861e-06	7.447169e-06	1.824493e-05
1	1-253857976	258068408	32	A	C	0.109	0.4702371	0.08603352	-224.0336	1e+05	1e+05	1.250231e-07	8.696909e-08	4.896118e-07
1	1-254209156	258419274	30	A	G	0.121	0.41382	0.08711022	-227.5464	2.834675	1e+05	3.669102e-06	3.325673e-06	9.295548e-06
1	1-254593320	259040293	14	G	T	0.069	-0.4864555	0.1070485	-228.8091	1.876379	1e+05	9.11169e-06	1.244697e-05	2.816429e-05
1	1-256132531	260620625	34	C	G	0.013	1.108807	0.2189745	-225.9554	1e+05	1e+05	8.71761e-07	6.357232e-07	2.391628e-06
1	1-260774311	265308367	38	G	C	0.013	1.395499	0.2552274	-224.0242	1e+05	1e+05	1.238348e-07	8.612244e-08	4.858662e-07
1	1-260774327	265308383	37	T	G	0.013	1.453167	0.2537701	-222.7289	1e+05	1e+05	3.36044e-08	2.263931e-08	1.720832e-07
1	1-268743060	273410307	41	A	G	0.022	1.085654	0.1988977	-224.07	1e+05	1e+05	1.296868e-07	9.029369e-08	5.042503e-07
1	1-274133438	278903705	32	G	A	0.036	0.6879724	0.1492929	-227.9904	1e+05	1e+05	6.894797e-06	5.285863e-06	1.368209e-05
1	1-274303923	279077142	8	A	G	0.019	0.9338329	0.2051146	-228.3434	3.515805	1e+05	8.782284e-06	7.644174e-06	1.865048e-05
1	1-275058274	279882948	6	A	G	0.067	0.5766981	0.1068885	-224.3195	12.49006	1e+05	1.770086e-07	1.168498e-07	6.177e-07
1	1-278837084	283826225	36	C	T	0.109	-0.4576714	0.09979576	-228.0853	1e+05	1e+05	7.595456e-06	5.836625e-06	1.486697e-05
1	1-278837102	283826243	34	T	C	0.108	-0.4589312	0.09957624	-227.9877	1e+05	1e+05	6.875639e-06	5.270821e-06	1.364948e-05
1	1-279164631	284154585	11	T	C	0.073	0.6385386	0.1198947	-224.7152	1e+05	1e+05	2.486919e-07	1.759152e-07	8.537942e-07
1	1-279184747	284174921	5	T	C	0.196	0.2945089	0.06482428	-228.2454	47.95459	1e+05	9.153869e-06	6.899559e-06	1.710942e-05
1	1-284094599	289143365	31	A	C	0.01	1.643182	0.336069	-226.7521	1e+05	1e+05	1.955669e-06	1.454346e-06	4.695078e-06
1	1-286782939	291867093	22	G	T	0.059	0.566308	0.1212366	-228.3959	1.582057	1e+05	5.226726e-06	8.076159e-06	1.953464e-05
1	1-287674831	292785587	31	C	T	0.021	1.27917	0.2503563	-226.1967	2.064422	1e+05	7.02662e-07	8.166754e-07	2.930628e-06
1	1-288941512	294264334	39	T	C	0.049	0.6148075	0.1254193	-226.6952	1e+05	1e+05	1.845965e-06	1.370846e-06	4.472858e-06
1	1-292130336	297572527	9	A	G	0.014	1.301084	0.2829321	-228.0318	1e+05	1e+05	7.191877e-06	5.519229e-06	1.418624e-05
1	1-298861484	304302576	11	T	A	0.225	0.3202686	0.0636541	-226.692	1.632726	1e+05	1.01396e-06	1.366296e-06	4.460686e-06
1	1-298862868	304303960	20	C	T	0.206	0.3410924	0.0668213	-227.4583	0.9455204	1e+05	7.189622e-07	3.033901e-06	8.612972e-06
1	1-298862992	304304084	21	A	C	0.224	0.3074005	0.06510625	-228.3599	1.434732	1e+05	4.177401e-06	7.777306e-06	1.89237e-05
1	1-298865581	304306667	9	C	T	0.186	0.3316567	0.06774986	-227.0289	2.062158	1e+05	1.903604e-06	1.939737e-06	5.949626e-06
1	1-298901581	304364105	19	A	C	0.159	0.3655319	0.07222115	-227.3461	1.07501	1e+05	8.814333e-07	2.699065e-06	7.816978e-06
1	1-298972082	304402702	21	C	G	0.16	0.3505462	0.07681475	-230.2143	0.7322142	1e+05	8.379972e-06	5.455174e-05	0.0001001822
1	1-298934763	304440041	21	A	G	0.195	0.3720196	0.07817853	-228.4834	1.059166	1e+05	3.538883e-06	8.850007e-06	2.110213e-05
1	1-298923147	304451017	4	C	T	0.114	0.5303503	0.1142331	-228.1275	2.090359	1e+05	5.924981e-06	6.099773e-06	1.542726e-05
1	1-298997493	304459975	30	T	C	0.206	0.3796099	0.07794751	-228.5949	0.8401612	1e+05	2.136555e-06	9.945954e-06	2.328982e-05
1	1-298997715	304460197	19	G	A	0.09	0.4981498	0.1097029	-229.4675	1.139876	1e+05	9.245186e-06	2.484076e-05	5.079244e-05
1	1-299027613	304490090	14	G	A	0.095	0.5978376	0.1244918	-227.3496	2.30902	1e+05	2.907573e-06	2.708981e-06	7.840763e-06
1	1-299040460	304502935	15	A	G	0.208	0.3098435	0.06516064	-229.0663	0.8553734	1e+05	3.595195e-06	1.630125e-05	3.542784e-05
1	1-299057845	304520317	29	A	C	0.023	0.779381	0.1688581	-227.9586	1e+05	1e+05	6.675e-06	5.113359e-06	1.330732e-05
2	2-2824033	2815717	19	T	G	0.017	0.9126579	0.1999004	-228.2619	3.649345	1e+05	8.306053e-06	7.01971e-06	1.735963e-05
2	2-4896849	4862551	18	T	C	0.019	0.8508431	0.1831217	-227.813	5.444072	1e+05	5.831152e-06	4.392188e-06	1.171935e-05
2	2-4897023	4862725	10	G	A	0.091	0.4749444	0.09282177	-226.2568	1.783561	1e+05	6.786972e-07	8.691828e-07	3.082995e-06
2	2-7050519	6820785	27	G	A	0.076	0.5412542	0.09747916	-224.0436	1.915547	1e+05	8.110308e-08	8.786768e-08	4.935792e-07
2	2-7050300	6821004	21	T	C	0.084	0.4398737	0.09375981	-228.3201	1.512157	1e+05	4.774768e-06	7.460227e-06	1.827186e-05
2	2-6988934	6881249	17	C	T	0.063	0.4833074	0.1029243	-227.7761	2.772622	1e+05	4.685249e-06	4.226406e-06	1.134901e-05
2	2-6988856	6881327	33	T	C	0.068	0.4720464	0.1038852	-228.4587	2.637276	1e+05	9.124717e-06	8.624217e-06	2.064684e-05
2	2-6988730	6881453	42	C	T	0.077	0.4862505	0.1046371	-228.1209	2.240828	1e+05	5.813341e-06	6.057795e-06	1.533812e-05
2	2-6988354	6881829	11	T	C	0.075	0.4296534	0.09447826	-228.2896	3.781838	1e+05	8.978679e-06	7.226147e-06	1.778811e-05
2	2-6988341	6881842	16	A	G	0.077	0.4372775	0.09429222	-227.9388	3.415162	1e+05	6.063139e-06	5.008428e-06	1.307845e-05
2	2-6988296	6881887	17	A	G	0.072	0.5044846	0.09627898	-225.2473	3.075391	1e+05	3.77157e-07	3.051269e-07	1.324373e-06
2	2-6988278	6881905	15	C	T	0.074	0.4505285	0.09637557	-227.7824	3.341473	1e+05	5.143606e-06	4.253876e-06	1.141052e-05
2	2-6988272	6881911	16	G	A	0.072	0.4480533	0.0955608	-227.6612	4.059912	1e+05	4.834979e-06	3.748568e-06	1.026894e-05
2	2-6988019	6882164	18	C	T	0.073	0.4743463	0.1009452	-227.748	2.846747	1e+05	4.617227e-06	4.104196e-06	1.107461e-05
2	2-8870500	9048463	21	C	A	0.224	0.2978488	0.0653392	-228.3082	3.243165	1e+05	8.565152e-06	7.368427e-06	1.808241e-05
2	2-11992024	12275869	30	C	T	0.028	0.9477764	0.1789802	-225.4901	1.69075	1e+05	2.882936e-07	3.923843e-07	1.620428e-06
2	2-11992112	12275957	21	T	C	0.022	1.035412	0.1966543	-225.3786	2.117421	1e+05	3.338066e-07	3.495591e-07	1.476816e-06
2	2-12457778	12758156	23	T	C	0.254	0.2788479	0.06154151	-228.2852	5.483019	1e+05	9.647849e-06	7.193341e-06	1.772014e-05
2	2-14588789	15033125	24	A	C	0.022	0.9446428	0.1971935	-227.1948	1e+05	1e+05	3.066502e-06	2.305372e-06	6.860936e-06
2	2-14589398	15033734	2	A	G	0.011	1.373525	0.2999011	-228.1116	1e+05	1e+05	7.802195e-06	5.999374e-06	1.521391e-05
2	2-66705179	67881792	35	C	T	0.013	1.020796	0.2227191	-228.097	1e+05	1e+05	7.687052e-06	5.908717e-06	1.502082e-05
2	2-67927547	69136366	18	T	C	0.056	0.5803439	0.1265335	-228.0836	1e+05	1e+05	7.582093e-06	5.826109e-06	1.48445e-05
2	2-75616419	77036709	23	T	C	0.012	1.422357	0.3056598	-227.7954	1e+05	1e+05	5.65203e-06	4.312375e-06	1.154132e-05
2	2-81100797	82568922	11	C	T	0.07	0.6308591	0.1365011	-227.9326	1e+05	1e+05	6.500203e-06	4.97627e-06	1.300816e-05
2	2-83964619	85511162	41	T	A	0.011	1.043699	0.2294744	-228.2468	1e+05	1e+05	8.956445e-06	6.909855e-06	1.713089e-05
2	2-88456811	90183544	19	A	G	0.012	1.12658	0.2374927	-227.4015	1e+05	1e+05	3.784168e-06	2.859402e-06	8.199942e-06
2	2-96877659	99022066	6	C	T	0.014	1.189773	0.2446361	-226.8319	6.298656	1e+05	2.202162e-06	1.580191e-06	5.026104e-06
2	2-99413581	101568743	32	A	C	0.01	1.276853	0.2782003	-228.0698	1e+05	1e+05	7.476681e-06	5.743171e-06	1.466711e-05
2	2-104993437	107246343	34	A	C	0.013	1.399698	0.2930184	-227.255	1e+05	1e+05	3.260402e-06	2.45478e-06	7.22656e-06
2	2-106668020	109042668	38	T	C	0.022	0.9343034	0.2058985	-228.2915	1e+05	1e+05	9.374631e-06	7.24044e-06	1.781771e-05
2	2-112258113	114882548	18	T	C	0.012	1.236608	0.2585163	-227.2256	1e+05	1e+05	3.164125e-06	2.380567e-06	7.045401e-06
2	2-113770495	116424597	35	A	G	0.021	0.9156754	0.1894643	-227.0054	1e+05	1e+05	2.529664e-06	1.892951e-06	5.831129e-06
2	2-140713131	144828361	19	T	C	0.017	1.265606	0.2700519	-227.7842	3.164449	1e+05	4.881242e-06	4.262176e-06	1.14291e-05
2	2-144397075	148253398	18	T	C	0.017	1.07188	0.2346757	-228.1647	1e+05	1e+05	8.236489e-06	6.341592e-06	1.593905e-05
2	2-175919317	180511618	42	T	C	0.019	1.031447	0.2176997	-227.4266	1e+05	1e+05	3.882023e-06	2.935154e-06	8.379708e-06
2	2-180840956	185611836	33	T	C	0.016	1.001255	0.2054431	-226.7955	6.143066	1e+05	2.102028e-06	1.521575e-06	4.872476e-06
2	2-195151081	200418761	33	A	T	0.141	0.39875	0.08199644	-226.8709	1e+05	1e+05	2.206439e-06	1.64563e-06	5.196525e-06
2	2-204071931	209981632	32	A	G	0.023	0.9127331	0.1887972	-226.9988	1e+05	1e+05	2.51256e-06	1.879844e-06	5.797848e-06
2	2-212864485	218992712	41	A	G	0.068	0.6186889	0.12293	-226.0978	1e+05	1e+05	1.00703e-06	7.369399e-07	2.695972e-06
2	2-220735001	226844360	45	A	G	0.103	0.5234254	0.1142385	-228.3564	2.485867	1e+05	7.736548e-06	7.749089e-06	1.886585e-05
3	3-1288512	555420	33	C	T	0.047	-0.9560138	0.2042104	-227.6734	1e+05	1e+05	4.990994e-06	3.796604e-06	1.037841e-05
3	3-1302280	568736	18	C	T	0.044	-0.9800555	0.2043101	-227.1661	1e+05	1e+05	2.978338e-06	2.237512e-06	6.693651e-06
3	3-1324268	589997	6	T	C	0.039	-1.066833	0.2141471	-226.3325	1e+05	1e+05	1.27759e-06	9.403423e-07	3.287016e-06
3	3-1337367	603398	10	A	G	0.044	-0.8923323	0.1943417	-228.0618	1e+05	1e+05	7.415662e-06	5.695174e-06	1.456428e-05
3	3-1344048	610078	20	T	C	0.049	-0.9173005	0.1888271	-226.8939	1e+05	1e+05	2.258641e-06	1.685518e-06	5.299862e-06
3	3-1460001	746096	39	T	C	0.059	-0.6430005	0.1368511	-227.555	23.77059	1e+05	4.627605e-06	3.355655e-06	9.365155e-06
3	3-1470568	756541	38	T	G	0.054	-0.8193605	0.1790914	-228.1322	1e+05	1e+05	7.968289e-06	6.130201e-06	1.549182e-05
3	3-1477110	763076	17	A	G	0.048	-0.8252177	0.1799079	-228.0818	1e+05	1e+05	7.568635e-06	5.815519e-06	1.482187e-05
3	3-1478034	764000	19	T	G	0.039	-0.9438637	0.2054529	-228.0511	1e+05	1e+05	7.33509e-06	5.631811e-06	1.442834e-05
3	3-1478042	764008	19	T	C	0.039	-0.9310723	0.2040993	-228.1887	1e+05	1e+05	8.440965e-06	6.502869e-06	1.627881e-05
3	3-1629806	917546	8	C	G	0.044	-0.8908124	0.1946773	-228.1291	1e+05	1e+05	7.942399e-06	6.109804e-06	1.544855e-05
3	3-7613599	6777734	26	T	C	0.015	1.014083	0.2177941	-227.7734	5.062747	1e+05	5.583724e-06	4.214437e-06	1.132219e-05
3	3-7672157	6823644	16	C	T	0.012	1.229664	0.2201665	-223.4414	1e+05	1e+05	6.883375e-08	4.719134e-08	3.036703e-07
3	3-7935542	7081586	19	T	C	0.015	1.250895	0.2348141	-224.6985	5.160254	1e+05	2.470665e-07	1.728934e-07	8.421342e-07
3	3-11656725	10953169	4	G	C	0.057	0.5068207	0.1074256	-228.758	1.162404	1e+05	4.245876e-06	1.179904e-05	2.691551e-05
3	3-14965000	14248120	17	G	T	0.017	1.016202	0.22057	-227.9232	6.676592	1e+05	6.926478e-06	4.927426e-06	1.290128e-05
3	3-26575777	26093301	21	A	G	0.015	1.037883	0.1899103	-224.0367	1e+05	1e+05	1.25409e-07	8.724409e-08	4.908268e-07
3	3-26575812	26093336	21	A	G	0.017	0.8459845	0.1794741	-227.4842	23.25777	1e+05	4.325961e-06	3.116846e-06	8.808e-06
3	3-26591883	26109689	36	T	A	0.024	1.014289	0.2191014	-227.8995	1e+05	1e+05	6.284653e-06	4.807342e-06	1.263784e-05
3	3-27326526	26866761	4	T	G	0.014	1.181799	0.2574538	-228.0671	1e+05	1e+05	7.455658e-06	5.726633e-06	1.463169e-05
3	3-41395992	40930646	5	C	G	0.032	1.077962	0.2319784	-227.8239	1e+05	1e+05	5.818483e-06	4.442485e-06	1.18313e-05
3	3-52739090	52639510	6	A	G	0.011	1.225515	0.2647791	-227.8488	9.252922	1e+05	6.308805e-06	4.559379e-06	1.209074e-05
3	3-60149271	60181709	34	A	G	0.021	0.8215327	0.1793622	-228.11	1e+05	1e+05	7.789499e-06	5.989375e-06	1.519264e-05
3	3-77977175	78216291	31	G	A	0.031	0.8752806	0.1929537	-228.2905	5.194056	1e+05	9.434454e-06	7.23286e-06	1.780201e-05
3	3-87643057	111642024	15	A	T	0.024	1.063565	0.2266012	-227.6112	5.25785	1e+05	4.731304e-06	3.558366e-06	9.833331e-06
3	3-124734414	125108167	24	C	T	0.055	0.6246788	0.1308028	-227.2599	1e+05	1e+05	3.276529e-06	2.467217e-06	7.256833e-06
3	3-132485268	133073739	5	A	G	0.258	-0.3706356	0.07436539	-226.2781	6.945818	1e+05	1.26459e-06	8.886842e-07	3.139181e-06
3	3-132609038	133218470	28	A	G	0.219	0.3356358	0.07392514	-228.2215	9.539812	1e+05	9.272692e-06	6.729692e-06	1.675461e-05
3	3-146051538	147165450	2	A	G	0.018	1.032926	0.2173943	-227.3673	1e+05	1e+05	3.654996e-06	2.759481e-06	7.961685e-06
3	3-149414535	150680929	29	T	C	0.021	1.104846	0.2410235	-228.0943	1e+05	1e+05	7.665541e-06	5.891785e-06	1.498471e-05
3	3-152221745	153571636	13	G	A	0.014	1.086461	0.2278526	-227.2929	1e+05	1e+05	3.388442e-06	2.553559e-06	7.466358e-06
3	3-158499701	160033885	34	G	A	0.024	0.986839	0.2116179	-227.7525	1e+05	1e+05	5.40998e-06	4.123338e-06	1.111767e-05
3	3-171362274	173972102	7	C	T	0.332	-0.2745802	0.05965649	-228.7714	1.643537	1e+05	7.06353e-06	1.196479e-05	2.723582e-05
3	3-171423799	174037144	6	A	G	0.461	0.2709071	0.05832547	-227.784	9.969178	1e+05	5.871854e-06	4.261282e-06	1.14271e-05
3	3-171423852	174037197	4	T	C	0.436	-0.2698045	0.05763418	-227.6277	8.719471	1e+05	4.995106e-06	3.619832e-06	9.974482e-06
3	3-171424052	174037397	21	C	T	0.438	-0.2604842	0.05610941	-227.8	7.67046	1e+05	5.932056e-06	4.33298e-06	1.158733e-05
3	3-171424083	174037428	28	C	A	0.457	-0.2651695	0.05748867	-227.9629	5.417424	1e+05	6.764716e-06	5.136257e-06	1.335717e-05
3	3-171424284	174037629	26	G	A	0.442	-0.2717183	0.05648668	-227.1025	5.454931	1e+05	2.803261e-06	2.094115e-06	6.337463e-06
3	3-171466261	174079606	20	T	C	0.463	-0.2536949	0.05532901	-228.0888	5.423206	1e+05	7.624537e-06	5.858147e-06	1.491293e-05
3	3-171466751	174080096	7	G	A	0.465	-0.259023	0.05561814	-227.864	3.794542	1e+05	5.558759e-06	4.632504e-06	1.225253e-05
3	3-171467941	174081286	6	A	G	0.5	0.249583	0.05491768	-228.2189	19.61879	1e+05	9.095075e-06	6.71123e-06	1.671597e-05
3	3-171468085	174081427	13	A	G	0.517	0.251727	0.0547312	-227.979	9.98014	1e+05	7.167968e-06	5.223374e-06	1.354654e-05
3	3-171468589	174081931	14	G	A	0.502	0.2608879	0.05501355	-227.3571	14.13189	1e+05	3.80781e-06	2.730222e-06	7.891666e-06
3	3-171469346	174082688	23	A	G	0.475	0.2567861	0.05567377	-228.0709	3.700671	1e+05	6.771137e-06	5.749603e-06	1.468088e-05
3	3-173057009	175448071	11	T	C	0.023	0.7426478	0.162622	-228.1397	6.153908	1e+05	8.26462e-06	6.178417e-06	1.559402e-05
3	3-176646511	179179467	40	T	A	0.046	0.6276251	0.1306196	-227.5516	2.039784	1e+05	2.871586e-06	3.34376e-06	9.33755e-06
3	3-178054782	180801245	7	A	G	0.023	0.8020928	0.1692325	-227.4368	4.601031	1e+05	3.853401e-06	2.966785e-06	8.454557e-06
3	3-180985523	183829632	18	G	A	0.177	0.332039	0.07301296	-228.2765	4.230064	1e+05	8.977541e-06	7.128149e-06	1.758493e-05
3	3-181546120	184400700	29	T	C	0.041	-1.134161	0.2332366	-226.8723	1e+05	1e+05	2.209568e-06	1.648021e-06	5.20273e-06
3	3-181926246	184794186	16	A	T	0.014	1.360922	0.3003918	-228.9102	1.788436	1e+05	9.671458e-06	1.383864e-05	3.081752e-05
3	3-182113073	184980513	34	G	C	0.034	0.6612486	0.1409596	-227.7423	3.24569	1e+05	4.784238e-06	4.079617e-06	1.101927e-05
3	3-182561083	185423190	15	C	A	0.031	0.6827772	0.1509423	-228.3675	4.673416	1e+05	9.971116e-06	7.839273e-06	1.905065e-05
3	3-182838062	185655965	40	A	G	0.076	-0.5772316	0.1264408	-228.1744	1e+05	1e+05	8.318104e-06	6.405953e-06	1.607479e-05
3	3-182973999	185920494	19	A	C	0.044	-0.9888713	0.1982361	-226.3024	1e+05	1e+05	1.239169e-06	9.113886e-07	3.204331e-06
3	3-185521540	188476635	24	T	C	0.013	1.076301	0.2156775	-226.2934	1e+05	1e+05	1.227843e-06	9.028579e-07	3.179885e-06
3	3-186205547	189080465	16	A	G	0.053	0.5754094	0.1254948	-228.2057	3.201255	1e+05	7.627138e-06	6.619443e-06	1.652364e-05
3	3-192053628	194965228	25	A	C	0.01	1.649274	0.3359807	-226.6644	1e+05	1e+05	1.789097e-06	1.32761e-06	4.356921e-06
3	3-196904788	199877064	46	T	C	0.065	-1.118789	0.2394557	-227.7138	1e+05	1e+05	5.200905e-06	3.960218e-06	1.074975e-05
3	3-199632010	202659404	9	G	C	0.051	-0.8151699	0.1771843	-228.0227	1e+05	1e+05	7.125584e-06	5.467134e-06	1.407397e-05
3	3-199632052	202659446	8	T	C	0.056	-0.8696476	0.1858857	-227.6869	1e+05	1e+05	5.060376e-06	3.850666e-06	1.050137e-05
3	3-200522940	203286136	29	A	T	0.026	0.7324024	0.1619045	-228.3949	4.068857	1e+05	9.960913e-06	8.06741e-06	1.95168e-05
3	3-200517272	203291576	17	G	A	0.017	0.90839	0.1983569	-228.0597	10.99086	1e+05	7.814262e-06	5.682873e-06	1.45379e-05
3	3-204196306	207384824	2	T	C	0.018	0.976915	0.2099034	-227.791	5.118662	1e+05	5.634144e-06	4.292444e-06	1.149679e-05
3	3-208952426	212475124	39	G	A	0.016	0.9073502	0.193358	-227.6251	1e+05	1e+05	4.751548e-06	3.610172e-06	9.952321e-06
3	3-209336888	212849053	25	T	C	0.033	0.9114136	0.1734066	-225.0506	1e+05	1e+05	3.489813e-07	2.488975e-07	1.125394e-06
3	3-212049696	215637923	4	A	G	0.175	0.5295409	0.1040505	-227.0459	1.106578	1e+05	7.727164e-07	1.974389e-06	6.037099e-06
3	3-212049697	215637924	4	G	A	0.175	0.5295409	0.1040505	-227.0459	1.106578	1e+05	7.727164e-07	1.974389e-06	6.037099e-06
3	3-212049704	215637931	4	G	A	0.173	0.5362285	0.1067322	-227.2872	1.147194	1e+05	1.049303e-06	2.538433e-06	7.429733e-06
3	3-212049725	215637952	4	G	T	0.173	0.5448985	0.1094356	-227.3696	1.237656	1e+05	1.293121e-06	2.76586e-06	7.976936e-06
3	3-212049739	215637966	4	A	G	0.168	0.5335638	0.110097	-227.9845	1.225989	1e+05	2.380895e-06	5.253479e-06	1.361187e-05
3	3-212049744	215637971	4	C	G	0.166	0.5188979	0.1112167	-228.7915	1.204455	1e+05	5.354304e-06	1.222015e-05	2.772815e-05
3	3-212049756	215637983	4	A	G	0.159	0.5503875	0.1121396	-227.7061	1.213482	1e+05	1.795512e-06	3.928453e-06	1.067784e-05
3	3-212291929	215882303	30	T	C	0.013	1.292892	0.2435824	-224.8019	1e+05	1e+05	2.714538e-07	1.924254e-07	9.168479e-07
3	3-215124933	218666656	32	T	C	0.404	-0.3010814	0.06201537	-227.1058	2.849311	1e+05	2.289083e-06	2.10134e-06	6.3555e-06
3	3-216299677	219784159	25	A	G	0.023	1.074232	0.2158708	-226.3186	24.24537	1e+05	1.310628e-06	9.268139e-07	3.248437e-06
3	3-223884301	227551874	17	A	G	0.297	0.2838317	0.0627039	-228.648	2.486226	1e+05	9.83805e-06	1.051455e-05	2.441147e-05
3	3-223897418	227564986	22	G	C	0.297	0.2890217	0.06255272	-228.1767	2.682125	1e+05	6.534317e-06	6.421769e-06	1.610811e-05
3	3-227669515	231495276	16	T	C	0.096	0.4136294	0.09106726	-228.9994	1.532635	1e+05	9.200279e-06	1.519539e-05	3.336988e-05
3	3-227669582	231495343	17	C	T	0.097	0.4232408	0.09348115	-228.8587	1.846022	1e+05	9.795085e-06	1.311204e-05	2.943697e-05
3	3-230248900	234062335	26	T	C	0.149	0.3802902	0.08053152	-227.9843	1.910351	1e+05	4.163778e-06	5.252376e-06	1.360948e-05
4	4-4056648	4784440	37	A	T	0.016	0.940565	0.205836	-228.2732	3.329307	1e+05	8.165344e-06	7.103106e-06	1.753294e-05
4	4-5659877	6431767	2	T	A	0.014	1.129362	0.225062	-226.1662	1e+05	1e+05	1.079374e-06	7.912106e-07	2.856134e-06
4	4-9319637	10169084	32	T	C	0.026	0.9463101	0.1778388	-224.7377	1e+05	1e+05	2.543985e-07	1.800511e-07	8.696914e-07
4	4-11889442	12785742	35	T	A	0.019	0.9379249	0.1938663	-226.983	1e+05	1e+05	2.472544e-06	1.849187e-06	5.719857e-06
4	4-13941682	14724060	25	A	G	0.01	1.628274	0.3372693	-227.0285	1e+05	1e+05	2.589539e-06	1.938853e-06	5.947392e-06
4	4-14145060	14946730	17	A	T	0.012	1.606572	0.2948706	-224.1189	1e+05	1e+05	1.362431e-07	9.497248e-08	5.246715e-07
4	4-17465491	18591625	23	A	G	0.015	1.25756	0.274617	-228.0571	8.137703	1e+05	7.822734e-06	5.66752e-06	1.450498e-05
4	4-40049411	41771894	6	T	G	0.028	1.290258	0.2659673	-226.9239	1e+05	1e+05	2.328575e-06	1.738988e-06	5.437769e-06
4	4-41725395	43451722	42	G	A	0.014	1.385027	0.3053277	-228.2978	1e+05	1e+05	9.435417e-06	7.288523e-06	1.791723e-05
4	4-50268655	52392862	30	T	A	0.026	1.292469	0.2824179	-228.1265	1e+05	1e+05	7.921641e-06	6.09345e-06	1.541384e-05
4	4-61488398	63905742	28	T	C	0.031	0.9156786	0.1931177	-227.4106	1e+05	1e+05	3.819629e-06	2.886849e-06	8.265159e-06
4	4-65063876	67511290	29	C	T	0.013	1.486745	0.2561112	-222.3256	1e+05	1e+05	2.240412e-08	1.494507e-08	1.251716e-07
4	4-71407630	74094704	38	T	C	0.027	0.8502993	0.177405	-227.1835	1e+05	1e+05	3.031489e-06	2.278416e-06	6.794581e-06
4	4-72698721	75392966	25	T	C	0.045	0.7273055	0.1546603	-227.5207	13.57178	1e+05	4.544827e-06	3.23775e-06	9.090864e-06
4	4-72876968	75570941	11	T	C	0.038	0.9391821	0.1919234	-226.7336	1e+05	1e+05	1.91925e-06	1.426614e-06	4.621511e-06
4	4-72877749	75571722	18	A	G	0.044	0.8424965	0.1745794	-227.0372	1e+05	1e+05	2.612533e-06	1.956488e-06	5.991941e-06
4	4-72880793	75576037	35	T	G	0.048	0.7966698	0.1702497	-227.6825	1e+05	1e+05	5.037548e-06	3.832876e-06	1.046094e-05
4	4-73160895	75791524	16	A	G	0.036	0.9861691	0.2149565	-228.0781	1e+05	1e+05	7.539925e-06	5.792928e-06	1.477358e-05
4	4-75043756	77788462	45	A	C	0.034	0.7148632	0.1492516	-227.2395	4.220537	1e+05	3.077395e-06	2.415239e-06	7.130146e-06
4	4-83984760	87139905	4	T	C	0.03	1.345687	0.2534629	-224.7953	1e+05	1e+05	2.696346e-07	1.911046e-07	9.118425e-07
4	4-87293282	90654825	33	A	C	0.021	0.979077	0.2082347	-227.5849	1e+05	1e+05	4.561105e-06	3.462054e-06	9.611413e-06
4	4-87419133	90785120	17	C	T	0.019	0.847471	0.182913	-227.8828	1e+05	1e+05	6.178412e-06	4.724132e-06	1.245472e-05
4	4-87393800	90816240	16	G	A	0.017	1.249691	0.2197573	-222.9302	1e+05	1e+05	4.114856e-08	2.785913e-08	2.018958e-07
4	4-87687833	91067191	6	G	A	0.018	0.9699577	0.2095583	-227.9027	1e+05	1e+05	6.304975e-06	4.823263e-06	1.267282e-05
4	4-89320807	92759618	44	A	C	0.05	0.58702	0.1207292	-226.8742	1e+05	1e+05	2.213807e-06	1.651259e-06	5.211132e-06
4	4-89500481	92975808	33	T	A	0.016	1.083252	0.2335785	-227.8636	1e+05	1e+05	6.058753e-06	4.630453e-06	1.2248e-05
4	4-89766309	93240507	26	A	C	0.038	0.626572	0.1324035	-227.4514	1e+05	1e+05	3.981239e-06	3.012006e-06	8.561351e-06
4	4-100896295	98429109	34	A	G	0.029	0.9108183	0.1776351	-225.658	1e+05	1e+05	6.450586e-07	4.669782e-07	1.86407e-06
4	4-99253629	104977516	34	A	G	0.013	1.070736	0.2312132	-227.8925	1e+05	1e+05	6.239749e-06	4.772168e-06	1.256049e-05
4	4-104704846	108379349	10	T	C	0.012	1.483624	0.3033854	-226.7484	1e+05	1e+05	1.948444e-06	1.448843e-06	4.680499e-06
4	4-119433028	123128732	38	G	A	0.013	1.29813	0.2798098	-227.8563	1e+05	1e+05	6.013687e-06	4.595183e-06	1.217e-05
4	4-121263510	125090378	26	T	A	0.045	0.650051	0.1431544	-228.2778	1e+05	1e+05	9.244745e-06	7.137724e-06	1.76048e-05
4	4-122995277	125957596	29	T	C	0.046	0.7040909	0.1507325	-227.7185	1e+05	1e+05	5.225985e-06	3.979777e-06	1.079398e-05
4	4-123224320	126176663	26	A	G	0.066	0.6780629	0.1442245	-227.5865	1e+05	1e+05	4.568319e-06	3.467662e-06	9.624361e-06
4	4-124335252	127330110	33	T	C	0.037	0.7114375	0.153934	-227.9323	1e+05	1e+05	6.498396e-06	4.974854e-06	1.300506e-05
4	4-124378708	127373872	10	T	C	0.044	0.6975924	0.1522142	-228.0986	1e+05	1e+05	7.699419e-06	5.918453e-06	1.504158e-05
4	4-126907920	129889464	23	A	C	0.015	1.311295	0.2432362	-224.3993	1e+05	1e+05	1.80779e-07	1.26888e-07	6.592111e-07
4	4-127506939	130590256	29	C	T	0.028	0.8180799	0.1753191	-227.7398	1e+05	1e+05	5.340391e-06	4.069028e-06	1.099542e-05
4	4-128495148	131509688	22	T	C	0.012	1.254617	0.2638952	-227.3549	1e+05	1e+05	3.60888e-06	2.723828e-06	7.876349e-06
4	4-130759611	133800181	19	C	G	0.359	0.3067275	0.06407589	-227.6266	2.102564	1e+05	3.115216e-06	3.615678e-06	9.964953e-06
4	4-130964686	134006610	34	C	A	0.032	0.9697993	0.2087118	-227.8249	1e+05	1e+05	5.824236e-06	4.446983e-06	1.18413e-05
4	4-133891706	136998185	44	G	T	0.028	0.7789359	0.1698976	-228.091	1e+05	1e+05	7.640124e-06	5.871779e-06	1.494203e-05
4	4-138097918	141196286	4	T	C	0.025	1.097214	0.2059652	-224.7087	1e+05	1e+05	2.470552e-07	1.747294e-07	8.492231e-07
4	4-138171257	141299466	15	T	C	0.026	1.431707	0.2855827	-226.188	1e+05	1e+05	1.103397e-06	8.092515e-07	2.908952e-06
4	4-138171294	141299503	23	A	C	0.025	1.145293	0.2524234	-228.2936	1e+05	1e+05	9.394934e-06	7.256499e-06	1.785096e-05
4	4-138675533	141808765	25	A	G	0.015	1.345147	0.2914083	-227.9568	1e+05	1e+05	6.662606e-06	5.103636e-06	1.328614e-05
4	4-140642930	143783711	27	A	G	0.038	0.86756	0.1856609	-227.7112	1e+05	1e+05	5.187015e-06	3.949386e-06	1.072524e-05
4	4-140643011	143783792	24	T	C	0.043	0.8447258	0.1865468	-228.3316	1e+05	1e+05	9.766668e-06	7.550676e-06	1.84582e-05
4	4-142730857	146024407	31	A	G	0.049	0.7622475	0.1673326	-228.2167	1e+05	1e+05	8.685694e-06	6.696016e-06	1.668412e-05
4	4-146601587	149947472	27	T	C	0.013	1.0671	0.2356571	-228.2859	7.590922	1e+05	9.768101e-06	7.198093e-06	1.772999e-05
4	4-146952472	150297319	0	T	G	0.022	1.068223	0.2354501	-228.2947	1e+05	1e+05	9.405099e-06	7.264539e-06	1.78676e-05
4	4-149996105	153409147	30	T	C	0.062	0.6370769	0.1295947	-226.6324	1e+05	1e+05	1.73182e-06	1.284095e-06	4.239608e-06
4	4-149996158	153409200	31	G	T	0.06	0.6460167	0.1310597	-226.5722	77836.36	1e+05	1.629308e-06	1.206306e-06	4.028229e-06
4	4-151202327	154688934	33	A	G	0.037	0.7230419	0.1589627	-228.2456	1e+05	1e+05	8.945354e-06	6.901092e-06	1.711262e-05
4	4-151407556	154894819	40	T	C	0.019	1.093322	0.2099809	-225.2844	1e+05	1e+05	4.420438e-07	3.170865e-07	1.365783e-06
4	4-153432072	156983171	17	A	C	0.036	0.8064618	0.1742066	-227.8994	1e+05	1e+05	6.283946e-06	4.806789e-06	1.263663e-05
4	4-157754810	161177397	32	A	G	0.026	0.9574653	0.2089387	-228.1005	1e+05	1e+05	7.714504e-06	5.930329e-06	1.506689e-05
4	4-160462303	163457416	39	T	C	0.019	1.194232	0.2633114	-228.301	1e+05	1e+05	9.466574e-06	7.313171e-06	1.796821e-05
4	4-160667627	163664441	8	A	G	0.016	1.207756	0.2313453	-225.2189	1e+05	1e+05	4.137136e-07	2.962877e-07	1.293576e-06
4	4-161759493	164774440	27	C	T	0.028	0.927179	0.1842606	-226.1022	1e+05	1e+05	1.011587e-06	7.403557e-07	2.706111e-06
4	4-162898415	166646389	25	A	G	0.015	1.482852	0.2869631	-225.4705	1e+05	1e+05	5.335581e-07	3.844843e-07	1.594158e-06
4	4-179923417	182852429	41	A	G	0.011	1.260289	0.2770901	-228.2464	1e+05	1e+05	8.953046e-06	6.907169e-06	1.712529e-05
4	4-190666241	194669811	38	T	C	0.046	0.6230669	0.133479	-227.8047	3.685711	1e+05	5.301127e-06	4.354369e-06	1.163506e-05
4	4-196531639	200631464	41	A	G	0.03	0.7810638	0.1636703	-227.2756	1e+05	1e+05	3.329317e-06	2.507934e-06	7.355782e-06
4	4-203997516	208291750	17	A	G	0.022	0.7645617	0.165126	-227.8958	1e+05	1e+05	6.261049e-06	4.788853e-06	1.259719e-05
4	4-204713494	209066870	26	T	A	0.025	0.7608617	0.1638785	-227.8411	1e+05	1e+05	5.921432e-06	4.523002e-06	1.201011e-05
4	4-204719666	209073029	24	T	C	0.01	1.204494	0.2238924	-224.4539	1e+05	1e+05	1.910361e-07	1.342676e-07	6.893191e-07
4	4-204719691	209073054	20	G	A	0.02	0.7953215	0.1737768	-228.0648	16.94223	1e+05	7.913306e-06	5.713112e-06	1.460273e-05
4	4-204729730	209083091	29	C	T	0.028	0.8452102	0.1727637	-226.7391	1e+05	1e+05	1.930122e-06	1.434891e-06	4.643492e-06
4	4-204734052	209087408	10	T	C	0.023	1.058566	0.2238884	-227.4698	1e+05	1e+05	4.05653e-06	3.070356e-06	8.698788e-06
4	4-204743709	209097064	14	T	C	0.014	1.084621	0.1885249	-222.5917	1e+05	1e+05	2.927409e-08	1.96557e-08	1.543836e-07
4	4-204743724	209097079	14	T	C	0.014	1.083111	0.1877823	-222.5164	1e+05	1e+05	2.714067e-08	1.818962e-08	1.454753e-07
4	4-205195221	209558711	5	T	C	0.011	1.030537	0.2154074	-227.2227	1e+05	1e+05	3.154953e-06	2.3735e-06	7.028104e-06
4	4-212527855	215990401	32	A	C	0.018	0.9377602	0.2016102	-227.8043	1e+05	1e+05	5.703299e-06	4.35244e-06	1.163075e-05
4	4-219100673	222753729	35	G	C	0.103	0.4166663	0.08942864	-227.7703	96333.3	1e+05	5.50896e-06	4.20065e-06	1.129128e-05
4	4-219100727	222753783	31	T	C	0.083	0.4767387	0.1010196	-227.5085	1e+05	1e+05	4.219546e-06	3.196783e-06	8.995203e-06
4	4-230724114	235222719	11	A	G	0.012	1.564693	0.3392293	-228.2071	2.571527	1e+05	6.766427e-06	6.628774e-06	1.654321e-05
4	4-232162649	236694536	34	A	G	0.095	0.4510914	0.09400633	-227.1827	4.367126	1e+05	2.956631e-06	2.276504e-06	6.789867e-06
4	4-232162946	236694833	19	A	C	0.129	0.3773766	0.08283382	-228.4585	2.596824	1e+05	8.665232e-06	8.622251e-06	2.064287e-05
4	4-232297010	236839194	9	T	C	0.123	0.4041271	0.08660085	-227.6802	6.200009	1e+05	5.332973e-06	3.823595e-06	1.043984e-05
5	5-1966949	2054411	27	A	G	0.015	0.9261261	0.2016522	-228.057	1e+05	1e+05	7.379254e-06	5.66654e-06	1.450287e-05
5	5-4300994	4410837	18	A	G	0.029	0.7268155	0.1483776	-227.0003	2.551024	1e+05	1.876689e-06	1.882933e-06	5.805694e-06
5	5-4301322	4411165	10	T	G	0.023	0.7491735	0.1640978	-228.4113	2.726236	1e+05	8.31168e-06	8.2068e-06	1.98007e-05
5	5-4301356	4411199	8	C	T	0.023	0.7501608	0.1640772	-228.3808	2.739106	1e+05	8.076539e-06	7.949661e-06	1.927644e-05
5	5-4301462	4411305	6	A	G	0.023	0.758819	0.1639044	-228.1231	2.790281	1e+05	6.275629e-06	6.071999e-06	1.536829e-05
5	5-4301469	4411312	5	T	C	0.03	0.686787	0.1455198	-227.7651	2.643498	1e+05	4.214399e-06	4.177776e-06	1.123996e-05
5	5-4301513	4411356	5	A	C	0.023	0.8028211	0.1721161	-228.0217	2.602338	1e+05	5.383506e-06	5.461483e-06	1.406178e-05
5	5-4301754	4411597	12	C	T	0.028	0.79356	0.1462075	-224.4677	2.693541	1e+05	1.509698e-07	1.361907e-07	6.971118e-07
5	5-4342360	4452203	33	C	T	0.33	0.2848866	0.05875184	-226.9338	1e+05	1e+05	2.352106e-06	1.756989e-06	5.48404e-06
5	5-4363126	4472968	34	A	C	0.013	1.154395	0.2445961	-227.507	1e+05	1e+05	4.213409e-06	3.192021e-06	8.984072e-06
5	5-11540114	11866847	6	G	A	0.039	0.7577658	0.1630947	-227.9021	3.695039	1e+05	5.835137e-06	4.820386e-06	1.26665e-05
5	5-18884176	19336481	44	G	T	0.072	0.6119779	0.1240089	-226.4883	12.37365	1e+05	1.586552e-06	1.105516e-06	3.750931e-06
5	5-24945413	25496212	11	A	G	0.019	1.026307	0.1939905	-224.8852	1e+05	1e+05	2.952612e-07	2.0973e-07	9.818435e-07
5	5-28130986	28801166	8	G	A	0.053	0.5396231	0.1177631	-228.2069	3.495661	1e+05	7.722638e-06	6.627853e-06	1.654127e-05
5	5-29144227	29638308	38	C	T	0.202	-0.3431487	0.07221726	-227.3664	1e+05	1e+05	3.651321e-06	2.756639e-06	7.954889e-06
5	5-29144159	29638376	27	A	C	0.193	-0.3349913	0.06873861	-226.8242	1e+05	1e+05	2.104243e-06	1.56761e-06	4.993209e-06
5	5-28945400	29850419	15	G	A	0.069	0.537905	0.1153658	-227.7231	5.990347	1e+05	5.426869e-06	3.998952e-06	1.083732e-05
5	5-28945369	29850450	14	C	T	0.064	0.5745054	0.1184125	-226.8665	9.103952	1e+05	2.322877e-06	1.638211e-06	5.17726e-06
5	5-28802388	29996850	12	T	C	0.028	0.7424275	0.164083	-228.3135	6.34718	1e+05	9.916257e-06	7.40897e-06	1.816612e-05
5	5-28741227	30057695	6	T	C	0.018	0.8886912	0.1815049	-226.6741	8.297631	1e+05	1.895545e-06	1.341078e-06	4.393102e-06
5	5-28726870	30071296	13	T	C	0.021	0.8406871	0.1750884	-227.1456	1e+05	1e+05	2.917103e-06	2.190408e-06	6.577059e-06
5	5-30854686	31804773	24	G	A	0.043	0.5972005	0.1314815	-228.3243	4.149863	1e+05	9.197598e-06	7.492836e-06	1.833907e-05
5	5-30855492	31805579	16	A	C	0.043	0.635868	0.1289088	-226.5563	1e+05	1e+05	1.603137e-06	1.18646e-06	3.973943e-06
5	5-32001316	33148414	35	A	C	0.093	0.4594887	0.09631072	-227.2948	4.864828	1e+05	3.348519e-06	2.558588e-06	7.478527e-06
5	5-32001333	33148431	29	G	C	0.09	0.4572793	0.09606377	-227.3498	4.727789	1e+05	3.513976e-06	2.709387e-06	7.841736e-06
5	5-34013868	35176388	8	A	G	0.104	0.4521679	0.09841273	-229.2759	1.143388	1e+05	7.31768e-06	2.03122e-05	4.274813e-05
5	5-38159803	39379649	36	A	T	0.019	0.9598489	0.200153	-227.1719	1e+05	1e+05	2.99621e-06	2.251265e-06	6.727617e-06
5	5-41138876	42358819	30	G	A	0.018	0.9643201	0.2038609	-227.4602	1e+05	1e+05	4.017089e-06	3.039787e-06	8.626837e-06
5	5-45792246	47142861	40	A	G	0.011	1.139998	0.2472015	-227.9683	5.16842	1e+05	6.792507e-06	5.16521e-06	1.342016e-05
5	5-48014038	49568154	40	A	G	0.014	1.246365	0.2650575	-227.583	1e+05	1e+05	4.552039e-06	3.455007e-06	9.595139e-06
5	5-51163018	52727842	21	T	C	0.015	1.029994	0.2160304	-227.2949	1e+05	1e+05	3.395201e-06	2.558775e-06	7.478981e-06
5	5-54108420	55779013	11	A	G	0.486	-0.2634545	0.05772081	-228.6594	1.870524	1e+05	8.352196e-06	1.064043e-05	2.465865e-05
5	5-54187937	55858587	23	C	T	0.037	0.7319465	0.156514	-227.8686	3.035062	1e+05	5.101905e-06	4.654722e-06	1.230161e-05
5	5-56752351	58538689	43	T	C	0.091	0.4544434	0.0973831	-228.3766	1.584993	1e+05	5.332862e-06	7.914735e-06	1.920505e-05
5	5-57975713	59720200	11	T	C	0.214	0.3334877	0.06678987	-227.0001	1.510833	1e+05	1.212194e-06	1.882563e-06	5.804754e-06
5	5-57975714	59720201	11	T	C	0.216	0.3260469	0.06619336	-227.6284	1.251247	1e+05	1.655832e-06	3.622611e-06	9.980855e-06
5	5-57979033	59723576	34	T	C	0.232	0.3055629	0.06513413	-228.1605	1.742493	1e+05	4.779195e-06	6.31378e-06	1.588033e-05
5	5-61389929	63067984	28	A	G	0.087	0.5077551	0.1069357	-227.4809	3.325001	1e+05	3.707177e-06	3.106219e-06	8.783058e-06
5	5-61325042	63160127	33	A	G	0.107	0.4429106	0.0913578	-226.9381	4.664612	1e+05	2.361702e-06	1.764871e-06	5.504278e-06
5	5-61571180	63363689	27	T	C	0.02	0.9215558	0.1695297	-224.1233	12.1928	1e+05	1.448895e-07	9.540335e-08	5.26542e-07
5	5-66284717	68181540	43	A	G	0.083	0.539743	0.1126637	-227.5807	2.123247	1e+05	3.062229e-06	3.446791e-06	9.576159e-06
5	5-69647155	71612109	29	A	G	0.056	0.496225	0.106804	-227.8269	1e+05	1e+05	5.836255e-06	4.456382e-06	1.186219e-05
5	5-69647001	71612263	31	G	A	0.016	0.8868421	0.1845909	-227.1329	1e+05	1e+05	2.879617e-06	2.161584e-06	6.505519e-06
5	5-85307246	87534772	24	G	A	0.013	1.047171	0.2151805	-226.8553	1e+05	1e+05	2.171879e-06	1.619235e-06	5.127922e-06
5	5-85311307	87541564	14	G	C	0.029	0.8549802	0.1810771	-227.4981	1e+05	1e+05	4.175236e-06	3.162407e-06	8.914788e-06
5	5-85311355	87541612	11	A	G	0.026	0.892211	0.1862019	-227.1894	1e+05	1e+05	3.050011e-06	2.292675e-06	6.829696e-06
5	5-85347835	87578089	24	T	C	0.015	1.016435	0.2101513	-226.9889	1e+05	1e+05	2.487404e-06	1.86057e-06	5.74884e-06
5	5-85637212	87877568	23	A	G	0.012	1.076658	0.2137794	-226.0819	1e+05	1e+05	9.90928e-07	7.248732e-07	2.660089e-06
5	5-86375919	88640918	22	T	C	0.054	0.5944461	0.1175958	-225.9553	6.459927	1e+05	9.078517e-07	6.356214e-07	2.391317e-06
5	5-87199063	89425083	29	T	C	0.067	0.5320475	0.116991	-229.0136	1.438611	1e+05	8.973913e-06	1.542395e-05	3.37968e-05
5	5-87257202	89483217	27	A	C	0.069	0.5026516	0.1068455	-227.7169	2.991732	1e+05	4.507169e-06	3.973211e-06	1.077914e-05
5	5-87262176	89488190	26	T	C	0.058	0.562246	0.1235875	-228.5355	2.303598	1e+05	8.911436e-06	9.346123e-06	2.209687e-05
5	5-87318674	89544687	29	T	C	0.049	0.6534362	0.140563	-228.0348	2.574787	1e+05	5.770216e-06	5.536632e-06	1.422371e-05
5	5-87365261	89591914	32	A	T	0.094	0.4498496	0.09766308	-228.9256	1.318285	1e+05	6.957575e-06	1.406403e-05	3.124376e-05
5	5-87367057	89593710	31	A	G	0.109	0.4306332	0.09285943	-228.3203	1.890467	1e+05	6.06308e-06	7.461714e-06	1.827492e-05
5	5-87368352	89595005	27	T	C	0.069	0.5379426	0.1156881	-228.0117	2.684768	1e+05	5.738931e-06	5.404806e-06	1.393945e-05
5	5-87370391	89597044	28	A	G	0.094	0.5206567	0.1045186	-227.6884	1.054944	1e+05	1.279376e-06	3.856446e-06	1.051451e-05
5	5-87372410	89599063	31	T	C	0.052	0.5589133	0.1217757	-228.2836	2.58668	1e+05	7.476527e-06	7.18134e-06	1.769526e-05
5	5-87373382	89600035	22	T	C	0.054	0.5998818	0.1314493	-228.7194	1.74221	1e+05	8.377418e-06	1.133101e-05	2.600766e-05
5	5-87373957	89600610	40	T	C	0.068	0.5716592	0.1141873	-226.7866	1.777056	1e+05	1.13976e-06	1.507456e-06	4.835329e-06
5	5-88487204	90716318	33	A	G	0.045	0.6027167	0.1321104	-228.4773	2.388839	1e+05	8.427811e-06	8.793785e-06	2.098892e-05
5	5-88499557	90728669	16	A	G	0.062	0.581766	0.115834	-226.3882	2.522709	1e+05	1.057405e-06	9.963153e-07	3.445655e-06
5	5-88499794	90728906	23	A	G	0.052	0.5803434	0.1217396	-227.4442	2.968601	1e+05	3.406361e-06	2.989708e-06	8.508724e-06
5	5-88512136	90741248	16	T	C	0.048	0.6140503	0.1313547	-228.5736	1.374399	1e+05	5.14285e-06	9.726912e-06	2.285538e-05
5	5-88463888	90780412	19	A	G	0.049	0.5869967	0.1281328	-228.4118	2.266754	1e+05	7.760398e-06	8.211499e-06	1.981026e-05
5	5-88542302	90804845	28	A	G	0.061	0.5541286	0.1165906	-227.9117	1.773048	1e+05	3.632486e-06	4.868897e-06	1.2773e-05
5	5-88662375	90936872	36	A	G	0.165	0.379551	0.08053105	-228.3435	1.504152	1e+05	4.337203e-06	7.64499e-06	1.865216e-05
5	5-88766096	91033901	24	G	A	0.15	0.3978662	0.08404274	-227.4434	1e+05	1e+05	3.949291e-06	2.987254e-06	8.502928e-06
5	5-90400675	92691539	15	T	C	0.014	1.029093	0.2009788	-225.691	1e+05	1e+05	6.670044e-07	4.832576e-07	1.916281e-06
5	5-92594647	94945377	10	G	T	0.019	0.982522	0.2147836	-228.0794	12.79843	1e+05	7.989901e-06	5.800637e-06	1.479006e-05
5	5-92623275	94974002	11	A	G	0.031	0.7043331	0.1521187	-227.8647	5.63472	1e+05	6.261544e-06	4.635574e-06	1.225931e-05
5	5-92636796	94987520	11	C	T	0.038	0.6979734	0.1431368	-226.8246	4.349154	1e+05	2.076935e-06	1.568278e-06	4.994959e-06
5	5-92678651	95014459	13	A	G	0.055	0.5405483	0.1185171	-228.1927	1e+05	1e+05	8.475148e-06	6.529839e-06	1.633551e-05
5	5-92681535	95017341	10	C	G	0.028	0.7599777	0.1588772	-227.1667	8.532861	1e+05	3.16492e-06	2.238994e-06	6.697311e-06
5	5-92684000	95019806	10	T	G	0.033	0.7184427	0.1453123	-226.494	4.839351	1e+05	1.520803e-06	1.112105e-06	3.769185e-06
5	5-92715597	95051403	21	A	G	0.034	0.7059614	0.1397537	-226.0118	1e+05	1e+05	9.229906e-07	6.740145e-07	2.507688e-06
5	5-92722835	95058642	14	A	G	0.031	0.808151	0.1782922	-228.2545	10.62033	1e+05	9.57795e-06	6.96556e-06	1.724694e-05
5	5-92729832	95065639	24	A	G	0.035	0.643131	0.1389077	-227.9121	4.174904	1e+05	6.268138e-06	4.870741e-06	1.277705e-05
5	5-92739191	95074997	11	T	C	0.031	0.7368803	0.1482152	-226.3599	5.09302	1e+05	1.338763e-06	9.67434e-07	3.363993e-06
5	5-93217180	95565651	7	T	G	0.021	1.130442	0.2428526	-227.9423	3.193302	1e+05	5.616021e-06	5.027065e-06	1.311915e-05
5	5-96318172	98764038	3	T	C	0.014	1.571684	0.2776186	-223.0586	1e+05	1e+05	4.682396e-08	3.180165e-08	2.236198e-07
5	5-101762883	104302173	10	A	G	0.028	0.8160198	0.1792033	-228.2239	1e+05	1e+05	8.749593e-06	6.74647e-06	1.678971e-05
5	5-112030575	114783768	7	G	C	0.025	0.7619652	0.1612076	-227.432	6.161722	1e+05	4.08362e-06	2.951854e-06	8.41924e-06
5	5-115569050	118406056	13	T	C	0.019	1.158364	0.2517193	-228.1456	3.385184	1e+05	7.090765e-06	6.216113e-06	1.567384e-05
5	5-118288375	121060811	20	A	C	0.02	0.8873344	0.1846914	-227.1327	1e+05	1e+05	2.87893e-06	2.161057e-06	6.504208e-06
5	5-118904698	121707803	10	A	T	0.012	1.143997	0.2528546	-228.3481	1e+05	1e+05	9.932691e-06	7.682148e-06	1.872848e-05
5	5-120493230	123326598	4	T	C	0.023	0.9661116	0.2125886	-228.2625	1e+05	1e+05	9.101402e-06	7.024406e-06	1.73694e-05
5	5-128864241	132225278	26	T	C	0.045	0.6323724	0.1370603	-228.6467	1.525608	1e+05	6.726976e-06	1.050036e-05	2.438358e-05
5	5-128951672	132315481	34	A	C	0.042	0.6745975	0.1482816	-228.8955	1.570927	1e+05	8.909178e-06	1.362665e-05	3.041577e-05
5	5-135673592	138922120	28	G	A	0.018	0.9217472	0.1836606	-226.1628	1e+05	1e+05	1.075611e-06	7.883855e-07	2.847844e-06
5	5-135673590	138922122	27	G	A	0.015	1.028628	0.2079948	-226.4983	1e+05	1e+05	1.511529e-06	1.117069e-06	3.782923e-06
5	5-139156879	142475747	5	A	G	0.155	0.4360716	0.09349357	-228.4507	1.473333	1e+05	5.388925e-06	8.552307e-06	2.050149e-05
5	5-139205261	142515405	14	G	A	0.081	0.5433165	0.1154289	-227.7504	2.393094	1e+05	4.457975e-06	4.114299e-06	1.109734e-05
5	5-144663279	148019078	26	T	C	0.139	0.4288767	0.08672407	-226.7332	2.327576	1e+05	1.512581e-06	1.425988e-06	4.619849e-06
5	5-146089289	149495099	15	T	A	0.048	0.7247665	0.1526624	-227.5805	2.856558	1e+05	3.719109e-06	3.445994e-06	9.574318e-06
5	5-146401469	149804331	42	A	G	0.016	0.9645171	0.1920142	-226.1425	1e+05	1e+05	1.053732e-06	7.719642e-07	2.799558e-06
5	5-146401567	149804429	20	G	A	0.015	0.9711771	0.2081502	-227.7419	1e+05	1e+05	5.351821e-06	4.077947e-06	1.101551e-05
5	5-146407383	149810240	41	A	G	0.011	1.199565	0.2240075	-224.5741	1e+05	1e+05	2.15674e-07	1.52032e-07	7.605255e-07
5	5-151309399	154980167	26	T	C	0.03	0.734818	0.1443835	-225.836	1e+05	1e+05	7.724235e-07	5.616318e-07	2.163486e-06
5	5-153455373	157283059	20	T	C	0.022	0.9760068	0.2042369	-227.2463	1e+05	1e+05	3.231608e-06	2.432579e-06	7.172457e-06
5	5-155161268	158917761	12	C	G	0.047	0.6244964	0.1265101	-226.872	2.171226	1e+05	1.576466e-06	1.647505e-06	5.201392e-06
5	5-155285227	159040533	20	C	A	0.049	0.6505036	0.134954	-227.0304	4.599152	1e+05	2.68063e-06	1.94271e-06	5.957141e-06
5	5-156956273	160711297	32	C	T	0.042	0.815208	0.1403385	-222.3061	1e+05	1e+05	2.196881e-08	1.464767e-08	1.232644e-07
5	5-157152446	160920434	32	A	C	0.112	0.4397903	0.0845887	-225.6597	2.222235	1e+05	4.584471e-07	4.677819e-07	1.866655e-06
5	5-157152509	160920497	21	G	A	0.108	0.4356886	0.08587016	-226.5956	1.658668	1e+05	8.310704e-07	1.235972e-06	4.109101e-06
5	5-157338208	161105477	25	T	C	0.02	0.8863844	0.1892061	-227.7368	3.406653	1e+05	4.919769e-06	4.056201e-06	1.096651e-05
5	5-159018710	162728051	29	T	C	0.136	0.3693735	0.07560503	-226.7266	22.98458	1e+05	1.990455e-06	1.416354e-06	4.594235e-06
5	5-159036626	162745958	11	A	G	0.129	0.4113306	0.07811247	-225.0031	1e+05	1e+05	3.326241e-07	2.369548e-07	1.082104e-06
5	5-165759850	169598701	16	C	A	0.024	0.8905564	0.183795	-226.95	1e+05	1e+05	2.390981e-06	1.786736e-06	5.560338e-06
5	5-168395943	172316810	30	A	G	0.013	1.023193	0.2174982	-227.5737	1e+05	1e+05	4.509075e-06	3.421613e-06	9.517952e-06
5	5-170774262	173802855	22	G	C	0.015	0.9818193	0.2042395	-227.1203	1e+05	1e+05	2.842997e-06	2.133436e-06	6.435508e-06
5	5-170762800	173814317	31	A	C	0.013	1.007058	0.2151006	-227.6721	1e+05	1e+05	4.984644e-06	3.791657e-06	1.036715e-05
5	5-170675900	173900931	15	T	G	0.014	1.136566	0.2010395	-223.0983	1e+05	1e+05	4.873233e-08	3.313002e-08	2.30808e-07
5	5-170675666	173901163	23	T	C	0.012	1.010176	0.2127435	-227.3808	1e+05	1e+05	3.705489e-06	2.79853e-06	8.054953e-06
5	5-170675619	173901210	34	A	G	0.013	1.107504	0.2116181	-225.1575	1e+05	1e+05	3.888014e-07	2.780267e-07	1.229406e-06
5	5-170199835	174406513	36	A	T	0.016	0.974388	0.2077291	-227.6335	1e+05	1e+05	4.792375e-06	3.641944e-06	1.002517e-05
5	5-170107682	174496862	33	T	G	0.013	0.995688	0.2172627	-228.099	1e+05	1e+05	7.702466e-06	5.920852e-06	1.504669e-05
5	5-172810425	176889186	8	A	C	0.019	0.9587504	0.1916709	-226.2395	1e+05	1e+05	1.162604e-06	8.537561e-07	3.038397e-06
5	5-186786879	191477922	5	T	C	0.046	0.6275127	0.1166121	-224.4267	5.379145	1e+05	1.897228e-07	1.305452e-07	6.741736e-07
5	5-187545599	192536581	23	T	C	0.057	0.5409161	0.1195284	-228.3872	4.2767	1e+05	9.885798e-06	8.002508e-06	1.938438e-05
5	5-187609770	192600639	14	T	C	0.06	0.6126624	0.1201028	-225.8992	3.465791	1e+05	7.30593e-07	5.997201e-07	2.281385e-06
5	5-187611285	192602154	9	A	G	0.105	0.4909662	0.1006607	-226.7856	54.56435	1e+05	2.065841e-06	1.505926e-06	4.831299e-06
5	5-187618054	192608917	9	A	G	0.021	0.83338	0.1793556	-227.842	4.788581	1e+05	5.826091e-06	4.527131e-06	1.201926e-05
5	5-188326225	193336800	23	A	G	0.012	1.082993	0.2386859	-228.2931	1e+05	1e+05	9.389858e-06	7.252484e-06	1.784265e-05
5	5-188450841	193463003	19	T	C	0.012	1.119128	0.2333764	-227.1438	6.178074	1e+05	2.998918e-06	2.186194e-06	6.566609e-06
5	5-188770503	193738562	37	A	G	0.011	1.314965	0.2839904	-227.8501	7.340279	1e+05	6.257075e-06	4.565674e-06	1.210468e-05
5	5-198249416	203489298	9	G	T	0.016	1.01085	0.2142846	-227.5412	4.394856	1e+05	4.256366e-06	3.307749e-06	9.253887e-06
5	5-198249422	203489304	9	C	A	0.016	1.007392	0.2134147	-227.4612	6.966564	1e+05	4.199278e-06	3.043019e-06	8.63445e-06
5	5-212799640	218588524	9	C	T	0.423	0.2702528	0.05433477	-226.3795	4.796153	1e+05	1.325467e-06	9.873464e-07	3.420339e-06
5	5-215051283	220881696	15	T	C	0.144	0.3697538	0.07848854	-228.935	1.011826	1e+05	4.379428e-06	1.42041e-05	3.150819e-05
5	5-215959724	221780333	41	C	T	0.016	1.0353	0.2188774	-227.4612	1e+05	1e+05	4.021357e-06	3.043094e-06	8.634627e-06
6	6-843466	872546	20	A	G	0.02	0.8638867	0.1727557	-226.2461	1e+05	1e+05	1.170415e-06	8.596318e-07	3.0554e-06
6	6-2608550	2645395	32	T	C	0.016	1.349476	0.2759845	-226.7509	1e+05	1e+05	1.953323e-06	1.452559e-06	4.690345e-06
6	6-18168896	16665485	29	C	A	0.013	1.060965	0.215264	-226.5746	1e+05	1e+05	1.633155e-06	1.209219e-06	4.036186e-06
6	6-18169914	16666503	38	T	C	0.013	1.116364	0.2142098	-225.2618	1e+05	1e+05	4.320352e-07	3.097348e-07	1.340362e-06
6	6-18107863	16715809	31	T	C	0.013	1.18583	0.2122443	-223.4316	1e+05	1e+05	6.816174e-08	4.671945e-08	3.013065e-07
6	6-16340596	18626789	31	C	T	0.026	0.7832031	0.1559401	-226.1457	1e+05	1e+05	1.057156e-06	7.745332e-07	2.807123e-06
6	6-16032569	18944427	35	A	G	0.026	0.8646561	0.1819033	-227.3586	1e+05	1e+05	3.622511e-06	2.734365e-06	7.901587e-06
6	6-21072606	19290885	38	A	G	0.067	0.502273	0.1055579	-227.337	1e+05	1e+05	3.543985e-06	2.673676e-06	7.756014e-06
6	6-21072512	19290979	43	T	C	0.014	1.001988	0.2096039	-227.2393	1e+05	1e+05	3.20854e-06	2.414796e-06	7.129066e-06
6	6-23058874	21453081	33	A	C	0.052	0.541702	0.1162585	-227.7692	1e+05	1e+05	5.50274e-06	4.195758e-06	1.128031e-05
6	6-25423061	26816628	43	T	G	0.014	1.174314	0.215769	-224.148	1e+05	1e+05	1.40304e-07	9.787321e-08	5.372317e-07
6	6-25426935	26820502	33	A	G	0.013	1.114382	0.2152051	-225.4194	1e+05	1e+05	5.066861e-07	3.646624e-07	1.52781e-06
6	6-25427170	26820737	37	T	C	0.013	1.202909	0.2141645	-223.283	1e+05	1e+05	5.86892e-08	4.008032e-08	2.674932e-07
6	6-25472840	26861055	35	A	C	0.013	1.252165	0.2674202	-227.6696	1e+05	1e+05	4.971697e-06	3.781571e-06	1.034418e-05
6	6-27785166	29289686	21	T	C	0.015	1.00966	0.2064684	-226.7488	1e+05	1e+05	1.949209e-06	1.449426e-06	4.682044e-06
6	6-28017390	29490856	45	A	C	0.017	1.2232	0.2408954	-225.89	1e+05	1e+05	8.159035e-07	5.940348e-07	2.263872e-06
6	6-28069067	29544782	9	T	C	0.016	0.9362875	0.2056324	-228.2255	1e+05	1e+05	8.764324e-06	6.758102e-06	1.681404e-05
6	6-28118697	29594406	22	A	T	0.022	0.8432542	0.1788203	-227.5243	1e+05	1e+05	4.288184e-06	3.250051e-06	9.119551e-06
6	6-28627903	30100118	9	G	A	0.019	0.9334371	0.2038708	-228.1174	1e+05	1e+05	7.848442e-06	6.035794e-06	1.529136e-05
6	6-33719074	35248211	31	T	A	0.01	1.192446	0.2238379	-224.7082	1e+05	1e+05	2.469463e-07	1.746505e-07	8.489188e-07
6	6-33794860	35339493	27	T	C	0.036	0.6831569	0.1509574	-228.3432	1e+05	1e+05	9.882571e-06	7.642453e-06	1.864695e-05
6	6-56947671	59410798	37	A	G	0.029	0.7513994	0.1554508	-227.0023	1e+05	1e+05	2.52154e-06	1.886726e-06	5.815326e-06
6	6-58610505	61212907	10	T	C	0.014	1.035227	0.1892278	-224.0088	1e+05	1e+05	1.219243e-07	8.476167e-08	4.798308e-07
6	6-58616289	61218690	15	T	A	0.055	0.5068003	0.1105541	-228.0934	1e+05	1e+05	7.658582e-06	5.886308e-06	1.497303e-05
6	6-58617889	61220290	23	G	A	0.077	0.4690967	0.09976332	-227.5836	1e+05	1e+05	4.555025e-06	3.457328e-06	9.6005e-06
6	6-59054654	61643121	25	A	G	0.078	-0.5028783	0.1080675	-227.7956	1e+05	1e+05	5.652667e-06	4.312873e-06	1.154243e-05
6	6-60809506	63405463	24	T	G	0.01	1.22812	0.2482212	-226.4881	1e+05	1e+05	1.496046e-06	1.105351e-06	3.750473e-06
6	6-61908721	64490408	12	A	T	0.019	0.8326377	0.1801015	-227.9272	5.032712	1e+05	6.457085e-06	4.948108e-06	1.294655e-05
6	6-65046083	67734594	19	A	T	0.054	-0.6301136	0.1388479	-228.2895	1e+05	1e+05	9.355661e-06	7.225436e-06	1.778664e-05
6	6-71783460	74551697	15	T	C	0.029	0.6557411	0.1438362	-228.2011	1e+05	1e+05	8.548685e-06	6.587868e-06	1.645739e-05
6	6-71784697	74552934	18	A	G	0.027	0.7581097	0.1514783	-226.2272	1e+05	1e+05	1.148213e-06	8.429334e-07	3.007027e-06
6	6-71927785	74708831	11	T	C	0.033	0.6897418	0.1430527	-227.0562	1e+05	1e+05	2.663607e-06	1.99567e-06	6.090696e-06
6	6-71928763	74709809	14	T	C	0.026	0.7117474	0.1519407	-227.6609	1e+05	1e+05	4.928061e-06	3.747583e-06	1.026669e-05
6	6-71929184	74710230	40	C	G	0.038	0.6523943	0.1396334	-227.7139	1e+05	1e+05	5.201424e-06	3.960622e-06	1.075067e-05
6	6-74310896	77012644	13	G	A	0.306	-0.2645498	0.05721714	-227.9241	1e+05	1e+05	6.444204e-06	4.932371e-06	1.291211e-05
6	6-74311674	77013422	16	T	A	0.293	-0.2738331	0.05889527	-227.8124	1e+05	1e+05	5.750308e-06	4.389184e-06	1.171266e-05
6	6-74982160	77701222	6	A	G	0.394	-0.2474962	0.05364565	-227.9177	11.03683	1e+05	6.735549e-06	4.899371e-06	1.283982e-05
6	6-78718414	81532885	18	T	C	0.019	0.8604913	0.176702	-226.8459	4.845641	1e+05	2.139856e-06	1.603463e-06	5.086839e-06
6	6-78719468	81533939	6	T	C	0.021	0.8189561	0.1717417	-227.3452	4.013393	1e+05	3.384328e-06	2.696462e-06	7.810732e-06
6	6-78726227	81559468	15	A	G	0.019	0.8537935	0.1767216	-227.0375	4.475743	1e+05	2.549014e-06	1.957124e-06	5.993547e-06
6	6-83342911	86305256	15	A	G	0.022	0.8402642	0.1853359	-228.3082	1e+05	1e+05	9.536432e-06	7.368443e-06	1.808244e-05
6	6-88890940	91321446	41	A	T	0.022	0.8342037	0.1753029	-227.3354	1e+05	1e+05	3.538062e-06	2.669099e-06	7.745015e-06
6	6-94097851	96644663	5	T	C	0.011	1.53441	0.3031035	-225.9615	1e+05	1e+05	8.771185e-07	6.397251e-07	2.403813e-06
6	6-94667591	97229378	36	T	C	0.016	1.033365	0.1897903	-224.1367	1e+05	1e+05	1.387087e-07	9.673338e-08	5.323052e-07
6	6-94741539	97302820	15	T	C	0.014	1.091515	0.2386422	-228.1376	1e+05	1e+05	8.011544e-06	6.164282e-06	1.556407e-05
6	6-95949104	98605625	29	T	C	0.015	1.065792	0.2288985	-227.7834	1e+05	1e+05	5.583137e-06	4.25855e-06	1.142099e-05
6	6-97042069	99721673	38	C	T	0.051	0.5663034	0.1200563	-227.5185	1e+05	1e+05	4.26281e-06	3.230356e-06	9.073612e-06
6	6-99464255	102200876	36	A	G	0.035	0.6426811	0.1357801	-227.4471	1e+05	1e+05	3.964203e-06	2.998806e-06	8.530206e-06
6	6-101499125	104663433	11	A	G	0.014	1.358156	0.2925744	-228.0082	2.936911	1e+05	5.941107e-06	5.385184e-06	1.389705e-05
6	6-102791562	105873682	32	T	A	0.026	0.8211229	0.1678815	-226.7108	6.418798	1e+05	1.940807e-06	1.393233e-06	4.53265e-06
6	6-102927854	106010381	23	A	G	0.055	0.5577339	0.1127362	-226.4584	32.22416	1e+05	1.499068e-06	1.071686e-06	3.656923e-06
6	6-102927921	106010448	36	A	T	0.061	0.5249973	0.1144756	-228.3584	2.560517	1e+05	7.594565e-06	7.765331e-06	1.889916e-05
6	6-117506728	121323417	9	G	A	0.023	0.7868133	0.1625225	-226.9684	1e+05	1e+05	2.43622e-06	1.821368e-06	5.648909e-06
6	6-118386839	122169758	32	T	C	0.034	0.6346302	0.1399454	-228.3036	1e+05	1e+05	9.49095e-06	7.332456e-06	1.800808e-05
6	6-125637654	129374043	30	A	C	0.015	0.9971336	0.2085698	-227.2374	1e+05	1e+05	3.202407e-06	2.410069e-06	7.117523e-06
6	6-138424348	142576799	37	A	G	0.045	0.6722911	0.1483658	-228.3268	4.885657	1e+05	9.63721e-06	7.512729e-06	1.838006e-05
6	6-148445818	152319974	45	T	C	0.031	0.8397613	0.1717178	-226.7479	1e+05	1e+05	1.947302e-06	1.447974e-06	4.678194e-06
6	6-148549920	152415009	3	A	G	0.122	0.3989429	0.07574786	-225.0854	3.855621	1e+05	3.31268e-07	2.580318e-07	1.158241e-06
6	6-148549966	152415055	3	T	G	0.373	-0.2477991	0.05445633	-228.8076	1.848044	1e+05	8.871157e-06	1.242755e-05	2.812698e-05
6	6-151160010	155107972	29	A	C	0.013	1.450149	0.2999583	-226.9986	1e+05	1e+05	2.512133e-06	1.879517e-06	5.797016e-06
6	6-158401012	162370732	20	G	A	0.078	0.5490182	0.1022084	-224.494	1e+05	1e+05	1.989073e-07	1.399371e-07	7.122323e-07
6	6-162143910	166141866	37	A	G	0.016	1.358176	0.2948588	-228.1168	3.476534	1e+05	6.955892e-06	6.03228e-06	1.528389e-05
6	6-166696801	170642432	20	T	C	0.017	0.9408897	0.2007215	-227.6471	1e+05	1e+05	4.859389e-06	3.694109e-06	1.014456e-05
7	7-1572261	1672528	14	T	C	0.021	0.8212221	0.1670082	-226.6263	1e+05	1e+05	1.721211e-06	1.276039e-06	4.217816e-06
7	7-1574609	1674876	43	C	T	0.017	1.204555	0.261169	-227.9767	4.975869	1e+05	6.776155e-06	5.210798e-06	1.351923e-05
7	7-6316842	6688383	32	A	G	0.018	1.013692	0.2096772	-226.9444	12.56757	1e+05	2.511722e-06	1.776447e-06	5.533972e-06
7	7-6325846	6697387	32	T	A	0.182	-0.3311958	0.07065713	-227.6479	1e+05	1e+05	4.863123e-06	3.697016e-06	1.015121e-05
7	7-10086293	10373361	30	T	C	0.049	0.5698471	0.1206751	-227.4958	1e+05	1e+05	4.165499e-06	3.154854e-06	8.897102e-06
7	7-10788734	11065591	30	G	T	0.325	-0.3125548	0.06615233	-227.4219	10.07758	1e+05	4.117199e-06	2.921027e-06	8.346238e-06
7	7-10915463	11191223	8	T	C	0.019	0.9239187	0.202524	-228.6088	1.947365	1e+05	8.435095e-06	1.009158e-05	2.357793e-05
7	7-11351673	11568544	22	A	G	0.017	1.066569	0.2330936	-228.2675	2.938243	1e+05	7.946935e-06	7.061368e-06	1.744624e-05
7	7-13565386	14050789	29	G	A	0.023	0.8869167	0.1880553	-227.5217	1e+05	1e+05	4.276673e-06	3.241115e-06	9.098715e-06
7	7-16491284	17048245	26	A	G	0.02	0.8953481	0.1895346	-227.7907	2.213447	1e+05	4.132734e-06	4.291e-06	1.149356e-05
7	7-16859920	17410435	13	T	C	0.036	0.6926615	0.1504111	-228.5769	1.656706	1e+05	6.988596e-06	9.75985e-06	2.292079e-05
7	7-17893523	18523995	23	A	G	0.017	0.9633731	0.2020084	-227.2898	1e+05	1e+05	3.377607e-06	2.545196e-06	7.446113e-06
7	7-19628459	20475359	39	T	C	0.011	1.221935	0.2237286	-224.0536	1e+05	1e+05	1.275639e-07	8.877999e-08	4.975989e-07
7	7-20053767	20930000	18	A	G	0.029	0.9767618	0.2073078	-228.1195	1.837522	1e+05	4.365347e-06	6.048776e-06	1.531896e-05
7	7-29501567	30700884	32	T	A	0.029	0.8970059	0.1907613	-227.5953	4.873049	1e+05	4.552033e-06	3.499554e-06	9.697931e-06
7	7-30555679	31665394	39	A	G	0.051	0.5545953	0.1197542	-227.8918	1e+05	1e+05	6.235169e-06	4.768581e-06	1.25526e-05
7	7-30860797	31919994	21	T	G	0.017	0.9866888	0.2097293	-227.5727	1e+05	1e+05	4.504892e-06	3.418362e-06	9.510432e-06
7	7-38818793	40178085	4	A	G	0.03	0.8415733	0.1718416	-226.7439	4.636909	1e+05	1.885662e-06	1.441976e-06	4.662293e-06
7	7-43006972	44563174	13	T	C	0.019	1.099636	0.2204572	-226.3041	1e+05	1e+05	1.241316e-06	9.130061e-07	3.208962e-06
7	7-49894873	51489579	28	G	A	0.018	0.9356253	0.2006115	-227.7501	1e+05	1e+05	5.396585e-06	4.112882e-06	1.109415e-05
7	7-70709248	72920440	28	A	G	0.023	0.9152296	0.1907704	-227.1632	1e+05	1e+05	2.969697e-06	2.230864e-06	6.677217e-06
7	7-71199458	73408911	3	A	G	0.018	1.193933	0.2528244	-227.4948	1e+05	1e+05	4.161416e-06	3.151687e-06	8.889683e-06
7	7-91615631	94533106	17	A	G	0.019	0.9568693	0.2100825	-228.2191	1e+05	1e+05	8.706568e-06	6.712497e-06	1.671862e-05
7	7-92372592	95217690	35	T	C	0.021	1.210183	0.2460738	-226.6231	1e+05	1e+05	1.715576e-06	1.27176e-06	4.206235e-06
7	7-92631540	95922866	4	T	C	0.016	1.299552	0.2673281	-227.7462	1.427059	1e+05	2.224142e-06	4.09626e-06	1.105675e-05
7	7-97462323	100467397	15	A	C	0.022	0.8513762	0.1849949	-228.008	153.7461	1e+05	7.079823e-06	5.383715e-06	1.389387e-05
7	7-99676456	102778753	26	A	G	0.02	1.015209	0.2109818	-227.0997	1e+05	1e+05	2.783979e-06	2.088088e-06	6.32241e-06
7	7-100133977	103259394	24	A	G	0.025	1.092416	0.2198868	-226.3951	1e+05	1e+05	1.361322e-06	1.003514e-06	3.465946e-06
7	7-100477182	103624732	37	A	G	0.021	1.268408	0.2681803	-227.4628	1e+05	1e+05	4.027894e-06	3.04816e-06	8.646557e-06
7	7-104944890	108177056	31	A	G	0.023	0.8651897	0.1748968	-226.4919	1e+05	1e+05	1.501743e-06	1.109662e-06	3.762419e-06
7	7-104944892	108177058	31	T	C	0.078	0.4888076	0.1057151	-227.9232	1e+05	1e+05	6.43826e-06	4.927712e-06	1.290191e-05
7	7-104944895	108177061	32	G	A	0.07	0.5568707	0.1105917	-226.0862	1e+05	1e+05	9.952339e-07	7.280995e-07	2.669693e-06
7	7-106105161	109294158	26	C	T	0.02	0.8989615	0.1966382	-228.147	1e+05	1e+05	8.088786e-06	6.225154e-06	1.569298e-05
7	7-122503128	126377318	24	A	G	0.025	0.8107426	0.1782408	-228.2309	5.411853	1e+05	8.942238e-06	6.795845e-06	1.689294e-05
7	7-123497202	127417468	8	T	C	0.019	0.9182684	0.1885811	-226.8424	1e+05	1e+05	2.143548e-06	1.597606e-06	5.071569e-06
7	7-123713045	127684237	29	T	C	0.018	1.027067	0.1811541	-223.0168	1e+05	1e+05	4.489496e-08	3.046025e-08	2.162963e-07
7	7-123713064	127684256	34	A	G	0.021	0.9489208	0.1764726	-224.4667	1e+05	1e+05	1.9352e-07	1.360561e-07	6.965673e-07
7	7-125331871	129444361	42	C	A	0.047	0.6180221	0.1272469	-227.1729	2.613104	1e+05	2.269085e-06	2.253447e-06	6.733003e-06
7	7-125331950	129444440	32	T	C	0.047	0.5592549	0.1229617	-228.4564	2.876104	1e+05	8.956833e-06	8.604e-06	2.060599e-05
7	7-125332713	129445203	15	G	T	0.045	0.7106789	0.1210009	-221.9728	1e+05	1e+05	1.571864e-08	1.039505e-08	9.492672e-08
7	7-126148765	130058102	9	T	C	0.016	1.227589	0.2618377	-227.6436	1e+05	1e+05	4.841752e-06	3.680379e-06	1.011316e-05
7	7-129472582	133598152	17	G	C	0.022	0.7390326	0.1617377	-228.1569	1e+05	1e+05	8.171046e-06	6.289995e-06	1.583009e-05
7	7-129507482	133635332	35	T	C	0.011	1.147293	0.2529033	-228.2966	1e+05	1e+05	9.423564e-06	7.279146e-06	1.789783e-05
7	7-132047751	136050138	35	T	C	0.013	1.047013	0.2166773	-227.0092	1e+05	1e+05	2.539309e-06	1.900344e-06	5.849884e-06
7	7-146009741	150913314	32	T	C	0.018	0.9608707	0.197806	-226.895	1e+05	1e+05	2.261163e-06	1.687445e-06	5.304844e-06
7	7-146615057	151816282	14	T	C	0.133	0.4133694	0.08977093	-228.7881	1.453146	1e+05	7.001132e-06	1.217621e-05	2.764355e-05
7	7-147868799	153078162	9	A	G	0.016	0.8427068	0.1850641	-228.2239	1e+05	1e+05	8.749691e-06	6.746547e-06	1.678987e-05
7	7-164993033	170521027	6	A	C	0.011	1.219861	0.2275168	-224.5421	1e+05	1e+05	2.088124e-07	1.470794e-07	7.408437e-07
7	7-166187940	171724202	12	A	G	0.014	1.139002	0.2217826	-225.6196	1e+05	1e+05	6.20457e-07	4.487446e-07	1.805204e-06
8	8-1454193	1591457	22	C	T	0.032	0.7244746	0.154638	-227.6823	4.537478	1e+05	4.915022e-06	3.832136e-06	1.045926e-05
8	8-7292296	7611404	23	C	G	0.017	0.9108215	0.1960829	-227.8314	1e+05	1e+05	5.863193e-06	4.477449e-06	1.1909e-05
8	8-10468487	10842284	11	A	G	0.014	1.122623	0.2438195	-228.0071	1e+05	1e+05	7.013182e-06	5.37883e-06	1.388331e-05
8	8-10882456	11285005	26	T	C	0.081	0.4644471	0.09874743	-227.578	1e+05	1e+05	4.528987e-06	3.437089e-06	9.553736e-06
8	8-13343190	13690915	2	C	G	0.014	1.012997	0.2203289	-228.0357	1e+05	1e+05	7.220693e-06	5.541878e-06	1.4235e-05
8	8-14291391	14685955	9	G	C	0.012	1.198338	0.2611391	-228.0222	14.74211	1e+05	7.502894e-06	5.464103e-06	1.406744e-05
8	8-18469798	19104602	7	A	G	0.062	0.5074139	0.1074482	-227.6993	2.896119	1e+05	4.160944e-06	3.900577e-06	1.061466e-05
8	8-18521655	19156449	20	T	C	0.066	0.5689505	0.1110279	-225.9238	2.633299	1e+05	6.545274e-07	6.151828e-07	2.32887e-06
8	8-18599960	19220077	21	T	C	0.062	0.5063973	0.1094044	-228.1532	2.663003	1e+05	6.302411e-06	6.266021e-06	1.577942e-05
8	8-18608882	19236979	14	T	C	0.064	0.5244842	0.1070182	-226.9216	2.834949	1e+05	1.85555e-06	1.734743e-06	5.426846e-06
8	8-33141405	34056402	26	A	C	0.018	0.8986164	0.1975252	-228.2419	1e+05	1e+05	8.911438e-06	6.874298e-06	1.705674e-05
8	8-33369576	34290231	17	G	A	0.251	0.2980568	0.06359375	-228.393	1.541485	1e+05	4.873408e-06	8.05146e-06	1.948427e-05
8	8-36219026	37208815	40	T	A	0.054	0.5804873	0.1273502	-228.2043	1e+05	1e+05	8.576476e-06	6.609802e-06	1.650341e-05
8	8-45804128	47068902	38	C	G	0.013	1.411959	0.3072168	-228.2415	2.736755	1e+05	7.274254e-06	6.87179e-06	1.705151e-05
8	8-54872590	56025645	7	A	G	0.012	1.549827	0.2825745	-223.9404	1e+05	1e+05	1.138082e-07	7.898675e-08	4.539965e-07
8	8-71709162	73361459	32	T	G	0.036	0.6313796	0.1300559	-226.9083	1e+05	1e+05	2.291912e-06	1.710951e-06	5.365545e-06
8	8-74219775	75958566	12	A	G	0.019	0.9475182	0.2045589	-227.8879	1e+05	1e+05	6.21075e-06	4.749456e-06	1.25105e-05
8	8-75994990	77887586	11	G	A	0.021	0.9048055	0.1962991	-228.2927	2.247574	1e+05	6.861233e-06	7.249404e-06	1.783627e-05
8	8-76675762	78578306	39	A	G	0.03	0.9806601	0.2155975	-228.2453	1e+05	1e+05	8.942643e-06	6.89895e-06	1.710815e-05
8	8-76696732	78608644	3	A	G	0.05	0.5880155	0.118696	-226.398	7.228237	1e+05	1.453262e-06	1.006489e-06	3.474325e-06
8	8-76741441	78653344	15	T	C	0.024	0.8906234	0.1945094	-228.429	2.266652	1e+05	7.839985e-06	8.360459e-06	2.011287e-05
8	8-77125817	79043726	6	A	G	0.018	0.9031443	0.1939777	-227.7845	1e+05	1e+05	5.589495e-06	4.263517e-06	1.14321e-05
8	8-80664493	82648591	21	T	C	0.106	0.527357	0.08729044	-221.0916	1e+05	1e+05	6.490547e-09	4.200537e-09	4.791848e-08
8	8-87274654	89554511	19	G	A	0.02	0.8510715	0.1735232	-226.6833	1e+05	1e+05	1.823758e-06	1.353959e-06	4.427648e-06
8	8-99275140	101749361	24	A	C	0.013	1.479177	0.305491	-226.9652	1e+05	1e+05	2.428368e-06	1.815356e-06	5.633553e-06
8	8-108902606	111875360	17	T	C	0.027	0.83472	0.1650574	-226.7595	1.472685	1e+05	8.987109e-07	1.465532e-06	4.724686e-06
8	8-113759660	117013289	21	T	C	0.034	0.7682335	0.1635635	-227.545	13.424	1e+05	4.662515e-06	3.321053e-06	9.284813e-06
8	8-117813068	121240485	35	A	T	0.021	0.997545	0.1996981	-226.2975	4.484687	1e+05	1.199979e-06	9.06723e-07	3.190966e-06
8	8-124466233	128346876	28	C	T	0.028	0.7992192	0.1706047	-227.5925	10.63064	1e+05	4.922609e-06	3.489402e-06	9.674521e-06
8	8-134253561	138650260	20	T	C	0.015	1.072249	0.2241621	-227.191	6.516006	1e+05	3.165862e-06	2.296272e-06	6.838549e-06
8	8-134606080	139032492	16	T	G	0.012	1.070693	0.2355209	-228.2099	7.659778	1e+05	9.040375e-06	6.648442e-06	1.658444e-05
8	8-138057219	142605976	27	A	T	0.076	0.4570744	0.100572	-228.2615	1e+05	1e+05	9.092186e-06	7.017121e-06	1.735425e-05
8	8-139294162	144016910	42	C	T	0.016	1.07134	0.2303707	-227.808	1e+05	1e+05	5.724652e-06	4.36913e-06	1.166797e-05
8	8-154551264	159822260	30	G	A	0.036	0.6534883	0.1334825	-226.7238	1e+05	1e+05	1.900331e-06	1.412212e-06	4.583214e-06
8	8-159525275	164884886	37	G	A	0.487	-0.2892292	0.06281933	-228.0849	3.833249	1e+05	7.018614e-06	5.83401e-06	1.486138e-05
8	8-169245665	174884030	8	G	A	0.023	0.7837363	0.1672348	-227.6797	4.510241	1e+05	4.88304e-06	3.821663e-06	1.043544e-05
8	8-172013224	177770445	25	A	C	0.013	1.202423	0.2346318	-225.6708	1e+05	1e+05	6.535013e-07	4.732394e-07	1.884188e-06
9	9-2631539	2350877	12	G	T	0.012	1.233221	0.2632346	-227.6587	1e+05	1e+05	4.917137e-06	3.739076e-06	1.024728e-05
9	9-6550120	6147688	45	A	G	0.117	0.5296681	0.1106804	-227.1665	16.29029	1e+05	3.134613e-06	2.238637e-06	6.696429e-06
9	9-11439190	10834868	32	T	C	0.117	0.4307438	0.08746629	-226.6026	4.539398	1e+05	1.663395e-06	1.24498e-06	4.133593e-06
9	9-16488028	16238912	26	A	C	0.033	0.710021	0.1485055	-227.2361	1e+05	1e+05	3.198156e-06	2.406793e-06	7.10952e-06
9	9-46828675	47711506	38	C	T	0.011	1.40795	0.2773831	-225.8988	1e+05	1e+05	8.231955e-07	5.994733e-07	2.280626e-06
9	9-46828801	47711632	27	T	C	0.013	1.224779	0.2619986	-227.7028	1e+05	1e+05	5.1428e-06	3.914912e-06	1.064716e-05
9	9-60956528	70226323	27	T	A	0.028	0.8389617	0.1642545	-225.7504	1e+05	1e+05	7.083427e-07	5.139574e-07	2.013901e-06
9	9-83847969	86121198	19	T	C	0.046	0.7136478	0.156882	-228.2437	1e+05	1e+05	8.927996e-06	6.887378e-06	1.708402e-05
9	9-89132138	91481067	14	A	G	0.207	0.3660047	0.07609394	-227.1083	1e+05	1e+05	2.808363e-06	2.106821e-06	6.369177e-06
9	9-89165585	91532193	19	A	G	0.22	0.3566387	0.07336227	-226.8784	1e+05	1e+05	2.223399e-06	1.658587e-06	5.230137e-06
9	9-89165620	91532228	16	A	T	0.216	0.3836774	0.07412527	-225.4296	1e+05	1e+05	5.119494e-07	3.685428e-07	1.540849e-06
9	9-101490390	103945233	40	A	G	0.103	0.4436787	0.09802484	-228.2942	19.5733	1e+05	9.853097e-06	7.260864e-06	1.786e-05
9	9-108751769	111364173	22	T	C	0.027	-2.093668	0.4150769	-226.0461	1e+05	1e+05	9.556416e-07	6.984465e-07	2.58114e-06
9	9-128611071	130587863	17	A	G	0.012	1.529184	0.3063364	-226.2864	1e+05	1e+05	1.219214e-06	8.963598e-07	3.161238e-06
9	9-128698907	130674284	13	T	C	0.059	-0.8349112	0.1589561	-225.0671	1e+05	1e+05	3.548688e-07	2.531995e-07	1.140891e-06
9	9-132030972	134216891	29	A	G	0.013	1.183399	0.2154773	-223.9043	1e+05	1e+05	1.097393e-07	7.60953e-08	4.409202e-07
9	9-141656618	144050734	38	G	A	0.038	0.7060415	0.1527192	-227.9262	1e+05	1e+05	6.457728e-06	4.942972e-06	1.293531e-05
9	9-143534400	146008900	13	A	G	0.017	1.052175	0.2144683	-226.6774	1e+05	1e+05	1.8128e-06	1.345627e-06	4.405308e-06
9	9-143814509	146274483	39	A	G	0.038	0.7669602	0.1631484	-228.6458	1.289973	1e+05	4.577307e-06	1.049053e-05	2.436427e-05
9	9-152757617	155636391	19	G	A	0.029	0.7168517	0.1555251	-228.6748	1.583726	1e+05	6.863847e-06	1.08139e-05	2.499861e-05
9	9-155586005	158403850	10	A	G	0.019	-0.9381086	0.1999522	-227.6291	1e+05	1e+05	4.771162e-06	3.625435e-06	9.98733e-06
9	9-156267128	159070715	32	G	T	0.174	0.3713126	0.06852882	-224.2661	1e+05	1e+05	1.580469e-07	1.105703e-07	5.91379e-07
9	9-156340504	159152847	12	G	A	0.493	0.2885102	0.06214178	-227.9971	2.910395	1e+05	5.923191e-06	5.32296e-06	1.376244e-05
9	9-156360103	159172224	12	G	A	0.42	0.2727086	0.05827613	-227.7405	3.868156	1e+05	5.033684e-06	4.072064e-06	1.100226e-05
9	9-156505542	159307780	23	A	G	0.152	0.3591514	0.07297363	-226.6063	1e+05	1e+05	1.6867e-06	1.249841e-06	4.146797e-06
9	9-156651293	159453458	25	C	T	0.354	0.2702701	0.05843826	-228.0488	3.213539	1e+05	6.408331e-06	5.618461e-06	1.439967e-05
9	9-156651678	159453843	9	G	A	0.426	0.2694731	0.05820071	-228.0152	3.153613	1e+05	6.263969e-06	5.424516e-06	1.398201e-05
9	9-156660966	159455985	30	A	G	0.366	0.2870824	0.06031612	-227.3612	4.315019	1e+05	3.522402e-06	2.741829e-06	7.919457e-06
9	9-156737920	159562763	30	C	T	0.379	0.2708473	0.05859161	-228.2271	2.460128	1e+05	6.472032e-06	6.768967e-06	1.683676e-05
9	9-156755856	159580975	24	C	T	0.355	0.2718965	0.0579411	-227.6545	3.850267	1e+05	4.750636e-06	3.722579e-06	1.020962e-05
9	9-156790608	159614570	22	G	A	0.421	0.2595694	0.05733645	-228.4536	3.236782	1e+05	9.813107e-06	8.578045e-06	2.055353e-05
10	10-1455877	998023	35	G	A	0.011	1.970309	0.3307412	-221.535	1e+05	1e+05	1.012794e-08	6.626263e-09	6.750521e-08
10	10-5910401	5638071	27	T	G	0.051	0.5853779	0.1183651	-226.498	1e+05	1e+05	1.511017e-06	1.116681e-06	3.781851e-06
10	10-7115769	6914501	26	T	C	0.01	1.282749	0.2772075	-227.9078	1e+05	1e+05	6.337936e-06	4.849088e-06	1.272953e-05
10	10-7678369	7583266	34	A	G	0.039	1.057	0.224475	-227.5545	1e+05	1e+05	4.421763e-06	3.353774e-06	9.360791e-06
10	10-8234218	8161581	22	T	C	0.02	1.174557	0.2441389	-227.1033	1e+05	1e+05	2.79424e-06	2.09597e-06	6.342097e-06
10	10-10399069	10418125	42	G	A	0.022	0.7954091	0.1733261	-228.0724	1e+05	1e+05	7.496254e-06	5.758569e-06	1.470007e-05
10	10-10399094	10418150	41	G	A	0.022	0.7927806	0.1733846	-228.1438	1e+05	1e+05	8.063057e-06	6.204877e-06	1.565006e-05
10	10-14412041	14579654	42	T	A	0.014	1.026031	0.2218327	-227.9171	1e+05	1e+05	6.398082e-06	4.89622e-06	1.283291e-05
10	10-23151723	23658461	26	C	T	0.078	0.5674606	0.1253296	-228.3336	1e+05	1e+05	9.786913e-06	7.566705e-06	1.849118e-05
10	10-23156848	23663585	36	T	A	0.059	0.6509082	0.1418716	-228.077	1e+05	1e+05	7.531748e-06	5.786494e-06	1.475982e-05
10	10-23157786	23664523	37	T	C	0.064	0.6013079	0.1301954	-227.9461	1e+05	1e+05	6.590352e-06	5.046961e-06	1.316257e-05
10	10-29042709	29808436	37	A	G	0.011	1.6181	0.357543	-228.4506	3.413354	1e+05	9.877747e-06	8.551959e-06	2.050079e-05
10	10-30721311	31522947	23	T	G	0.012	1.428951	0.3138145	-228.2244	1e+05	1e+05	8.753717e-06	6.749726e-06	1.679652e-05
10	10-33106493	34006219	24	A	T	0.01	1.544762	0.3232941	-227.249	1e+05	1e+05	3.240411e-06	2.439366e-06	7.189004e-06
10	10-38874336	40060904	31	T	C	0.01	1.214188	0.224121	-224.2699	1e+05	1e+05	1.586625e-07	1.110115e-07	5.932377e-07
10	10-39173456	40284864	3	G	C	0.011	1.730439	0.3003887	-222.5535	1e+05	1e+05	2.817128e-08	1.889752e-08	1.497954e-07
10	10-40401492	41536560	37	T	C	0.013	1.099335	0.2361278	-227.7856	1e+05	1e+05	5.595457e-06	4.268175e-06	1.144252e-05
10	10-40684708	41810767	16	T	C	0.043	0.6831152	0.147536	-227.8475	7.886991	1e+05	6.261406e-06	4.553323e-06	1.207732e-05
10	10-40942202	42068135	31	A	G	0.08	0.49098	0.09980664	-226.5943	5.622687	1e+05	1.705011e-06	1.234307e-06	4.104572e-06
10	10-40942209	42068142	33	G	C	0.065	0.5636235	0.1083695	-225.3078	307.4545	1e+05	4.545594e-07	3.248682e-07	1.392573e-06
10	10-41060579	42184598	18	A	C	0.012	1.526471	0.309669	-226.5714	1e+05	1e+05	1.62793e-06	1.205256e-06	4.025362e-06
10	10-42040669	43220399	24	G	A	0.028	0.7810528	0.1643878	-227.3678	1e+05	1e+05	3.656831e-06	2.7609e-06	7.965077e-06
10	10-42727645	43955471	37	C	T	0.11	0.3907017	0.08549142	-228.1914	3.9969	1e+05	8.144721e-06	6.521443e-06	1.631786e-05
10	10-49309466	50610089	18	T	C	0.012	1.041453	0.2288589	-228.2365	1e+05	1e+05	8.862878e-06	6.835938e-06	1.697668e-05
10	10-69533004	68660010	29	A	G	0.031	0.771463	0.170483	-228.3001	7.794626	1e+05	9.896891e-06	7.305759e-06	1.795288e-05
10	10-77775672	77151324	13	G	A	0.062	-0.5255505	0.11512	-228.2007	4.683405	1e+05	8.317706e-06	6.584682e-06	1.64507e-05
10	10-77775688	77151340	13	A	C	0.057	-0.5362683	0.1148173	-227.7417	4.79739	1e+05	5.237671e-06	4.077245e-06	1.101393e-05
10	10-78949809	78329404	18	A	G	0.017	1.066219	0.2279084	-227.7429	3.889865	1e+05	5.063132e-06	4.082496e-06	1.102576e-05
10	10-107332968	108025206	26	G	A	0.045	0.8915388	0.1663335	-224.5503	1e+05	1e+05	2.105402e-07	1.483262e-07	7.458102e-07
10	10-110334062	111168345	33	G	A	0.026	0.9667783	0.18791	-225.5763	1e+05	1e+05	5.938474e-07	4.290426e-07	1.741113e-06
10	10-110334083	111168366	34	T	C	0.024	1.147389	0.2191772	-225.1504	1e+05	1e+05	3.860356e-07	2.76001e-07	1.222241e-06
10	10-110754721	111607366	18	T	C	0.036	0.7053807	0.1483634	-227.8532	1.8544	1e+05	3.60582e-06	4.580303e-06	1.213707e-05
10	10-117392671	118380905	38	A	G	0.059	0.5543712	0.1170408	-227.4326	1e+05	1e+05	3.905943e-06	2.953678e-06	8.423556e-06
10	10-126118177	127073346	12	T	C	0.035	0.8202163	0.1505212	-224.2724	3.098937	1e+05	1.357188e-07	1.112986e-07	5.944464e-07
10	10-129250308	130377091	40	T	G	0.231	-0.3839297	0.0832399	-227.9564	71.40883	1e+05	6.77137e-06	5.101438e-06	1.328135e-05
10	10-132441776	133660413	10	C	T	0.161	-0.3310653	0.07030861	-227.528	40.37388	1e+05	4.422207e-06	3.26266e-06	9.148941e-06
10	10-133493592	134708199	17	C	G	0.082	-0.4274704	0.09182497	-227.7873	1e+05	1e+05	5.605432e-06	4.275967e-06	1.145995e-05
10	10-133493982	134708589	25	T	G	0.065	-0.4861905	0.1023759	-227.3776	1e+05	1e+05	3.693193e-06	2.78902e-06	8.032255e-06
10	10-133515814	134730413	12	T	C	0.127	-0.3526777	0.07679837	-228.0588	1e+05	1e+05	7.393323e-06	5.677605e-06	1.452661e-05
10	10-144408980	145718590	22	T	C	0.015	1.052111	0.2227835	-227.494	1e+05	1e+05	4.15789e-06	3.148951e-06	8.883276e-06
