chr	rs	ps	n_miss	allele1	allele0	af	beta	se	logl_H1	l_remle	l_mle	p_wald	p_lrt	p_score
1	1-10900571	11068629	8	T	C	0.172	0.039911	0.008480537	213.7705	1e-05	1e-05	4.613836e-06	3.367746e-05	0.0001222325
1	1-11543068	11735989	18	A	G	0.023	-0.1265008	0.02554889	216.407	0.2067615	1e+05	1.526889e-06	2.133278e-06	6.814602e-06
1	1-12790913	12985716	12	T	C	0.168	0.05409553	0.01128599	214.152	1e-05	1e-05	3.131159e-06	2.254713e-05	9.050173e-05
1	1-14033456	14251443	36	T	C	0.128	0.05504551	0.01138345	214.9292	0.03962223	1e+05	2.586925e-06	9.97879e-06	2.442214e-05
1	1-14033462	14251449	33	T	A	0.126	0.05495838	0.0113714	214.8344	0.03706605	1e+05	2.616732e-06	1.102052e-05	2.654313e-05
1	1-14033465	14251452	35	G	A	0.127	0.05425588	0.01138022	214.5298	0.03314464	1e+05	3.51153e-06	1.516535e-05	3.472521e-05
1	1-14033734	14251721	27	C	T	0.062	0.1092424	0.02238524	217.3904	0.3517903	1e+05	2.114189e-06	7.674876e-07	2.977548e-06
1	1-14035032	14253019	16	A	G	0.117	0.05742843	0.01178516	215.1804	0.05417665	1e+05	2.184185e-06	7.672506e-06	1.960389e-05
1	1-14035047	14253034	17	A	G	0.115	0.05745872	0.01193549	215.2858	0.09459598	1e+05	2.849822e-06	6.871892e-06	1.788325e-05
1	1-14035095	14253082	30	T	G	0.124	0.05721573	0.01197979	215.1862	0.09490935	1e+05	3.381126e-06	7.625884e-06	1.950446e-05
1	1-14035136	14253123	26	G	A	0.118	0.05377956	0.0117731	214.4144	0.1087724	1e+05	8.450814e-06	1.711697e-05	3.846416e-05
1	1-14035158	14253145	36	T	A	0.122	0.05411109	0.01139141	214.9031	0.06913747	1e+05	3.795032e-06	1.025572e-05	2.498898e-05
1	1-15493762	15687905	16	T	C	0.202	0.03829294	0.008361277	213.2262	1e-05	1e-05	8.029566e-06	5.9785e-05	0.0003104331
1	1-16138609	16376448	43	A	G	0.024	0.16815	0.02830926	220.4977	0.1620394	1e+05	1.192107e-08	3.086363e-08	2.410522e-07
1	1-16138636	16376475	35	A	C	0.014	0.1851471	0.03466189	216.8228	0.06104696	1e-05	2.418968e-07	1.384163e-06	6.077174e-06
1	1-30688781	30968880	5	G	C	0.171	-0.0393406	0.008667837	213.0518	1e-05	1e-05	9.592053e-06	7.188452e-05	0.0004461128
1	1-30688815	30968914	3	T	C	0.175	-0.04053632	0.008600898	213.8003	1e-05	1e-05	4.476031e-06	3.263664e-05	0.0002241733
1	1-37219518	37593456	31	G	T	0.019	0.1183158	0.0251652	215.7439	0.2041621	1e+05	4.709226e-06	4.258655e-06	1.202462e-05
1	1-53417297	54032364	10	C	T	0.02	0.1177479	0.02537901	213.9783	0.1041635	1e+05	6.186945e-06	2.706422e-05	5.674748e-05
1	1-75835870	77265765	11	A	G	0.032	0.08564749	0.01851536	214.3209	0.1051898	1e+05	6.572872e-06	1.888291e-05	4.179682e-05
1	1-75862897	77293178	10	T	C	0.042	0.07537018	0.01635594	214.3496	0.1122572	1e+05	7.09875e-06	1.832253e-05	4.07441e-05
1	1-76120881	77618837	34	A	T	0.093	-0.0582762	0.01277558	214.0719	1e-05	1e+05	8.69095e-06	2.452844e-05	5.218801e-05
1	1-90660379	92590082	3	T	C	0.16	0.04824716	0.01010312	214.2511	1e-05	1e+05	3.389416e-06	2.031728e-05	4.447241e-05
1	1-90660380	92590083	3	A	C	0.165	0.04836272	0.009950746	214.9244	1e-05	1e+05	2.314073e-06	1.002879e-05	2.452466e-05
1	1-91019475	92954628	18	A	G	0.015	0.1954053	0.03736923	217.2151	0.1236163	1e+05	4.156091e-07	9.207202e-07	3.447018e-06
1	1-93300538	95445061	21	C	T	0.045	0.09526987	0.01826035	216.9474	0.1625072	1e+05	4.395436e-07	1.215948e-06	4.314816e-06
1	1-93302069	95446592	25	T	C	0.048	0.07977112	0.01724107	214.5195	0.1525007	1e+05	6.542614e-06	1.533027e-05	3.504365e-05
1	1-93325319	95464253	8	A	C	0.039	0.09712405	0.0191172	216.3268	0.1661791	1e+05	8.390268e-07	2.319157e-06	7.296191e-06
1	1-93332572	95471506	18	A	T	0.052	0.08469539	0.01662287	216.6127	0.1437658	1e+05	7.833488e-07	1.722235e-06	5.723355e-06
1	1-93334458	95473392	6	A	G	0.053	0.07560137	0.01606172	215.1481	0.2091244	1e+05	4.598764e-06	7.935551e-06	2.016324e-05
1	1-93338078	95477012	11	G	A	0.047	0.08972514	0.0180738	215.8613	0.1716832	1e+05	1.437941e-06	3.767391e-06	1.086765e-05
1	1-93341476	95480410	17	G	A	0.036	0.08879839	0.01941491	214.4777	0.1887922	1e+05	8.24388e-06	1.601761e-05	3.636572e-05
1	1-93344316	95483250	11	T	C	0.04	0.0970952	0.0193864	216.2203	0.1795252	1e+05	1.173357e-06	2.591398e-06	7.990231e-06
1	1-93345317	95484251	11	T	G	0.035	0.09833982	0.01986027	216.1475	0.2113661	1e+05	1.525064e-06	2.795435e-06	8.502525e-06
1	1-93345861	95484795	20	T	G	0.036	0.09094636	0.0194175	214.9432	0.1904015	1e+05	5.095279e-06	9.833731e-06	2.412432e-05
1	1-93349402	95488336	11	T	G	0.035	0.09275722	0.0197849	214.9374	0.1761684	1e+05	4.993945e-06	9.893762e-06	2.424765e-05
1	1-93360445	95499376	19	A	G	0.039	0.1032073	0.02062602	216.4138	0.19312	1e+05	1.19904e-06	2.118345e-06	6.775616e-06
1	1-93364674	95503605	8	T	G	0.032	0.1053256	0.02272997	215.0616	0.2476626	1e+05	6.346203e-06	8.688035e-06	2.174856e-05
1	1-93468127	95540419	10	G	A	0.045	0.09267717	0.01796214	217.3835	0.2302455	1e+05	5.78199e-07	7.729462e-07	2.994545e-06
1	1-93460913	95547632	8	T	A	0.044	0.09581078	0.01811228	216.8337	0.1473907	1e+05	3.105264e-07	1.368517e-06	4.748368e-06
1	1-93459670	95548875	3	C	G	0.033	0.09316373	0.02026579	214.4599	0.1756874	1e+05	7.448103e-06	1.631899e-05	3.694292e-05
1	1-93455216	95553329	10	A	C	0.042	0.08295685	0.01826785	214.764	0.237113	1e+05	9.491199e-06	1.186417e-05	2.823963e-05
1	1-93437925	95570620	23	T	C	0.024	0.1120586	0.02375567	215.0381	0.1758242	1e+05	4.395437e-06	8.903832e-06	2.219939e-05
1	1-93437905	95570640	23	A	G	0.034	0.09634087	0.02117408	213.6331	0.1502109	1e+05	9.137319e-06	3.892115e-05	7.741162e-05
1	1-93423035	95585512	8	C	A	0.044	0.08254145	0.01811975	214.4188	0.1909329	1e+05	8.927074e-06	1.703886e-05	3.831569e-05
1	1-93397680	95612251	8	A	G	0.049	0.07911884	0.01733397	214.6186	0.2137391	1e+05	8.584376e-06	1.381734e-05	3.21037e-05
1	1-93400508	95615079	20	C	T	0.039	0.08925614	0.01937124	214.5779	0.1931782	1e+05	7.113019e-06	1.441946e-05	3.32789e-05
1	1-93493501	95634657	41	T	C	0.026	0.1546556	0.03088432	216.5182	0.2264365	1e+05	1.177928e-06	1.900226e-06	6.20073e-06
1	1-103878702	106439092	23	T	C	0.026	0.1108401	0.02285832	215.527	0.09518596	1e+05	2.434548e-06	5.340889e-06	1.450358e-05
1	1-111283578	113767785	14	T	A	0.232	-0.03763401	0.007872397	214.5395	1e-05	1e+05	3.313946e-06	1.501177e-05	3.442825e-05
1	1-111283588	113767795	13	T	C	0.234	-0.03732365	0.007907979	214.421	0.01210562	1e+05	4.344772e-06	1.699949e-05	3.824083e-05
1	1-111285234	113769441	26	A	C	0.25	-0.03644184	0.008005136	213.2874	1e-05	1e+05	9.044462e-06	5.604684e-05	0.0001059215
1	1-111285290	113769497	23	T	C	0.28	-0.03589477	0.00767544	215.1648	0.04427111	1e+05	5.258637e-06	7.798579e-06	1.987233e-05
1	1-111285816	113770023	6	A	G	0.231	-0.03959957	0.007768952	215.5654	1e-05	1e+05	7.75877e-07	5.130527e-06	1.402836e-05
1	1-111286129	113770336	14	G	T	0.24	-0.03788588	0.007831166	214.3501	1e-05	1e-05	2.560659e-06	1.831144e-05	7.304406e-05
1	1-111286890	113771097	27	A	T	0.249	-0.03905458	0.007941298	214.7089	1e-05	1e-05	1.779545e-06	1.25687e-05	4.743333e-05
1	1-111286892	113771099	28	G	A	0.245	-0.04034721	0.007988958	215.3126	1e-05	1e-05	9.655651e-07	6.681592e-06	3.123933e-05
1	1-120414346	122242914	16	T	C	0.013	0.1714485	0.03530542	215.0167	0.08885371	1e+05	2.357004e-06	9.105716e-06	2.26197e-05
1	1-153192188	155033023	32	G	A	0.031	0.145898	0.02761203	219.5826	0.719651	1e+05	3.195743e-07	7.933587e-08	4.976497e-07
1	1-159548676	160958909	7	A	G	0.061	-0.08882169	0.01930998	213.7108	1e-05	1e+05	7.361466e-06	3.586432e-05	7.217285e-05
1	1-162581954	164177068	37	T	C	0.011	0.1497799	0.03196865	214.5183	0.08829909	1e+05	5.062078e-06	1.534977e-05	3.508126e-05
1	1-162595756	164190771	34	T	C	0.014	0.1388558	0.03026671	214.1893	0.08296538	1e+05	7.757252e-06	2.168077e-05	4.699214e-05
1	1-183135979	185133085	37	A	T	0.034	0.09981102	0.02151234	213.8089	0.09231397	1e+05	6.183392e-06	3.234319e-05	6.606713e-05
1	1-219821987	222999671	21	T	C	0.016	0.1601478	0.03281361	215.2168	0.1146834	1e+05	2.110171e-06	7.385558e-06	1.899044e-05
1	1-219822024	222999708	22	A	G	0.016	0.1613646	0.03273655	215.5194	0.1194266	1e+05	1.690043e-06	5.383115e-06	1.459862e-05
1	1-262231521	266978194	17	A	C	0.023	0.105594	0.02307899	213.3431	0.07214445	1e+05	8.18667e-06	5.284201e-05	0.000100679
1	1-262234508	266981181	18	G	A	0.028	0.1046399	0.02201962	214.1049	0.06767514	1e-05	3.762062e-06	2.369064e-05	6.169051e-05
1	1-262234752	266981425	22	T	G	0.018	0.1253297	0.02651072	214.0941	0.08600594	1e+05	4.197562e-06	2.396292e-05	5.116288e-05
1	1-262235943	266982616	4	T	C	0.026	0.1075928	0.02210659	214.6279	0.08424085	1e+05	2.243886e-06	1.368293e-05	3.18404e-05
1	1-262236312	266982985	11	T	G	0.022	0.1059668	0.02309485	213.4661	0.07410976	1e+05	7.737447e-06	4.641504e-05	9.004536e-05
1	1-262236313	266982986	11	A	G	0.022	0.1059668	0.02309485	213.4661	0.07410976	1e+05	7.737447e-06	4.641504e-05	9.004536e-05
1	1-262243552	266983682	12	T	C	0.022	0.1052865	0.02310773	213.3336	0.07321848	1e+05	8.888495e-06	5.337636e-05	0.0001015557
1	1-284987407	290055226	17	T	A	0.013	0.1852854	0.0407621	214.2613	0.1503201	1e+05	9.313009e-06	2.01016e-05	4.407178e-05
1	1-291469701	296923384	3	A	G	0.036	0.08844454	0.01912848	214.9086	0.170327	1e+05	6.631846e-06	1.019707e-05	2.486911e-05
1	1-300338124	305893890	38	T	C	0.043	0.08246515	0.01715669	214.5045	0.04157627	1e+05	2.947876e-06	1.557283e-05	3.551112e-05
2	2-28604416	29383726	33	G	A	0.014	0.1378399	0.03027675	214.4631	0.1067234	1e+05	9.03054e-06	1.626523e-05	3.684007e-05
2	2-28605881	29385191	29	A	T	0.025	0.1075935	0.02194938	215.9774	0.0971769	1e+05	1.914576e-06	3.337756e-06	9.836039e-06
2	2-113059622	115710923	7	T	C	0.017	0.1571092	0.03264165	214.4509	0.08600717	1e+05	2.862091e-06	1.647349e-05	3.723824e-05
2	2-113320973	115973344	5	T	C	0.046	0.08623945	0.01702733	215.5197	0.07523492	1e-05	9.028633e-07	5.381677e-06	1.523298e-05
2	2-113321069	115973440	4	G	A	0.099	0.06198407	0.01345468	213.771	0.05951772	1e+05	7.13738e-06	3.366094e-05	6.836163e-05
2	2-113609108	116260173	19	G	A	0.049	0.1131225	0.02474956	214.0872	0.09169719	1e+05	8.353086e-06	2.413539e-05	5.147585e-05
2	2-113669248	116336847	10	A	C	0.074	0.08097587	0.01604769	215.3075	0.002581811	1e-05	9.856598e-07	6.71721e-06	5.823536e-05
2	2-113669204	116336891	11	T	A	0.077	0.07143732	0.01555759	213.3784	0.02227506	1e-05	7.621588e-06	5.091004e-05	0.0001618359
2	2-140043453	144187022	15	A	G	0.018	0.1358163	0.02727005	216.046	0.07486459	1e+05	1.335476e-06	3.107427e-06	9.274324e-06
2	2-142200163	146349274	15	T	C	0.013	0.1441586	0.0306538	214.4246	0.1145517	1e+05	4.683621e-06	1.693469e-05	3.811754e-05
2	2-149324998	153271391	17	G	A	0.015	0.1407952	0.02861792	215.6135	0.09880915	1e+05	1.76401e-06	4.879612e-06	1.345756e-05
2	2-154318873	158303843	30	A	G	0.019	0.1338109	0.02731825	216.6152	0.1496061	1e+05	1.946865e-06	1.717719e-06	5.711138e-06
2	2-154694780	158679083	32	A	G	0.019	0.1841453	0.03848442	215.1729	0.1670722	1e+05	3.248867e-06	7.732637e-06	1.973201e-05
2	2-154694928	158679231	16	T	C	0.041	0.1003319	0.02214996	214.3703	0.180136	1e+05	9.972213e-06	1.792834e-05	4.000094e-05
2	2-163067106	167064274	13	T	C	0.06	0.0796254	0.01658542	214.3262	0.03802846	1e-05	3.023819e-06	1.877683e-05	4.93458e-05
2	2-193061821	198156801	20	C	G	0.021	0.1119902	0.02384323	213.8618	0.06716231	1e-05	4.806587e-06	3.059126e-05	7.200935e-05
2	2-193065404	198160384	23	T	C	0.024	0.1076022	0.02316904	213.6249	0.07209932	1e-05	6.062241e-06	3.926164e-05	8.563407e-05
2	2-217330582	223443349	4	G	A	0.019	0.1153884	0.02322242	215.0785	0.05845751	1e-05	1.408721e-06	8.535335e-06	2.703128e-05
2	2-222968957	229284770	24	A	G	0.497	0.04900147	0.01011251	214.3849	1e-05	1e-05	2.472008e-06	1.765612e-05	8.03953e-05
2	2-227380367	233731611	19	G	A	0.078	0.07075592	0.01560245	213.6955	0.05804927	1e+05	9.748963e-06	3.64465e-05	7.317481e-05
2	2-228893914	235242565	28	C	T	0.027	0.123065	0.02467085	217.7118	0.1798278	1e+05	1.287918e-06	5.498057e-07	2.279508e-06
2	2-232669947	238907631	9	T	C	0.02	0.1107849	0.02403916	213.5057	0.08016984	1e+05	7.086489e-06	4.451492e-05	8.686776e-05
2	2-232670048	238907732	15	A	G	0.025	0.105004	0.02187111	214.5452	0.1010908	1e+05	3.022372e-06	1.492218e-05	3.425482e-05
2	2-232670210	238907894	10	C	T	0.027	0.105756	0.02134253	215.0716	0.09229931	1e+05	1.500105e-06	8.596895e-06	2.155766e-05
2	2-232670231	238907915	6	T	C	0.022	0.1102341	0.02338513	213.9826	0.08011076	1e+05	4.459792e-06	2.694063e-05	5.652662e-05
2	2-232765711	238998158	25	T	A	0.053	0.08413259	0.01852597	213.446	0.03700768	1e+05	9.48324e-06	4.740997e-05	9.170275e-05
2	2-233905880	240127793	10	A	G	0.015	0.1792034	0.03840578	213.649	0.1264585	1e+05	5.507989e-06	3.827747e-05	7.631296e-05
2	2-234583730	242055304	11	A	C	0.03	0.09329399	0.02009113	214.2406	0.114765	1e+05	6.0804e-06	2.054284e-05	4.489079e-05
3	3-2140848	1464768	26	A	G	0.032	0.09444305	0.02002785	215.0996	0.1848318	1e+05	4.425686e-06	8.348731e-06	2.103635e-05
3	3-5759478	4923050	13	A	G	0.04	0.08128569	0.01726745	214.0797	0.1256596	1e+05	4.588115e-06	2.432832e-05	5.182561e-05
3	3-5792846	4956511	9	C	G	0.025	0.09880933	0.02146454	213.7729	0.08681944	1e+05	7.247136e-06	3.359274e-05	6.824316e-05
3	3-5842765	5012965	24	T	C	0.021	0.1167558	0.02304721	215.5246	0.05382291	1e-05	8.97929e-07	5.354305e-06	1.993309e-05
3	3-12431932	11698688	17	T	C	0.082	0.06448306	0.01400536	214.5457	0.1012467	1e+05	7.222084e-06	1.491502e-05	3.424094e-05
3	3-19957345	19360438	36	A	G	0.057	0.07013464	0.01520086	215.2153	0.2260747	1e+05	6.923269e-06	7.397202e-06	1.90154e-05
3	3-20420162	19832502	37	T	A	0.02	0.1210154	0.02568527	214.2392	0.08554396	1e+05	4.50716e-06	2.05744e-05	4.494927e-05
3	3-27344600	26884815	41	A	G	0.015	0.1656422	0.03417695	216.2899	0.08575637	1e+05	2.461107e-06	2.409953e-06	7.529082e-06
3	3-31633884	31225925	26	A	G	0.013	0.1381971	0.03030913	214.1373	0.09518417	1e+05	8.764283e-06	2.289881e-05	4.92251e-05
3	3-33028063	32639800	38	A	C	0.083	0.07554041	0.01552175	215.8785	0.0771733	1e+05	2.246488e-06	3.700537e-06	1.070841e-05
3	3-43455024	42982780	23	T	G	0.029	0.1010661	0.02140349	214.1841	0.09522767	1e+05	4.302534e-06	2.180005e-05	4.721154e-05
3	3-44798034	44320504	11	T	C	0.015	0.1232471	0.02647101	213.7558	0.05463503	1e+05	5.758703e-06	3.420493e-05	6.930547e-05
3	3-56472469	56432098	18	G	C	0.023	0.1124078	0.02371509	214.4106	0.08074746	1e+05	3.972119e-06	1.718465e-05	3.859272e-05
3	3-56472825	56432454	8	G	T	0.029	0.09213703	0.01954484	214.3226	0.08360632	1e+05	4.454212e-06	1.884828e-05	4.17319e-05
3	3-58983154	58984799	37	A	T	0.034	0.09833144	0.02032588	214.7317	0.08557578	1e+05	2.561675e-06	1.227207e-05	2.905361e-05
3	3-134813092	135471836	21	A	C	0.134	0.04705642	0.01011553	213.5377	0.000414176	1e-05	5.86157e-06	4.303793e-05	0.0001470954
3	3-134813769	135472513	13	A	G	0.141	0.04427972	0.009750058	213.0636	1e-05	1e-05	9.47713e-06	7.099182e-05	0.000442484
3	3-183075442	185877277	10	C	G	0.035	-0.1210079	0.02638284	215.3326	0.2087858	1e+05	7.79534e-06	6.543468e-06	1.716885e-05
3	3-197773361	200778911	17	T	C	0.018	0.153441	0.02673528	219.5467	0.1361226	1e+05	3.348609e-08	8.232846e-08	5.12117e-07
3	3-198820035	201835318	8	A	G	0.012	0.1442501	0.03120693	213.9439	0.09643888	1e+05	6.670713e-06	2.805964e-05	5.85217e-05
3	3-198819876	201835477	19	A	T	0.013	0.1436169	0.03125514	213.8414	0.09606302	1e+05	7.516759e-06	3.125699e-05	6.416676e-05
3	3-198801746	201853610	5	T	G	0.017	0.1271296	0.02590739	215.1068	0.09412324	1e+05	1.869797e-06	8.286647e-06	2.090557e-05
3	3-198860725	201863374	21	T	C	0.018	0.1187216	0.02601008	213.4672	0.06667773	1e+05	8.581932e-06	4.635955e-05	8.995279e-05
3	3-198893473	201894396	12	C	T	0.018	0.1177408	0.02593539	213.2368	0.06443114	1e+05	9.547234e-06	5.912094e-05	0.0001109162
3	3-198894639	201895562	13	A	G	0.018	0.1228671	0.02588389	214.5846	0.0987975	1e+05	3.851396e-06	1.431874e-05	3.308281e-05
3	3-198898671	201899594	4	A	G	0.017	0.1221527	0.02612208	214.4552	0.1222003	1e+05	5.266781e-06	1.640042e-05	3.709862e-05
3	3-198899428	201900351	7	A	G	0.015	0.139114	0.02934012	214.8142	0.1212766	1e+05	3.945645e-06	1.125569e-05	2.701785e-05
3	3-198900000	201900923	6	T	C	0.017	0.1302741	0.02565793	216.4652	0.1270116	1e+05	8.513314e-07	2.007985e-06	6.486053e-06
3	3-198973068	201974059	18	A	G	0.018	0.11919	0.02600399	214.1586	0.09783984	1e+05	7.900491e-06	2.23924e-05	4.829872e-05
3	3-198975854	201976845	17	A	G	0.018	0.1191669	0.02603739	213.7927	0.09064843	1e+05	8.136038e-06	3.290048e-05	6.703893e-05
3	3-198978771	201979762	16	T	C	0.013	0.1440777	0.03124453	213.9135	0.09686039	1e+05	7.001279e-06	2.89719e-05	6.014047e-05
3	3-198981644	201982635	18	G	A	0.015	0.136738	0.02940555	214.2341	0.1039716	1e+05	5.908603e-06	2.068319e-05	4.515079e-05
3	3-199639006	202666400	18	A	G	0.322	-0.0369438	0.00799324	213.4061	1e-05	1e-05	6.685069e-06	4.944537e-05	0.0002658844
3	3-202178336	205312012	5	A	G	0.167	-0.04250927	0.009283171	214.4513	0.1368582	1e+05	8.051191e-06	1.646783e-05	3.722743e-05
3	3-202179766	205313442	26	T	C	0.024	0.1109078	0.02205826	216.1443	0.1065646	1e+05	1.071742e-06	2.804825e-06	8.525951e-06
3	3-202182255	205315937	12	A	C	0.025	0.1001657	0.02153814	213.5982	0.01370625	1e-05	5.89457e-06	4.038057e-05	0.0003958924
3	3-222935652	226610277	5	C	T	0.478	0.03140919	0.006604652	214.3901	1e-05	1e+05	3.703864e-06	1.755968e-05	3.930389e-05
4	4-207515	422542	41	T	A	0.058	-0.08736738	0.01873324	213.7753	1e-05	1e+05	5.563769e-06	3.350699e-05	6.809417e-05
4	4-2895185	3468344	17	C	T	0.026	0.1037351	0.02225443	214.101	0.08255703	1e+05	5.623835e-06	2.378946e-05	5.084779e-05
4	4-9426292	10183830	15	A	G	0.018	0.1479488	0.03056364	215.3293	0.09682079	1e+05	2.527955e-06	6.565995e-06	1.721802e-05
4	4-11087143	11917172	15	G	A	0.338	0.03275306	0.007181466	213.1453	1e-05	1e-05	8.719299e-06	6.511586e-05	0.0001395672
4	4-11091153	11921182	14	A	C	0.23	0.03580977	0.007900876	213.0251	1e-05	1e-05	9.856317e-06	7.393885e-05	0.0006133019
4	4-16676454	17798312	19	T	C	0.01	0.2291496	0.04649266	215.5107	0.10734	1e+05	1.693615e-06	5.432195e-06	1.470894e-05
4	4-41735128	43461455	26	T	C	0.013	0.1383687	0.03025853	214.5593	0.1116623	1e+05	8.273945e-06	1.470273e-05	3.382937e-05
4	4-47595749	49680277	16	T	C	0.013	0.1615077	0.03431292	216.0921	0.2872873	1e+05	4.599193e-06	2.961561e-06	8.915129e-06
4	4-53581001	55791695	14	A	G	0.01	0.1693739	0.03714695	213.837	0.08132304	1e+05	8.76515e-06	3.140309e-05	6.442285e-05
4	4-84134861	87291224	22	A	C	0.213	0.03815114	0.00816532	213.6236	1e-05	1e-05	5.357683e-06	3.931476e-05	9.098455e-05
4	4-134424880	137614956	37	T	C	0.014	0.1867888	0.04115227	213.5995	0.01907613	1e+05	9.580551e-06	4.03233e-05	7.979703e-05
4	4-143110388	146405993	5	C	T	0.048	0.07207702	0.01508689	214.4286	0.07135468	1e+05	3.359397e-06	1.686408e-05	3.798313e-05
4	4-151170687	154657501	14	T	C	0.217	-0.04075418	0.008459676	214.2667	1e-05	1e+05	2.807077e-06	1.998733e-05	4.385928e-05
4	4-154107738	157634293	3	T	C	0.041	0.09995096	0.02136592	215.9568	0.2322915	1e+05	5.224427e-06	3.410432e-06	1.001197e-05
4	4-166399128	169325808	9	T	C	0.017	0.1375323	0.02783161	215.9164	0.1419891	1e+05	1.596687e-06	3.557233e-06	1.036552e-05
4	4-166441607	169368287	7	T	C	0.015	0.1480792	0.02917662	215.8336	0.08372404	1e+05	8.596373e-07	3.877919e-06	1.112993e-05
4	4-166457345	169384025	22	G	C	0.016	0.1363327	0.02965607	213.8721	0.08986628	1e+05	7.447051e-06	3.026213e-05	6.241869e-05
4	4-166459028	169385708	14	A	T	0.013	0.1803314	0.03461266	216.3407	0.08738767	1e+05	4.551568e-07	2.285917e-06	7.210556e-06
4	4-166467863	169394538	17	T	C	0.013	0.1649459	0.03501838	214.263	0.07722835	1e+05	4.531261e-06	2.006471e-05	4.40032e-05
4	4-166569278	169490582	24	T	C	0.016	0.1389262	0.02899507	214.7388	0.08539492	1e+05	3.15634e-06	1.218159e-05	2.88734e-05
4	4-166585732	169507040	18	G	T	0.013	0.1442342	0.03122307	213.8562	0.08880212	1e+05	6.755644e-06	3.077198e-05	6.331545e-05
4	4-166589360	169510668	6	A	T	0.012	0.1480067	0.03052392	214.8809	0.08645654	1e+05	2.43596e-06	1.0497e-05	2.548103e-05
4	4-166610710	169532086	7	A	G	0.015	0.1356936	0.02963365	213.6621	0.08554091	1e+05	8.056011e-06	3.775051e-05	7.541177e-05
4	4-166610827	169532203	17	A	T	0.01	0.1709953	0.03748715	214.6204	0.1403064	1e+05	8.694375e-06	1.379094e-05	3.205201e-05
4	4-166628926	169550302	10	T	C	0.012	0.1605918	0.02992942	217.5474	0.1112834	1e+05	2.151169e-07	6.520971e-07	2.612819e-06
4	4-166649458	169570835	7	G	A	0.012	0.165409	0.03435347	214.8711	0.06623052	1e+05	2.83949e-06	1.060444e-05	2.569962e-05
4	4-166671854	169592086	4	T	A	0.022	0.1310254	0.02549088	218.2573	0.2143334	1e+05	6.339895e-07	3.123815e-07	1.454305e-06
4	4-166677945	169598177	6	T	C	0.012	0.1457286	0.03082588	214.416	0.09031837	1e+05	4.198178e-06	1.708903e-05	3.841107e-05
4	4-166692139	169612370	23	G	A	0.016	0.1336203	0.02915913	213.9107	0.08515669	1e+05	7.937509e-06	2.905876e-05	6.029425e-05
4	4-166692181	169612412	21	C	A	0.013	0.1437039	0.03129365	214.1318	0.1202679	1e+05	7.611313e-06	2.30303e-05	4.946518e-05
4	4-166694108	169614339	16	T	C	0.015	0.1454083	0.02901381	215.7056	0.08691362	1e+05	1.155696e-06	4.432075e-06	1.242792e-05
4	4-166702190	169622421	13	G	A	0.02	0.1349136	0.02640458	216.1445	0.08541437	1e+05	7.322793e-07	2.804202e-06	8.524397e-06
4	4-166702254	169622485	15	A	T	0.015	0.1443602	0.02900284	215.2757	0.07420928	1e+05	1.353897e-06	6.944634e-06	1.804078e-05
4	4-166708709	169628946	24	G	A	0.013	0.1434505	0.03126331	213.5778	0.08003691	1e+05	7.733017e-06	4.12586e-05	8.138241e-05
4	4-166853818	169776545	23	T	C	0.016	0.1224246	0.02675641	213.9138	0.1010189	1e+05	8.179763e-06	2.896436e-05	6.012713e-05
4	4-166861924	169784651	8	C	G	0.032	0.09984546	0.02157964	215.798	0.2582592	1e+05	6.541802e-06	4.024732e-06	1.14765e-05
4	4-167408635	170320566	33	T	C	0.014	0.1413124	0.03038687	215.138	0.1997817	1e+05	5.899087e-06	8.019892e-06	2.0342e-05
4	4-173828744	176838389	12	C	G	0.02	0.1109702	0.02407668	213.5539	0.07981771	1e+05	7.070621e-06	4.231149e-05	8.316175e-05
4	4-181694462	184603126	13	A	G	0.166	0.04287646	0.009273762	214.4082	1e-05	1e+05	6.64035e-06	1.722904e-05	3.867701e-05
4	4-181695330	184603994	9	A	G	0.167	0.04174726	0.008808685	213.9561	1e-05	1e+05	3.982658e-06	2.770241e-05	5.788594e-05
4	4-183791848	187026355	28	C	T	0.046	0.09419277	0.0180481	216.1868	0.01810098	1e-05	4.360443e-07	2.683186e-06	1.040023e-05
4	4-183791820	187026383	31	G	T	0.017	0.1800866	0.03153224	220.0304	0.1477988	1e+05	3.862529e-08	4.997464e-08	3.485037e-07
4	4-185483897	188750052	10	A	T	0.02	0.1186021	0.02483004	214.9539	0.09254391	1e+05	3.372992e-06	9.724339e-06	2.38993e-05
4	4-200828910	205043648	34	A	C	0.031	0.101105	0.02002035	217.2095	0.1235147	1e+05	9.667378e-07	9.260213e-07	3.462996e-06
4	4-202859016	207009003	6	A	G	0.032	0.1182636	0.0258719	213.9688	0.1297029	1e+05	8.337323e-06	2.733665e-05	5.72339e-05
4	4-212772690	216237545	32	C	A	0.389	-0.03475779	0.007593089	213.2167	1e-05	1e-05	8.107975e-06	6.039015e-05	0.0001590373
4	4-212787261	216252117	18	G	A	0.322	-0.03584742	0.007793095	214.085	0.0009731977	1e+05	7.357816e-06	2.419246e-05	5.157936e-05
4	4-212787556	216252412	17	A	G	0.318	-0.03627211	0.007904606	213.4338	1e-05	1e+05	7.723926e-06	4.802428e-05	9.272395e-05
4	4-212809946	216274802	25	G	A	0.332	-0.04000843	0.008113522	215.1864	1e-05	1e+05	1.675468e-06	7.624428e-06	1.950135e-05
4	4-212809962	216274818	20	C	T	0.388	-0.04147799	0.008037	215.8258	1e-05	1e-05	5.746664e-07	3.909522e-06	3.932591e-05
4	4-212809974	216274830	14	C	T	0.384	-0.04326905	0.007879666	217.4105	1e-05	1e-05	1.162449e-07	7.516478e-07	7.377295e-06
4	4-212827543	216291289	23	G	A	0.307	-0.03608145	0.007791251	213.4454	1e-05	1e-05	6.42315e-06	4.743986e-05	0.0001280056
4	4-212843401	216307150	36	A	G	0.273	-0.03944726	0.00859023	213.2787	1e-05	1e-05	7.611405e-06	5.656155e-05	0.0001760643
4	4-214427887	217949081	6	A	G	0.012	0.208787	0.04056396	216.1962	0.09483409	1e+05	6.133327e-07	2.657043e-06	8.155749e-06
4	4-231155371	235641068	18	A	G	0.021	0.111292	0.02407211	213.6513	0.08281245	1e+05	6.644404e-06	3.818355e-05	7.615245e-05
4	4-239425600	244305611	33	G	A	0.045	0.08076779	0.01658034	214.6202	0.03135616	1e-05	2.200561e-06	1.379432e-05	5.849545e-05
4	4-239425812	244305823	12	A	G	0.048	0.07578083	0.0158392	214.2472	0.04083453	1e-05	3.256789e-06	2.040251e-05	6.628361e-05
4	4-239425929	244305940	20	T	C	0.052	0.07295545	0.01538112	214.0676	0.0419363	1e-05	3.914938e-06	2.463778e-05	7.694087e-05
4	4-239449860	244329871	33	C	T	0.056	0.07257197	0.01546037	213.8554	0.04309028	1e-05	4.868012e-06	3.079887e-05	8.73596e-05
4	4-239472758	244352767	15	C	T	0.043	0.07656715	0.01682634	213.2451	0.0504251	1e-05	9.118015e-06	5.860386e-05	0.0001303129
4	4-239472791	244352800	18	A	G	0.041	0.0789012	0.01698058	213.6374	0.0337533	1e-05	6.000622e-06	3.874738e-05	0.0001245072
4	4-239472937	244352946	14	A	T	0.051	0.07742671	0.01542041	215.3	0.03232894	1e-05	1.106592e-06	6.770478e-06	3.078625e-05
4	4-239472976	244352985	14	A	G	0.045	0.0727997	0.01605404	213.1743	0.04360305	1e-05	9.759812e-06	6.315169e-05	0.0001488667
4	4-239473436	244353445	15	G	T	0.048	0.08635538	0.01691617	215.5648	1e-05	1e-05	7.481905e-07	5.134075e-06	0.0001072619
4	4-239473468	244353477	14	A	G	0.04	0.08054747	0.01723156	213.7637	0.0361761	1e-05	5.30889e-06	3.391981e-05	0.000102155
4	4-239473644	244353653	11	A	G	0.05	0.07324848	0.01540038	214.1265	0.04426938	1e-05	3.692951e-06	2.316049e-05	7.449365e-05
4	4-239473733	244353742	15	T	C	0.048	0.07429876	0.01593157	213.7234	0.04265147	1e-05	5.567317e-06	3.539033e-05	9.871147e-05
4	4-239474369	244354378	35	T	A	0.051	0.07826412	0.01622128	214.4184	0.03533309	1e-05	2.716029e-06	1.704581e-05	7.088901e-05
5	5-3404397	3468172	9	T	C	0.02	0.1113118	0.02383428	213.7408	0.07207711	1e-05	5.407456e-06	3.474745e-05	7.363856e-05
5	5-4145068	4253241	13	T	C	0.133	0.0443169	0.009601044	213.3802	1e-05	1e-05	6.863674e-06	5.081466e-05	0.0003350862
5	5-4309403	4419246	10	C	A	0.02	0.1135471	0.02451914	214.03	0.09830826	1e+05	6.424942e-06	2.563118e-05	5.417809e-05
5	5-4579354	4684557	13	T	C	0.201	0.04519363	0.008245259	217.5011	1e-05	1e+05	1.221678e-07	6.841475e-07	2.715222e-06
5	5-6312030	6578164	21	A	G	0.021	0.113081	0.02401575	213.9114	0.07644178	1e-05	4.564452e-06	2.9038e-05	6.087592e-05
5	5-14960612	15512163	25	G	A	0.281	-0.04691082	0.009745408	214.2426	1e-05	1e-05	2.855912e-06	2.049973e-05	0.000293007
5	5-35802367	37022214	11	T	C	0.012	0.1380356	0.03025449	214.606	0.1188945	1e+05	8.655208e-06	1.400051e-05	3.246196e-05
5	5-55839204	57590559	27	A	G	0.014	0.1468295	0.0303158	216.0727	0.1509835	1e+05	2.497798e-06	3.02228e-06	9.06499e-06
5	5-62287040	64065471	22	G	A	0.032	0.0924513	0.02024365	213.3009	0.07261515	1e-05	8.490153e-06	5.525213e-05	0.0001162686
5	5-65803117	67690373	12	T	A	0.102	0.05466372	0.01149128	214.5207	0.03893747	1e+05	3.681491e-06	1.531077e-05	3.500603e-05
5	5-65812570	67699826	8	T	C	0.061	0.07040521	0.01508967	214.0261	0.04698718	1e+05	5.514422e-06	2.573723e-05	5.436888e-05
5	5-65865687	67752939	24	C	T	0.093	0.05598807	0.01205362	213.8596	0.04568283	1e+05	6.043838e-06	3.066202e-05	6.312221e-05
5	5-65968769	67855899	19	C	T	0.057	0.06805835	0.01451645	214.1351	0.08279027	1e+05	4.99221e-06	2.295047e-05	4.931944e-05
5	5-68891426	70811172	10	G	C	0.02	0.1228399	0.0254191	215.0068	0.08834755	1e+05	2.622115e-06	9.199985e-06	2.281549e-05
5	5-71143844	73165087	35	A	G	0.034	0.1037486	0.02235431	214.0251	0.08061836	1e+05	6.145806e-06	2.576302e-05	5.441526e-05
5	5-73068293	75186980	24	C	G	0.128	0.04907289	0.01041427	213.935	0.06694863	1e+05	4.494986e-06	2.832614e-05	5.89953e-05
5	5-73068301	75186988	24	G	A	0.12	0.05097898	0.0107693	214.4673	0.07864933	1e+05	4.083082e-06	1.619371e-05	3.670317e-05
5	5-75751022	77974717	24	T	C	0.013	0.1440293	0.03129346	213.7533	0.08845957	1e+05	7.273633e-06	3.429341e-05	6.945881e-05
5	5-98908128	101370324	6	A	G	0.041	0.1078912	0.02345668	216.1051	0.241704	1e+05	7.367426e-06	2.921671e-06	8.816405e-06
5	5-100981535	103474172	34	T	C	0.048	0.1159253	0.02085499	217.8928	0.06520471	1e-05	8.319681e-08	4.557378e-07	2.509219e-06
5	5-103929347	106482779	22	T	C	0.021	0.1226741	0.02644734	214.224	0.05206133	1e+05	6.218166e-06	2.090444e-05	4.556019e-05
5	5-144917390	148279179	15	T	G	0.099	0.07508381	0.01475171	215.7397	0.08145365	1e+05	8.029633e-07	4.27701e-06	1.206743e-05
5	5-144929506	148291295	11	T	C	0.224	-0.03804504	0.00830644	213.2279	1e-05	1e-05	8.015966e-06	5.968006e-05	0.0001731441
5	5-144929511	148291300	9	T	C	0.227	-0.03785485	0.008199072	213.385	1e-05	1e-05	6.830059e-06	5.055684e-05	0.0001653531
5	5-144929614	148291403	10	T	G	0.223	-0.03701707	0.008169279	213.4342	1e-05	1e+05	9.904268e-06	4.79998e-05	9.268329e-05
5	5-144929621	148291410	9	G	A	0.224	-0.03736958	0.008072974	213.9103	1e-05	1e+05	6.480949e-06	2.907173e-05	6.031721e-05
5	5-145042200	148410958	25	T	A	0.233	-0.03871036	0.00818097	213.8821	1e-05	1e-05	4.119096e-06	2.994636e-05	0.0002064003
5	5-145042202	148410960	24	G	C	0.237	-0.03867463	0.00811293	214.0368	1e-05	1e-05	3.519739e-06	2.544855e-05	0.0002217372
5	5-145042222	148410980	19	T	C	0.246	-0.03827205	0.007858584	214.4941	1e-05	1e-05	2.212612e-06	1.574355e-05	9.169167e-05
5	5-145042245	148411003	15	A	G	0.249	-0.03762854	0.007807542	214.2687	1e-05	1e-05	2.781304e-06	1.994597e-05	0.0001723593
5	5-145042319	148411077	17	A	G	0.259	-0.03526843	0.007768458	213.0571	1e-05	1e-05	9.53988e-06	7.14792e-05	0.0001752875
5	5-145042683	148411441	10	C	G	0.245	-0.03578389	0.007872253	213.0809	1e-05	1e-05	9.311431e-06	6.970544e-05	0.0004560425
5	5-145065945	148434703	30	A	G	0.239	-0.03781157	0.00833657	213.0388	1e-05	1e-05	9.719422e-06	7.287438e-05	0.0003237574
5	5-145066171	148434929	24	C	T	0.261	-0.03789594	0.007887554	214.2023	1e-05	1e-05	2.975358e-06	2.138739e-05	9.400365e-05
5	5-145082558	148455339	37	A	T	0.26	-0.03813477	0.008205874	213.5152	1e-05	1e-05	5.982241e-06	4.407088e-05	0.0002111193
5	5-145082581	148455362	23	T	C	0.206	-0.04315368	0.0088797	214.4482	1e-05	1e-05	2.318246e-06	1.652149e-05	0.0001198317
5	5-146487402	149893677	30	G	C	0.17	0.04584646	0.009972512	214.3149	0.1951902	1e+05	7.441938e-06	1.900179e-05	4.20196e-05
5	5-147858798	151341991	24	A	G	0.011	0.245036	0.04497848	217.7189	0.08271974	1e+05	1.439511e-07	5.457665e-07	2.266124e-06
5	5-168766522	172675394	18	G	T	0.026	0.1042791	0.02245122	213.8672	0.08230981	1e+05	6.049685e-06	3.042035e-05	6.269718e-05
5	5-168767590	172676462	14	G	A	0.025	0.09753676	0.02133509	213.7112	0.09783846	1e+05	8.317967e-06	3.584821e-05	7.214511e-05
5	5-168767608	172676480	9	A	G	0.025	0.0976889	0.02134159	213.7617	0.1014622	1e+05	8.113577e-06	3.399336e-05	6.893862e-05
5	5-168767683	172676555	6	G	T	0.027	0.09417982	0.0207675	213.4194	0.08974902	1e+05	9.747346e-06	4.875689e-05	9.39397e-05
5	5-168876218	172782875	8	G	A	0.025	0.09766408	0.02134388	213.6942	0.09572697	1e+05	8.172034e-06	3.649529e-05	7.32587e-05
5	5-168878445	172785102	20	C	G	0.026	0.09850275	0.02134254	213.8972	0.1004919	1e+05	6.879224e-06	2.94749e-05	6.103018e-05
5	5-168878459	172785116	21	G	A	0.026	0.09892224	0.02134604	214.0672	0.103814	1e+05	6.33387e-06	2.464898e-05	5.240613e-05
5	5-168878584	172785241	32	G	A	0.028	0.09721061	0.02143879	213.7319	0.1105425	1e+05	9.773741e-06	3.507557e-05	7.081207e-05
5	5-168878633	172785290	20	T	C	0.029	0.09679308	0.02076766	214.0549	0.09336041	1e+05	5.637744e-06	2.496841e-05	5.298342e-05
5	5-185985243	190602251	45	T	C	0.03	0.1444523	0.03024943	214.3668	0.1564265	1e+05	3.390959e-06	1.799324e-05	4.012346e-05
5	5-187291179	192303391	7	A	G	0.024	0.1067406	0.02336158	215.153	0.2245965	1e+05	8.411883e-06	7.895018e-06	2.007724e-05
5	5-206624234	212216925	11	T	G	0.015	0.1304442	0.02868162	214.7837	0.1820275	1e+05	9.214082e-06	1.162149e-05	2.775344e-05
5	5-216839274	222714178	20	G	A	0.177	0.04819493	0.0102886	215.0214	0.1069196	1e+05	5.08246e-06	9.061171e-06	2.252708e-05
6	6-3052846	3084588	16	A	T	0.015	0.1564327	0.03258994	215.4086	0.1165679	1e+05	3.036028e-06	6.043763e-06	1.60713e-05
6	6-3200428	3235918	26	C	A	0.024	0.1023141	0.02243993	213.1398	1e-05	1e-05	8.768842e-06	6.549941e-05	0.0004991456
6	6-20110949	14795851	46	A	G	0.033	0.09912325	0.02002978	215.8483	0.1401133	1e+05	1.544743e-06	3.818916e-06	1.099007e-05
6	6-18527473	16287354	16	A	G	0.023	0.1077629	0.02220058	214.9391	0.09694202	1e+05	2.379462e-06	9.876136e-06	2.421145e-05
6	6-18526301	16288526	20	T	C	0.029	0.1013028	0.01979919	215.7633	0.06731723	1e-05	7.08458e-07	4.173206e-06	1.28093e-05
6	6-18525498	16289329	32	C	G	0.028	0.1048305	0.0203143	216.3017	0.09468211	1e+05	5.758946e-07	2.380559e-06	7.45385e-06
6	6-18524473	16290354	6	C	T	0.027	0.09442711	0.01998513	214.492	0.0944719	1e+05	4.247099e-06	1.577803e-05	3.590582e-05
6	6-18458927	16356426	22	T	A	0.032	0.1053858	0.02033241	217.1827	0.118036	1e+05	5.171181e-07	9.522035e-07	3.541676e-06
6	6-18368935	16449184	28	A	G	0.041	0.08184378	0.01791449	215.7849	0.238447	1e+05	8.429677e-06	4.080003e-06	1.160645e-05
6	6-18357747	16461720	13	G	C	0.02	0.111557	0.02276332	214.9696	0.06508037	1e+05	1.924679e-06	9.565941e-06	2.357282e-05
6	6-18332684	16486782	16	A	G	0.033	0.08526534	0.01845021	214.2864	0.1277957	1e+05	6.69983e-06	1.957964e-05	4.309979e-05
6	6-18331391	16488077	26	T	G	0.03	0.09944633	0.01991824	215.3769	0.08710816	1e+05	1.261709e-06	6.247744e-06	1.652092e-05
6	6-18331386	16488082	26	T	G	0.032	0.08495179	0.01874162	213.4304	0.08437424	1e+05	9.839005e-06	4.819197e-05	9.300243e-05
6	6-18271616	16548672	4	A	G	0.024	0.1045095	0.0202794	216.2823	0.09764103	1e+05	5.951402e-07	2.429144e-06	7.578123e-06
6	6-18259176	16561350	25	T	C	0.027	0.1043794	0.02037337	216.3155	0.1127836	1e+05	6.861051e-07	2.346715e-06	7.367035e-06
6	6-18258398	16562128	19	A	G	0.026	0.1045895	0.02154865	215.3933	0.1165432	1e+05	2.383946e-06	6.141172e-06	1.628629e-05
6	6-18250790	16569734	5	T	C	0.024	0.1052023	0.02026451	216.4491	0.09761762	1e+05	4.971073e-07	2.041926e-06	6.575384e-06
6	6-18250639	16569885	11	T	C	0.025	0.1058289	0.02025023	216.5816	0.09445686	1e+05	4.21571e-07	1.778798e-06	5.875923e-06
6	6-18249917	16570607	37	G	A	0.034	0.08794429	0.01873922	214.4374	0.1180874	1e+05	4.889661e-06	1.670811e-05	3.768597e-05
6	6-18249168	16571356	26	T	A	0.03	0.09727733	0.019954	215.1254	0.1016983	1e+05	2.1631e-06	8.12656e-06	2.056769e-05
6	6-18248056	16572468	5	T	C	0.027	0.1038486	0.01981156	216.6409	0.0914633	1e+05	3.909919e-07	1.672395e-06	5.588218e-06
6	6-18248015	16572509	4	A	T	0.024	0.1058594	0.02024757	216.6654	0.09996286	1e+05	4.17181e-07	1.630349e-06	5.473679e-06
6	6-18225435	16595184	31	T	C	0.036	0.08487724	0.01850665	214.1893	0.1383124	1e+05	7.805587e-06	2.168179e-05	4.699402e-05
6	6-18208176	16612574	29	T	G	0.03	0.1002877	0.02105066	214.1744	0.06047206	1e-05	3.566022e-06	2.202185e-05	5.035021e-05
6	6-17955291	16841960	10	G	C	0.027	-0.1378193	0.02783114	214.863	1e-05	1e-05	1.522272e-06	1.069511e-05	4.141368e-05
6	6-17955289	16841962	10	T	C	0.027	-0.1378193	0.02783114	214.863	1e-05	1e-05	1.522272e-06	1.069511e-05	4.141368e-05
6	6-17955250	16842001	7	A	G	0.027	-0.1216773	0.02559018	213.9832	1e-05	1e-05	3.716671e-06	2.692352e-05	7.606946e-05
6	6-17955078	16842173	4	T	C	0.029	-0.1337199	0.02675405	215.073	1e-05	1e-05	1.23063e-06	8.584715e-06	2.170062e-05
6	6-17356478	17506702	11	A	C	0.077	0.06116951	0.01342108	213.1324	1e-05	1e-05	8.835369e-06	6.601458e-05	0.0001970338
6	6-17351495	17511685	4	A	G	0.087	0.07370114	0.01363593	217.7852	1e-05	1e+05	1.77661e-07	5.095424e-07	2.145251e-06
6	6-24622783	26002118	19	A	G	0.01	0.2265502	0.04666512	214.7668	0.0716597	1e+05	2.371402e-06	1.182878e-05	2.816881e-05
6	6-33230137	34711907	37	A	G	0.046	0.08370421	0.01755146	214.1654	0.1061247	1e+05	3.487816e-06	2.223104e-05	4.800295e-05
6	6-33216076	34725963	37	A	G	0.04	0.1020621	0.02241762	213.2904	0.09199034	1e+05	9.026767e-06	5.586508e-05	0.0001056252
6	6-33216066	34725973	34	T	G	0.039	0.1032072	0.02237839	213.4974	0.09111906	1e+05	6.982319e-06	4.490887e-05	8.752792e-05
6	6-33216064	34725975	34	A	T	0.042	0.09773878	0.02069772	213.9397	0.08640214	1e-05	4.297703e-06	2.81848e-05	6.073574e-05
6	6-33191008	34751028	26	T	A	0.051	0.07570785	0.01659361	213.285	0.06044198	1e-05	8.655632e-06	5.618705e-05	0.0001527614
6	6-33188913	34753123	48	A	G	0.058	0.07472668	0.0163432	213.7578	0.09808822	1e+05	8.293386e-06	3.413233e-05	6.917962e-05
6	6-33187226	34754810	4	T	C	0.043	0.09033374	0.01877646	214.7254	0.1110846	1e+05	2.889804e-06	1.235322e-05	2.921509e-05
6	6-36135551	37812445	26	C	T	0.097	-0.05358256	0.01118229	216.2812	0.2473124	1e+05	3.151225e-06	2.432094e-06	7.585655e-06
6	6-41013264	42588788	22	G	A	0.068	-0.06801425	0.01499992	213.3672	1e-05	1e+05	9.774807e-06	5.151863e-05	9.850298e-05
6	6-41117821	42715399	10	T	C	0.074	-0.05598661	0.01231963	213.2661	1e-05	1e+05	9.354467e-06	5.731603e-05	0.0001079876
6	6-42059028	43657379	8	A	C	0.1	-0.0500746	0.0109498	213.1977	1e-05	1e-05	8.265907e-06	6.160974e-05	0.0001500255
6	6-48148130	49695381	18	A	G	0.015	0.1833975	0.03742247	215.9748	0.144213	1e+05	1.924733e-06	3.346989e-06	9.858425e-06
6	6-69823877	72537583	7	T	C	0.012	0.1606898	0.03486398	214.8157	0.1829365	1e+05	7.070097e-06	1.123799e-05	2.698217e-05
6	6-83376219	86338439	3	T	C	0.012	0.1953766	0.04039849	214.6235	0.003985223	1e+05	2.579201e-06	1.37463e-05	3.196457e-05
6	6-86294646	88926676	44	T	C	0.131	-0.05489519	0.01161313	215.692	0.2525984	1e+05	4.207173e-06	4.495333e-06	1.257441e-05
6	6-98952785	101655997	14	T	C	0.015	0.1350545	0.02869827	215.3623	0.1478473	1e+05	4.617348e-06	6.343413e-06	1.673103e-05
6	6-117460516	121259093	18	G	C	0.134	0.05111973	0.01064736	215.1004	0.07448224	1e+05	3.020626e-06	8.342139e-06	2.102247e-05
6	6-152655450	156607736	8	G	A	0.507	0.03223941	0.007111408	213.9459	0.1817982	1e+05	9.809848e-06	2.800214e-05	5.841945e-05
7	7-3508839	3675053	3	T	A	0.038	0.115823	0.02339212	217.5245	0.4724202	1e+05	1.526594e-06	6.677338e-07	2.662891e-06
7	7-19320274	20078815	39	A	G	0.012	0.2268173	0.04752222	214.2513	0.08225468	1e+05	3.429126e-06	2.031362e-05	4.446561e-05
7	7-73919469	76327409	18	T	C	0.015	0.174201	0.03592523	217.8882	0.965531	1e+05	2.434729e-06	4.579342e-07	1.970227e-06
7	7-81775407	84633620	5	T	C	0.024	0.1334588	0.02907263	213.4106	0.04550412	1e-05	7.663791e-06	4.921408e-05	9.861154e-05
7	7-95689720	98673747	11	T	C	0.226	-0.05273606	0.01133783	215.6923	0.3145377	1e+05	5.875997e-06	4.494091e-06	1.257153e-05
7	7-108913193	112063116	38	A	G	0.02	0.1215514	0.02594108	214.7618	0.1413836	1e+05	5.051801e-06	1.189153e-05	2.829435e-05
7	7-121312655	125190206	24	G	T	0.407	0.03230835	0.007044513	213.254	1e-05	1e-05	7.805475e-06	5.805674e-05	0.0002518889
7	7-121312687	125190238	18	C	T	0.405	0.0332488	0.006928611	214.1768	1e-05	1e-05	3.053289e-06	2.196722e-05	0.0001465909
7	7-129377557	133504011	23	A	C	0.013	0.2049455	0.04040409	216.3908	0.040656	1e+05	8.712554e-07	2.169644e-06	6.909354e-06
7	7-145049025	149943617	18	A	G	0.113	0.06143748	0.01339763	214.8147	0.02746389	1e+05	7.826357e-06	1.125074e-05	2.700788e-05
7	7-151375879	156583617	28	T	C	0.014	0.1382767	0.0302684	213.9675	0.08643773	1e+05	8.438015e-06	2.737425e-05	5.730098e-05
7	7-151440943	156772809	37	G	A	0.04	0.08713018	0.01810157	216.0177	0.1793549	1e+05	2.858854e-06	3.200501e-06	9.502089e-06
7	7-156314469	161670273	27	A	G	0.016	0.1335066	0.02874953	214.4938	0.09270322	1e+05	6.07397e-06	1.574906e-05	3.585014e-05
7	7-163587046	169065517	14	C	T	0.066	0.06294066	0.01324279	214.0126	0.006851089	1e-05	3.750284e-06	2.6104e-05	0.0001278166
7	7-163587052	169065523	19	C	T	0.041	0.08059293	0.01652188	214.5923	0.0122197	1e-05	2.135057e-06	1.420288e-05	8.934916e-05
7	7-165057076	170586034	31	A	T	0.017	0.1534055	0.03200549	214.581	0.05881574	1e+05	3.131973e-06	1.437269e-05	3.318786e-05
7	7-171672302	179172991	10	G	A	0.443	0.0338298	0.007223409	214.0567	1e-05	1e+05	5.103708e-06	2.49226e-05	5.290068e-05
7	7-171672297	179172996	11	G	C	0.425	0.03489768	0.007263259	214.8612	0.01427163	1e+05	2.973188e-06	1.07159e-05	2.592604e-05
7	7-171672283	179173010	18	T	G	0.211	0.04118327	0.008206532	215.2174	1e-05	1e+05	1.120547e-06	7.381289e-06	1.898129e-05
8	8-3283479	3514196	12	G	T	0.207	0.03834452	0.008316511	213.8595	1e-05	1e+05	7.020953e-06	3.066717e-05	6.313127e-05
8	8-6844896	7161349	8	T	G	0.025	0.1142124	0.02214466	215.9393	0.03815081	1e-05	5.837604e-07	3.473266e-06	1.630861e-05
8	8-15217038	15668502	35	T	C	0.025	0.1211689	0.02527499	214.4577	0.02380109	1e+05	3.119059e-06	1.635637e-05	3.70144e-05
8	8-80597554	82581622	43	T	C	0.127	-0.0512562	0.01084106	215.403	0.1689049	1e+05	4.189014e-06	6.079569e-06	1.615039e-05
8	8-118516256	121991605	19	T	C	0.039	0.09004518	0.01941105	214.2195	0.04801756	1e+05	6.206402e-06	2.100275e-05	4.574191e-05
8	8-148150396	153078466	6	A	G	0.017	0.124793	0.02645565	214.2913	0.09902951	1e+05	4.396791e-06	1.947837e-05	4.291079e-05
8	8-164830350	170466277	43	C	T	0.328	-0.04052011	0.008371588	217.3374	0.50107	1e+05	2.533491e-06	8.108403e-07	3.111948e-06
8	8-167798772	173497280	38	A	G	0.029	0.09581827	0.02103867	213.9155	0.1033984	1e+05	8.963522e-06	2.891286e-05	6.003592e-05
8	8-168040878	173743086	16	G	A	0.365	0.03415828	0.007195307	214.9347	0.1022799	1e+05	3.843791e-06	9.921688e-06	2.430498e-05
8	8-170553731	176243558	13	G	T	0.025	0.1038948	0.02128105	215.6693	0.1615729	1e+05	2.095812e-06	4.603509e-06	1.282417e-05
8	8-170555849	176245676	30	T	C	0.027	0.102115	0.02135363	215.2733	0.1636668	1e+05	3.290447e-06	6.961893e-06	1.807812e-05
8	8-170555853	176245680	33	T	C	0.031	0.09923513	0.02085379	215.4338	0.2014846	1e+05	3.654658e-06	5.88696e-06	1.572409e-05
8	8-170556424	176246249	6	C	T	0.024	0.104525	0.02127834	215.7826	0.1601972	1e+05	1.825974e-06	4.089799e-06	1.162946e-05
8	8-170556577	176246402	6	A	T	0.024	0.1046888	0.02127408	215.8159	0.1613861	1e+05	1.754952e-06	3.950118e-06	1.130062e-05
8	8-170557086	176246911	9	A	G	0.022	0.1149634	0.02308885	215.8497	0.1404827	1e+05	1.343164e-06	3.813199e-06	1.09765e-05
8	8-170557792	176247617	14	A	G	0.023	0.1111225	0.02297827	215.3694	0.1507244	1e+05	2.582149e-06	6.296586e-06	1.662825e-05
8	8-170557810	176247635	20	T	C	0.026	0.1026849	0.02133922	215.3383	0.1582716	1e+05	2.876617e-06	6.504527e-06	1.708378e-05
8	8-170557936	176247761	6	T	C	0.017	0.1306064	0.02845159	214.4059	0.1483212	1e+05	7.66556e-06	1.727058e-05	3.875585e-05
8	8-170559239	176249064	9	C	T	0.025	0.1038183	0.02126954	215.5318	0.1533421	1e+05	2.104928e-06	5.313962e-06	1.444291e-05
8	8-170559708	176249533	17	T	C	0.031	0.0958147	0.02028792	214.9473	0.1445119	1e+05	4.287316e-06	9.791213e-06	2.40369e-05
8	8-170559752	176249577	18	A	G	0.026	0.1043971	0.02134319	215.7091	0.1598994	1e+05	2.008776e-06	4.415827e-06	1.239024e-05
8	8-170559958	176249783	16	A	G	0.026	0.102442	0.02133668	215.373	0.1667393	1e+05	3.019902e-06	6.272957e-06	1.657634e-05
8	8-170560145	176249970	11	T	C	0.025	0.1024988	0.02249208	214.0669	0.1394466	1e+05	8.858748e-06	2.465584e-05	5.241852e-05
8	8-170560230	176250055	10	A	G	0.027	0.09855452	0.02138242	214.5519	0.1691516	1e+05	7.067396e-06	1.481815e-05	3.405325e-05
8	8-170560316	176250141	16	A	G	0.02	0.1070337	0.02355974	214.2716	0.1577607	1e+05	9.412112e-06	1.988517e-05	4.366917e-05
8	8-170560705	176250530	25	A	G	0.029	0.1016854	0.02076986	215.5774	0.1440205	1e+05	1.968368e-06	5.066957e-06	1.388417e-05
8	8-170561336	176251161	6	T	A	0.029	0.100676	0.02014685	216.6964	0.2502329	1e+05	1.236408e-06	1.578527e-06	5.331812e-06
8	8-170561713	176251538	11	T	C	0.02	0.1068126	0.02358391	214.1926	0.152848	1e+05	9.998831e-06	2.160579e-05	4.685415e-05
8	8-170562187	176252012	7	A	G	0.029	0.09263957	0.01924849	215.7006	0.1985438	1e+05	2.866332e-06	4.455486e-06	1.248217e-05
8	8-170562767	176252592	10	T	C	0.025	0.1049918	0.02127755	215.8849	0.1608058	1e+05	1.650215e-06	3.675948e-06	1.064973e-05
8	8-170564820	176254645	6	A	G	0.024	0.1043215	0.0212857	215.7364	0.1603215	1e+05	1.922258e-06	4.291743e-06	1.210177e-05
8	8-170564854	176254679	4	A	G	0.024	0.1046305	0.02125819	215.896	0.1623248	1e+05	1.747441e-06	3.633608e-06	1.054853e-05
8	8-170565686	176255511	23	T	G	0.034	0.09587966	0.01970036	217.1251	0.2842796	1e+05	2.244942e-06	1.010914e-06	3.716735e-06
8	8-170566438	176256263	13	A	G	0.023	0.1063397	0.02272473	214.7366	0.1397465	1e+05	5.191919e-06	1.220897e-05	2.892794e-05
8	8-171680685	177411706	13	G	T	0.394	-0.03359044	0.007313314	214.3311	0.1344545	1e+05	7.580172e-06	1.868132e-05	4.141862e-05
8	8-171952807	177708420	9	A	G	0.101	0.05420778	0.01126658	216.7793	0.4323284	1e+05	2.885062e-06	1.448128e-06	4.971235e-06
9	9-8417816	8014747	14	T	C	0.02	0.112625	0.02403275	213.9186	0.08583753	1e+05	5.03754e-06	2.881755e-05	5.986706e-05
9	9-27361216	27438400	27	A	C	0.035	0.1197642	0.02416284	214.9433	0.01116713	1e-05	1.490689e-06	9.83223e-06	2.938446e-05
9	9-80826560	82992497	26	A	G	0.027	0.0933966	0.02038148	213.2965	0.006436265	1e+05	7.938435e-06	5.550764e-05	0.0001050421
9	9-83091394	85331095	25	T	C	0.024	0.110967	0.02349348	215.3563	0.06318793	1e+05	4.276603e-06	6.38334e-06	1.681857e-05
9	9-83157460	85403659	8	T	C	0.032	0.08596435	0.01832649	214.5078	0.02303874	1e+05	4.940567e-06	1.551923e-05	3.540792e-05
9	9-84567027	86865446	23	T	C	0.011	0.1744463	0.03708189	214.3576	0.07184178	1e+05	4.651468e-06	1.816922e-05	4.045533e-05
9	9-96451555	98839378	37	G	A	0.014	0.1451361	0.03049505	215.5803	0.1897189	1e+05	3.642928e-06	5.051642e-06	1.384939e-05
9	9-102039572	104480471	16	T	C	0.166	0.04624511	0.009455545	217.0766	0.2700187	1e+05	2.01391e-06	1.063206e-06	3.871143e-06
9	9-102055794	104496694	4	A	G	0.166	0.04153628	0.009136666	215.573	0.3322326	1e+05	9.289851e-06	5.090217e-06	1.393696e-05
9	9-102075871	104516272	16	T	C	0.161	0.04352894	0.009554763	215.5987	0.3118841	1e+05	8.911618e-06	4.955182e-06	1.362995e-05
9	9-102082064	104522464	18	T	G	0.18	0.04101151	0.008891587	216.3123	0.5318219	1e+05	6.967717e-06	2.354501e-06	7.387024e-06
9	9-102175154	104615710	18	C	T	0.173	0.04124921	0.00894392	215.8557	0.2927136	1e+05	6.980249e-06	3.789715e-06	1.092072e-05
9	9-102175172	104615728	27	T	C	0.13	0.04726022	0.01028669	215.4535	0.1984444	1e+05	7.53895e-06	5.767184e-06	1.545793e-05
9	9-102175184	104615740	23	G	A	0.132	0.04886939	0.01002782	216.7878	0.2259871	1e+05	2.179831e-06	1.435331e-06	4.935557e-06
9	9-103669886	106199145	14	T	C	0.121	0.06827353	0.01422812	217.0365	0.289782	1e+05	3.057083e-06	1.108422e-06	4.003582e-06
9	9-103973615	106512165	14	C	G	0.01	0.1481609	0.0319797	214.2402	0.08374942	1e+05	6.368673e-06	2.055111e-05	4.490611e-05
9	9-104688041	107140294	34	A	G	0.039	0.0813506	0.01734199	215.0864	0.0684997	1e+05	4.935237e-06	8.465318e-06	2.128154e-05
9	9-104688481	107140734	40	G	T	0.038	0.08382775	0.01842192	214.6233	0.07836636	1e+05	9.11797e-06	1.374966e-05	3.197117e-05
9	9-104754796	107198692	24	A	G	0.032	0.09796634	0.01836259	217.8159	0.05293613	1e+05	2.495336e-07	4.935665e-07	2.091439e-06
9	9-104755982	107199878	12	C	T	0.028	0.0948694	0.01992484	215.8232	0.108345	1e+05	3.610085e-06	3.920123e-06	1.122977e-05
9	9-107428541	110046873	21	T	C	0.021	0.1067898	0.0230122	215.023	0.1281173	1e+05	6.159973e-06	9.045515e-06	2.249451e-05
9	9-110510234	113382868	27	T	G	0.138	0.04878097	0.01062575	214.1196	0.03937321	1e+05	7.653867e-06	2.33272e-05	5.000661e-05
9	9-110510431	113383065	28	T	C	0.128	0.0509096	0.01090393	215.2991	0.07983811	1e+05	5.438914e-06	6.776895e-06	1.767715e-05
9	9-110814315	113728513	24	A	G	0.066	0.0877402	0.01923391	214.679	0.2471031	1e+05	8.68287e-06	1.296864e-05	3.043488e-05
9	9-120825600	122348301	38	T	C	0.049	0.08658867	0.01679394	215.9453	0.05583696	1e-05	5.882339e-07	3.451309e-06	1.098278e-05
9	9-120879073	122403143	10	A	G	0.032	0.09863383	0.01886726	216.2743	0.06492904	1e-05	4.181259e-07	2.449633e-06	8.956798e-06
9	9-125207249	127003180	40	A	G	0.041	0.08097453	0.01741481	214.75	0.09025278	1e+05	5.917024e-06	1.203925e-05	2.858949e-05
9	9-136577155	138883544	12	G	A	0.105	-0.05114911	0.01111089	214.5837	0.0521321	1e+05	7.242788e-06	1.433232e-05	3.310926e-05
9	9-137409135	139749754	11	C	T	0.276	0.03448444	0.007574737	213.8022	0.08583103	1e+05	9.034637e-06	3.257243e-05	6.646714e-05
9	9-145423835	148005263	28	A	C	0.019	0.1367257	0.02823025	216.0901	0.1883888	1e+05	2.498945e-06	2.967778e-06	8.930496e-06
9	9-154056816	156933173	15	C	T	0.038	0.09815002	0.01902613	217.9154	0.1723261	1e+05	5.806317e-07	4.451727e-07	1.926391e-06
10	10-5754732	5432995	6	T	G	0.017	0.1294557	0.02576378	215.331	0.06542877	1e-05	1.087944e-06	6.554699e-06	2.109531e-05
10	10-18537244	18837249	8	T	C	0.025	-0.1346346	0.0291017	216.297	0.2375332	1e+05	6.55577e-06	2.392332e-06	7.484001e-06
10	10-36005865	37051822	28	A	G	0.016	0.1342902	0.02894674	214.4146	0.08683241	1e+05	6.196786e-06	1.711324e-05	3.845708e-05
10	10-45076242	46456593	8	A	G	0.022	0.1340206	0.02766639	215.9222	0.1568769	1e+05	2.488426e-06	3.535777e-06	1.031399e-05
10	10-67278184	66578560	24	A	C	0.088	0.07370068	0.01481389	218.1962	0.7838164	1e+05	1.368603e-06	3.327771e-07	1.52898e-06
10	10-79186742	78601911	8	T	C	0.064	0.05997319	0.01293851	213.8634	0.01852121	1e+05	6.305457e-06	3.054125e-05	6.290987e-05
10	10-79285122	78696557	28	C	G	0.06	0.06629251	0.01419005	215.1941	0.07186266	1e+05	5.371343e-06	7.562929e-06	1.937004e-05
10	10-92931497	93146067	9	T	C	0.3	0.04177016	0.008234154	217.5295	0.196031	1e+05	8.696368e-07	6.642942e-07	2.651895e-06
10	10-94605118	94803222	9	G	C	0.478	0.03173353	0.006523986	214.4675	1e-05	1e-05	2.273297e-06	1.619031e-05	5.261582e-05
10	10-98534119	98922106	27	T	C	0.392	0.03758574	0.00745189	215.4311	1e-05	1e+05	9.956406e-07	5.903256e-06	1.576024e-05
10	10-133953357	135165276	13	G	A	0.013	0.1412244	0.0302561	214.4728	0.08710757	1e+05	5.469845e-06	1.610029e-05	3.652423e-05
10	10-140119814	141404533	8	C	T	0.015	0.1770702	0.03721478	216.1858	0.1839535	1e+05	3.663677e-06	2.686158e-06	8.228943e-06
10	10-141829119	143203603	26	C	T	0.051	0.08000628	0.01572208	215.6204	0.03668482	1e-05	8.069326e-07	4.844375e-06	2.102696e-05
