chr	rs	ps	n_miss	allele1	allele0	af	beta	se	logl_H1	l_remle	l_mle	p_wald	p_lrt	p_score
1	1-33463802	33788590	39	C	T	0.06	-0.4486904	0.09817424	-165.9968	33.51542	1e+05	8.152926e-06	6.49881e-06	1.633257e-05
1	1-33463827	33788615	41	G	C	0.06	-0.4995944	0.10826	-165.8792	12.24814	1e+05	6.71483e-06	5.746862e-06	1.473235e-05
1	1-33463840	33788628	33	A	G	0.063	-0.4795839	0.1016412	-165.398	16.72117	1e+05	4.246534e-06	3.477753e-06	9.688527e-06
1	1-33463887	33788675	23	A	G	0.08	-0.4053534	0.08516845	-165.4126	5.474482	1e+05	3.534603e-06	3.531223e-06	9.812183e-06
1	1-33476339	33801127	27	C	T	0.061	-0.4333668	0.0950728	-166.0138	1e+05	1e+05	8.592863e-06	6.614821e-06	1.657698e-05
1	1-33638180	33953504	16	A	C	0.07	-0.3638528	0.07904841	-165.8229	1e+05	1e+05	7.072696e-06	5.418979e-06	1.402518e-05
1	1-33638492	33953816	38	A	C	0.1	-0.3348976	0.07340719	-165.997	1e+05	1e+05	8.447399e-06	6.500155e-06	1.63354e-05
1	1-33638494	33953818	38	A	C	0.097	-0.3453436	0.07473809	-165.7464	1e+05	1e+05	6.541707e-06	5.002676e-06	1.311811e-05
1	1-33638518	33953842	32	G	A	0.094	-0.3410804	0.07489197	-166.0306	1e+05	1e+05	8.742078e-06	6.732493e-06	1.682426e-05
1	1-33661522	33970713	14	A	G	0.072	-0.3914026	0.07945782	-164.5069	11.73362	1e+05	1.65878e-06	1.37502e-06	4.505876e-06
1	1-113675366	115236667	19	T	C	0.039	-0.4975907	0.1095981	-167.1975	1.606902	1e+05	9.295773e-06	2.286965e-05	4.74611e-05
1	1-113830446	115403705	6	T	C	0.032	-0.5727736	0.1238295	-166.9994	1.45076	1e+05	6.40571e-06	1.857366e-05	3.972678e-05
1	1-114876853	116456639	12	A	G	0.057	-0.4641435	0.09742936	-165.4937	3.987324	1e+05	3.464457e-06	3.842836e-06	1.052731e-05
1	1-122817233	124724894	3	T	C	0.195	-0.310407	0.06465597	-164.9584	1e+05	1e+05	2.932769e-06	2.199562e-06	6.629759e-06
1	1-128428605	130680225	20	T	C	0.032	0.5184763	0.1103818	-165.8766	3.881342	1e+05	4.668411e-06	5.731671e-06	1.469972e-05
1	1-162613639	164208655	20	G	T	0.025	-0.6991569	0.153085	-165.9761	1e+05	1e+05	8.268444e-06	6.359154e-06	1.60375e-05
1	1-214100144	217177132	10	T	A	0.04	0.4893904	0.1023991	-165.0544	1e+05	1e+05	3.233488e-06	2.430857e-06	7.200361e-06
1	1-231016036	234507737	21	A	G	0.057	0.3847514	0.08483276	-166.1109	1e+05	1e+05	9.488026e-06	7.321463e-06	1.805285e-05
1	1-236967843	240362190	41	G	A	0.115	-0.39088	0.07690138	-164.4308	2.269953	1e+05	7.989389e-07	1.270472e-06	4.223471e-06
1	1-236976655	240371002	23	T	G	0.092	-0.409251	0.08259224	-164.4666	6.779772	1e+05	1.450072e-06	1.318649e-06	4.354067e-06
1	1-236978947	240373294	36	T	C	0.107	-0.3805607	0.08025094	-165.4215	6.737276	1e+05	3.819434e-06	3.564244e-06	9.888405e-06
1	1-236982067	240376200	7	G	T	0.141	-0.299938	0.06335052	-165.2513	1e+05	1e+05	3.950677e-06	2.9845e-06	8.533293e-06
1	1-237149880	240513335	13	A	T	0.417	0.1816848	0.03995573	-166.2185	8.666547	1e+05	9.017421e-06	8.193925e-06	1.984731e-05
1	1-237213942	240559679	23	G	A	0.407	0.1916605	0.04127534	-165.9497	5.117759	1e+05	5.919088e-06	6.186233e-06	1.567084e-05
1	1-237213921	240559700	28	C	A	0.408	0.1925427	0.04172877	-166.0684	5.197377	1e+05	6.732989e-06	7.003925e-06	1.739231e-05
1	1-238451045	241961339	1	G	A	0.068	-0.5599924	0.1203578	-165.6082	1e+05	1e+05	5.682182e-06	4.330557e-06	1.162931e-05
1	1-245538698	249197373	17	A	G	0.102	-0.3152099	0.06914778	-166.0128	1e+05	1e+05	8.584143e-06	6.607946e-06	1.656251e-05
1	1-247443427	251401321	2	A	G	0.023	0.7431904	0.161039	-165.7711	1e+05	1e+05	6.708723e-06	5.133535e-06	1.340439e-05
1	1-279640957	284701485	18	A	G	0.249	-0.2279447	0.04888234	-165.9423	4.272547	1e+05	5.427143e-06	6.138522e-06	1.556941e-05
1	1-294365078	299792358	13	A	T	0.079	0.503974	0.1088346	-165.7328	39.78954	1e+05	6.26272e-06	4.932274e-06	1.296363e-05
1	1-298856607	304297699	13	T	G	0.043	-0.5918176	0.1221659	-168.844	0.4264291	1e+05	2.408482e-06	0.0001300521	0.0002146917
1	1-298857515	304298607	19	T	C	0.061	-0.5025451	0.1051902	-166.3153	1.527012	1e+05	3.259186e-06	9.067129e-06	2.161634e-05
2	2-3557799	3555344	15	G	C	0.111	0.322799	0.07080924	-166.0627	24.00808	1e+05	8.576084e-06	6.961817e-06	1.73044e-05
2	2-72013043	73263682	19	T	C	0.017	-0.9212481	0.2002369	-165.832	1e+05	1e+05	7.138628e-06	5.470725e-06	1.413719e-05
2	2-73337133	74671915	21	T	C	0.119	-0.4061909	0.07688781	-164.1697	1.360756	1e+05	3.07472e-07	9.685184e-07	3.384325e-06
2	2-73905510	75222404	12	A	G	0.114	-0.4043256	0.08921954	-166.5127	4.055926	1e+05	9.637232e-06	1.114867e-05	2.574214e-05
2	2-73924627	75241513	21	C	A	0.124	-0.3498656	0.0765838	-166.8747	2.011577	1e+05	8.222214e-06	1.629467e-05	3.553115e-05
2	2-73939812	75256697	34	T	C	0.119	-0.4476282	0.08696919	-163.638	5.561077	1e+05	5.900249e-07	5.577687e-07	2.16335e-06
2	2-73975407	75293361	15	A	G	0.118	-0.3677569	0.07636376	-166.3234	1.335422	1e+05	2.741072e-06	9.144315e-06	2.177153e-05
2	2-74227500	75544956	15	A	G	0.12	-0.356576	0.07753508	-166.8946	1.724075	1e+05	7.197897e-06	1.663865e-05	3.616912e-05
2	2-74344168	75698268	18	A	G	0.129	-0.3668716	0.07458995	-166.1632	1.106332	1e+05	1.716239e-06	7.733439e-06	1.890378e-05
2	2-74371400	75725494	16	A	G	0.111	-0.3617507	0.07650773	-165.9281	2.638895	1e+05	4.063238e-06	6.048041e-06	1.537674e-05
2	2-74615625	75974857	7	G	A	0.097	-0.4127909	0.08930241	-166.8166	1.751255	1e+05	6.493741e-06	1.533134e-05	3.373479e-05
2	2-74677023	76038474	5	T	C	0.106	-0.3992513	0.08752892	-166.6134	2.819001	1e+05	8.47783e-06	1.238988e-05	2.815073e-05
2	2-74681318	76042769	1	A	G	0.09	-0.4724837	0.09056169	-163.0652	56.47774	1e+05	4.218608e-07	3.080258e-07	1.342418e-06
2	2-74780330	76141774	19	A	G	0.12	-0.3819584	0.07898214	-165.5245	2.393716	1e+05	2.501772e-06	3.96841e-06	1.081296e-05
2	2-74795175	76157949	24	C	G	0.068	-0.5596814	0.1226866	-166.2593	5.586483	1e+05	8.458857e-06	8.551637e-06	2.057506e-05
2	2-74824514	76192328	22	C	G	0.119	-0.3575178	0.07874919	-166.8972	2.21382	1e+05	9.303143e-06	1.668469e-05	3.625438e-05
2	2-75096578	76477753	24	T	C	0.118	-0.3730979	0.08116867	-166.2437	3.955427	1e+05	7.271419e-06	8.412663e-06	2.029285e-05
2	2-75100528	76481701	32	T	C	0.162	-0.3052466	0.06642845	-168.5199	0.763916	1e+05	7.317879e-06	9.224321e-05	0.0001587914
2	2-75309652	76699587	19	T	C	0.123	-0.3591183	0.07712376	-166.4888	2.014121	1e+05	5.591105e-06	1.08733e-05	2.520291e-05
2	2-75361520	76751188	28	G	T	0.11	-0.4659223	0.08871068	-163.9563	1.808015	1e+05	3.566961e-07	7.759893e-07	2.826273e-06
2	2-75456274	76876064	19	T	C	0.13	-0.3190978	0.06889552	-167.6759	1.048396	1e+05	6.235821e-06	3.782942e-05	7.315874e-05
2	2-75501312	76921033	20	A	G	0.113	-0.3392893	0.073747	-167.0951	1.515707	1e+05	7.140833e-06	2.053648e-05	4.32864e-05
2	2-75641112	77061400	35	T	C	0.12	-0.3427924	0.07300057	-165.6326	6.442802	1e+05	4.696834e-06	4.442245e-06	1.187897e-05
2	2-76058816	77482174	5	A	G	0.11	-0.3870652	0.08062961	-165.8906	1.959591	1e+05	2.937646e-06	5.815943e-06	1.488058e-05
2	2-76060014	77483372	23	G	C	0.1	-0.4362747	0.09258311	-165.7835	3.796167	1e+05	4.364492e-06	5.200329e-06	1.35501e-05
2	2-76063422	77486780	31	A	C	0.109	-0.4265461	0.09232375	-166.7191	1.925029	1e+05	6.559098e-06	1.384201e-05	3.092742e-05
2	2-76384867	77820333	21	C	A	0.106	-0.3813898	0.07554238	-167.5615	0.5663299	1e+05	9.380726e-07	3.353606e-05	6.593951e-05
2	2-76386801	77822266	36	A	C	0.102	-0.4446149	0.09801414	-166.4006	5.167024	1e+05	9.454346e-06	9.914774e-06	2.331082e-05
2	2-76812014	78152525	15	A	T	0.12	-0.3532317	0.07748603	-166.7142	2.501724	1e+05	8.578393e-06	1.37708e-05	3.079222e-05
2	2-76829441	78169780	18	T	C	0.107	-0.4214585	0.08520899	-165.1021	2.279822	1e+05	1.510945e-06	2.554912e-06	7.502835e-06
2	2-76843945	78184281	31	G	A	0.109	-0.4440001	0.0913355	-165.5827	2.11227	1e+05	2.230961e-06	4.216985e-06	1.137445e-05
2	2-76910686	78252284	23	T	C	0.15	-0.3303068	0.07258501	-166.1438	12.91935	1e+05	8.882809e-06	7.578164e-06	1.858384e-05
2	2-77337764	78681303	18	A	C	0.134	-0.3436717	0.07447065	-166.4302	2.628145	1e+05	6.711945e-06	1.022597e-05	2.392778e-05
2	2-77354168	78695583	45	T	G	0.118	-0.4285989	0.09037121	-165.4079	7.433622	1e+05	3.810639e-06	3.513902e-06	9.772157e-06
2	2-78214289	79504513	32	T	C	0.12	-0.3933995	0.08147064	-165.7586	1.986151	1e+05	2.585823e-06	5.066704e-06	1.325832e-05
2	2-78549594	79994367	3	A	G	0.107	-0.3526694	0.07683893	-166.1029	6.44369	1e+05	7.492432e-06	7.260576e-06	1.792652e-05
2	2-78838466	80259605	7	A	G	0.134	-0.3734047	0.07241204	-164.9776	1.175679	1e+05	5.634632e-07	2.244054e-06	6.74023e-06
2	2-79076516	80506656	21	A	G	0.121	-0.3585667	0.07652457	-166.4366	1.845092	1e+05	4.912349e-06	1.029546e-05	2.406518e-05
2	2-79096816	80565925	40	T	G	0.12	-0.4021109	0.0826629	-164.6745	1e+05	1e+05	2.197982e-06	1.636964e-06	5.19861e-06
2	2-79148642	80580907	41	A	G	0.115	-0.3823784	0.08052786	-165.1905	1e+05	1e+05	3.713803e-06	2.801348e-06	8.097004e-06
2	2-79184693	80615785	15	T	C	0.053	-0.7291167	0.1419197	-163.4215	1e+05	1e+05	6.17078e-07	4.45578e-07	1.805167e-06
2	2-79250655	80654607	15	T	C	0.091	-0.4396065	0.094893	-165.695	1e+05	1e+05	6.207475e-06	4.741048e-06	1.254236e-05
2	2-79281758	80723763	18	A	G	0.1	-0.3945032	0.0867803	-166.0659	1e+05	1e+05	9.062614e-06	6.985432e-06	1.735371e-05
2	2-79281832	80723837	20	C	T	0.103	-0.3969021	0.08408818	-165.3149	1e+05	1e+05	4.215014e-06	3.189199e-06	9.016031e-06
2	2-79291263	80733150	23	C	T	0.07	-0.6080462	0.1306454	-165.6019	1e+05	1e+05	5.646118e-06	4.302407e-06	1.156624e-05
2	2-79308083	80749970	23	T	G	0.092	-0.3821206	0.08258606	-165.7196	1e+05	1e+05	6.36542e-06	4.864642e-06	1.281492e-05
2	2-79327600	80769487	15	A	G	0.161	-0.2933709	0.0607773	-164.8423	1e+05	1e+05	2.606364e-06	1.949166e-06	6.001113e-06
2	2-79369406	80811375	41	C	T	0.096	-0.4848146	0.1020159	-165.1731	1e+05	1e+05	3.648741e-06	2.751091e-06	7.976519e-06
2	2-79865896	81367729	15	T	C	0.149	-0.36104	0.07153264	-163.842	1e+05	1e+05	9.445947e-07	6.891844e-07	2.567069e-06
2	2-84445243	86066006	14	T	C	0.091	-0.4833797	0.09535871	-163.7407	1e+05	1e+05	8.525334e-07	6.204638e-07	2.357824e-06
2	2-84658090	86273094	21	A	G	0.104	-0.4072342	0.08991021	-166.1366	1e+05	1e+05	9.740357e-06	7.520951e-06	1.846572e-05
2	2-84913603	86560847	10	T	C	0.092	-0.4584471	0.09947398	-167.034	1.683944	1e+05	6.895238e-06	1.926093e-05	4.097847e-05
2	2-85544219	87177643	16	T	G	0.111	-0.3889096	0.08540771	-166.0338	1e+05	1e+05	8.769978e-06	6.754501e-06	1.687044e-05
2	2-85605527	87240100	7	A	T	0.097	-0.4148762	0.08991122	-165.7741	1e+05	1e+05	6.728854e-06	5.149313e-06	1.343884e-05
2	2-86048396	87693012	15	A	G	0.082	-0.5149401	0.1007257	-163.5395	1e+05	1e+05	6.953916e-07	5.035912e-07	1.992165e-06
2	2-91627393	93610119	29	A	C	0.01	1.243221	0.2723617	-165.9868	1e+05	1e+05	8.359468e-06	6.430864e-06	1.618912e-05
2	2-156721631	160797114	23	A	C	0.155	-0.2592844	0.05674773	-165.9677	1e+05	1e+05	8.198323e-06	6.303925e-06	1.592055e-05
2	2-164041866	168100707	17	T	C	0.019	0.8300384	0.1758421	-165.3136	1e+05	1e+05	4.209555e-06	3.184969e-06	9.006105e-06
2	2-198403398	204238475	29	T	C	0.067	-0.4294588	0.0885137	-165.8998	1.585539	1e+05	2.327569e-06	5.871967e-06	1.500061e-05
2	2-198678886	204521834	12	A	G	0.057	-0.3784913	0.08336657	-166.2251	9.669749	1e+05	9.29794e-06	8.251053e-06	1.996383e-05
2	2-198678932	204521880	13	G	T	0.06	-0.3920502	0.08509999	-166.305	3.177998	1e+05	6.949143e-06	8.970287e-06	2.142137e-05
2	2-198678933	204521881	13	A	T	0.055	-0.3907948	0.0860557	-166.254	7.943794	1e+05	9.253748e-06	8.5043e-06	2.047901e-05
2	2-198679048	204521996	16	G	C	0.053	-0.429578	0.09098053	-165.35	27.73994	1e+05	4.185477e-06	3.308094e-06	9.294211e-06
2	2-198679197	204522145	14	G	A	0.06	-0.3745323	0.08243418	-166.0878	100.2811	1e+05	9.164906e-06	7.146726e-06	1.768989e-05
2	2-211957349	218100028	14	A	G	0.392	-0.2179588	0.04816098	-166.5081	4.37936	1e+05	9.898005e-06	1.109559e-05	2.563833e-05
2	2-211957360	218100039	14	T	C	0.395	-0.2255701	0.04832622	-165.9486	3.937808	1e+05	5.319659e-06	6.179287e-06	1.565608e-05
2	2-212008220	218156900	27	C	A	0.416	-0.2147052	0.04707004	-166.3644	4.332037	1e+05	8.476537e-06	9.545291e-06	2.25748e-05
2	2-212008356	218157036	36	G	C	0.463	-0.2198324	0.04766781	-165.7849	1e+05	1e+05	6.803902e-06	5.208143e-06	1.356713e-05
3	3-7957159	7107336	30	C	T	0.018	0.977089	0.2155239	-166.1187	1e+05	1e+05	9.564659e-06	7.382035e-06	1.817838e-05
3	3-37944723	37696871	42	A	T	0.052	-0.6040372	0.1317282	-166.0389	9.717179	1e+05	7.632459e-06	6.790679e-06	1.694631e-05
3	3-79792564	80072104	7	A	G	0.051	0.479939	0.1047228	-166.0154	12.20936	1e+05	7.717379e-06	6.625956e-06	1.660041e-05
3	3-99396696	99678761	14	T	C	0.053	0.4361013	0.09592069	-166.1265	19.94162	1e+05	9.043828e-06	7.442406e-06	1.830335e-05
3	3-86214511	113086251	30	T	G	0.018	0.9427793	0.2083526	-166.1553	1e+05	1e+05	9.928355e-06	7.66966e-06	1.877248e-05
3	3-155019568	156420056	18	T	G	0.015	-0.8731299	0.1881518	-165.6608	1e+05	1e+05	5.995219e-06	4.575075e-06	1.217467e-05
3	3-192513091	195463231	42	T	C	0.011	-1.068129	0.2139733	-164.0966	1e+05	1e+05	1.222739e-06	8.977458e-07	3.181615e-06
3	3-216329499	219813912	25	A	G	0.038	0.5182315	0.1089547	-165.1553	1e+05	1e+05	3.583082e-06	2.700395e-06	7.854632e-06
3	3-221706736	225389289	12	A	C	0.213	-0.2596803	0.05543635	-165.4712	1e+05	1e+05	4.94177e-06	3.753539e-06	1.032331e-05
3	3-222853548	226543762	24	C	T	0.015	0.7474392	0.1612809	-165.7053	63.95569	1e+05	6.160166e-06	4.792699e-06	1.265639e-05
3	3-222853965	226544179	14	T	C	0.014	0.7351632	0.1615194	-166.0423	1e+05	1e+05	8.847093e-06	6.815338e-06	1.699798e-05
4	4-4033162	4761010	32	T	C	0.018	0.7693674	0.1655524	-165.6318	1e+05	1e+05	5.820547e-06	4.438597e-06	1.187083e-05
4	4-24772205	26318860	22	A	T	0.104	0.3058556	0.0666225	-165.8745	1e+05	1e+05	7.454842e-06	5.719059e-06	1.467262e-05
4	4-24936336	26482297	26	C	T	0.079	0.3646549	0.07793302	-165.4938	1e+05	1e+05	5.057316e-06	3.843456e-06	1.052872e-05
4	4-24999862	26545746	13	G	T	0.081	0.3444758	0.07469026	-165.7836	1e+05	1e+05	6.794929e-06	5.201108e-06	1.35518e-05
4	4-25095524	26653035	20	A	G	0.076	0.3748025	0.0786595	-165.1179	1e+05	1e+05	3.449322e-06	2.597187e-06	7.605376e-06
4	4-25095532	26653043	23	T	G	0.075	0.4036578	0.07872038	-163.4673	1e+05	1e+05	6.463858e-07	4.672689e-07	1.875567e-06
4	4-25182192	26739341	39	G	A	0.087	0.3410646	0.07527112	-166.1289	1e+05	1e+05	9.664649e-06	7.461084e-06	1.834198e-05
4	4-25207613	26769771	12	A	G	0.073	0.3474235	0.07646768	-166.0769	1e+05	1e+05	9.165185e-06	7.066419e-06	1.752264e-05
4	4-124314348	127309216	29	A	G	0.034	0.556201	0.1190562	-165.5257	1e+05	1e+05	5.224125e-06	3.973353e-06	1.082418e-05
4	4-149157995	152521864	5	G	C	0.03	0.5136622	0.1105154	-165.6292	1e+05	1e+05	5.805085e-06	4.42652e-06	1.184388e-05
4	4-149194330	152559765	5	T	C	0.025	0.5876501	0.1196319	-164.4831	48.87579	1e+05	1.767131e-06	1.341417e-06	4.415509e-06
4	4-149201344	152566779	27	T	G	0.031	0.52901	0.1127507	-165.4498	95.97431	1e+05	4.778796e-06	3.671016e-06	1.013413e-05
4	4-149219465	152584337	31	G	A	0.031	0.5217632	0.1128468	-165.7338	1e+05	1e+05	6.458217e-06	4.937292e-06	1.297465e-05
4	4-149227078	152591950	28	A	G	0.026	0.5819554	0.1228739	-165.2713	42.55722	1e+05	3.922163e-06	3.047296e-06	8.681912e-06
4	4-149373429	152739022	23	T	A	0.028	0.5549137	0.1183976	-165.5591	12.93181	1e+05	4.885757e-06	4.114446e-06	1.114345e-05
4	4-156675535	160168020	23	C	G	0.025	0.5714185	0.1226844	-165.587	1e+05	1e+05	5.560575e-06	4.235655e-06	1.141641e-05
4	4-182304215	185481031	32	T	G	0.021	0.714238	0.1462787	-164.7445	9.059865	1e+05	2.022247e-06	1.760539e-06	5.518982e-06
4	4-182914423	186096127	16	G	A	0.014	0.7356576	0.161513	-166.0333	232.1485	1e+05	8.723514e-06	6.75143e-06	1.6864e-05
5	5-123354907	126487740	40	T	C	0.033	0.5833594	0.1081162	-162.1878	1e+05	1e+05	1.774183e-07	1.2427e-07	6.527904e-07
5	5-164734968	168599451	43	C	T	0.036	0.6509572	0.1286488	-163.783	1e+05	1e+05	8.897907e-07	6.482544e-07	2.442907e-06
5	5-204799330	210274416	28	T	C	0.218	0.2424611	0.05233515	-165.6941	1e+05	1e+05	6.202038e-06	4.736794e-06	1.253296e-05
5	5-204680725	210387676	34	G	C	0.206	0.2598487	0.05589066	-165.6233	1e+05	1e+05	5.770496e-06	4.399508e-06	1.178355e-05
5	5-213099723	218884401	47	A	G	0.045	-0.6297599	0.1293972	-168.0571	0.530478	1e+05	2.173989e-06	5.655149e-05	0.0001036308
6	6-57291271	59756467	33	G	T	0.018	-0.978194	0.1910096	-163.498	1e+05	1e+05	6.667973e-07	4.823897e-07	1.924296e-06
6	6-68023753	70788097	29	T	C	0.015	-0.8039345	0.1762103	-165.9963	1e+05	1e+05	8.441272e-06	6.495326e-06	1.632522e-05
6	6-107409666	111951122	12	T	C	0.012	1.069972	0.235095	-166.0437	1e+05	1e+05	8.859248e-06	6.824928e-06	1.701807e-05
6	6-155418686	159360833	4	T	G	0.121	0.2766793	0.06089154	-166.0752	1e+05	1e+05	9.149225e-06	7.053816e-06	1.749637e-05
6	6-157455822	161388844	31	A	G	0.096	0.3826794	0.06962131	-161.693	1e+05	1e+05	1.077169e-07	7.45336e-08	4.369016e-07
6	6-157455863	161388885	26	G	A	0.102	0.3436153	0.06709581	-163.4976	1e+05	1e+05	6.665244e-07	4.821874e-07	1.923646e-06
6	6-157458133	161391155	8	T	C	0.098	0.3012388	0.06411833	-165.4107	1e+05	1e+05	4.646621e-06	3.52409e-06	9.795703e-06
6	6-157463158	161396180	23	T	C	0.11	0.2880583	0.06317442	-166.0075	1e+05	1e+05	8.538274e-06	6.571784e-06	1.648638e-05
7	7-22239756	23292149	15	A	G	0.067	-0.3739853	0.08009021	-165.5353	1e+05	1e+05	5.275242e-06	4.013179e-06	1.091447e-05
7	7-29712813	30899413	14	G	T	0.122	-0.2850376	0.06142826	-166.3107	2.677415	1e+05	6.005557e-06	9.024284e-06	2.153012e-05
7	7-29726723	30913620	5	T	A	0.147	-0.2645445	0.05763551	-166.1451	5.455154	1e+05	7.484776e-06	7.588341e-06	1.860484e-05
7	7-29728104	30914861	16	A	C	0.15	-0.262418	0.05644525	-165.7538	9.795463	1e+05	5.774572e-06	5.04135e-06	1.320283e-05
7	7-29728844	30915601	6	A	G	0.15	-0.2591689	0.05664352	-166.3861	3.6286	1e+05	7.974159e-06	9.764429e-06	2.30118e-05
7	7-29735828	30922585	13	G	C	0.145	-0.2796356	0.05845895	-166.0438	1.851807	1e+05	3.172869e-06	6.825847e-06	1.702e-05
7	7-29749278	30936027	4	T	G	0.142	-0.264823	0.05751179	-166.6023	2.31459	1e+05	7.018353e-06	1.224648e-05	2.78742e-05
7	7-29749800	30936549	5	A	G	0.122	-0.2981566	0.06588228	-166.5352	4.144729	1e+05	9.899453e-06	1.14153e-05	2.626251e-05
7	7-29750037	30936786	13	G	C	0.148	-0.2716097	0.057653	-165.8066	3.575701	1e+05	4.386662e-06	5.327143e-06	1.382599e-05
7	7-29751789	30938538	21	T	C	0.144	-0.2707022	0.05872926	-166.1357	4.574004	1e+05	6.876843e-06	7.51436e-06	1.84521e-05
7	7-29754085	30940834	8	A	G	0.116	-0.3110815	0.06820242	-166.5706	2.941252	1e+05	8.485722e-06	1.184661e-05	2.710077e-05
7	7-29754151	30940900	9	T	C	0.133	-0.2884176	0.0605148	-165.2685	8.697727	1e+05	3.430885e-06	3.038423e-06	8.660943e-06
7	7-29780823	30945237	20	A	T	0.15	-0.2615512	0.05775372	-167.2213	1.852951	1e+05	9.766127e-06	2.34483e-05	4.848784e-05
7	7-29777487	30948573	20	C	G	0.16	-0.2642419	0.05761198	-165.9455	22.5983	1e+05	7.595976e-06	6.159126e-06	1.561323e-05
7	7-29773117	30952943	30	A	C	0.153	-0.2669649	0.05786037	-166.05	5.476806	1e+05	6.738811e-06	6.870233e-06	1.711292e-05
7	7-29772724	30953336	19	T	C	0.147	-0.2689405	0.0579009	-166.0419	3.995526	1e+05	5.883259e-06	6.811856e-06	1.699069e-05
7	7-29758378	30967588	29	T	C	0.108	-0.311641	0.06505692	-166.0085	1.877666	1e+05	3.076719e-06	6.578303e-06	1.650011e-05
7	7-29756967	30968999	25	T	C	0.146	-0.2700793	0.05870814	-165.8668	35.00433	1e+05	7.151666e-06	5.673228e-06	1.457407e-05
7	7-29939691	31011982	9	T	C	0.126	-0.2830173	0.06238934	-166.6239	3.222804	1e+05	9.451201e-06	1.252648e-05	2.841375e-05
7	7-29943765	31016050	11	T	C	0.139	-0.2925773	0.05939484	-164.5469	8.897861	1e+05	1.658365e-06	1.433451e-06	4.662152e-06
7	7-29943816	31016101	16	T	C	0.133	-0.2976941	0.06236488	-165.15	17.33752	1e+05	3.319297e-06	2.685656e-06	7.819128e-06
7	7-29945235	31017520	21	C	G	0.141	-0.2772777	0.06036396	-166.1484	5.132352	1e+05	7.372061e-06	7.614432e-06	1.865865e-05
7	7-29945498	31017783	22	G	A	0.129	-0.285974	0.06137521	-166.3029	2.379654	1e+05	5.516359e-06	8.95088e-06	2.138227e-05
7	7-29946181	31018466	2	T	C	0.152	-0.2591263	0.05515641	-165.8296	3.829536	1e+05	4.64957e-06	5.456996e-06	1.410748e-05
7	7-30009928	31088174	8	A	G	0.123	-0.2808706	0.06186628	-166.7112	2.73693	1e+05	9.302862e-06	1.372707e-05	3.070915e-05
7	7-30009833	31088269	5	T	C	0.147	-0.2609516	0.05619514	-166.1284	3.438594	1e+05	5.913744e-06	7.457127e-06	1.83338e-05
7	7-30008348	31089515	21	T	C	0.099	-0.3167586	0.06831628	-166.3946	2.539225	1e+05	6.099376e-06	9.852512e-06	2.318707e-05
7	7-30050853	31125805	21	A	G	0.129	-0.2826625	0.06196375	-167.4386	1.335925	1e+05	8.463965e-06	2.946824e-05	5.899424e-05
7	7-30052207	31127446	9	A	G	0.133	-0.2680252	0.05838561	-165.8757	1e+05	1e+05	7.463703e-06	5.726021e-06	1.468758e-05
7	7-30052220	31127459	8	T	C	0.133	-0.2757434	0.06006117	-166.1398	5.546763	1e+05	7.449371e-06	7.546251e-06	1.851797e-05
7	7-30053803	31128844	6	G	A	0.099	-0.3675254	0.07340394	-164.483	3.609786	1e+05	1.140286e-06	1.341321e-06	4.41525e-06
7	7-30055214	31130255	12	T	G	0.135	-0.2899407	0.05904025	-165.1601	2.538358	1e+05	1.77732e-06	2.714047e-06	7.887489e-06
7	7-53964425	55832093	34	A	C	0.013	1.001281	0.2035127	-164.4242	1e+05	1e+05	1.704612e-06	1.2617e-06	4.199604e-06
7	7-143785559	148698003	18	G	T	0.378	-0.2310252	0.04580264	-163.8571	1e+05	1e+05	9.592093e-07	7.001091e-07	2.59999e-06
7	7-148525481	153737275	4	A	G	0.014	0.7678823	0.1687113	-166.0427	1e+05	1e+05	8.850618e-06	6.818119e-06	1.700381e-05
7	7-151376512	156584250	35	G	A	0.287	0.2332475	0.05053078	-165.7669	1e+05	1e+05	6.680008e-06	5.111031e-06	1.335524e-05
7	7-151419999	156744414	11	A	T	0.271	0.2354956	0.04901108	-164.9404	1e+05	1e+05	2.87968e-06	2.158789e-06	6.528206e-06
7	7-151421147	156745562	30	A	T	0.158	0.3145796	0.05994199	-162.899	1e+05	1e+05	3.637935e-07	2.593225e-07	1.169975e-06
7	7-151421298	156745713	12	C	G	0.149	0.3303239	0.05840844	-160.9001	1e+05	1e+05	4.847673e-08	3.289368e-08	2.313238e-07
7	7-151422046	156746461	13	C	T	0.269	0.2303474	0.04979985	-165.726	1e+05	1e+05	6.406809e-06	4.897042e-06	1.28862e-05
7	7-151422597	156747012	29	G	A	0.265	0.23859	0.04958598	-164.9106	1e+05	1e+05	2.793835e-06	2.092894e-06	6.363436e-06
7	7-151422626	156747041	23	A	G	0.113	0.3178524	0.06267638	-163.7303	1e+05	1e+05	8.435296e-07	6.137521e-07	2.337177e-06
7	7-151423292	156747707	34	G	A	0.066	0.3992894	0.08217704	-164.6995	1e+05	1e+05	2.254535e-06	1.68012e-06	5.310923e-06
7	7-151423308	156747723	33	C	T	0.061	0.4145414	0.08519721	-164.6691	1e+05	1e+05	2.185971e-06	1.627802e-06	5.174703e-06
7	7-151423592	156748007	8	A	C	0.386	-0.3599168	0.07474661	-164.895	1e+05	1e+05	2.749733e-06	2.059061e-06	6.278516e-06
7	7-151440950	156772816	34	C	T	0.146	0.3389771	0.06122231	-161.4937	1e+05	1e+05	8.812247e-08	6.067658e-08	3.720544e-07
7	7-153746165	159036001	30	C	T	0.088	0.3114928	0.06843613	-166.0422	1e+05	1e+05	8.845734e-06	6.814265e-06	1.699574e-05
7	7-153748324	159038160	10	A	G	0.15	0.2793296	0.05659429	-164.3531	1e+05	1e+05	1.586081e-06	1.171911e-06	3.953677e-06
7	7-156661566	162045860	11	A	G	0.012	1.117797	0.2428648	-165.8245	1e+05	1e+05	7.083875e-06	5.427752e-06	1.404418e-05
7	7-166407470	171981267	20	G	A	0.33	-0.2056485	0.04451641	-165.7512	1e+05	1e+05	6.573542e-06	5.027613e-06	1.317275e-05
8	8-22689667	23393006	4	C	T	0.16	-0.2802747	0.05967082	-165.4157	1e+05	1e+05	4.670534e-06	3.542667e-06	9.838612e-06
8	8-38437186	39492635	16	C	T	0.435	0.2318219	0.05089772	-166.3945	4.525338	1e+05	8.728297e-06	9.850881e-06	2.318382e-05
8	8-63573976	65264491	13	A	G	0.352	0.208422	0.04589408	-166.0856	1e+05	1e+05	9.246296e-06	7.130477e-06	1.765607e-05
8	8-77312571	79231087	4	A	G	0.018	-0.7257867	0.1545837	-165.4241	1e+05	1e+05	4.710335e-06	3.573592e-06	9.909964e-06
8	8-82017699	84083023	15	G	A	0.368	0.2070337	0.04230228	-164.541	1e+05	1e+05	1.919196e-06	1.424631e-06	4.63863e-06
8	8-82045202	84110414	8	A	G	0.293	0.2224989	0.0484963	-165.9492	19.48685	1e+05	7.550475e-06	6.182869e-06	1.566369e-05
8	8-82045459	84110671	18	A	C	0.266	0.2535401	0.04997239	-163.7197	1e+05	1e+05	8.345506e-07	6.070607e-07	2.316552e-06
8	8-82047815	84113021	8	T	G	0.249	0.2257519	0.04724458	-165.0583	1e+05	1e+05	3.246319e-06	2.440737e-06	7.22454e-06
8	8-82090672	84155000	12	T	G	0.246	0.2284061	0.04675641	-164.5821	1e+05	1e+05	2.001063e-06	1.486911e-06	4.804215e-06
8	8-82122538	84186752	17	T	A	0.25	0.2463626	0.04894344	-163.9047	1e+05	1e+05	1.006606e-06	7.355665e-07	2.70623e-06
8	8-82126689	84190904	24	A	G	0.259	0.2233478	0.04909167	-166.0506	1e+05	1e+05	8.921927e-06	6.874387e-06	1.712162e-05
8	8-82165255	84234030	16	T	C	0.244	0.2349913	0.04994699	-165.3817	1e+05	1e+05	4.511362e-06	3.419056e-06	9.552446e-06
8	8-82193105	84261982	14	A	G	0.251	0.2213405	0.04882247	-166.1186	1e+05	1e+05	9.563582e-06	7.381184e-06	1.817662e-05
8	8-82203828	84272705	19	T	C	0.265	0.2213655	0.04875255	-166.0889	1e+05	1e+05	9.277485e-06	7.155112e-06	1.770733e-05
8	8-82296540	84299890	22	G	A	0.244	0.2218774	0.04767963	-165.6048	1e+05	1e+05	5.662752e-06	4.31539e-06	1.159534e-05
8	8-82271317	84307575	25	T	C	0.268	0.2280362	0.04849786	-165.394	1e+05	1e+05	4.568471e-06	3.463394e-06	9.65527e-06
8	8-82236629	84323248	27	G	A	0.25	0.2317161	0.05106528	-166.1014	1e+05	1e+05	9.39675e-06	7.249334e-06	1.790317e-05
8	8-82260970	84347588	35	G	A	0.266	0.2303872	0.05063891	-166.0506	1e+05	1e+05	8.92189e-06	6.874358e-06	1.712156e-05
8	8-82336131	84413548	36	T	C	0.299	0.235304	0.0489024	-164.9103	1e+05	1e+05	2.793011e-06	2.092262e-06	6.361852e-06
8	8-82345096	84421723	10	T	C	0.239	0.2227148	0.04847139	-165.8579	1e+05	1e+05	7.329122e-06	5.620296e-06	1.44601e-05
8	8-82412121	84465876	16	T	G	0.249	0.2275458	0.04766193	-165.0769	1e+05	1e+05	3.308308e-06	2.488486e-06	7.341169e-06
8	8-82381750	84481595	37	C	G	0.282	0.2324998	0.04853284	-165.0042	1e+05	1e+05	3.072766e-06	2.307171e-06	6.896356e-06
8	8-82462740	84543254	42	A	G	0.285	0.2280724	0.04894764	-165.5788	1e+05	1e+05	5.514416e-06	4.199645e-06	1.133544e-05
8	8-82547666	84632196	30	A	G	0.244	0.2260311	0.0498401	-166.1121	1e+05	1e+05	9.499738e-06	7.33072e-06	1.807205e-05
8	8-82720460	84804960	14	A	G	0.05	-0.4661654	0.1027444	-166.1035	1e+05	1e+05	9.417332e-06	7.265597e-06	1.793694e-05
8	8-82805930	84888858	20	T	C	0.069	-0.388787	0.08418385	-165.7568	1e+05	1e+05	6.611228e-06	5.057137e-06	1.323739e-05
8	8-82955933	85065292	29	C	A	0.33	-0.2325388	0.05103996	-166.0233	1e+05	1e+05	8.677168e-06	6.681299e-06	1.671676e-05
8	8-82956212	85065571	27	G	C	0.339	0.2034173	0.04340752	-165.4628	1e+05	1e+05	4.899722e-06	3.72083e-06	1.024841e-05
8	8-82956593	85065952	23	C	A	0.35	0.2091052	0.04357486	-165.1884	6.511826	1e+05	2.961307e-06	2.795224e-06	8.082339e-06
8	8-82956668	85066027	18	G	C	0.359	0.1962516	0.04305515	-166.0425	41.13658	1e+05	8.597278e-06	6.816791e-06	1.700103e-05
8	8-82958174	85067533	24	G	A	0.389	0.1913858	0.04206708	-166.0509	1e+05	1e+05	8.924617e-06	6.87651e-06	1.712606e-05
8	8-82959127	85068486	21	A	G	0.376	0.2134904	0.04253179	-163.9695	1e+05	1e+05	1.07495e-06	7.867661e-07	2.858092e-06
8	8-82983088	85092748	5	A	G	0.351	0.1890676	0.04163337	-166.0861	1e+05	1e+05	9.251029e-06	7.134215e-06	1.766385e-05
8	8-82985434	85095360	17	T	C	0.374	0.2073306	0.04139544	-164.0202	1e+05	1e+05	1.131568e-06	8.292409e-07	2.982783e-06
8	8-83036642	85147121	17	A	G	0.238	0.2809081	0.06130152	-165.9108	1e+05	1e+05	7.735763e-06	5.939889e-06	1.51459e-05
8	8-83043770	85154249	9	A	G	0.341	0.2035257	0.04385395	-165.659	1e+05	1e+05	5.98396e-06	4.566275e-06	1.215512e-05
8	8-83046926	85157405	24	C	G	0.254	0.270857	0.05654206	-165.0051	1e+05	1e+05	3.075592e-06	2.309345e-06	6.90172e-06
8	8-83133756	85202180	14	T	C	0.318	0.2086506	0.04529827	-165.809	1e+05	1e+05	6.973126e-06	5.340856e-06	1.385576e-05
8	8-83217066	85356536	39	T	C	0.334	0.2250102	0.0488182	-165.7962	1e+05	1e+05	6.882227e-06	5.269559e-06	1.370084e-05
8	8-83244681	85377180	6	T	C	0.242	0.2303709	0.04786702	-164.9058	1e+05	1e+05	2.780156e-06	2.082399e-06	6.337116e-06
8	8-109740335	112882480	13	A	G	0.102	0.2985711	0.06468432	-165.7675	1e+05	1e+05	6.683815e-06	5.114014e-06	1.336175e-05
8	8-111302384	114479862	12	A	G	0.327	0.2181276	0.04762897	-165.9461	47.79091	1e+05	7.826548e-06	6.163338e-06	1.562218e-05
8	8-112140770	115323270	13	A	G	0.048	-0.485357	0.1072831	-168.1526	0.930762	1e+05	9.964597e-06	6.2548e-05	0.000113122
8	8-135303458	139733750	18	T	C	0.161	0.2491363	0.05474047	-166.0437	1e+05	1e+05	8.859433e-06	6.825074e-06	1.701838e-05
8	8-143641818	148351730	28	T	C	0.044	0.4660089	0.1008606	-165.7481	1e+05	1e+05	6.55294e-06	5.011475e-06	1.313739e-05
8	8-143641830	148351742	30	G	A	0.047	0.4263427	0.09414036	-166.1389	1e+05	1e+05	9.763373e-06	7.539153e-06	1.850331e-05
8	8-143641853	148351765	27	A	G	0.046	0.4309384	0.09410673	-165.9243	1e+05	1e+05	7.842707e-06	6.024009e-06	1.53255e-05
8	8-163934537	169391324	13	C	T	0.412	-0.1980533	0.04340604	-165.9944	1e+05	1e+05	8.424868e-06	6.482399e-06	1.629794e-05
8	8-163941848	169398634	16	T	C	0.341	0.2065332	0.04536303	-166.0366	1e+05	1e+05	8.795484e-06	6.774621e-06	1.691264e-05
8	8-164128106	169577459	33	T	C	0.061	0.4242671	0.086994	-164.6184	1e+05	1e+05	2.076085e-06	1.544037e-06	4.955099e-06
8	8-164163579	169608236	12	G	A	0.059	0.4033443	0.0875811	-165.8123	1e+05	1e+05	6.996641e-06	5.359304e-06	1.38958e-05
8	8-164163826	169608483	11	T	A	0.066	0.390388	0.08611747	-166.1202	1e+05	1e+05	9.579105e-06	7.393454e-06	1.820203e-05
8	8-164164428	169609085	24	C	T	0.06	0.39884	0.08356015	-165.0816	1e+05	1e+05	3.324322e-06	2.500825e-06	7.37125e-06
8	8-164164514	169609171	27	A	G	0.069	0.3830202	0.08229302	-165.6012	1e+05	1e+05	5.641775e-06	4.299018e-06	1.155864e-05
8	8-164164795	169609452	19	G	A	0.096	0.3541868	0.06941322	-163.5849	1e+05	1e+05	7.280488e-07	5.278311e-07	2.069141e-06
8	8-164165183	169609840	12	C	G	0.064	0.3841337	0.08351241	-165.8366	1e+05	1e+05	7.172128e-06	5.497021e-06	1.419405e-05
8	8-164165220	169609877	12	T	C	0.064	0.3908514	0.08286665	-165.33	1e+05	1e+05	4.280129e-06	3.239671e-06	9.134314e-06
8	8-164165364	169610021	16	T	G	0.06	0.3963706	0.08588489	-165.7704	1e+05	1e+05	6.70383e-06	5.129699e-06	1.339602e-05
8	8-164165388	169610045	15	T	C	0.058	0.4048007	0.08788026	-165.8085	1e+05	1e+05	6.969271e-06	5.337832e-06	1.38492e-05
8	8-164165417	169610074	7	A	G	0.053	0.3959023	0.08614423	-165.8534	1e+05	1e+05	7.29586e-06	5.594172e-06	1.440379e-05
8	8-164165561	169610218	23	T	C	0.065	0.3995833	0.08379213	-165.1008	1e+05	1e+05	3.389855e-06	2.551333e-06	7.494141e-06
8	8-164166069	169610726	7	T	C	0.06	0.3859343	0.08402369	-165.8647	1e+05	1e+05	7.38078e-06	5.660872e-06	1.454748e-05
8	8-164166446	169611103	5	T	G	0.044	0.4651059	0.1001338	-165.6423	1e+05	1e+05	5.883232e-06	4.487564e-06	1.198001e-05
8	8-164172303	169616960	4	G	A	0.091	0.3236651	0.06981201	-165.6795	1e+05	1e+05	6.110406e-06	4.665128e-06	1.237441e-05
8	8-165541208	171231662	24	A	G	0.053	-0.5265875	0.1078794	-170.0344	0.2764189	1e+05	2.035755e-06	0.0004627129	0.0006638385
8	8-166130061	171824533	24	C	A	0.359	0.201004	0.04313405	-165.5768	1e+05	1e+05	5.503103e-06	4.19082e-06	1.131559e-05
8	8-166345213	172039197	11	T	C	0.059	0.3929953	0.08283997	-165.2097	1e+05	1e+05	3.787147e-06	2.858029e-06	8.232485e-06
8	8-171084039	176773918	16	T	G	0.036	-0.5816223	0.1206096	-166.1384	1.441176	1e+05	2.661574e-06	7.535485e-06	1.849574e-05
8	8-171084180	176774059	18	C	T	0.032	-0.6048904	0.1308479	-167.3231	1.17514	1e+05	6.480679e-06	2.609697e-05	5.314781e-05
8	8-171084226	176774105	20	G	A	0.03	-0.6252111	0.1335005	-167.3796	0.980942	1e+05	4.965546e-06	2.769312e-05	5.592691e-05
9	9-2181733	1901916	23	A	G	0.015	0.9117261	0.1957851	-165.5907	1e+05	1e+05	5.581788e-06	4.252205e-06	1.145359e-05
9	9-17445711	17202472	35	C	T	0.106	0.3088255	0.0681729	-166.3323	7.229975	1e+05	9.711357e-06	9.230142e-06	2.194387e-05
9	9-23287220	23149081	19	A	G	0.363	-0.2147208	0.0469635	-165.9549	1e+05	1e+05	8.09169e-06	6.219959e-06	1.574246e-05
9	9-24608681	24599093	7	T	C	0.222	-0.248716	0.0544999	-166.3699	4.286858	1e+05	8.395629e-06	9.60074e-06	2.268551e-05
9	9-31613039	31786099	31	A	G	0.029	-0.612302	0.1300074	-165.3601	1e+05	1e+05	4.413392e-06	3.343025e-06	9.375646e-06
9	9-44517325	45301954	7	T	C	0.38	-0.2299174	0.04956528	-165.669	1e+05	1e+05	6.045123e-06	4.614085e-06	1.226127e-05
9	9-102435136	104907039	26	C	T	0.089	0.3214495	0.07062883	-166.0436	1e+05	1e+05	8.858497e-06	6.824336e-06	1.701683e-05
9	9-106734042	109089231	16	T	C	0.017	-0.7227318	0.157511	-165.8849	1e+05	1e+05	7.534122e-06	5.78136e-06	1.480641e-05
9	9-124313404	126092227	32	C	T	0.01	1.084521	0.2233575	-164.7146	1e+05	1e+05	2.289232e-06	1.70661e-06	5.379634e-06
9	9-139011145	141348945	38	A	C	0.016	0.7327666	0.1617667	-166.1458	102.1762	1e+05	9.72222e-06	7.5936e-06	1.861569e-05
9	9-141725768	144118876	37	A	G	0.048	0.4375481	0.09206398	-165.1718	1e+05	1e+05	3.643692e-06	2.747192e-06	7.967157e-06
9	9-141725773	144118881	33	A	G	0.05	0.4313774	0.09115878	-165.2619	1e+05	1e+05	3.993705e-06	3.017798e-06	8.61216e-06
9	9-142652292	145103124	40	G	A	0.016	0.7289749	0.1609363	-166.1355	1e+05	1e+05	9.730136e-06	7.512868e-06	1.844902e-05
10	10-11618602	11728223	35	C	T	0.027	0.5821224	0.1273421	-165.9581	1e+05	1e+05	8.118152e-06	6.240793e-06	1.578668e-05
10	10-11618574	11728251	32	T	C	0.029	0.5850871	0.1248793	-165.4671	1e+05	1e+05	4.921545e-06	3.737805e-06	1.028729e-05
10	10-44370491	45624289	40	G	A	0.134	0.3234935	0.06413793	-163.8581	1e+05	1e+05	9.601646e-07	7.008234e-07	2.602139e-06
10	10-44936262	46191223	4	T	A	0.306	0.2448427	0.05246675	-165.5864	30.6645	1e+05	5.343925e-06	4.233252e-06	1.141102e-05
10	10-45175247	46344696	17	G	A	0.158	0.2637935	0.05754413	-165.9031	1e+05	1e+05	7.67543e-06	5.892445e-06	1.504444e-05
10	10-45501454	46754773	30	A	C	0.155	0.3048041	0.06056789	-163.9102	1e+05	1e+05	1.012175e-06	7.397359e-07	2.718664e-06
10	10-45649527	46902472	20	C	G	0.172	0.2555476	0.05439435	-165.4112	1e+05	1e+05	4.648997e-06	3.525936e-06	9.799968e-06
10	10-45836836	47069428	13	C	T	0.188	0.2484693	0.05410194	-165.8671	1e+05	1e+05	7.398448e-06	5.674752e-06	1.457735e-05
10	10-45855043	47121331	17	C	A	0.192	0.2406446	0.05227962	-165.8224	1e+05	1e+05	7.069044e-06	5.416114e-06	1.401897e-05
10	10-45974753	47236136	6	T	C	0.214	0.2429183	0.05027168	-164.8194	1e+05	1e+05	2.546449e-06	1.903283e-06	5.884557e-06
10	10-45988379	47249762	11	C	T	0.167	0.2422709	0.05303816	-165.9729	1e+05	1e+05	8.241658e-06	6.338055e-06	1.599284e-05
10	10-46001470	47297238	12	C	T	0.156	0.280522	0.05637978	-164.1712	1e+05	1e+05	1.318823e-06	9.700757e-07	3.388757e-06
10	10-45997221	47301487	30	A	G	0.246	0.244422	0.0509037	-164.955	1e+05	1e+05	2.922813e-06	2.191915e-06	6.610734e-06
10	10-45997063	47301645	24	G	A	0.193	0.2366646	0.0521803	-166.1104	1e+05	1e+05	9.483752e-06	7.318086e-06	1.804585e-05
10	10-46057233	47318871	18	G	A	0.193	0.2412391	0.05322512	-166.1235	1e+05	1e+05	9.61125e-06	7.418866e-06	1.825464e-05
10	10-46683418	47986824	25	G	A	0.091	0.3595868	0.07334534	-164.5026	1e+05	1e+05	1.845851e-06	1.368889e-06	4.489415e-06
10	10-78858961	78140462	2	A	G	0.014	0.806546	0.1732047	-165.5914	1e+05	1e+05	5.585775e-06	4.255317e-06	1.146058e-05
10	10-78776846	78198534	1	A	G	0.059	0.5047191	0.1023062	-164.3633	1e+05	1e+05	1.602495e-06	1.184335e-06	3.987889e-06
10	10-78979715	78381413	22	T	G	0.02	0.7523687	0.1614297	-165.5738	1e+05	1e+05	5.486747e-06	4.178063e-06	1.128687e-05
10	10-78980639	78382337	24	C	T	0.013	0.9102901	0.1830146	-164.1791	1e+05	1e+05	1.329335e-06	9.779973e-07	3.41128e-06
10	10-91616053	91700146	32	C	T	0.018	0.7060371	0.1447212	-164.611	1e+05	1e+05	2.060655e-06	1.532284e-06	4.92413e-06
10	10-99676250	100126362	30	T	C	0.028	-0.6919285	0.1514661	-165.9714	1e+05	1e+05	8.229169e-06	6.328218e-06	1.597201e-05
10	10-116304720	117352545	18	A	G	0.112	0.3559784	0.07637324	-165.5722	1e+05	1e+05	5.477573e-06	4.170908e-06	1.127075e-05
