chr	rs	ps	n_miss	allele1	allele0	af	beta	se	logl_H1	l_remle	l_mle	p_wald	p_lrt	p_score
1	1-29554874	29842516	20	G	A	0.065	-0.3367756	0.07413535	-142.9136	1e+05	1e+05	9.274575e-06	7.118133e-06	1.79035e-05
1	1-29575481	29863113	20	G	A	0.06	-0.3588425	0.07868491	-142.8381	1e+05	1e+05	8.586647e-06	6.577642e-06	1.675775e-05
1	1-32844709	33119006	8	T	C	0.175	-0.2523837	0.04766196	-139.5118	1e+05	1e+05	2.940541e-07	2.071874e-07	1.003841e-06
1	1-32844924	33119221	22	T	C	0.266	-0.2243078	0.04463654	-140.7801	1e+05	1e+05	1.060365e-06	7.713111e-07	2.873699e-06
1	1-33465216	33790004	9	A	C	0.117	-0.3157352	0.06082031	-140.0063	1e+05	1e+05	4.846248e-07	3.457297e-07	1.508193e-06
1	1-33465231	33790019	9	A	C	0.117	-0.3139378	0.06088287	-140.1703	1e+05	1e+05	5.720475e-07	4.097819e-07	1.727676e-06
1	1-33465251	33790039	17	G	C	0.111	-0.3312965	0.064275	-140.4568	6.927374	1e+05	5.776764e-07	5.514937e-07	2.192579e-06
1	1-89935404	91920618	31	T	C	0.011	1.086411	0.2372282	-142.7567	1e+05	1e+05	7.902582e-06	6.041244e-06	1.560689e-05
1	1-117079725	118787513	25	A	G	0.013	0.8430803	0.1843552	-142.7843	1e+05	1e+05	8.128278e-06	6.218098e-06	1.598794e-05
1	1-129769871	132078156	6	T	C	0.012	1.029773	0.2273972	-142.9737	1e+05	1e+05	9.861251e-06	7.579853e-06	1.887223e-05
1	1-141265693	143482428	9	A	C	0.336	-0.2055455	0.04428946	-142.4933	1e+05	1e+05	6.042365e-06	4.588677e-06	1.240823e-05
1	1-199903600	202329857	24	C	T	0.456	-0.1927877	0.04078999	-142.1221	1e+05	1e+05	4.140749e-06	3.115334e-06	8.999119e-06
1	1-236247060	239669962	26	G	T	0.018	0.6111327	0.1340624	-142.8463	1e+05	1e+05	8.658923e-06	6.634379e-06	1.687865e-05
1	1-236976655	240371002	22	T	G	0.094	-0.3581097	0.07554037	-142.2153	10.86684	1e+05	3.88501e-06	3.433308e-06	9.752824e-06
1	1-238278716	241775303	22	A	G	0.117	-0.3351852	0.07263927	-142.8324	8.089666	1e+05	6.789546e-06	6.538738e-06	1.667476e-05
1	1-243678905	247283708	10	T	C	0.112	-0.2758334	0.05891359	-142.3156	1e+05	1e+05	5.04194e-06	3.811858e-06	1.063612e-05
1	1-270009961	274689715	16	G	A	0.145	-0.3078429	0.06753022	-142.8462	1e+05	1e+05	8.657921e-06	6.633593e-06	1.687698e-05
1	1-270626315	275326242	28	G	A	0.16	-0.241077	0.05130743	-142.3892	11.85833	1e+05	4.682808e-06	4.116189e-06	1.13364e-05
1	1-270626326	275326253	31	T	A	0.16	-0.2565621	0.052632	-141.4644	1e+05	1e+05	2.12239e-06	1.570614e-06	5.12382e-06
1	1-280896493	285933962	40	C	T	0.388	-0.2149385	0.04381558	-141.5583	8.040193	1e+05	1.843102e-06	1.731746e-06	5.550225e-06
1	1-280896557	285934026	21	T	C	0.455	-0.1952546	0.04194964	-142.6766	7.695179	1e+05	5.69281e-06	5.556642e-06	1.45541e-05
1	1-285130488	290194891	11	T	A	0.012	0.8016915	0.1666799	-141.7542	1e+05	1e+05	2.848485e-06	2.12335e-06	6.560771e-06
2	2-1270831	1249240	17	A	G	0.017	0.7639742	0.1629984	-142.2938	1e+05	1e+05	4.931484e-06	3.72631e-06	1.043774e-05
2	2-26693627	27468461	36	T	C	0.44	0.2117236	0.04524642	-142.3271	1e+05	1e+05	5.101506e-06	3.858011e-06	1.074286e-05
2	2-142525311	139789940	6	A	C	0.401	0.3176156	0.06873807	-142.5807	1e+05	1e+05	6.60522e-06	5.02716e-06	1.338797e-05
2	2-142108140	146257243	27	A	G	0.083	0.4613604	0.09267931	-140.9963	1e+05	1e+05	1.320075e-06	9.654561e-07	3.446852e-06
2	2-154195367	158189614	14	A	G	0.017	0.6689565	0.1477982	-142.9837	1e+05	1e+05	9.962772e-06	7.659822e-06	1.903913e-05
2	2-203385359	209324250	7	G	C	0.219	-0.2059964	0.04476539	-142.6622	1e+05	1e+05	7.177006e-06	5.473545e-06	1.437223e-05
2	2-203385613	209324504	8	G	C	0.227	-0.1994678	0.0438124	-142.8709	1e+05	1e+05	8.879325e-06	6.807468e-06	1.724656e-05
2	2-203386414	209325305	16	A	G	0.229	-0.2151244	0.04525913	-142.0044	1e+05	1e+05	3.673385e-06	2.755537e-06	8.131483e-06
2	2-203386543	209325434	8	T	C	0.227	-0.2103478	0.04401138	-141.8887	1e+05	1e+05	3.265928e-06	2.442776e-06	7.362581e-06
2	2-203386599	209325490	15	T	G	0.225	-0.2201865	0.04552376	-141.6341	1e+05	1e+05	2.521386e-06	1.873855e-06	5.920872e-06
2	2-203386635	209325526	10	C	T	0.227	-0.2073932	0.04491997	-142.5967	1e+05	1e+05	6.713623e-06	5.111718e-06	1.357539e-05
2	2-203386702	209325593	9	A	G	0.238	-0.1993345	0.04368776	-142.8287	1e+05	1e+05	8.504705e-06	6.513332e-06	1.662052e-05
2	2-203387252	209326143	23	A	G	0.237	-0.205058	0.04478701	-142.7613	1e+05	1e+05	7.940075e-06	6.070614e-06	1.567029e-05
2	2-203387305	209326196	26	T	A	0.241	-0.2075457	0.04490314	-142.5747	1e+05	1e+05	6.564475e-06	4.995387e-06	1.331742e-05
2	2-203388062	209326953	9	A	G	0.226	-0.2051399	0.04369613	-142.2604	1e+05	1e+05	4.766282e-06	3.59845e-06	1.013993e-05
2	2-203388333	209327224	16	C	A	0.234	-0.2030985	0.04469862	-142.9093	1e+05	1e+05	9.233813e-06	7.086079e-06	1.783592e-05
2	2-225763471	232068588	8	T	C	0.059	0.3742664	0.07587119	-141.2015	1e+05	1e+05	1.625431e-06	1.19493e-06	4.09925e-06
2	2-225763470	232068589	8	T	C	0.062	0.3509701	0.07556547	-142.4777	1e+05	1e+05	5.946805e-06	4.51433e-06	1.224073e-05
2	2-225758626	232073433	6	T	C	0.07	0.3233491	0.07136861	-142.9645	1e+05	1e+05	9.769259e-06	7.50741e-06	1.872082e-05
3	3-95482705	103673549	6	A	G	0.012	0.9252036	0.1875583	-141.2017	1e+05	1e+05	1.625678e-06	1.195117e-06	4.099771e-06
3	3-94678749	104477855	37	A	G	0.019	0.7336983	0.1531735	-141.8419	1e+05	1e+05	3.114113e-06	2.326484e-06	7.072748e-06
3	3-136366690	137022704	17	T	C	0.26	-0.2071649	0.04558286	-143.5082	3.73882	1e+05	9.19129e-06	1.326515e-05	3.024395e-05
3	3-136369616	137025630	16	A	G	0.254	-0.2300425	0.04637712	-141.0773	1e+05	1e+05	1.433081e-06	1.050241e-06	3.690697e-06
3	3-136396147	137051524	13	A	G	0.248	-0.2319818	0.0453869	-140.7913	5.064508	1e+05	7.085184e-07	7.803175e-07	2.900804e-06
3	3-152021933	153397463	11	C	T	0.457	0.1816801	0.0396292	-142.7357	1e+05	1e+05	7.735825e-06	5.910653e-06	1.532446e-05
3	3-152030134	153402865	15	C	T	0.453	0.1854085	0.04050306	-142.765	1e+05	1e+05	7.970279e-06	6.094278e-06	1.572133e-05
3	3-152047576	153421511	12	C	T	0.488	0.1911357	0.04056363	-142.1849	1e+05	1e+05	4.413868e-06	3.326065e-06	9.499892e-06
3	3-152091144	153465502	42	C	T	0.345	0.2098061	0.04617732	-142.9103	1e+05	1e+05	9.243483e-06	7.093682e-06	1.785195e-05
3	3-152091246	153465604	11	G	C	0.478	0.1890304	0.04139107	-142.8107	1e+05	1e+05	8.349989e-06	6.391947e-06	1.636096e-05
3	3-212194387	215784910	31	C	T	0.08	-0.3316308	0.07171999	-142.5665	1e+05	1e+05	6.510346e-06	4.953183e-06	1.322361e-05
3	3-214398589	218086858	11	A	T	0.358	0.2038462	0.04199205	-141.5552	1e+05	1e+05	2.327181e-06	1.726096e-06	5.535389e-06
3	3-217353270	220917856	4	A	G	0.053	0.3633915	0.07870371	-142.5956	1e+05	1e+05	6.705958e-06	5.105738e-06	1.356215e-05
4	4-6438651	7239571	11	A	G	0.043	0.405502	0.08627423	-142.2366	1e+05	1e+05	4.652259e-06	3.510264e-06	9.933565e-06
4	4-69511925	72182243	8	T	C	0.062	-0.3920326	0.08633093	-142.9207	1e+05	1e+05	9.341759e-06	7.170972e-06	1.801482e-05
4	4-107461216	111577715	9	T	C	0.014	0.8379453	0.1692624	-141.1214	1e+05	1e+05	1.498573e-06	1.099455e-06	3.830676e-06
4	4-107717401	111848895	38	A	C	0.017	0.8533436	0.1863957	-142.7629	1e+05	1e+05	7.953393e-06	6.081048e-06	1.56928e-05
4	4-110111389	113584445	42	T	A	0.017	0.7797269	0.1692742	-142.6425	1e+05	1e+05	7.033996e-06	5.361814e-06	1.412704e-05
4	4-132232193	135260380	41	G	A	0.093	-0.3935643	0.08377568	-142.2467	1e+05	1e+05	4.700349e-06	3.547451e-06	1.002068e-05
4	4-154537536	157964941	27	T	C	0.023	0.7174302	0.1358098	-139.5724	1e+05	1e+05	3.126321e-07	2.206132e-07	1.055034e-06
4	4-155024160	158522479	15	A	G	0.044	0.4583614	0.09111339	-140.8103	27.78693	1e+05	1.033706e-06	7.958893e-07	2.947538e-06
4	4-203065922	207317257	13	A	T	0.109	-0.3171704	0.06367057	-141.0385	26.69509	1e+05	1.299468e-06	1.008772e-06	3.571872e-06
4	4-203066955	207318290	11	T	A	0.048	-0.4108153	0.08171116	-140.7688	1e+05	1e+05	1.048349e-06	7.623551e-07	2.846691e-06
5	5-9342719	9692014	9	C	A	0.252	0.1951366	0.04303254	-142.9884	35.76268	1e+05	9.604513e-06	7.697668e-06	1.911803e-05
5	5-9382756	9735666	9	C	G	0.271	0.1949721	0.04128096	-142.194	26.16528	1e+05	4.202e-06	3.357651e-06	9.57452e-06
5	5-9382847	9735757	7	C	G	0.248	0.2100714	0.04303242	-141.4473	93.56211	1e+05	2.055153e-06	1.542927e-06	5.04984e-06
5	5-9382905	9735815	7	C	T	0.248	0.2101574	0.04312031	-141.4928	57.51394	1e+05	2.131066e-06	1.617725e-06	5.249211e-06
5	5-68304082	70230259	29	G	A	0.032	0.5882164	0.1298415	-142.9663	1e+05	1e+05	9.787296e-06	7.521612e-06	1.875052e-05
5	5-79703685	81941726	34	C	T	0.016	0.9395882	0.1935099	-141.5502	1e+05	1e+05	2.31554e-06	1.717249e-06	5.512139e-06
5	5-201319746	206750884	8	A	G	0.014	0.720912	0.1558108	-142.5542	1e+05	1e+05	6.428772e-06	4.889598e-06	1.308205e-05
5	5-213450153	219276667	12	A	C	0.254	0.1975983	0.04323107	-142.8465	28.34912	1e+05	8.212896e-06	6.636093e-06	1.68823e-05
5	5-213460161	219286667	29	A	G	0.318	-0.1905607	0.04198732	-142.9313	1e+05	1e+05	9.443918e-06	7.251336e-06	1.818389e-05
6	6-120597741	124308827	26	G	T	0.352	0.2019805	0.04442642	-142.8979	1e+05	1e+05	9.127488e-06	7.002484e-06	1.765945e-05
7	7-152562992	157874899	6	C	A	0.197	0.2311911	0.0497223	-142.4558	1e+05	1e+05	5.815763e-06	4.412425e-06	1.201047e-05
7	7-174149999	179631823	34	C	T	0.092	0.3552426	0.07697142	-142.604	1e+05	1e+05	6.763632e-06	5.150738e-06	1.366172e-05
8	8-27703305	28618553	20	T	C	0.101	-0.3038844	0.06577495	-142.5833	1e+05	1e+05	6.622676e-06	5.040774e-06	1.341818e-05
8	8-27703307	28618555	20	A	G	0.101	-0.3038844	0.06577495	-142.5833	1e+05	1e+05	6.622676e-06	5.040774e-06	1.341818e-05
8	8-27774885	28693179	6	A	G	0.117	-0.3344197	0.06633787	-140.7066	1e+05	1e+05	9.843299e-07	7.146827e-07	2.701969e-06
8	8-27799489	28717380	40	G	T	0.154	-0.2569012	0.05640907	-142.8646	1e+05	1e+05	8.822448e-06	6.762791e-06	1.715173e-05
8	8-70000234	71577300	18	A	C	0.169	0.2779936	0.05770755	-141.7824	24.60647	1e+05	2.753428e-06	2.186726e-06	6.72132e-06
8	8-89413570	91751390	22	A	C	0.018	0.7791711	0.1700317	-142.7443	1e+05	1e+05	7.8033e-06	5.963486e-06	1.543883e-05
8	8-91833451	94105798	5	A	G	0.014	1.000974	0.1992106	-140.7824	1e+05	1e+05	1.062855e-06	7.731676e-07	2.879291e-06
8	8-133649824	138048920	9	C	G	0.269	-0.2200811	0.04479216	-141.565	6.959353	1e+05	1.77793e-06	1.743835e-06	5.581947e-06
8	8-165627476	171318484	18	A	G	0.463	0.1818372	0.03947206	-142.6406	1e+05	1e+05	7.020574e-06	5.35133e-06	1.410399e-05
8	8-171766792	177512381	38	A	G	0.116	0.3173711	0.06269973	-140.6115	1e+05	1e+05	8.938961e-07	6.474721e-07	2.494986e-06
9	9-32513715	32726976	17	G	A	0.468	0.2520403	0.05402784	-142.3893	1e+05	1e+05	5.435057e-06	4.116694e-06	1.133756e-05
9	9-34984159	35360674	19	A	G	0.147	0.3481278	0.06628895	-139.7201	1e+05	1e+05	3.629005e-07	2.570372e-07	1.191048e-06
9	9-44414365	45199356	19	T	C	0.022	0.6420179	0.1306969	-141.295	1e+05	1e+05	1.787074e-06	1.316852e-06	4.436998e-06
9	9-45420404	46189041	30	T	C	0.042	0.5202995	0.1130734	-142.6633	1e+05	1e+05	7.185011e-06	5.4798e-06	1.438594e-05
9	9-101924646	104373559	32	T	C	0.361	0.2042085	0.04127362	-141.1346	1e+05	1e+05	1.518708e-06	1.114596e-06	3.873525e-06
9	9-101924665	104373578	31	G	A	0.356	0.1976713	0.04126501	-141.8405	1e+05	1e+05	3.109819e-06	2.323197e-06	7.064522e-06
9	9-135976683	138275654	8	G	T	0.256	0.2794811	0.05496983	-140.5072	1e+05	1e+05	8.043392e-07	5.810792e-07	2.286732e-06
9	9-144078335	146564350	22	C	T	0.048	0.4388734	0.09630147	-142.8517	1e+05	1e+05	8.707178e-06	6.672267e-06	1.69593e-05
10	10-2073769	1627370	17	T	C	0.015	0.824636	0.1802035	-142.7714	1e+05	1e+05	8.022609e-06	6.135281e-06	1.580971e-05
10	10-38909392	40095961	6	T	C	0.012	0.7712535	0.1689252	-142.8161	1e+05	1e+05	8.396725e-06	6.428609e-06	1.643943e-05
10	10-38927942	40116524	10	A	G	0.012	0.8297951	0.1647998	-140.7342	1e+05	1e+05	1.01222e-06	7.354422e-07	2.765192e-06
10	10-41158673	42295976	28	G	C	0.317	0.2454418	0.0470737	-139.899	1e+05	1e+05	4.347965e-07	3.09347e-07	1.380199e-06
10	10-41491783	42649629	20	A	G	0.08	0.3252205	0.07159021	-142.9132	1e+05	1e+05	9.270815e-06	7.115176e-06	1.789727e-05
10	10-41695945	42853682	37	T	C	0.069	0.3565365	0.0761963	-142.3505	60.14566	1e+05	5.105137e-06	3.953144e-06	1.096226e-05
10	10-41695948	42853685	36	G	C	0.066	0.3596004	0.07885342	-142.8386	1e+05	1e+05	8.591671e-06	6.581586e-06	1.676616e-05
10	10-42827315	44051023	38	C	T	0.028	0.5586698	0.1220793	-142.7708	1e+05	1e+05	8.017433e-06	6.131225e-06	1.580097e-05
10	10-43074007	44297074	8	T	G	0.069	0.3411415	0.07385361	-142.5872	1e+05	1e+05	6.648983e-06	5.061293e-06	1.346368e-05
10	10-43074010	44297077	7	A	G	0.066	0.338949	0.07476562	-142.9527	1e+05	1e+05	9.651972e-06	7.415069e-06	1.852751e-05
10	10-43244818	44476847	24	A	G	0.056	0.3840273	0.08301288	-142.5573	1e+05	1e+05	6.449219e-06	4.905534e-06	1.311756e-05
10	10-43395488	44627366	7	A	G	0.054	0.3772168	0.08313806	-142.9368	1e+05	1e+05	9.496966e-06	7.293075e-06	1.827159e-05
10	10-43469350	44699576	11	A	G	0.07	0.3417163	0.07343578	-142.4402	1e+05	1e+05	5.723815e-06	4.340955e-06	1.18485e-05
10	10-43470458	44700684	38	A	G	0.039	0.4392034	0.09684032	-142.9448	1e+05	1e+05	9.575154e-06	7.354605e-06	1.840075e-05
10	10-43470497	44700723	33	A	C	0.043	0.4242988	0.09111852	-142.4259	1e+05	1e+05	5.64137e-06	4.276896e-06	1.170297e-05
10	10-43508617	44754932	12	C	G	0.07	0.3330111	0.07253423	-142.7076	1e+05	1e+05	7.516841e-06	5.739268e-06	1.49524e-05
10	10-43811381	45043746	19	G	A	0.087	0.302799	0.0668865	-142.9799	1e+05	1e+05	9.923737e-06	7.629071e-06	1.897498e-05
10	10-43832272	45065676	20	T	C	0.156	0.2619283	0.05598333	-142.5298	9.420896	1e+05	5.116435e-06	4.766613e-06	1.280744e-05
10	10-43839529	45072932	41	C	T	0.152	0.2612048	0.0576857	-142.9756	1e+05	1e+05	9.880483e-06	7.595001e-06	1.890387e-05
10	10-43840031	45073434	29	T	G	0.145	0.3074762	0.05921532	-140.0005	1e+05	1e+05	4.817841e-07	3.43653e-07	1.500957e-06
10	10-43840503	45073906	29	C	A	0.158	0.280287	0.05578124	-140.7822	1e+05	1e+05	1.062604e-06	7.729803e-07	2.878727e-06
10	10-43846926	45080315	20	C	T	0.141	0.2574877	0.0564923	-142.849	1e+05	1e+05	8.683076e-06	6.653343e-06	1.691903e-05
10	10-43850110	45083499	17	G	A	0.146	0.2701533	0.05934651	-142.8736	1e+05	1e+05	8.903865e-06	6.826746e-06	1.728746e-05
10	10-43850464	45083853	21	G	C	0.144	0.2684895	0.05824703	-142.6287	1e+05	1e+05	6.936154e-06	5.285404e-06	1.395891e-05
10	10-43851054	45084443	34	C	T	0.132	0.2793417	0.05994349	-142.4107	1e+05	1e+05	5.554376e-06	4.209327e-06	1.154911e-05
10	10-43852229	45085618	23	C	G	0.148	0.2788744	0.0574838	-141.5688	1e+05	1e+05	2.359578e-06	1.750724e-06	5.600006e-06
10	10-43852286	45085675	20	G	A	0.156	0.2727939	0.05413097	-140.7142	1e+05	1e+05	9.91899e-07	7.203152e-07	2.719154e-06
10	10-43853877	45087266	14	C	T	0.144	0.2697479	0.05822644	-142.5288	1e+05	1e+05	6.264524e-06	4.761631e-06	1.27963e-05
10	10-43858503	45091892	16	T	C	0.153	0.2796315	0.0555929	-140.7581	1e+05	1e+05	1.037005e-06	7.539022e-07	2.821149e-06
10	10-43859657	45093046	19	G	T	0.145	0.2687659	0.05764775	-142.4015	1e+05	1e+05	5.502585e-06	4.169113e-06	1.145736e-05
10	10-43867974	45103026	15	C	T	0.142	0.2792905	0.05616614	-141.0212	1e+05	1e+05	1.353793e-06	9.907356e-07	3.519929e-06
10	10-43868973	45104025	23	C	T	0.145	0.2821242	0.05773861	-141.4123	1e+05	1e+05	2.013088e-06	1.487779e-06	4.901816e-06
10	10-43872099	45107150	21	G	T	0.141	0.2678713	0.05666754	-142.1435	57.56017	1e+05	4.127492e-06	3.185725e-06	9.166967e-06
10	10-43872910	45107961	18	G	C	0.142	0.2884465	0.05724478	-140.7174	1e+05	1e+05	9.950985e-07	7.226965e-07	2.726413e-06
10	10-43873072	45108123	17	G	C	0.136	0.2813133	0.05768581	-141.4554	1e+05	1e+05	2.103076e-06	1.555969e-06	5.084716e-06
10	10-43873569	45108620	20	C	A	0.128	0.2717293	0.05922555	-143.0992	5.845277	1e+05	7.617379e-06	8.64292e-06	2.107122e-05
10	10-43883449	45118498	34	G	A	0.122	0.2935577	0.06010235	-141.421	1e+05	1e+05	2.030958e-06	1.501314e-06	4.93823e-06
10	10-43884727	45119774	12	C	T	0.14	0.291095	0.05814459	-140.8665	1e+05	1e+05	1.157349e-06	8.43687e-07	3.090009e-06
10	10-43891671	45126719	42	G	A	0.15	0.2725239	0.05761977	-142.1075	1e+05	1e+05	4.079448e-06	3.068083e-06	8.886115e-06
10	10-43891867	45126915	16	C	T	0.163	0.2566772	0.05361116	-141.8518	1e+05	1e+05	3.145459e-06	2.350484e-06	7.13275e-06
10	10-43892423	45127471	11	G	A	0.149	0.2552584	0.05503462	-142.5055	1e+05	1e+05	6.117621e-06	4.647248e-06	1.253989e-05
10	10-43892623	45127671	8	T	C	0.161	0.2586611	0.05209431	-141.0546	1e+05	1e+05	1.400448e-06	1.02574e-06	3.620591e-06
10	10-43894396	45129444	21	G	A	0.152	0.2644759	0.05643793	-142.2976	1e+05	1e+05	4.95042e-06	3.740973e-06	1.047179e-05
10	10-43895500	45130548	16	C	A	0.143	0.2815166	0.05740429	-141.3318	1e+05	1e+05	1.855148e-06	1.36828e-06	4.577862e-06
10	10-43896035	45131083	16	G	C	0.143	0.2802203	0.05647149	-141.0687	1e+05	1e+05	1.420592e-06	1.040863e-06	3.663895e-06
10	10-43898248	45133296	12	G	A	0.138	0.2735549	0.05937357	-142.6379	1e+05	1e+05	7.001568e-06	5.336486e-06	1.407135e-05
10	10-43898489	45133537	12	C	T	0.188	0.2488457	0.05212084	-141.9628	28.93005	1e+05	3.340025e-06	2.638661e-06	7.845869e-06
10	10-43899995	45135043	10	G	A	0.182	0.2341934	0.04889464	-141.8429	1e+05	1e+05	3.117297e-06	2.328922e-06	7.078847e-06
10	10-43900279	45135327	18	G	A	0.149	0.2783928	0.05707838	-141.4521	1e+05	1e+05	2.096075e-06	1.550661e-06	5.070527e-06
10	10-43928756	45172232	13	A	T	0.209	0.23317	0.05127733	-142.9103	86.62145	1e+05	9.09484e-06	7.093966e-06	1.785255e-05
10	10-43946197	45189674	12	C	T	0.152	0.256343	0.05502469	-142.4167	1e+05	1e+05	5.588615e-06	4.235918e-06	1.16097e-05
10	10-43946528	45190005	9	G	A	0.164	0.2397925	0.05251811	-142.8151	1e+05	1e+05	8.387655e-06	6.421494e-06	1.64242e-05
10	10-43947054	45190531	4	G	A	0.14	0.2733359	0.05624051	-141.5509	65.7046	1e+05	2.267393e-06	1.718487e-06	5.515394e-06
10	10-43950120	45193596	12	C	T	0.169	0.2408007	0.05093665	-142.1173	1e+05	1e+05	4.120397e-06	3.099645e-06	8.961628e-06
10	10-43953384	45196860	15	A	T	0.14	0.266794	0.05678559	-142.2864	35.56264	1e+05	4.69128e-06	3.697445e-06	1.037065e-05
10	10-43954210	45197686	16	G	A	0.135	0.277358	0.0573048	-141.6193	1e+05	1e+05	2.483837e-06	1.845263e-06	5.846682e-06
10	10-43954252	45197728	17	T	C	0.153	0.2651893	0.05405941	-141.3255	1e+05	1e+05	1.843189e-06	1.359243e-06	4.553173e-06
10	10-43954497	45197973	14	C	T	0.146	0.2718648	0.05629166	-141.666	1e+05	1e+05	2.604514e-06	1.937189e-06	6.084559e-06
10	10-43954549	45198025	15	T	A	0.14	0.28357	0.05784384	-141.3398	1e+05	1e+05	1.870213e-06	1.379668e-06	4.608933e-06
10	10-43954656	45198132	14	G	A	0.141	0.2852857	0.05657677	-140.7007	1e+05	1e+05	9.783887e-07	7.102624e-07	2.688465e-06
10	10-43955674	45199150	15	C	T	0.132	0.2663652	0.0588567	-142.9858	1e+05	1e+05	9.98386e-06	7.676435e-06	1.907377e-05
10	10-43955916	45199392	18	G	A	0.142	0.2799155	0.0577502	-141.5882	1e+05	1e+05	2.406668e-06	1.786537e-06	5.693703e-06
10	10-43955919	45199395	18	G	A	0.147	0.2749983	0.05658201	-141.5293	1e+05	1e+05	2.266911e-06	1.680301e-06	5.414829e-06
10	10-43968169	45211642	18	C	A	0.164	0.2523579	0.05416715	-142.4159	1e+05	1e+05	5.584126e-06	4.232432e-06	1.160176e-05
10	10-43968229	45211702	19	C	T	0.145	0.2667161	0.05653401	-142.1595	1e+05	1e+05	4.301389e-06	3.239239e-06	9.294183e-06
10	10-43968260	45211733	19	A	G	0.15	0.2685609	0.05588947	-141.7744	1e+05	1e+05	2.907591e-06	2.168511e-06	6.675255e-06
10	10-43968605	45212078	15	G	A	0.154	0.257319	0.05510703	-142.3701	1e+05	1e+05	5.329752e-06	4.034982e-06	1.115035e-05
10	10-43971405	45214878	17	G	A	0.144	0.2780692	0.05852749	-142.0135	1e+05	1e+05	3.707777e-06	2.781977e-06	8.195825e-06
10	10-43971664	45215137	29	G	A	0.137	0.2988133	0.05808499	-140.2267	1e+05	1e+05	6.055724e-07	4.344114e-07	1.810347e-06
10	10-43972420	45215893	15	C	T	0.152	0.261442	0.0573817	-142.8564	1e+05	1e+05	8.748633e-06	6.704819e-06	1.702854e-05
10	10-43972526	45215999	10	G	T	0.196	0.2290829	0.0497844	-142.663	1e+05	1e+05	7.182892e-06	5.478144e-06	1.438231e-05
10	10-43973487	45216960	18	A	G	0.144	0.263932	0.05669479	-142.4313	1e+05	1e+05	5.672423e-06	4.301021e-06	1.175782e-05
10	10-43973964	45217436	12	G	A	0.176	0.244403	0.05208919	-142.2721	1e+05	1e+05	4.823334e-06	3.642594e-06	1.024293e-05
10	10-43983732	45237824	24	G	C	0.128	0.27086	0.05957138	-142.8962	1e+05	1e+05	9.111407e-06	6.989844e-06	1.763274e-05
10	10-43983801	45237893	19	C	T	0.133	0.2727015	0.05805864	-142.2503	1e+05	1e+05	4.717746e-06	3.560906e-06	1.005217e-05
10	10-43986386	45240477	30	G	T	0.13	0.2858623	0.05895	-141.5783	1e+05	1e+05	2.382437e-06	1.768107e-06	5.645522e-06
10	10-43987173	45241264	26	T	G	0.15	0.269841	0.05664102	-141.9564	1e+05	1e+05	3.498618e-06	2.621276e-06	7.803213e-06
10	10-43988745	45242836	26	C	A	0.176	0.2655898	0.05508513	-141.7022	1e+05	1e+05	2.70212e-06	2.011617e-06	6.275807e-06
10	10-43991621	45245712	19	G	C	0.145	0.2706251	0.0564122	-141.8096	1e+05	1e+05	3.013455e-06	2.249455e-06	6.879491e-06
10	10-43992724	45246815	18	C	T	0.117	0.3139676	0.05983832	-139.7426	1e+05	1e+05	3.712641e-07	2.631101e-07	1.213356e-06
10	10-43993989	45248080	26	G	A	0.155	0.2766835	0.05574553	-141.0633	1e+05	1e+05	1.412903e-06	1.03509e-06	3.647378e-06
10	10-43998550	45252640	12	G	A	0.138	0.302065	0.05606791	-139.0671	1e+05	1e+05	1.87735e-07	1.308072e-07	6.983906e-07
10	10-43998564	45252654	12	G	T	0.138	0.2892588	0.05723502	-140.6479	1e+05	1e+05	9.275044e-07	6.724311e-07	2.572274e-06
10	10-43998753	45252843	14	G	A	0.141	0.2816968	0.05723078	-141.2504	1e+05	1e+05	1.708091e-06	1.257242e-06	4.272559e-06
10	10-44000244	45254334	2	C	T	0.173	0.2279649	0.0495813	-142.6789	1e+05	1e+05	7.299876e-06	5.569584e-06	1.458239e-05
10	10-44000259	45254349	4	G	A	0.184	0.225507	0.04806385	-142.2729	1e+05	1e+05	4.827358e-06	3.645708e-06	1.025019e-05
10	10-44008758	45262848	23	G	A	0.128	0.2632718	0.05633767	-142.3542	1e+05	1e+05	5.24419e-06	3.968619e-06	1.099787e-05
10	10-44009068	45263158	18	A	G	0.147	0.2551924	0.05629222	-143.1532	9.344332	1e+05	9.65763e-06	9.146328e-06	2.209876e-05
10	10-44013167	45267257	23	G	A	0.156	0.275226	0.05516353	-140.9449	1e+05	1e+05	1.253085e-06	9.152795e-07	3.300815e-06
10	10-44015687	45269777	7	C	T	0.17	0.2412934	0.05149109	-142.2977	1e+05	1e+05	4.950799e-06	3.741266e-06	1.047248e-05
10	10-44016954	45271044	12	C	A	0.22	0.2278537	0.04744642	-141.7871	1e+05	1e+05	2.945557e-06	2.197532e-06	6.748618e-06
10	10-44019384	45273474	10	G	A	0.144	0.2535965	0.05545114	-142.7834	1e+05	1e+05	8.121136e-06	6.2125e-06	1.59759e-05
10	10-44019535	45273625	16	C	T	0.15	0.2810182	0.05551157	-140.6088	1e+05	1e+05	8.915003e-07	6.456938e-07	2.489459e-06
10	10-44022214	45276275	11	C	T	0.171	0.2369469	0.05051238	-142.277	1e+05	1e+05	4.847785e-06	3.661517e-06	1.028703e-05
10	10-44025774	45279835	16	G	A	0.148	0.2747966	0.05355928	-140.2909	1e+05	1e+05	6.461977e-07	4.643023e-07	1.909538e-06
10	10-44028631	45282692	27	T	C	0.057	0.3809523	0.08175714	-142.4129	1e+05	1e+05	5.567259e-06	4.219332e-06	1.157192e-05
10	10-44028636	45282697	25	G	A	0.075	0.3202105	0.07061141	-142.947	1e+05	1e+05	9.596259e-06	7.371216e-06	1.843559e-05
10	10-44037877	45291938	25	G	C	0.142	0.2897058	0.05928247	-141.4095	1e+05	1e+05	2.007225e-06	1.483339e-06	4.88986e-06
10	10-44038754	45292815	12	G	A	0.162	0.2708438	0.05485348	-141.1804	1e+05	1e+05	1.590902e-06	1.168924e-06	4.026469e-06
10	10-44039691	45293752	19	C	T	0.138	0.2765229	0.05841009	-142.0879	1e+05	1e+05	3.998949e-06	3.006059e-06	8.737365e-06
10	10-44039739	45293800	17	G	A	0.146	0.2624551	0.05594793	-142.2762	1e+05	1e+05	4.843661e-06	3.658325e-06	1.027959e-05
10	10-44040519	45294580	29	C	A	0.126	0.3020952	0.0596541	-140.6006	1e+05	1e+05	8.84096e-07	6.401985e-07	2.472363e-06
10	10-44040987	45295048	37	G	A	0.124	0.301907	0.05970885	-140.7143	20.4553	1e+05	9.16972e-07	7.203522e-07	2.719267e-06
10	10-44041005	45295066	40	C	T	0.126	0.2904442	0.05960156	-141.4714	1e+05	1e+05	2.137384e-06	1.581985e-06	5.154143e-06
10	10-44051678	45305035	19	C	T	0.14	0.2669601	0.05617593	-142.0086	1e+05	1e+05	3.689108e-06	2.767624e-06	8.160909e-06
10	10-44052965	45306322	22	C	T	0.145	0.270803	0.05579255	-141.5581	1e+05	1e+05	2.334092e-06	1.731349e-06	5.549183e-06
10	10-44055706	45309063	5	G	C	0.201	0.2190082	0.04707729	-142.4452	1e+05	1e+05	5.753299e-06	4.36387e-06	1.190047e-05
10	10-44056002	45309359	3	G	A	0.174	0.270662	0.05491979	-141.5532	6.137633	1e+05	1.660198e-06	1.722516e-06	5.525983e-06
10	10-44056304	45309660	21	G	A	0.129	0.2786569	0.05814569	-141.8312	1e+05	1e+05	3.080513e-06	2.300765e-06	7.008337e-06
10	10-44183686	45435295	37	C	T	0.093	0.3172446	0.06981542	-142.9079	1e+05	1e+05	9.221141e-06	7.076114e-06	1.78149e-05
10	10-44331141	45584954	30	C	T	0.206	0.228167	0.04950529	-142.6311	1e+05	1e+05	6.953034e-06	5.298584e-06	1.398794e-05
10	10-44331176	45584989	28	C	A	0.17	0.2532898	0.05509148	-142.6796	1e+05	1e+05	7.305567e-06	5.574033e-06	1.459211e-05
10	10-44361801	45615604	2	T	C	0.127	0.2683576	0.05915547	-142.94	1e+05	1e+05	9.527958e-06	7.317463e-06	1.83228e-05
10	10-44363747	45617550	15	G	A	0.179	0.2355338	0.05088931	-142.5477	1e+05	1e+05	6.386214e-06	4.856433e-06	1.30081e-05
10	10-44368188	45621990	25	C	A	0.119	0.2814098	0.06095879	-142.5991	1e+05	1e+05	6.729918e-06	5.124431e-06	1.360353e-05
10	10-44370867	45624662	9	G	A	0.169	0.2388476	0.0516791	-142.5761	1e+05	1e+05	6.574048e-06	5.002851e-06	1.3334e-05
10	10-44374691	45628484	13	T	C	0.109	0.2814629	0.06185986	-142.8826	1e+05	1e+05	8.986233e-06	6.891464e-06	1.742461e-05
10	10-44376268	45630061	19	G	T	0.145	0.252158	0.05523106	-142.8167	1e+05	1e+05	8.401874e-06	6.432649e-06	1.644807e-05
10	10-44378200	45631995	34	A	T	0.251	0.2293336	0.04853853	-142.129	1e+05	1e+05	4.169865e-06	3.137783e-06	9.052714e-06
10	10-44383984	45636954	6	T	A	0.19	0.222244	0.04814986	-142.6022	1e+05	1e+05	6.751232e-06	5.141062e-06	1.364032e-05
10	10-44386492	45639462	30	C	T	0.111	0.3104393	0.06025989	-140.3853	9.669303	1e+05	5.850866e-07	5.120499e-07	2.065622e-06
10	10-44387527	45640497	16	G	A	0.148	0.2611477	0.05515963	-142.0868	1e+05	1e+05	3.994745e-06	3.00282e-06	8.729585e-06
10	10-44391135	45644105	12	C	A	0.171	0.250758	0.05022077	-140.9274	1e+05	1e+05	1.230979e-06	8.987363e-07	3.252365e-06
10	10-44393048	45646011	4	C	T	0.193	0.2423409	0.04835585	-140.8426	1e+05	1e+05	1.129627e-06	8.22983e-07	3.028474e-06
10	10-44393055	45646018	3	T	A	0.204	0.2226906	0.04755828	-142.3135	1e+05	1e+05	5.031259e-06	3.803583e-06	1.061696e-05
10	10-44426789	45684904	11	C	T	0.185	0.2293454	0.05047727	-142.9101	1e+05	1e+05	9.241501e-06	7.092124e-06	1.784867e-05
10	10-44428412	45686527	21	G	A	0.177	0.2414024	0.05017222	-141.7466	1e+05	1e+05	2.826595e-06	2.10663e-06	6.518287e-06
10	10-44434108	45692223	12	A	T	0.162	0.262256	0.05339287	-141.297	1e+05	1e+05	1.790743e-06	1.319622e-06	4.44461e-06
10	10-44434109	45692224	12	A	T	0.157	0.2606762	0.05368937	-141.5513	1e+05	1e+05	2.318037e-06	1.719146e-06	5.517127e-06
10	10-44435033	45693148	14	C	A	0.161	0.2514967	0.05366119	-142.2949	1e+05	1e+05	4.936964e-06	3.730553e-06	1.04476e-05
10	10-44435038	45693153	14	C	T	0.156	0.2635463	0.05520715	-141.9136	1e+05	1e+05	3.349448e-06	2.506811e-06	7.521226e-06
10	10-44435063	45693178	14	G	A	0.149	0.2555815	0.05646003	-143.1113	13.3984	1e+05	9.93603e-06	8.753212e-06	2.129706e-05
10	10-44436744	45694859	5	C	T	0.273	0.2340295	0.04697163	-140.9765	1e+05	1e+05	1.293882e-06	9.458293e-07	3.389889e-06
10	10-44438019	45696134	7	T	C	0.116	0.269446	0.05947258	-142.9649	1e+05	1e+05	9.773396e-06	7.510667e-06	1.872763e-05
10	10-44439068	45697183	13	C	A	0.216	0.2125438	0.04695971	-143.2288	7.95526	1e+05	9.965301e-06	9.898546e-06	2.361935e-05
10	10-44440143	45698258	19	C	T	0.16	0.2745558	0.05475466	-140.8303	1e+05	1e+05	1.115647e-06	8.125472e-07	2.997356e-06
10	10-44440186	45698301	9	G	A	0.176	0.2429684	0.05035576	-141.6862	1e+05	1e+05	2.658567e-06	1.978398e-06	6.190594e-06
10	10-44440483	45698598	15	C	A	0.123	0.2751418	0.06007257	-142.7543	1e+05	1e+05	7.883493e-06	6.026291e-06	1.55746e-05
10	10-44440484	45698599	17	A	T	0.131	0.268048	0.05802413	-142.5853	1e+05	1e+05	6.636219e-06	5.051337e-06	1.344161e-05
10	10-44450437	45712791	13	C	T	0.177	0.253529	0.05206453	-141.4874	1e+05	1e+05	2.172541e-06	1.608657e-06	5.225122e-06
10	10-44445496	45717732	14	G	A	0.122	0.2806234	0.05826044	-141.7233	1e+05	1e+05	2.7606e-06	2.056242e-06	6.38992e-06
10	10-44473673	45724083	15	C	T	0.152	0.2577059	0.056321	-142.8141	36.17961	1e+05	8.039187e-06	6.415291e-06	1.641093e-05
10	10-44473622	45724134	4	G	A	0.193	0.2221285	0.04882602	-142.8853	1e+05	1e+05	9.010442e-06	6.910489e-06	1.746489e-05
10	10-44461472	45736284	2	C	T	0.175	0.2332165	0.04912593	-142.0301	1e+05	1e+05	3.770774e-06	2.830422e-06	8.313471e-06
10	10-44479227	45739986	8	C	T	0.164	0.2412948	0.05309882	-142.907	1e+05	1e+05	9.212677e-06	7.069459e-06	1.780086e-05
10	10-44481494	45742253	16	C	A	0.19	0.225059	0.04919167	-142.7757	1e+05	1e+05	8.057351e-06	6.162507e-06	1.586834e-05
10	10-44481924	45742683	15	G	A	0.174	0.2306651	0.049704	-142.4941	1e+05	1e+05	6.047207e-06	4.592445e-06	1.241671e-05
10	10-44484901	45745660	10	C	T	0.177	0.2345552	0.04958767	-142.1056	1e+05	1e+05	4.071855e-06	3.062231e-06	8.872102e-06
10	10-44491400	45752159	8	C	T	0.185	0.233913	0.05042051	-142.5007	1e+05	1e+05	6.088075e-06	4.62425e-06	1.248823e-05
10	10-44491605	45752364	10	G	A	0.172	0.2572826	0.04945297	-139.953	1e+05	1e+05	4.591926e-07	3.271479e-07	1.443154e-06
10	10-44494145	45754904	23	G	A	0.138	0.2589519	0.05694388	-142.8933	1e+05	1e+05	9.084658e-06	6.968818e-06	1.758829e-05
10	10-44500782	45761541	6	T	A	0.188	0.2291529	0.04869855	-142.2131	1e+05	1e+05	4.542336e-06	3.425299e-06	9.733979e-06
10	10-44501338	45762097	8	A	G	0.192	0.2325692	0.04980055	-142.3676	1e+05	1e+05	5.316296e-06	4.024543e-06	1.112639e-05
10	10-44509175	45769927	33	G	A	0.175	0.2431926	0.05180449	-142.2615	1e+05	1e+05	4.771827e-06	3.60274e-06	1.014995e-05
10	10-44513827	45774578	38	T	A	0.094	0.331524	0.06407407	-140.8325	3.444486	1e+05	5.260191e-07	8.143925e-07	3.002864e-06
10	10-44515725	45776476	39	G	C	0.05	0.430685	0.09118877	-142.3124	10.47871	1e+05	4.202872e-06	3.7991e-06	1.060658e-05
10	10-44516717	45777468	28	A	T	0.126	0.2735516	0.05909896	-142.5462	1e+05	1e+05	6.376442e-06	4.848819e-06	1.299111e-05
10	10-44523606	45784357	19	C	T	0.152	0.2512589	0.05332685	-142.2285	34.95621	1e+05	4.420135e-06	3.480777e-06	9.864384e-06
10	10-44524758	45785509	14	C	T	0.144	0.2597058	0.0555371	-142.3405	1e+05	1e+05	5.1716e-06	3.912338e-06	1.086825e-05
10	10-44528728	45789479	10	G	A	0.17	0.2642601	0.05130815	-140.1984	1e+05	1e+05	5.884864e-07	4.218545e-07	1.768309e-06
10	10-44560461	45821206	25	C	T	0.134	0.2803514	0.05787367	-141.6008	1e+05	1e+05	2.437541e-06	1.810026e-06	5.754987e-06
10	10-44560479	45821224	21	T	C	0.146	0.2625368	0.05767395	-142.8738	1e+05	1e+05	8.905694e-06	6.828184e-06	1.72905e-05
10	10-44561132	45821877	24	C	T	0.151	0.2689165	0.05700911	-142.1627	1e+05	1e+05	4.315188e-06	3.249888e-06	9.319459e-06
10	10-44564565	45825312	18	G	T	0.139	0.2711901	0.05785863	-142.2934	1e+05	1e+05	4.929022e-06	3.724404e-06	1.043331e-05
10	10-44566666	45827413	17	G	A	0.139	0.2745331	0.05956186	-142.63	1e+05	1e+05	6.94491e-06	5.292241e-06	1.397397e-05
10	10-44571173	45831920	19	A	G	0.122	0.273241	0.05843709	-142.3425	1e+05	1e+05	5.181736e-06	3.920196e-06	1.088637e-05
10	10-44571214	45831961	14	G	A	0.134	0.2790307	0.05625426	-141.0777	1e+05	1e+05	1.433665e-06	1.05068e-06	3.691949e-06
10	10-44571493	45832240	19	G	T	0.138	0.2669585	0.0569873	-142.3046	1e+05	1e+05	4.985884e-06	3.768437e-06	1.053552e-05
10	10-44592466	45844033	18	G	A	0.149	0.2861824	0.05684688	-140.7384	1e+05	1e+05	1.016504e-06	7.386326e-07	2.77488e-06
10	10-44595693	45847259	16	G	A	0.148	0.2858311	0.05560711	-140.2464	1e+05	1e+05	6.178161e-07	4.434149e-07	1.840351e-06
10	10-44605128	45856692	4	G	A	0.226	0.2198799	0.04685727	-142.2697	1e+05	1e+05	4.811849e-06	3.633706e-06	1.022221e-05
10	10-44605549	45857113	4	G	A	0.195	0.2315794	0.04911053	-142.1697	1e+05	1e+05	4.34613e-06	3.273769e-06	9.376095e-06
10	10-44605988	45857552	32	T	A	0.201	0.2411317	0.04967921	-141.558	1e+05	1e+05	2.333804e-06	1.73113e-06	5.548609e-06
10	10-44610007	45861571	11	C	T	0.197	0.2252862	0.04907413	-142.7091	1e+05	1e+05	7.528508e-06	5.748395e-06	1.497225e-05
10	10-44619266	45870827	4	C	T	0.23	0.2173322	0.04726028	-142.6753	1e+05	1e+05	7.273708e-06	5.549127e-06	1.453767e-05
10	10-44623286	45874847	11	C	T	0.13	0.2830749	0.05739877	-141.2069	1e+05	1e+05	1.634379e-06	1.201672e-06	4.118074e-06
10	10-44624356	45875917	13	G	T	0.189	0.2260765	0.04862081	-142.4552	1e+05	1e+05	5.812125e-06	4.409597e-06	1.200407e-05
10	10-44626457	45878012	17	C	A	0.188	0.2416798	0.04960185	-141.4745	1e+05	1e+05	2.144235e-06	1.587182e-06	5.167988e-06
10	10-44633269	45884822	12	C	T	0.193	0.2219729	0.04855527	-142.791	1e+05	1e+05	8.184216e-06	6.26195e-06	1.608217e-05
10	10-44638827	45890378	34	A	G	0.065	0.3822982	0.07830941	-141.4318	1e+05	1e+05	2.053342e-06	1.518272e-06	4.983775e-06
10	10-44697490	45947557	9	C	T	0.171	0.2523377	0.0503919	-140.8614	1e+05	1e+05	1.151407e-06	8.392487e-07	3.07684e-06
10	10-44697500	45947567	8	G	A	0.166	0.2480207	0.05126038	-141.6265	1e+05	1e+05	2.501903e-06	1.859018e-06	5.882397e-06
10	10-44702325	45952392	12	G	T	0.198	0.237686	0.04897555	-141.5607	1e+05	1e+05	2.340379e-06	1.736128e-06	5.561728e-06
10	10-44706337	45956403	20	T	A	0.141	0.2729447	0.05719379	-141.9202	1e+05	1e+05	3.371966e-06	2.524082e-06	7.563903e-06
10	10-44708562	45958628	15	G	A	0.14	0.2723735	0.05857691	-142.4566	824.2861	1e+05	5.810714e-06	4.415866e-06	1.201826e-05
10	10-44710258	45960324	18	C	T	0.157	0.2534055	0.05575591	-142.9043	1e+05	1e+05	9.186879e-06	7.049175e-06	1.775805e-05
10	10-44710924	45960990	21	T	A	0.134	0.2854957	0.06048015	-142.1478	1e+05	1e+05	4.250269e-06	3.199797e-06	9.200451e-06
10	10-44716222	45966287	40	G	T	0.173	0.2586486	0.05477767	-142.1743	44.66788	1e+05	4.225665e-06	3.28951e-06	9.41339e-06
10	10-44720223	45970285	33	G	T	0.172	0.2601334	0.05706001	-142.8447	1e+05	1e+05	8.644782e-06	6.623278e-06	1.685501e-05
10	10-44737068	45987129	20	G	A	0.143	0.2761695	0.05821697	-142.0456	1e+05	1e+05	3.830608e-06	2.876455e-06	8.424961e-06
10	10-44737435	45987496	19	C	A	0.15	0.2804739	0.05678909	-141.1745	1e+05	1e+05	1.581543e-06	1.161878e-06	4.006701e-06
10	10-44738997	45989058	15	C	T	0.132	0.27105	0.05945538	-142.8449	1e+05	1e+05	8.647167e-06	6.625151e-06	1.685899e-05
10	10-44741842	45991901	25	G	A	0.103	0.2967793	0.06330919	-142.5443	7.811138	1e+05	4.914658e-06	4.839347e-06	1.296997e-05
10	10-44743297	45993356	19	T	C	0.135	0.2665612	0.05876594	-142.9421	1e+05	1e+05	9.548501e-06	7.333629e-06	1.835674e-05
10	10-44748077	45998136	13	G	A	0.143	0.2736084	0.05792518	-142.1347	1e+05	1e+05	4.193982e-06	3.156381e-06	9.097067e-06
10	10-44751356	46001415	15	G	T	0.145	0.2649583	0.05823871	-142.8847	1e+05	1e+05	9.00515e-06	6.90633e-06	1.745608e-05
10	10-44756415	46006474	2	C	T	0.131	0.2631695	0.05705652	-142.6161	1e+05	1e+05	6.847599e-06	5.21627e-06	1.380649e-05
10	10-44756867	46006926	3	C	A	0.192	0.2406695	0.04800967	-140.8365	1e+05	1e+05	1.122697e-06	8.178096e-07	3.013056e-06
10	10-44757439	46007498	23	C	T	0.158	0.2554257	0.05308138	-141.7444	1e+05	1e+05	2.82035e-06	2.101861e-06	6.506158e-06
10	10-44769417	46019474	15	G	A	0.164	0.2574791	0.05360731	-141.7839	1e+05	1e+05	2.935975e-06	2.190206e-06	6.730115e-06
10	10-44773148	46023205	14	C	T	0.12	0.3034125	0.06294068	-141.706	1e+05	1e+05	2.712322e-06	2.0194e-06	6.29574e-06
10	10-44810875	46058218	10	C	T	0.165	0.2448844	0.05063851	-141.6377	1e+05	1e+05	2.530595e-06	1.880868e-06	5.939042e-06
10	10-44810895	46058238	10	T	G	0.17	0.2342864	0.04998293	-142.2924	1e+05	1e+05	4.924402e-06	3.720827e-06	1.0425e-05
10	10-44810904	46058247	9	C	T	0.174	0.2274446	0.04992459	-142.8582	1e+05	1e+05	8.764885e-06	6.717581e-06	1.705568e-05
10	10-44812178	46059520	11	C	T	0.212	0.2362009	0.04986067	-142.0744	1e+05	1e+05	3.944776e-06	2.964336e-06	8.637031e-06
10	10-44812276	46059618	8	G	A	0.175	0.2639965	0.04850898	-138.8003	1e+05	1e+05	1.434625e-07	9.92923e-08	5.626085e-07
10	10-44812595	46059937	13	C	T	0.177	0.2365798	0.05091217	-142.468	1e+05	1e+05	5.888541e-06	4.469014e-06	1.213844e-05
10	10-44818575	46065915	18	C	T	0.139	0.2853867	0.05790824	-141.2226	1e+05	1e+05	1.660622e-06	1.221449e-06	4.173191e-06
10	10-44825206	46072325	5	A	G	0.119	0.2720101	0.05895212	-142.7901	10.22825	1e+05	6.7983e-06	6.256342e-06	1.607013e-05
10	10-44825308	46072427	18	C	T	0.139	0.2689012	0.0570515	-142.1792	1e+05	1e+05	4.38823e-06	3.306269e-06	9.453067e-06
10	10-44830240	46077357	16	G	A	0.15	0.2532843	0.05523114	-142.7298	1e+05	1e+05	7.688895e-06	5.873914e-06	1.524484e-05
10	10-44831162	46078279	41	G	A	0.18	0.2503117	0.05428903	-143.0886	4.811909	1e+05	6.899066e-06	8.548367e-06	2.087728e-05
10	10-44833763	46080880	10	G	T	0.203	0.2233043	0.0487024	-142.7333	1e+05	1e+05	7.716332e-06	5.895392e-06	1.52914e-05
10	10-44836157	46083274	8	C	T	0.126	0.2780113	0.05774907	-141.7348	1e+05	1e+05	2.792958e-06	2.080944e-06	6.452914e-06
10	10-44838165	46085282	26	A	G	0.161	0.237923	0.05244076	-142.9379	1e+05	1e+05	9.507105e-06	7.301053e-06	1.828835e-05
10	10-44839668	46086785	20	A	T	0.163	0.2757925	0.05533321	-140.9681	1e+05	1e+05	1.282819e-06	9.37543e-07	3.365778e-06
10	10-44842206	46089322	15	C	T	0.137	0.273668	0.05975468	-142.7826	52.70385	1e+05	7.893765e-06	6.207396e-06	1.596493e-05
10	10-44842353	46089469	20	T	A	0.148	0.272521	0.05688587	-141.8389	1e+05	1e+05	3.104589e-06	2.319193e-06	7.0545e-06
10	10-44842460	46089576	19	C	T	0.135	0.2764033	0.05810761	-141.9886	1e+05	1e+05	3.615033e-06	2.710692e-06	8.022125e-06
10	10-44842518	46089634	17	G	A	0.139	0.2699107	0.05769952	-142.3335	1e+05	1e+05	5.134918e-06	3.883905e-06	1.080266e-05
10	10-44850030	46097143	9	T	C	0.143	0.2788018	0.05957706	-142.3257	1e+05	1e+05	5.093845e-06	3.852074e-06	1.072914e-05
10	10-44852577	46099689	15	T	C	0.179	0.2335082	0.05032941	-142.4992	1e+05	1e+05	6.078623e-06	4.616894e-06	1.247169e-05
10	10-44853081	46100193	18	C	T	0.162	0.2332019	0.05130545	-142.9024	1e+05	1e+05	9.168818e-06	7.034975e-06	1.772808e-05
10	10-44854061	46101173	10	T	C	0.132	0.2823917	0.05914382	-141.9096	1e+05	1e+05	3.336088e-06	2.496565e-06	7.495887e-06
10	10-44854396	46101508	7	T	A	0.198	0.2378507	0.04893884	-141.5294	1e+05	1e+05	2.267017e-06	1.680381e-06	5.415041e-06
10	10-44854545	46101657	7	G	T	0.179	0.2202084	0.04857679	-142.9539	1e+05	1e+05	9.663824e-06	7.424399e-06	1.854706e-05
10	10-44854549	46101661	7	C	T	0.179	0.2273691	0.04829465	-142.2025	1e+05	1e+05	4.493811e-06	3.387808e-06	9.645667e-06
10	10-44857255	46104860	21	G	C	0.159	0.2731688	0.05564041	-141.3073	1e+05	1e+05	1.809541e-06	1.33382e-06	4.483575e-06
10	10-44861571	46109175	13	T	C	0.192	0.2284635	0.04838951	-142.144	1e+05	1e+05	4.234077e-06	3.187306e-06	9.17073e-06
10	10-44861797	46109401	7	C	T	0.175	0.2553338	0.0504774	-140.6342	190.3961	1e+05	9.081686e-07	6.629127e-07	2.54286e-06
10	10-44862007	46109611	12	C	T	0.176	0.2472575	0.05157466	-141.8234	1e+05	1e+05	3.056009e-06	2.282012e-06	6.961301e-06
10	10-44880706	46117219	9	C	T	0.171	0.2576112	0.05408665	-141.9614	1e+05	1e+05	3.516226e-06	2.634796e-06	7.836388e-06
10	10-44897506	46164830	23	G	A	0.158	0.2410939	0.05268923	-142.8719	16.59051	1e+05	8.035399e-06	6.814559e-06	1.726161e-05
10	10-44920813	46175776	14	G	A	0.144	0.2861576	0.05712375	-140.8526	1e+05	1e+05	1.141145e-06	8.315841e-07	3.05407e-06
10	10-44920843	46175806	15	G	A	0.145	0.2729499	0.05741299	-142.0001	1e+05	1e+05	3.657351e-06	2.743212e-06	8.101456e-06
10	10-44921105	46176068	17	A	G	0.153	0.2529057	0.05578159	-142.9511	1e+05	1e+05	9.636594e-06	7.402964e-06	1.850215e-05
10	10-44922395	46177357	13	A	G	0.046	0.4691191	0.1027998	-142.8256	1e+05	1e+05	8.478302e-06	6.492614e-06	1.657627e-05
10	10-44922416	46177378	11	T	C	0.053	0.4398958	0.09536123	-142.6139	1e+05	1e+05	6.832412e-06	5.204416e-06	1.378032e-05
10	10-44922749	46177711	11	C	T	0.173	0.2489586	0.05095555	-141.4143	1e+05	1e+05	2.017068e-06	1.490793e-06	4.90993e-06
10	10-44923945	46178907	17	A	T	0.158	0.2563703	0.05383261	-141.9639	1e+05	1e+05	3.52529e-06	2.641756e-06	7.853456e-06
10	10-44924097	46179059	17	G	A	0.141	0.2825513	0.05779796	-141.4017	1e+05	1e+05	1.991412e-06	1.471364e-06	4.857584e-06
10	10-44924236	46179198	19	G	A	0.163	0.2626613	0.05214159	-140.7237	1e+05	1e+05	1.001457e-06	7.274296e-07	2.740827e-06
10	10-44924936	46179898	13	C	A	0.25	0.2232754	0.04837775	-142.6159	113.3965	1e+05	6.763748e-06	5.214918e-06	1.38035e-05
10	10-44926680	46181642	10	C	T	0.196	0.2463302	0.05012759	-141.2869	1e+05	1e+05	1.772393e-06	1.305766e-06	4.406515e-06
10	10-44926943	46181905	15	G	T	0.223	0.2368738	0.04994954	-142.0523	1e+05	1e+05	3.856984e-06	2.896752e-06	8.474031e-06
10	10-44927115	46182077	12	C	A	0.162	0.2553504	0.05356692	-141.9437	1e+05	1e+05	3.453656e-06	2.586762e-06	7.718398e-06
10	10-44927148	46182110	14	G	A	0.156	0.2616389	0.0530358	-141.2	1e+05	1e+05	1.622955e-06	1.193065e-06	4.094039e-06
10	10-44936154	46191115	13	C	G	0.08	0.3198655	0.06870429	-142.4297	1e+05	1e+05	5.663166e-06	4.293829e-06	1.174147e-05
10	10-44936236	46191197	10	C	T	0.206	0.2828561	0.04941891	-137.397	1e+05	1e+05	3.493647e-08	2.334302e-08	1.835493e-07
10	10-44936262	46191223	4	T	A	0.298	0.2444107	0.04834348	-140.6989	25.52417	1e+05	9.195785e-07	7.089673e-07	2.684506e-06
10	10-44936974	46192034	21	G	A	0.136	0.2609312	0.05600292	-142.4143	1e+05	1e+05	5.575023e-06	4.225362e-06	1.158566e-05
10	10-44937623	46192683	18	G	A	0.124	0.2889787	0.05853855	-141.185	1e+05	1e+05	1.598485e-06	1.174634e-06	4.042472e-06
10	10-44937711	46192771	16	C	T	0.167	0.2428928	0.05285749	-142.6898	1e+05	1e+05	7.381979e-06	5.63378e-06	1.472257e-05
10	10-44937936	46192996	32	A	G	0.064	0.3411059	0.07489813	-142.8646	1e+05	1e+05	8.822006e-06	6.762443e-06	1.715099e-05
10	10-44938109	46193169	16	G	A	0.138	0.2644424	0.0581045	-142.9758	16.84267	1e+05	8.941817e-06	7.596341e-06	1.890667e-05
10	10-44938204	46193264	18	G	A	0.062	0.3654096	0.07687849	-142.0048	1e+05	1e+05	3.674879e-06	2.756685e-06	8.134279e-06
10	10-44938218	46193278	19	C	A	0.135	0.2922937	0.05772877	-140.6047	1e+05	1e+05	8.877942e-07	6.429431e-07	2.480905e-06
10	10-44938417	46193475	26	G	C	0.109	0.287588	0.06258892	-142.6914	1e+05	1e+05	7.393851e-06	5.643065e-06	1.474282e-05
10	10-44939004	46194062	17	G	T	0.131	0.3127243	0.05755644	-138.8437	1e+05	1e+05	1.498717e-07	1.038412e-07	5.826879e-07
10	10-44939973	46195030	10	T	C	0.065	0.3436646	0.07330144	-142.433	12.17005	1e+05	4.901631e-06	4.30854e-06	1.17749e-05
10	10-44940079	46195136	10	T	C	0.057	0.4036077	0.08425615	-141.8407	1e+05	1e+05	3.110417e-06	2.323655e-06	7.065668e-06
10	10-44941332	46196389	20	C	T	0.118	0.301421	0.0584511	-140.1685	1e+05	1e+05	5.710078e-07	4.090187e-07	1.7251e-06
10	10-44941774	46196831	14	A	G	0.063	0.3489382	0.0763454	-142.7954	1e+05	1e+05	8.220973e-06	6.290769e-06	1.614405e-05
10	10-44942108	46197165	17	C	T	0.151	0.2762073	0.05684078	-141.5332	1e+05	1e+05	2.275752e-06	1.687017e-06	5.432543e-06
10	10-44943109	46198166	19	T	C	0.13	0.2751887	0.05852637	-142.2287	1e+05	1e+05	4.615088e-06	3.481527e-06	9.866146e-06
10	10-44943173	46198230	16	G	A	0.123	0.2917549	0.05787335	-140.7061	1e+05	1e+05	9.838344e-07	7.143141e-07	2.700843e-06
10	10-44943486	46198543	25	G	A	0.095	0.2905696	0.06285044	-142.9185	6.089019	1e+05	6.532476e-06	7.155108e-06	1.798141e-05
10	10-44944922	46199979	14	G	A	0.149	0.2853401	0.05581301	-140.3761	1e+05	1e+05	7.044404e-07	5.072364e-07	2.050011e-06
10	10-44945076	46200133	14	G	A	0.149	0.2967172	0.05686955	-139.8823	1e+05	1e+05	4.275421e-07	3.040586e-07	1.361367e-06
10	10-44945152	46200209	15	G	A	0.15	0.2691246	0.053719	-140.8506	1e+05	1e+05	1.138892e-06	8.299012e-07	3.049066e-06
10	10-44945977	46201034	24	G	A	0.123	0.2885344	0.05764646	-140.8718	1e+05	1e+05	1.163598e-06	8.483559e-07	3.103849e-06
10	10-44946341	46201398	18	G	A	0.137	0.2693509	0.05720279	-142.3978	9.43301	1e+05	4.478948e-06	4.153193e-06	1.1421e-05
10	10-44947227	46202284	19	A	C	0.06	0.3714433	0.07872525	-142.1577	1e+05	1e+05	4.293275e-06	3.232978e-06	9.279317e-06
10	10-44951252	46206309	5	G	A	0.185	0.224757	0.04951668	-142.9293	1e+05	1e+05	9.424055e-06	7.235709e-06	1.815103e-05
10	10-44953551	46208609	17	G	C	0.134	0.2905783	0.05566391	-139.8694	1e+05	1e+05	4.220068e-07	3.000247e-07	1.346961e-06
10	10-44953560	46208618	17	A	G	0.067	0.3404404	0.07321963	-142.4561	1e+05	1e+05	5.817514e-06	4.413786e-06	1.201355e-05
10	10-44955989	46211044	16	C	T	0.138	0.2619679	0.05774362	-142.9389	1e+05	1e+05	9.517158e-06	7.308964e-06	1.830496e-05
10	10-44956524	46211578	25	G	A	0.144	0.2658833	0.05823723	-142.8167	1e+05	1e+05	8.401507e-06	6.432361e-06	1.644746e-05
10	10-44957706	46212760	21	T	C	0.136	0.3009839	0.05885259	-140.3679	1e+05	1e+05	6.985844e-07	5.029156e-07	2.035974e-06
10	10-44957778	46212832	16	G	A	0.145	0.2699472	0.05691156	-142.0479	1e+05	1e+05	3.839548e-06	2.883334e-06	8.441598e-06
10	10-44962183	46217237	17	G	A	0.139	0.2604903	0.05582368	-142.3837	1e+05	1e+05	5.404022e-06	4.092608e-06	1.128244e-05
10	10-44963286	46218340	25	G	A	0.116	0.2855279	0.06036553	-142.251	12.15579	1e+05	4.07421e-06	3.563606e-06	1.005848e-05
10	10-44965162	46220216	26	G	A	0.127	0.2837121	0.0592336	-141.8431	1e+05	1e+05	3.117861e-06	2.329353e-06	7.079926e-06
10	10-44967570	46222624	15	C	T	0.135	0.2883214	0.05768249	-140.903	1e+05	1e+05	1.201029e-06	8.763341e-07	3.186509e-06
10	10-44967594	46222648	14	C	T	0.139	0.282059	0.05762908	-141.3756	1e+05	1e+05	1.939472e-06	1.43205e-06	4.751303e-06
10	10-44967641	46222695	15	G	A	0.127	0.2976779	0.05839382	-140.4445	1e+05	1e+05	7.548564e-07	5.444724e-07	2.170103e-06
10	10-44968783	46223837	40	C	T	0.154	0.2668703	0.05529983	-141.6825	1e+05	1e+05	2.64844e-06	1.970676e-06	6.170752e-06
10	10-44970583	46225637	17	G	T	0.144	0.2774637	0.05645768	-141.2847	1e+05	1e+05	1.768515e-06	1.302839e-06	4.398457e-06
10	10-44975473	46230531	30	C	A	0.167	0.262537	0.05510207	-141.9542	1e+05	1e+05	3.490767e-06	2.615249e-06	7.788415e-06
10	10-44981406	46236461	21	A	G	0.184	0.2319328	0.04927991	-142.2092	1e+05	1e+05	4.524269e-06	3.41134e-06	9.701114e-06
10	10-44984792	46240726	21	T	C	0.119	0.2992079	0.06024526	-141.0489	1e+05	1e+05	1.39239e-06	1.019693e-06	3.603242e-06
10	10-44988886	46245552	9	T	C	0.062	0.3655048	0.0779524	-142.2859	1e+05	1e+05	4.891941e-06	3.695695e-06	1.036658e-05
10	10-44989555	46246221	14	C	G	0.156	0.2512204	0.05358464	-142.2882	1e+05	1e+05	4.903441e-06	3.704599e-06	1.038728e-05
10	10-44993068	46249734	22	G	T	0.155	0.2734248	0.05596494	-141.415	1e+05	1e+05	2.018501e-06	1.491878e-06	4.912851e-06
10	10-45001849	46258515	19	C	T	0.13	0.2856372	0.0579329	-141.2126	1e+05	1e+05	1.643731e-06	1.208719e-06	4.13773e-06
10	10-45022553	46279218	5	C	A	0.234	0.2570659	0.04686585	-138.5897	1e+05	1e+05	1.160265e-07	7.987995e-08	4.746765e-07
10	10-45024053	46280718	26	G	A	0.142	0.2868067	0.05532642	-140.0411	1e+05	1e+05	5.019701e-07	3.584169e-07	1.552226e-06
10	10-45026217	46282880	27	G	A	0.125	0.2699412	0.05932884	-142.883	1e+05	1e+05	8.989861e-06	6.894315e-06	1.743065e-05
10	10-45026222	46282885	26	G	A	0.127	0.2916148	0.06046298	-141.6952	1e+05	1e+05	2.682806e-06	1.996884e-06	6.238042e-06
10	10-45031301	46287964	21	G	A	0.149	0.2936749	0.05797259	-140.593	1e+05	1e+05	8.773296e-07	6.351776e-07	2.45672e-06
10	10-45031492	46288155	20	A	G	0.156	0.2845939	0.05677421	-140.8593	64.74687	1e+05	1.123766e-06	8.374184e-07	3.071406e-06
10	10-45034761	46291417	25	T	C	0.059	0.3846883	0.07797942	-141.2101	137.0635	1e+05	1.623302e-06	1.205652e-06	4.129179e-06
10	10-45035104	46291760	31	T	C	0.12	0.2945901	0.06193774	-141.9909	1e+05	1e+05	3.623443e-06	2.717154e-06	8.0379e-06
10	10-45035637	46292292	30	G	C	0.124	0.2725195	0.05902928	-142.773	10.353	1e+05	6.721403e-06	6.14502e-06	1.583068e-05
10	10-45036542	46293197	27	T	C	0.13	0.2765941	0.05686038	-141.7531	8.056093	1e+05	2.223284e-06	2.120943e-06	6.554658e-06
10	10-45036551	46293206	26	A	T	0.127	0.2793481	0.05592939	-140.9428	61.42462	1e+05	1.222199e-06	9.132587e-07	3.294905e-06
10	10-45036748	46293403	18	G	A	0.132	0.3180468	0.05807395	-138.6318	1e+05	1e+05	1.210541e-07	8.342943e-08	4.910527e-07
10	10-45037234	46293889	27	C	T	0.146	0.2650434	0.05830359	-142.9	1e+05	1e+05	9.146793e-06	7.01766e-06	1.769151e-05
10	10-45040534	46297189	17	C	T	0.144	0.2606437	0.05721328	-142.9701	15.138	1e+05	8.76917e-06	7.551339e-06	1.881266e-05
10	10-45041255	46297910	20	C	T	0.138	0.2864793	0.05915841	-141.608	1e+05	1e+05	2.455472e-06	1.823672e-06	5.790531e-06
10	10-45042910	46299565	17	C	T	0.141	0.2732089	0.05516574	-141.1126	1e+05	1e+05	1.485239e-06	1.089431e-06	3.802253e-06
10	10-45045700	46302355	28	A	T	0.149	0.2589847	0.05711894	-142.95	1e+05	1e+05	9.625209e-06	7.394002e-06	1.848336e-05
10	10-45045710	46302365	27	G	T	0.146	0.2784424	0.05816974	-141.8563	1e+05	1e+05	3.160118e-06	2.36171e-06	7.160782e-06
10	10-45063098	46319753	24	G	A	0.151	0.2731388	0.05546483	-141.2629	60.30073	1e+05	1.689223e-06	1.273679e-06	4.318031e-06
10	10-45065678	46322333	29	T	A	0.153	0.2808996	0.05620824	-140.9074	1e+05	1e+05	1.20629e-06	8.802681e-07	3.198095e-06
10	10-45178701	46341242	21	C	T	0.369	0.2297293	0.05041841	-142.9761	14.1401	1e+05	8.73858e-06	7.599239e-06	1.891271e-05
10	10-45176558	46343385	16	A	G	0.081	0.3205505	0.06954636	-142.6301	1e+05	1e+05	6.946308e-06	5.293333e-06	1.397638e-05
10	10-45176537	46343406	14	G	A	0.198	0.2258768	0.04930628	-142.7611	125.8858	1e+05	7.851397e-06	6.069647e-06	1.56682e-05
10	10-45175247	46344696	16	G	A	0.163	0.2651037	0.05221901	-140.542	1e+05	1e+05	8.331678e-07	6.024322e-07	2.354151e-06
10	10-45170554	46349388	10	G	A	0.213	0.224228	0.04827463	-142.4766	1e+05	1e+05	5.940037e-06	4.509065e-06	1.222886e-05
10	10-45169320	46350622	25	C	T	0.149	0.2783853	0.05641004	-141.1919	1e+05	1e+05	1.609721e-06	1.183096e-06	4.066165e-06
10	10-45169303	46350639	26	G	A	0.155	0.2802311	0.05614053	-140.9343	1e+05	1e+05	1.239642e-06	9.052181e-07	3.271367e-06
10	10-45167781	46352161	26	G	C	0.15	0.245862	0.05399954	-142.8698	1e+05	1e+05	8.869018e-06	6.799372e-06	1.722938e-05
10	10-45167226	46352716	11	G	A	0.151	0.2558695	0.05611595	-142.8416	1e+05	1e+05	8.618069e-06	6.602308e-06	1.681033e-05
10	10-45165884	46354058	13	C	T	0.141	0.2683375	0.05672617	-142.1044	1e+05	1e+05	4.066641e-06	3.058213e-06	8.862476e-06
10	10-45165670	46354272	17	A	T	0.156	0.246433	0.05421221	-142.9009	1e+05	1e+05	9.155049e-06	7.024151e-06	1.770522e-05
10	10-45165302	46354640	18	T	C	0.137	0.2802081	0.05893485	-141.9983	1e+05	1e+05	3.650937e-06	2.738283e-06	8.08944e-06
10	10-45164524	46355418	16	C	T	0.143	0.2549579	0.05304611	-141.7694	1e+05	1e+05	2.892803e-06	2.15721e-06	6.646642e-06
10	10-45162346	46357596	9	G	A	0.167	0.3031895	0.05378693	-137.8353	1e+05	1e+05	5.428945e-08	3.667511e-08	2.596361e-07
10	10-45155849	46364084	20	G	T	0.128	0.2919658	0.05811498	-140.786	1e+05	1e+05	1.06667e-06	7.76012e-07	2.887853e-06
10	10-45155830	46364103	20	G	T	0.138	0.2762144	0.05888856	-142.2788	1e+05	1e+05	4.85656e-06	3.668309e-06	1.030284e-05
10	10-45154277	46365653	15	C	T	0.15	0.2611297	0.05605264	-142.4169	1e+05	1e+05	5.5896e-06	4.236683e-06	1.161145e-05
10	10-45153547	46366383	13	C	T	0.163	0.2516243	0.05414347	-142.4657	1e+05	1e+05	5.874561e-06	4.458142e-06	1.211387e-05
10	10-45152060	46367870	30	G	A	0.153	0.2664514	0.05745127	-142.5067	1e+05	1e+05	6.12499e-06	4.652983e-06	1.255277e-05
10	10-45151917	46368013	18	C	A	0.139	0.260375	0.05621028	-142.5313	1e+05	1e+05	6.280439e-06	4.774027e-06	1.282403e-05
10	10-45151846	46368084	17	A	G	0.181	0.2363433	0.05099396	-142.5202	1e+05	1e+05	6.209939e-06	4.719122e-06	1.270112e-05
10	10-45150918	46369012	15	G	A	0.142	0.2765457	0.05611264	-141.222	1e+05	1e+05	1.659521e-06	1.220619e-06	4.170881e-06
10	10-45145351	46409448	13	A	T	0.172	0.2393398	0.05231585	-142.7767	1e+05	1e+05	8.065886e-06	6.169196e-06	1.588274e-05
10	10-45144538	46410260	29	G	A	0.129	0.2596387	0.05709959	-142.8949	1e+05	1e+05	9.099368e-06	6.98038e-06	1.761274e-05
10	10-45143354	46411444	14	T	C	0.144	0.2518472	0.05547178	-142.9247	1e+05	1e+05	9.38014e-06	7.201162e-06	1.807836e-05
10	10-45141836	46412962	27	A	G	0.151	0.2765984	0.05674247	-141.4645	1e+05	1e+05	2.122526e-06	1.570717e-06	5.124096e-06
10	10-45141467	46413331	28	G	T	0.136	0.2635941	0.05795039	-142.8885	1e+05	1e+05	9.040591e-06	6.934182e-06	1.751504e-05
10	10-45209809	46440280	18	G	A	0.157	0.2789607	0.05835602	-141.8846	1e+05	1e+05	3.252327e-06	2.432352e-06	7.336694e-06
10	10-45212031	46442502	10	C	T	0.144	0.3036396	0.05920846	-140.302	1e+05	1e+05	6.535269e-07	4.697e-07	1.927324e-06
10	10-45213220	46443691	37	A	T	0.033	0.670866	0.1349981	-141.0355	1e+05	1e+05	1.373528e-06	1.005539e-06	3.562571e-06
10	10-45214069	46444540	2	G	A	0.071	0.5144587	0.1105071	-142.4308	1e+05	1e+05	5.669381e-06	4.298658e-06	1.175244e-05
10	10-45214310	46444781	1	C	T	0.073	0.5107608	0.1069218	-141.8995	1e+05	1e+05	3.301891e-06	2.470344e-06	7.43096e-06
10	10-45214321	46444792	2	C	T	0.101	0.4007337	0.08765777	-142.7909	1e+05	1e+05	8.183528e-06	6.26141e-06	1.608101e-05
10	10-45224002	46447858	20	G	A	0.191	0.2388081	0.05024324	-142.0049	1e+05	1e+05	3.675531e-06	2.757187e-06	8.1355e-06
10	10-45078018	46458369	15	C	A	0.147	0.2699406	0.05786468	-142.3892	1e+05	1e+05	5.434466e-06	4.116235e-06	1.133651e-05
10	10-45078906	46459257	17	A	G	0.176	0.2825674	0.05310451	-139.5768	9.743994	1e+05	2.596469e-07	2.216145e-07	1.058827e-06
10	10-45081659	46462010	8	C	T	0.194	0.2215235	0.04862666	-142.8589	1e+05	1e+05	8.771154e-06	6.722505e-06	1.706614e-05
10	10-45083944	46464296	23	A	C	0.066	0.3487377	0.07623527	-142.9774	9.397963	1e+05	8.080223e-06	7.609678e-06	1.893451e-05
10	10-45083962	46464314	21	A	G	0.066	0.34763	0.07614584	-142.9999	10.0766	1e+05	8.408902e-06	7.790712e-06	1.931176e-05
10	10-45087270	46467622	15	C	T	0.145	0.2808735	0.05704885	-141.2447	1e+05	1e+05	1.698196e-06	1.249779e-06	4.251881e-06
10	10-45088861	46469213	17	G	A	0.141	0.2741299	0.05645782	-141.6194	22.67104	1e+05	2.315777e-06	1.845491e-06	5.847275e-06
10	10-45225381	46474424	12	C	T	0.15	0.2595431	0.05729739	-142.9685	1e+05	1e+05	9.80881e-06	7.538554e-06	1.878594e-05
10	10-45249199	46499697	3	C	T	0.248	0.2186916	0.0470597	-142.4668	1e+05	1e+05	5.881086e-06	4.463216e-06	1.212534e-05
10	10-45253061	46503559	9	T	C	0.126	0.2754846	0.05952281	-142.5482	1e+05	1e+05	6.390025e-06	4.859403e-06	1.301473e-05
10	10-45258250	46508748	29	G	A	0.084	0.3247302	0.06881452	-142.1546	1e+05	1e+05	4.280007e-06	3.22274e-06	9.254997e-06
10	10-45273374	46516470	12	G	A	0.152	0.2619458	0.05202144	-140.7334	1e+05	1e+05	1.011409e-06	7.348384e-07	2.763358e-06
10	10-45283810	46526907	18	C	T	0.144	0.2642379	0.05678293	-142.4393	1e+05	1e+05	5.718591e-06	4.336896e-06	1.183928e-05
10	10-45284613	46527710	15	G	A	0.179	0.2549226	0.05059668	-140.7283	156.9279	1e+05	9.974256e-07	7.309488e-07	2.751534e-06
10	10-45287619	46530716	5	C	T	0.18	0.2320494	0.05000388	-142.4948	1e+05	1e+05	6.051175e-06	4.595533e-06	1.242365e-05
10	10-45303183	46546280	15	G	A	0.157	0.2665834	0.05496321	-141.5739	1e+05	1e+05	2.371849e-06	1.760055e-06	5.624448e-06
10	10-45305543	46548639	17	T	C	0.136	0.262567	0.05662195	-142.5096	1e+05	1e+05	6.14313e-06	4.667105e-06	1.258447e-05
10	10-45307064	46550160	21	G	A	0.134	0.2596153	0.05632495	-142.6298	1e+05	1e+05	6.943928e-06	5.291474e-06	1.397228e-05
10	10-45308059	46551155	10	C	T	0.167	0.2448262	0.05003955	-141.4106	52.73049	1e+05	1.954885e-06	1.485014e-06	4.894372e-06
10	10-45325404	46574461	27	A	G	0.039	0.459438	0.09939746	-142.574	1e+05	1e+05	6.560055e-06	4.99194e-06	1.330977e-05
10	10-45326104	46575161	19	C	T	0.152	0.2612711	0.05615328	-142.4421	1e+05	1e+05	5.735092e-06	4.349719e-06	1.186838e-05
10	10-45327780	46576837	13	G	A	0.131	0.2791847	0.05722888	-141.4476	1e+05	1e+05	2.086434e-06	1.543353e-06	5.050978e-06
10	10-45329715	46578771	14	C	T	0.124	0.273533	0.0602385	-142.9216	1e+05	1e+05	9.350269e-06	7.177665e-06	1.802891e-05
10	10-45331802	46580858	15	C	T	0.147	0.2629292	0.05654079	-142.4532	1e+05	1e+05	5.800163e-06	4.400298e-06	1.198301e-05
10	10-45332454	46581510	10	G	A	0.184	0.2271816	0.04997217	-142.899	1e+05	1e+05	9.137135e-06	7.010068e-06	1.767547e-05
10	10-45332987	46582043	22	G	A	0.155	0.2631462	0.0567361	-142.5058	1e+05	1e+05	6.11945e-06	4.648671e-06	1.254309e-05
10	10-45334911	46583966	14	C	T	0.139	0.2581589	0.05525975	-142.3602	1e+05	1e+05	5.276024e-06	3.993307e-06	1.105464e-05
10	10-45336876	46585931	20	C	T	0.141	0.2941863	0.05691222	-140.1107	1e+05	1e+05	5.385527e-07	3.852103e-07	1.644285e-06
10	10-45339519	46588574	8	G	A	0.18	0.2349865	0.05002027	-142.2467	1e+05	1e+05	4.70056e-06	3.547614e-06	1.002106e-05
10	10-45339921	46588976	4	G	A	0.191	0.2233199	0.04858926	-142.6862	1e+05	1e+05	7.355031e-06	5.612708e-06	1.467658e-05
10	10-45339937	46588992	5	G	A	0.185	0.2410194	0.04934642	-141.4213	1e+05	1e+05	2.031551e-06	1.501763e-06	4.939438e-06
10	10-45340229	46589284	10	C	T	0.156	0.2590338	0.05249066	-141.1927	1e+05	1e+05	1.611024e-06	1.184078e-06	4.068912e-06
10	10-45340911	46589966	6	G	A	0.183	0.226603	0.04878072	-142.4744	1e+05	1e+05	5.927036e-06	4.498953e-06	1.220604e-05
10	10-45345047	46594101	13	A	C	0.197	0.2275583	0.04746738	-141.8241	1e+05	1e+05	3.058384e-06	2.283829e-06	6.96586e-06
10	10-45355127	46604181	20	T	C	0.158	0.2505893	0.05495828	-142.8418	1e+05	1e+05	8.619187e-06	6.603185e-06	1.68122e-05
10	10-45358270	46607324	5	G	A	0.187	0.2269662	0.04850564	-142.3279	1e+05	1e+05	5.105395e-06	3.861024e-06	1.074982e-05
10	10-45360557	46609611	18	G	T	0.137	0.2712822	0.05737525	-142.114	1e+05	1e+05	4.106541e-06	3.088964e-06	8.936087e-06
10	10-45371831	46620885	4	T	A	0.184	0.2224307	0.04878958	-142.8445	1e+05	1e+05	8.643423e-06	6.622211e-06	1.685273e-05
10	10-45372736	46621790	16	G	C	0.138	0.2584498	0.05603081	-142.6152	1e+05	1e+05	6.841509e-06	5.211516e-06	1.3796e-05
10	10-45373041	46622095	11	C	T	0.171	0.2560905	0.05136907	-140.9631	1e+05	1e+05	1.276353e-06	9.327005e-07	3.351671e-06
10	10-45374356	46623410	16	C	G	0.14	0.2622712	0.05706779	-142.6875	1e+05	1e+05	7.364437e-06	5.620063e-06	1.469264e-05
10	10-45374399	46623453	19	C	T	0.147	0.2683221	0.05619322	-141.9082	1e+05	1e+05	3.331169e-06	2.492793e-06	7.486553e-06
10	10-45375052	46624106	15	C	T	0.184	0.251825	0.05310667	-142.054	1e+05	1e+05	3.863703e-06	2.901923e-06	8.486523e-06
10	10-45378027	46627081	21	A	T	0.131	0.2737758	0.0586447	-142.3747	1e+05	1e+05	5.354758e-06	4.054382e-06	1.119485e-05
10	10-45381976	46631028	23	G	A	0.153	0.2578273	0.05635476	-142.776	1e+05	1e+05	8.059753e-06	6.164389e-06	1.587239e-05
10	10-45383623	46632674	35	T	C	0.046	0.4162322	0.0876524	-142.0242	1e+05	1e+05	3.748117e-06	2.812997e-06	8.271191e-06
10	10-45391151	46640202	26	C	G	0.148	0.2994613	0.05733201	-139.8549	1e+05	1e+05	4.158763e-07	2.955588e-07	1.33097e-06
10	10-45392267	46641318	23	G	A	0.12	0.2638556	0.05771876	-142.7916	1e+05	1e+05	8.189606e-06	6.266176e-06	1.609125e-05
10	10-45392890	46641941	12	G	A	0.155	0.2541517	0.05302994	-141.8303	1e+05	1e+05	3.077535e-06	2.298485e-06	7.002622e-06
10	10-45392956	46642007	7	A	G	0.17	0.2373492	0.05063056	-142.2901	1e+05	1e+05	4.912716e-06	3.711779e-06	1.040398e-05
10	10-45395987	46645036	12	C	G	0.135	0.2778922	0.05582582	-140.9971	1e+05	1e+05	1.321213e-06	9.66309e-07	3.449323e-06
10	10-45396769	46645818	12	G	T	0.191	0.2261117	0.04943967	-142.7827	1e+05	1e+05	8.115616e-06	6.208173e-06	1.59666e-05
10	10-45401026	46650075	17	C	T	0.178	0.2496629	0.05435397	-142.6982	1e+05	1e+05	7.445394e-06	5.683377e-06	1.483071e-05
10	10-45403089	46652138	17	C	T	0.151	0.2663408	0.05539486	-141.7618	1e+05	1e+05	2.870745e-06	2.140356e-06	6.603926e-06
10	10-45406694	46655742	21	A	G	0.141	0.2565863	0.05614317	-142.7967	1e+05	1e+05	8.231976e-06	6.299396e-06	1.616256e-05
10	10-45409391	46658439	14	G	A	0.146	0.2629588	0.05642799	-142.4107	1e+05	1e+05	5.55456e-06	4.20947e-06	1.154944e-05
10	10-45410533	46659581	16	G	A	0.145	0.3074078	0.05663873	-138.8722	1e+05	1e+05	1.542375e-07	1.069426e-07	5.962764e-07
10	10-45411407	46660455	19	C	A	0.135	0.2617302	0.05765223	-142.9259	1e+05	1e+05	9.391773e-06	7.210313e-06	1.809762e-05
10	10-45422371	46671376	16	T	A	0.163	0.253597	0.05552736	-142.8101	1e+05	1e+05	8.345382e-06	6.388334e-06	1.635322e-05
10	10-45423228	46672233	17	T	A	0.163	0.276135	0.05455458	-140.6121	1e+05	1e+05	8.94459e-07	6.4789e-07	2.496284e-06
10	10-45427472	46676474	16	G	A	0.143	0.2738193	0.05750302	-141.9663	1e+05	1e+05	3.533779e-06	2.648275e-06	7.869436e-06
10	10-45431209	46680210	3	G	A	0.134	0.2663382	0.05717257	-142.4175	1e+05	1e+05	5.59341e-06	4.239642e-06	1.161819e-05
10	10-45434015	46683016	3	C	T	0.185	0.2393184	0.04925574	-141.536	1e+05	1e+05	2.282242e-06	1.691947e-06	5.44554e-06
10	10-45435771	46684772	6	G	T	0.19	0.2219351	0.04877258	-142.8809	1e+05	1e+05	8.970683e-06	6.879245e-06	1.739873e-05
10	10-45436399	46685399	11	C	T	0.183	0.2311989	0.0508075	-142.8806	1e+05	1e+05	8.967557e-06	6.876789e-06	1.739352e-05
10	10-45436531	46685531	16	G	A	0.2	0.2261127	0.04909616	-142.6458	1e+05	1e+05	7.058248e-06	5.380758e-06	1.416866e-05
10	10-45436874	46685874	10	G	A	0.194	0.2302171	0.04948319	-142.4438	1e+05	1e+05	5.744936e-06	4.35737e-06	1.188573e-05
10	10-45438964	46687964	28	A	G	0.194	0.2287574	0.04994508	-142.7542	1e+05	1e+05	7.882737e-06	6.025699e-06	1.557332e-05
10	10-45441081	46690081	7	C	T	0.132	0.2808182	0.05969868	-142.2201	1e+05	1e+05	4.574957e-06	3.450508e-06	9.793275e-06
10	10-45446616	46695615	5	G	A	0.22	0.2322233	0.05092043	-142.838	1e+05	1e+05	8.586173e-06	6.577271e-06	1.675695e-05
10	10-45447891	46696890	12	C	T	0.181	0.2236074	0.04926112	-142.9284	1e+05	1e+05	9.41548e-06	7.228963e-06	1.813685e-05
10	10-45461431	46710429	24	G	A	0.121	0.2777007	0.0599798	-142.541	1e+05	1e+05	6.342974e-06	4.822742e-06	1.29329e-05
10	10-45462372	46711370	23	C	T	0.12	0.2958056	0.06133543	-141.6964	1e+05	1e+05	2.686175e-06	1.999454e-06	6.244634e-06
10	10-45467212	46716210	20	G	T	0.151	0.2899812	0.05516813	-139.6979	1e+05	1e+05	3.548786e-07	2.512157e-07	1.169569e-06
10	10-45472188	46721186	11	G	C	0.2	0.2262526	0.04765935	-142.0302	1e+05	1e+05	3.771334e-06	2.830853e-06	8.314516e-06
10	10-45497239	46750558	20	C	T	0.138	0.2721316	0.0566672	-142.0322	8.012451	1e+05	2.946367e-06	2.836706e-06	8.328705e-06
10	10-45498917	46752236	18	G	A	0.129	0.2903907	0.0619945	-142.3063	1e+05	1e+05	4.994464e-06	3.775082e-06	1.055093e-05
10	10-45498919	46752238	19	G	T	0.135	0.2848714	0.06079797	-142.3002	1e+05	1e+05	4.963515e-06	3.751114e-06	1.049533e-05
10	10-45501454	46754773	26	A	C	0.158	0.2778701	0.05595314	-141.0506	1e+05	1e+05	1.394802e-06	1.021503e-06	3.608436e-06
10	10-45501616	46754935	23	A	T	0.151	0.2680095	0.05577884	-141.776	1e+05	1e+05	2.912256e-06	2.172076e-06	6.684276e-06
10	10-45503577	46757117	19	C	T	0.138	0.27781	0.05722862	-141.5552	1e+05	1e+05	2.327296e-06	1.726184e-06	5.535619e-06
10	10-45507073	46760612	3	C	T	0.141	0.2595854	0.05653941	-142.707	1e+05	1e+05	7.512245e-06	5.735672e-06	1.494457e-05
10	10-45511712	46765251	21	G	A	0.146	0.2701188	0.05575886	-141.5998	1e+05	1e+05	2.435172e-06	1.808223e-06	5.750289e-06
10	10-45514327	46767866	18	C	T	0.179	0.2316601	0.05070533	-142.8029	1e+05	1e+05	8.284344e-06	6.340462e-06	1.625065e-05
10	10-45518350	46771885	17	T	A	0.171	0.2326216	0.05080713	-142.7613	1e+05	1e+05	7.939779e-06	6.070383e-06	1.566979e-05
10	10-45518877	46772411	17	C	G	0.069	0.3272135	0.0717576	-142.8402	1e+05	1e+05	8.605869e-06	6.592731e-06	1.678991e-05
10	10-45520251	46773785	6	G	A	0.167	0.2609356	0.05440333	-141.8138	1e+05	1e+05	3.026553e-06	2.259475e-06	6.904688e-06
10	10-45522015	46775549	22	T	A	0.14	0.2645335	0.05776953	-142.7587	1e+05	1e+05	7.919275e-06	6.05432e-06	1.563512e-05
10	10-45524580	46778114	14	T	C	0.168	0.2453448	0.05245188	-142.3351	1e+05	1e+05	5.1428e-06	3.890014e-06	1.081676e-05
10	10-45562942	46817160	9	C	T	0.16	0.2423533	0.05121113	-142.0954	1e+05	1e+05	4.02991e-06	3.029911e-06	8.794625e-06
10	10-45565172	46819390	11	C	T	0.185	0.2295706	0.04899354	-142.2994	1e+05	1e+05	4.959318e-06	3.747863e-06	1.048779e-05
10	10-45579823	46834041	30	A	G	0.048	0.4262767	0.08937603	-141.9325	1e+05	1e+05	3.414649e-06	2.556828e-06	7.644691e-06
10	10-45591591	46845807	18	G	A	0.109	0.2836226	0.06226389	-142.8607	1e+05	1e+05	8.787484e-06	6.73533e-06	1.70934e-05
10	10-45594969	46849185	34	G	A	0.086	0.3074531	0.06729707	-142.8036	1e+05	1e+05	8.290037e-06	6.344927e-06	1.626022e-05
10	10-45629965	46882911	12	C	T	0.167	0.2332812	0.05029476	-142.5049	1e+05	1e+05	6.1139e-06	4.644351e-06	1.253339e-05
10	10-45633154	46886100	13	C	T	0.172	0.2381373	0.05242942	-142.9314	91.79209	1e+05	9.301036e-06	7.25161e-06	1.818447e-05
10	10-45636770	46889715	7	C	T	0.132	0.2745928	0.05741827	-141.8758	1e+05	1e+05	3.223199e-06	2.410031e-06	7.2812e-06
10	10-45637223	46890168	21	G	A	0.184	0.2398105	0.04948836	-141.5936	1e+05	1e+05	2.419901e-06	1.796604e-06	5.719984e-06
10	10-45637227	46890172	20	G	A	0.183	0.2471556	0.05010417	-141.2019	1e+05	1e+05	1.626054e-06	1.1954e-06	4.100562e-06
10	10-45637283	46890228	34	G	A	0.184	0.2388531	0.0516339	-142.5582	1e+05	1e+05	6.45542e-06	4.910368e-06	1.312832e-05
10	10-45640162	46893107	11	C	T	0.171	0.2329382	0.04968593	-142.2886	1e+05	1e+05	4.905148e-06	3.70592e-06	1.039036e-05
10	10-45652765	46905710	10	A	C	0.199	0.2161609	0.04769805	-142.9596	1e+05	1e+05	9.720048e-06	7.468662e-06	1.863975e-05
10	10-45655139	46908084	22	A	G	0.193	0.2273491	0.04896683	-142.4849	1e+05	1e+05	5.990421e-06	4.54826e-06	1.231723e-05
10	10-45694186	46954707	22	C	T	0.185	0.2354939	0.05057429	-142.4266	1e+05	1e+05	5.645457e-06	4.280071e-06	1.171019e-05
10	10-45757676	47009673	12	G	A	0.186	0.2307944	0.04875471	-142.0895	1e+05	1e+05	4.005667e-06	3.011234e-06	8.749794e-06
10	10-45758596	47010593	4	A	G	0.137	0.2681339	0.05895811	-142.8917	1e+05	1e+05	9.069783e-06	6.957125e-06	1.756357e-05
10	10-45758731	47010728	7	G	A	0.229	0.2366278	0.05080071	-142.4198	1e+05	1e+05	5.606594e-06	4.249882e-06	1.16415e-05
10	10-45767822	47019737	12	G	T	0.176	0.2285673	0.05030871	-142.9111	1e+05	1e+05	9.251263e-06	7.0998e-06	1.786486e-05
10	10-45773710	47025624	12	C	T	0.2	0.2363195	0.04991852	-142.1113	60.76219	1e+05	4.000013e-06	3.080439e-06	8.915693e-06
10	10-45777280	47029193	8	A	G	0.187	0.2212059	0.04844023	-142.8122	1e+05	1e+05	8.363199e-06	6.40231e-06	1.638314e-05
10	10-45779733	47031644	5	G	A	0.189	0.2203803	0.04775908	-142.6076	1e+05	1e+05	6.788428e-06	5.170088e-06	1.37045e-05
10	10-45780209	47032120	5	C	T	0.189	0.2211901	0.04833348	-142.7706	1e+05	1e+05	8.015798e-06	6.129944e-06	1.579821e-05
10	10-45793052	47044963	23	A	T	0.168	0.2269383	0.05012054	-142.9765	1e+05	1e+05	9.889782e-06	7.602326e-06	1.891916e-05
10	10-45796468	47048378	13	C	A	0.187	0.2388277	0.04809067	-141.0503	1e+05	1e+05	1.394318e-06	1.021139e-06	3.607393e-06
10	10-45801714	47053618	7	G	A	0.125	0.2609221	0.05706686	-142.7882	1e+05	1e+05	8.160583e-06	6.243422e-06	1.604237e-05
10	10-45806430	47058333	5	G	A	0.187	0.2330909	0.04889118	-141.941	1e+05	1e+05	3.444316e-06	2.579593e-06	7.700759e-06
10	10-45843131	47063133	9	C	T	0.133	0.2592977	0.05689325	-142.8503	1e+05	1e+05	8.69468e-06	6.662453e-06	1.693842e-05
10	10-45839255	47067009	18	C	T	0.159	0.2614266	0.05409174	-141.6507	1e+05	1e+05	2.564171e-06	1.906446e-06	6.005215e-06
10	10-45837441	47068823	4	T	C	0.063	0.3781545	0.07678218	-141.2373	1e+05	1e+05	1.685427e-06	1.240149e-06	4.225167e-06
10	10-45827936	47078203	22	G	A	0.18	0.2335995	0.049889	-142.3139	1e+05	1e+05	5.033345e-06	3.805199e-06	1.062071e-05
10	10-45827537	47078602	20	T	A	0.204	0.2203816	0.04863651	-142.9624	1e+05	1e+05	9.747941e-06	7.490623e-06	1.868571e-05
10	10-45824493	47081643	4	C	T	0.188	0.2188862	0.04785897	-142.7824	1e+05	1e+05	8.11281e-06	6.205973e-06	1.596187e-05
10	10-45812719	47093411	12	T	A	0.292	0.2361066	0.04772727	-141.1376	1e+05	1e+05	1.523468e-06	1.118176e-06	3.883642e-06
10	10-45809953	47096177	19	G	C	0.193	0.2288386	0.05024393	-142.8633	1e+05	1e+05	8.81101e-06	6.753807e-06	1.713265e-05
10	10-45847821	47114110	10	C	A	0.182	0.2304852	0.04890894	-142.1825	1e+05	1e+05	4.403234e-06	3.317854e-06	9.480476e-06
10	10-45852504	47118793	9	C	T	0.186	0.2236832	0.04812824	-142.4644	1e+05	1e+05	5.867154e-06	4.452382e-06	1.210085e-05
10	10-45856344	47122632	15	A	T	0.201	0.2250517	0.04841071	-142.4595	1e+05	1e+05	5.837491e-06	4.429318e-06	1.20487e-05
10	10-45856733	47123021	3	A	T	0.169	0.2273825	0.04925818	-142.6011	1441.641	1e+05	6.737542e-06	5.135242e-06	1.362745e-05
10	10-45870536	47136823	22	G	A	0.185	0.2295655	0.050192	-142.7816	1e+05	1e+05	8.106489e-06	6.201019e-06	1.595121e-05
10	10-45870906	47137193	6	C	T	0.162	0.2578262	0.05601853	-142.6587	1e+05	1e+05	7.151076e-06	5.453282e-06	1.432782e-05
10	10-45881886	47148172	17	G	A	0.151	0.2778818	0.0568268	-141.3955	1e+05	1e+05	1.978946e-06	1.461926e-06	4.832112e-06
10	10-45882454	47148740	14	G	T	0.141	0.2655888	0.05714377	-142.4641	1e+05	1e+05	5.865056e-06	4.450751e-06	1.209717e-05
10	10-45888598	47154884	21	T	C	0.126	0.2898098	0.06256817	-142.5324	1e+05	1e+05	6.287499e-06	4.779526e-06	1.283633e-05
10	10-45888807	47155093	18	C	T	0.132	0.2780484	0.06021896	-142.5953	1e+05	1e+05	6.703585e-06	5.103887e-06	1.355805e-05
10	10-45918337	47184617	19	G	T	0.225	0.2329766	0.04851309	-141.7871	1e+05	1e+05	2.945449e-06	2.197449e-06	6.74841e-06
10	10-45929666	47191058	18	C	T	0.139	0.2931511	0.05673839	-140.122	1e+05	1e+05	5.44753e-07	3.89756e-07	1.659784e-06
10	10-45929672	47191064	20	G	A	0.138	0.2866718	0.05700736	-140.7641	1e+05	1e+05	1.043338e-06	7.586213e-07	2.835415e-06
10	10-45930975	47192366	14	C	T	0.195	0.244516	0.05160312	-142.0693	1e+05	1e+05	3.924126e-06	2.948437e-06	8.598737e-06
10	10-45932016	47193407	26	C	T	0.114	0.2875676	0.06140814	-142.3117	1e+05	1e+05	5.022101e-06	3.796489e-06	1.060053e-05
10	10-45932879	47194270	22	C	T	0.19	0.2759317	0.05270999	-139.7998	1e+05	1e+05	3.933422e-07	2.791572e-07	1.271842e-06
10	10-45940821	47202211	6	A	G	0.174	0.2653672	0.05568334	-141.9494	1e+05	1e+05	3.473741e-06	2.602178e-06	7.756304e-06
10	10-45943323	47204713	8	G	C	0.182	0.2241211	0.04944839	-142.9572	1e+05	1e+05	9.696406e-06	7.450049e-06	1.860078e-05
10	10-45944386	47205776	40	C	A	0.176	0.2545891	0.05157955	-141.263	21.10346	1e+05	1.603641e-06	1.273746e-06	4.318217e-06
10	10-45968700	47230083	3	C	T	0.19	0.2229841	0.04890213	-142.841	1e+05	1e+05	8.612654e-06	6.598057e-06	1.680127e-05
10	10-45968775	47230158	5	C	A	0.187	0.2242595	0.04904674	-142.7875	1e+05	1e+05	8.155448e-06	6.239396e-06	1.603372e-05
10	10-45974753	47236136	5	T	C	0.215	0.2184478	0.04720497	-142.5507	1e+05	1e+05	6.406148e-06	4.871967e-06	1.304275e-05
10	10-45975976	47237359	4	A	G	0.065	0.3412398	0.07510442	-142.9101	1e+05	1e+05	9.241525e-06	7.092143e-06	1.784871e-05
10	10-45979113	47240496	10	C	T	0.191	0.2177104	0.04777527	-142.8531	1e+05	1e+05	8.719183e-06	6.681693e-06	1.697936e-05
10	10-45993322	47254702	20	A	G	0.113	0.2881586	0.06319548	-142.841	1e+05	1e+05	8.612806e-06	6.598177e-06	1.680152e-05
10	10-46021634	47277072	3	C	A	0.188	0.2244756	0.04831663	-142.4719	1e+05	1e+05	5.911723e-06	4.487042e-06	1.217915e-05
10	10-46015895	47282811	18	T	G	0.179	0.2384257	0.05008652	-141.9731	1e+05	1e+05	3.55837e-06	2.667161e-06	7.915696e-06
10	10-46001470	47297238	12	C	T	0.155	0.2518479	0.05284845	-141.9502	1e+05	1e+05	3.476454e-06	2.604261e-06	7.761422e-06
10	10-45999453	47299255	7	G	T	0.203	0.2210259	0.04847209	-142.8408	1e+05	1e+05	8.610591e-06	6.596438e-06	1.679782e-05
10	10-45997221	47301487	32	A	G	0.251	0.2186088	0.04746065	-142.6433	1e+05	1e+05	7.039789e-06	5.366339e-06	1.413698e-05
10	10-45997063	47301645	24	G	A	0.197	0.2298155	0.04840155	-142.0267	1e+05	1e+05	3.757614e-06	2.820301e-06	8.288918e-06
10	10-45995118	47303589	13	G	A	0.175	0.2338969	0.04891742	-141.8796	1e+05	1e+05	3.235684e-06	2.419598e-06	7.304995e-06
10	10-46057233	47318871	16	G	A	0.195	0.2280175	0.04979219	-142.7576	1e+05	1e+05	7.91016e-06	6.047179e-06	1.561971e-05
10	10-46058755	47320391	12	G	C	0.181	0.2245073	0.04935671	-142.9351	32.00081	1e+05	9.038537e-06	7.28024e-06	1.824463e-05
10	10-46058881	47320517	14	C	T	0.188	0.2346277	0.04978957	-142.1832	1e+05	1e+05	4.406189e-06	3.320135e-06	9.485872e-06
10	10-46059521	47321157	19	T	C	0.195	0.2407261	0.04824167	-140.9416	1e+05	1e+05	1.248855e-06	9.121131e-07	3.291553e-06
10	10-46062946	47324581	13	G	T	0.182	0.2505772	0.04933069	-140.5291	1e+05	1e+05	8.223872e-07	5.94445e-07	2.328983e-06
10	10-71514431	70617793	25	T	C	0.01	1.18515	0.2459856	-141.7177	1e+05	1e+05	2.744948e-06	2.044296e-06	6.359412e-06
10	10-71755110	70865679	42	T	C	0.017	0.7546934	0.1614271	-142.3454	1e+05	1e+05	5.197342e-06	3.932295e-06	1.091424e-05
10	10-122817876	123892571	20	T	C	0.098	0.3601353	0.07394511	-141.4839	1e+05	1e+05	2.164733e-06	1.602733e-06	5.209373e-06
10	10-140909585	142270424	17	T	C	0.453	0.1973532	0.03925919	-140.7722	1e+05	1e+05	1.051884e-06	7.649897e-07	2.854642e-06
10	10-142847061	144130765	26	A	G	0.114	0.2941481	0.06499084	-142.9844	1e+05	1e+05	9.969361e-06	7.665013e-06	1.904995e-05
