ID	Q1	Q2	Haplotype
B97	0.996616	0.003384	2
CML103	0.994932	0.005068	2
KI3	0.99999	1e-05	2
Ms71	0.99999	1e-05	2
N6	0.99999	1e-05	2
Oh43	0.99999	1e-05	2
W22	0.99999	1e-05	2
W64a	0.99999	1e-05	2
33-16	0.99999	1e-05	2
38-11Goodman-Buckler	1e-05	0.99999	1
4226	0.99999	1e-05	2
4722	0.99999	1e-05	2
A188	0.99999	1e-05	2
A214NGoodman-Buckler	0.99999	1e-05	2
A239	0.99999	1e-05	2
A441-5	0.99999	1e-05	2
A554	1e-05	0.99999	1
A556	0.99999	1e-05	2
A6	0.99999	1e-05	2
A619	0.99999	1e-05	2
A632	0.99999	1e-05	2
A634	0.99999	1e-05	2
A635	0.99999	1e-05	2
A641	0.99999	1e-05	2
A654	0.99999	1e-05	2
A659	0.99999	1e-05	2
A661	0.99999	1e-05	2
A679	0.99999	1e-05	2
A680	0.99999	1e-05	2
A682	0.99999	1e-05	2
Ab28A	0.99999	1e-05	2
B10	0.988828	0.011172	2
B103	0.987972	0.012028	2
B104	1e-05	0.99999	1
B105	0.99999	1e-05	2
B109	0.99999	1e-05	2
B14A	0.99999	1e-05	2
B164	0.99999	1e-05	2
B2	0.99999	1e-05	2
B37	1e-05	0.99999	1
B46	0.99999	1e-05	2
B52	1e-05	0.99999	1
B57	0.99999	1e-05	2
B64	0.99999	1e-05	2
B68	0.99999	1e-05	2
B73	0.99999	1e-05	2
B75	0.99999	1e-05	2
B76	0.99999	1e-05	2
B77	1e-05	0.99999	1
B79	0.99999	1e-05	2
B84	0.99999	1e-05	2
C103	0.99999	1e-05	2
C123	0.846271	0.153729	2
C49A	0.99999	1e-05	2
CH701-30	0.99999	1e-05	2
CH9	0.99999	1e-05	2
CI187-2	0.99999	1e-05	2
CI21E	0.99999	1e-05	2
CI28AGoodman-Buckler	0.99999	1e-05	2
CI31A	0.99999	1e-05	2
CI3A	0.997383	0.002617	2
CI64	0.99999	1e-05	2
CI66	0.99999	1e-05	2
Ci7Goodman-Buckler	0.99999	1e-05	2
Ci90CGoodman-Buckler	0.99999	1e-05	2
Ci91BGoodman-Buckler	0.989213	0.010787	2
CM105	0.99999	1e-05	2
CM37	0.99999	1e-05	2
CM7	0.99999	1e-05	2
CML10	0.99999	1e-05	2
CML108	0.99999	1e-05	2
CML11	0.99999	1e-05	2
CML14	0.847357	0.152643	2
CML154Q	0.99999	1e-05	2
CML157Q	0.99999	1e-05	2
CML158Q	0.475825	0.524175	0
CML218	0.99999	1e-05	2
CML220	0.99999	1e-05	2
CML228	0.99999	1e-05	2
CML238	0.84938	0.15062	2
CML247	0.99999	1e-05	2
CML254	0.57174	0.42826	0
CML258	0.99999	1e-05	2
CML261	1e-05	0.99999	1
CML264	0.99999	1e-05	2
CML277	0.99999	1e-05	2
CML281	0.99999	1e-05	2
CML287	0.99999	1e-05	2
CML311	0.99999	1e-05	2
CML314	0.99999	1e-05	2
CML321	0.99999	1e-05	2
CML322	0.99999	1e-05	2
CML323	0.57796	0.42204	0
CML328	0.99999	1e-05	2
CML331	0.99999	1e-05	2
CML332	0.99999	1e-05	2
CML333	0.99999	1e-05	2
CML341	0.99999	1e-05	2
CML38	1e-05	0.99999	1
CML45	0.993807	0.006193	2
CML5	0.99999	1e-05	2
CML52	0.99999	1e-05	2
CML61	0.99999	1e-05	2
CML69	0.841188	0.158812	2
CML77	0.462557	0.537443	0
CML91	1e-05	0.99999	1
CML92	0.99999	1e-05	2
CMV3	0.99999	1e-05	2
CO106	1e-05	0.99999	1
CO125	0.841312	0.158688	2
CO255	0.989337	0.010663	2
D940Y	0.99999	1e-05	2
DE-2	0.99999	1e-05	2
DE1	0.99999	1e-05	2
DE811	0.99999	1e-05	2
E2558W	0.83317	0.16683	2
EP1	0.09846	0.90154	1
F2834T	0.99999	1e-05	2
F6	0.99999	1e-05	2
F7	0.99999	1e-05	2
GA209	1e-05	0.99999	1
GT112	0.99999	1e-05	2
H105W	0.99999	1e-05	2
H49	1e-05	0.99999	1
H84	0.99999	1e-05	2
H91	0.99999	1e-05	2
H95	0.99999	1e-05	2
H99	0.99999	1e-05	2
Hi27Goodman-Buckler	0.669239	0.330761	0
HP301	0.99999	1e-05	2
I137TN	1e-05	0.99999	1
i1677a	1e-05	0.99999	1
I205	0.99999	1e-05	2
I29	0.99999	1e-05	2
IA2132Goodman-Buckler	0.99999	1e-05	2
Ia5125	0.99999	1e-05	2
IDS28	0.99999	1e-05	2
IDS69	0.99999	1e-05	2
IDS91	0.99999	1e-05	2
Il101	0.99999	1e-05	2
Il14H	0.99999	1e-05	2
ILLHy	0.99999	1e-05	2
K148	0.99999	1e-05	2
K4	0.99999	1e-05	2
K55	0.99999	1e-05	2
K64	0.99999	1e-05	2
Ki11	1e-05	0.99999	1
Ki14	0.99999	1e-05	2
Ki2021	0.99999	1e-05	2
Ki21	0.99999	1e-05	2
Ki43	0.99999	1e-05	2
Ki44	0.99999	1e-05	2
Ky21	0.99999	1e-05	2
KY226	0.99999	1e-05	2
KY228	0.99999	1e-05	2
L317	0.99999	1e-05	2
L578	0.99999	1e-05	2
M14	0.998507	0.001493	2
M162W	0.844681	0.155319	2
M37W	0.458458	0.541542	0
MEF156-55-2	1e-05	0.99999	1
Mo17	0.99999	1e-05	2
Mo18W	1e-05	0.99999	1
MO1W	1e-05	0.99999	1
Mo24W	0.99999	1e-05	2
Mo44	0.99999	1e-05	2
Mo45	0.99999	1e-05	2
Mo46	0.99999	1e-05	2
Mo47	0.99999	1e-05	2
MoG	0.99999	1e-05	2
Mp339	1e-05	0.99999	1
MS1334	0.99999	1e-05	2
MS153	0.99999	1e-05	2
Mt42	0.99999	1e-05	2
N192	0.99999	1e-05	2
N28Ht	1e-05	0.99999	1
NC222	0.991448	0.008552	2
NC230	1e-05	0.99999	1
NC232	0.99999	1e-05	2
NC236	0.99999	1e-05	2
NC238	0.99999	1e-05	2
NC250	1e-05	0.99999	1
NC258	0.99999	1e-05	2
NC260	0.99999	1e-05	2
NC262	0.99999	1e-05	2
NC264	0.99999	1e-05	2
NC290A	0.99999	1e-05	2
NC294	0.99999	1e-05	2
NC296	0.99999	1e-05	2
NC296A	0.987324	0.012676	2
NC298	0.99999	1e-05	2
NC300	0.99999	1e-05	2
NC302	0.998337	0.001663	2
NC304	0.99999	1e-05	2
NC306	0.99999	1e-05	2
NC310	0.99999	1e-05	2
NC314	1e-05	0.99999	1
NC318	0.99999	1e-05	2
NC320	0.99999	1e-05	2
NC324	1e-05	0.99999	1
NC326	1e-05	0.99999	1
NC328	0.99999	1e-05	2
NC33	0.99999	1e-05	2
NC336	0.99999	1e-05	2
NC338	0.99999	1e-05	2
NC340	0.99999	1e-05	2
NC342	0.99999	1e-05	2
NC344	0.99999	1e-05	2
NC346	0.99999	1e-05	2
NC348	0.99999	1e-05	2
NC350	0.99999	1e-05	2
NC352	0.99999	1e-05	2
NC354	0.997448	0.002552	2
NC356	0.99999	1e-05	2
NC358	0.99999	1e-05	2
NC360	0.99999	1e-05	2
NC362	0.99999	1e-05	2
NC364	0.99999	1e-05	2
NC366	0.99999	1e-05	2
NC368	0.99999	1e-05	2
ND246	0.99999	1e-05	2
Oh40B	0.99999	1e-05	2
Oh43E	0.99999	1e-05	2
Oh603	0.99999	1e-05	2
OH7B	1e-05	0.99999	1
Os420	0.99999	1e-05	2
P39Goodman-Buckler	0.996201	0.003799	2
Pa762	0.99999	1e-05	2
Pa875	1e-05	0.99999	1
Pa880	0.99999	1e-05	2
Pa91	1e-05	0.99999	1
R168	0.992259	0.007741	2
R177	0.99999	1e-05	2
R229	0.99999	1e-05	2
R4	0.99999	1e-05	2
SA24	0.99999	1e-05	2
SC213R	0.99999	1e-05	2
SC357	0.99999	1e-05	2
SC55	0.99999	1e-05	2
SD40	0.99999	1e-05	2
SD44	1e-05	0.99999	1
Sg1533	0.994715	0.005285	2
Sg18	0.99999	1e-05	2
T232	1e-05	0.99999	1
T234	0.99999	1e-05	2
T8	0.99999	1e-05	2
Tx303	0.99999	1e-05	2
Tx601	0.99999	1e-05	2
Tzi10	0.99999	1e-05	2
Tzi11	0.99999	1e-05	2
Tzi16	0.99999	1e-05	2
Tzi18	0.99999	1e-05	2
Tzi25	0.994339	0.005661	2
Tzi8	0.99999	1e-05	2
Tzi9	0.99999	1e-05	2
U267Y	1e-05	0.99999	1
VA102	0.99999	1e-05	2
Va14	0.99999	1e-05	2
Va17	0.99999	1e-05	2
Va22	0.99999	1e-05	2
Va26	0.99999	1e-05	2
Va35	0.99999	1e-05	2
Va59	0.99999	1e-05	2
Va85	0.846411	0.153589	2
Va99	0.131085	0.868915	1
VaW6	0.993557	0.006443	2
W117Ht	0.99999	1e-05	2
W153R	0.99999	1e-05	2
W182B	0.99999	1e-05	2
Wf9	1e-05	0.99999	1
Yu796	0.99999	1e-05	2
