ID	Q1	Q2	Q3	Haplotype
B97	0.99998	1e-05	1e-05	3
CML103	0.655692	0.34105	0.003258	0
KI3	0.662843	0.337147	1e-05	0
Ms71	0.99998	1e-05	1e-05	3
N6	0.039195	0.555924	0.404881	0
Oh43	0.99998	1e-05	1e-05	3
W22	0.99998	1e-05	1e-05	3
W64a	0.99998	1e-05	1e-05	3
33-16	0.99998	1e-05	1e-05	3
38-11Goodman-Buckler	0.008459	0.58133	0.41021	0
4226	0.99998	1e-05	1e-05	3
4722	0.667008	0.332982	1e-05	0
A188	0.99998	1e-05	1e-05	3
A214NGoodman-Buckler	0.99998	1e-05	1e-05	3
A239	1e-05	0.99998	1e-05	1
A441-5	0.805797	0.194193	1e-05	3
A554	1e-05	0.46517	0.53482	0
A556	1e-05	1e-05	0.99998	2
A6	0.298338	0.701652	1e-05	1
A619	0.99998	1e-05	1e-05	3
A632	0.99998	1e-05	1e-05	3
A634	0.99998	1e-05	1e-05	3
A635	0.99998	1e-05	1e-05	3
A641	0.999979	1.1e-05	1e-05	3
A654	0.99998	1e-05	1e-05	3
A659	0.99998	1e-05	1e-05	3
A661	0.99998	1e-05	1e-05	3
A679	0.99998	1e-05	1e-05	3
A680	0.99998	1e-05	1e-05	3
A682	0.99998	1e-05	1e-05	3
Ab28A	0.99998	1e-05	1e-05	3
B10	0.99998	1e-05	1e-05	3
B103	1e-05	0.99998	1e-05	1
B104	1e-05	0.553769	0.446221	0
B105	0.99998	1e-05	1e-05	3
B109	0.99998	1e-05	1e-05	3
B14A	0.99998	1e-05	1e-05	3
B164	1e-05	1e-05	0.99998	2
B2	1e-05	0.99998	1e-05	1
B37	1e-05	1e-05	0.99998	2
B46	0.99998	1e-05	1e-05	3
B52	1e-05	0.564654	0.435336	0
B57	0.99998	1e-05	1e-05	3
B64	0.99998	1e-05	1e-05	3
B68	0.999975	1.5e-05	1e-05	3
B73	0.999978	1.2e-05	1e-05	3
B75	0.99998	1e-05	1e-05	3
B76	0.994553	0.005437	1e-05	3
B77	1e-05	0.578124	0.421866	0
B79	0.99998	1e-05	1e-05	3
B84	0.99998	1e-05	1e-05	3
C103	0.99998	1e-05	1e-05	3
C123	0.99998	1e-05	1e-05	3
C49A	0.646215	0.353775	1e-05	0
CH701-30	0.99998	1e-05	1e-05	3
CH9	0.99998	1e-05	1e-05	3
CI187-2	0.99998	1e-05	1e-05	3
CI21E	0.99998	1e-05	1e-05	3
CI28AGoodman-Buckler	0.99998	1e-05	1e-05	3
CI31A	0.99998	1e-05	1e-05	3
CI3A	0.99998	1e-05	1e-05	3
CI64	0.645239	0.354751	1e-05	0
CI66	0.646566	0.34711	0.006324	0
Ci7Goodman-Buckler	0.99998	1e-05	1e-05	3
Ci90CGoodman-Buckler	0.99998	1e-05	1e-05	3
Ci91BGoodman-Buckler	0.99998	1e-05	1e-05	3
CM105	0.999979	1.1e-05	1e-05	3
CM37	0.992097	1e-05	0.007893	3
CM7	0.99998	1e-05	1e-05	3
CML10	1e-05	1e-05	0.99998	2
CML108	0.630523	0.369328	0.00015	0
CML11	1e-05	1e-05	0.99998	2
CML14	0.795944	0.204046	1e-05	3
CML154Q	0.665567	0.334423	1e-05	0
CML157Q	0.09824	0.90175	1e-05	1
CML158Q	0.047651	0.952339	1e-05	1
CML218	0.010195	0.989795	1e-05	1
CML220	1e-05	0.99998	1e-05	1
CML228	0.632976	0.367014	1e-05	0
CML238	0.83716	0.16283	1e-05	3
CML247	1e-05	1e-05	0.99998	2
CML254	0.642287	0.357703	1e-05	0
CML258	0.529274	0.470716	1e-05	0
CML261	0.498042	0.501948	1e-05	0
CML264	0.020747	0.979243	1e-05	1
CML277	1e-05	0.99998	1e-05	1
CML281	0.490314	0.509676	1e-05	0
CML287	1e-05	1e-05	0.99998	2
CML311	0.99998	1e-05	1e-05	3
CML314	0.40233	0.59766	1e-05	0
CML321	0.642581	0.357409	1e-05	0
CML322	0.99998	1e-05	1e-05	3
CML323	1e-05	0.41244	0.58755	0
CML328	1e-05	0.414764	0.585226	0
CML331	0.99998	1e-05	1e-05	3
CML332	1e-05	1e-05	0.99998	2
CML333	1e-05	1e-05	0.99998	2
CML341	0.871962	0.128028	1e-05	3
CML38	1e-05	0.99998	1e-05	1
CML45	0.541461	0.458529	1e-05	0
CML5	0.507248	0.492742	1e-05	0
CML52	0.587142	0.412848	1e-05	0
CML61	0.389867	0.610123	1e-05	0
CML69	0.812712	0.187278	1e-05	3
CML77	1e-05	0.99998	1e-05	1
CML91	0.144121	0.855869	1e-05	1
CML92	0.377792	0.622198	1e-05	0
CMV3	1e-05	1e-05	0.99998	2
CO106	1e-05	0.99998	1e-05	1
CO125	0.797482	0.202508	1e-05	3
CO255	0.99998	1e-05	1e-05	3
D940Y	0.99998	1e-05	1e-05	3
DE-2	0.635029	0.364961	1e-05	0
DE1	0.640469	0.359521	1e-05	0
DE811	1e-05	0.99998	1e-05	1
E2558W	0.806053	0.193937	1e-05	3
EP1	1e-05	0.416096	0.583894	0
F2834T	0.99998	1e-05	1e-05	3
F6	1e-05	0.99998	1e-05	1
F7	1e-05	0.412537	0.587453	0
GA209	1e-05	1e-05	0.99998	2
GT112	0.99998	1e-05	1e-05	3
H105W	0.99998	1e-05	1e-05	3
H49	0.018695	0.572983	0.408322	0
H84	0.99998	1e-05	1e-05	3
H91	0.99998	1e-05	1e-05	3
H95	0.657291	0.342699	1e-05	0
H99	0.682544	0.317446	1e-05	0
Hi27Goodman-Buckler	0.832014	0.16423	0.003756	3
HP301	0.680204	0.319786	1e-05	0
I137TN	1e-05	1e-05	0.99998	2
i1677a	1e-05	0.417617	0.582373	0
I205	0.99998	1e-05	1e-05	3
I29	0.99998	1e-05	1e-05	3
IA2132Goodman-Buckler	0.99998	1e-05	1e-05	3
Ia5125	1e-05	0.412089	0.587901	0
IDS28	0.99998	1e-05	1e-05	3
IDS69	0.667219	0.332771	1e-05	0
IDS91	0.651511	0.348479	1e-05	0
Il101	0.99998	1e-05	1e-05	3
Il14H	1e-05	0.415013	0.584977	0
ILLHy	0.99998	1e-05	1e-05	3
K148	1e-05	1e-05	0.99998	2
K4	0.99998	1e-05	1e-05	3
K55	0.99998	1e-05	1e-05	3
K64	0.99998	1e-05	1e-05	3
Ki11	1e-05	0.41748	0.58251	0
Ki14	0.472908	0.527082	1e-05	0
Ki2021	0.488652	0.511338	1e-05	0
Ki21	0.99998	1e-05	1e-05	3
Ki43	0.797456	0.202534	1e-05	3
Ki44	0.659547	0.340443	1e-05	0
Ky21	0.99998	1e-05	1e-05	3
KY226	0.634034	0.365956	1e-05	0
KY228	0.99998	1e-05	1e-05	3
L317	0.99998	1e-05	1e-05	3
L578	0.567685	0.432305	1e-05	0
M14	0.99998	1e-05	1e-05	3
M162W	0.811943	0.188047	1e-05	3
M37W	0.189702	0.810288	1e-05	1
MEF156-55-2	1e-05	0.415863	0.584127	0
Mo17	0.99998	1e-05	1e-05	3
Mo18W	1e-05	0.99998	1e-05	1
MO1W	1e-05	0.99998	1e-05	1
Mo24W	1e-05	1e-05	0.99998	2
Mo44	1e-05	0.99998	1e-05	1
Mo45	1e-05	0.411765	0.588225	0
Mo46	1e-05	0.99998	1e-05	1
Mo47	1e-05	0.412677	0.587313	0
MoG	0.99998	1e-05	1e-05	3
Mp339	1e-05	1e-05	0.99998	2
MS1334	0.99998	1e-05	1e-05	3
MS153	0.99998	1e-05	1e-05	3
Mt42	0.99998	1e-05	1e-05	3
N192	0.99998	1e-05	1e-05	3
N28Ht	0.660818	0.339172	1e-05	0
NC222	1e-05	0.99998	1e-05	1
NC230	1e-05	0.593899	0.406091	0
NC232	0.644396	0.355594	1e-05	0
NC236	0.99998	1e-05	1e-05	3
NC238	0.99998	1e-05	1e-05	3
NC250	1e-05	1e-05	0.99998	2
NC258	1e-05	0.99998	1e-05	1
NC260	1e-05	0.99998	1e-05	1
NC262	1e-05	0.99998	1e-05	1
NC264	0.99998	1e-05	1e-05	3
NC290A	1e-05	0.99998	1e-05	1
NC294	0.99998	1e-05	1e-05	3
NC296	1e-05	1e-05	0.99998	2
NC296A	1e-05	1e-05	0.99998	2
NC298	0.99998	1e-05	1e-05	3
NC300	0.474396	0.525594	1e-05	0
NC302	0.468617	0.531373	1e-05	0
NC304	1e-05	0.557667	0.442323	0
NC306	0.99998	1e-05	1e-05	3
NC310	0.99998	1e-05	1e-05	3
NC314	1e-05	1e-05	0.99998	2
NC318	0.99998	1e-05	1e-05	3
NC320	0.99998	1e-05	1e-05	3
NC324	1e-05	1e-05	0.99998	2
NC326	1e-05	1e-05	0.99998	2
NC328	0.99998	1e-05	1e-05	3
NC33	0.99998	1e-05	1e-05	3
NC336	1e-05	1e-05	0.99998	2
NC338	0.431065	0.568925	1e-05	0
NC340	0.43995	0.56004	1e-05	0
NC342	1e-05	0.99998	1e-05	1
NC344	1e-05	0.99998	1e-05	1
NC346	1e-05	1e-05	0.99998	2
NC348	0.548913	0.451077	1e-05	0
NC350	0.01906	0.543978	0.436963	0
NC352	0.475632	0.524358	1e-05	0
NC354	1e-05	1e-05	0.99998	2
NC356	0.477117	0.522873	1e-05	0
NC358	0.476976	0.523014	1e-05	0
NC360	1e-05	0.99998	1e-05	1
NC362	1e-05	0.99998	1e-05	1
NC364	1e-05	0.99998	1e-05	1
NC366	0.99998	1e-05	1e-05	3
NC368	0.99998	1e-05	1e-05	3
ND246	0.99998	1e-05	1e-05	3
Oh40B	0.99998	1e-05	1e-05	3
Oh43E	0.99998	1e-05	1e-05	3
Oh603	1e-05	0.99998	1e-05	1
OH7B	1e-05	0.580695	0.419295	0
Os420	0.99998	1e-05	1e-05	3
P39Goodman-Buckler	1e-05	1e-05	0.99998	2
Pa762	0.99998	1e-05	1e-05	3
Pa875	0.644405	0.355585	1e-05	0
Pa880	1e-05	0.99998	1e-05	1
Pa91	1e-05	0.569336	0.430654	0
R168	0.99998	1e-05	1e-05	3
R177	0.999976	1.4e-05	1e-05	3
R229	0.99998	1e-05	1e-05	3
R4	1e-05	0.99998	1e-05	1
SA24	0.686536	0.313454	1e-05	0
SC213R	0.99998	1e-05	1e-05	3
SC357	0.99998	1e-05	1e-05	3
SC55	1e-05	0.99998	1e-05	1
SD40	1e-05	0.99998	1e-05	1
SD44	1e-05	0.156934	0.843056	2
Sg1533	0.995955	0.004035	1e-05	3
Sg18	0.99998	1e-05	1e-05	3
T232	1e-05	1e-05	0.99998	2
T234	0.99998	1e-05	1e-05	3
T8	1e-05	0.99998	1e-05	1
Tx303	0.99998	1e-05	1e-05	3
Tx601	0.645936	0.354054	1e-05	0
Tzi10	0.471305	0.528685	1e-05	0
Tzi11	0.429012	0.570978	1e-05	0
Tzi16	0.457128	0.542862	1e-05	0
Tzi18	0.456916	0.543074	1e-05	0
Tzi25	0.99998	1e-05	1e-05	3
Tzi8	0.676181	0.323809	1e-05	0
Tzi9	0.84208	0.15791	1e-05	3
U267Y	0.99998	1e-05	1e-05	3
VA102	0.99998	1e-05	1e-05	3
Va14	1e-05	0.99998	1e-05	1
Va17	0.085667	0.914323	1e-05	1
Va22	1e-05	0.99998	1e-05	1
Va26	0.99998	1e-05	1e-05	3
Va35	1e-05	0.99998	1e-05	1
Va59	1e-05	0.99998	1e-05	1
Va85	0.99998	1e-05	1e-05	3
Va99	1e-05	0.683441	0.316549	0
VaW6	0.990793	0.009197	1e-05	3
W117Ht	1e-05	0.99998	1e-05	1
W153R	0.99998	1e-05	1e-05	3
W182B	0.999974	1.6e-05	1e-05	3
Wf9	1e-05	0.589438	0.410552	0
Yu796	0.993728	1e-05	0.006262	3
