trait	p12	eff12	std12	Nhap1	hap1	Nhap2	hap2
HN.B	0.235905478483208	0.927239139038435	0.780010013330491	28	16.1415379289286	183	16.8533744704372
HN.Ca	0.0770363131744886	-0.023458376580085	0.0132035527143447	27	0.434853096111111	193	0.409499978875648
HN.CHL	0.641732257093593	-3.27523911114832	7.02958617570028	28	405.458835871429	197	399.121987377665
HN.Cu	0.0903527279427025	-0.759550238585575	0.446471870794521	27	12.2563124994444	192	11.4195792036198
HN.DW	0.302129261917925	-0.266097038259234	0.257248544527302	27	7.36314596507407	190	7.21952287076316
HN.Fe	0.121265934937217	-1.86649473812193	1.19993731831965	28	103.457420623214	197	101.212404169949
HN.FW	0.226032936938074	-1.62841269552035	1.34111547538836	27	31.9003827418519	187	30.8893421231016
HN.K	0.046145657315016	0.0813626426099927	0.0405728733057152	28	2.239370324	198	2.32535627333838
HN.LA	0.570088919044586	-22.3528298946386	39.3002104450468	28	1238.28940791071	198	1230.86616027576
HN.Mg	0.638094563576614	-0.00372621402933452	0.00791087883086621	28	0.206753219142857	195	0.205959598615385
HN.Mn	0.593937603915565	-2.0381134394821	3.81656602376683	24	75.7528099466667	176	73.6101016407954
HN.N	0.853914570561044	0.00379977550076006	0.0206125832524703	28	2.81675577946429	197	2.81689422171574
HN.P	0.840557710574118	-0.00100154182626343	0.00497245007853524	28	0.299054617642857	197	0.298057633086294
HN.S	0.591960843015943	-0.00132581012593183	0.00246990781214711	27	0.186160225333333	197	0.184122235573604
HN.Zn	0.254584774869937	-1.48503483859474	1.29975524136526	23	28.6136706265217	183	27.5908087323497
LN.B	0.603605763776867	-0.235960435321056	0.453749798556952	28	14.9500728125	183	14.6092803110383
LN.Ca	0.328329432061663	-0.013700192423777	0.0139832938714735	28	0.348360850035714	188	0.329287506180851
LN.CHL	0.774743392252816	1.82790794527322	6.3793262744701	27	283.581839448148	193	281.392659764249
LN.Cu	0.434409988596882	-0.24726195641606	0.31564138803415	22	7.00485506218182	169	6.70698793692308
LN.DW	0.3769031589451	0.159493070192589	0.180121264144868	28	5.75984521460714	189	5.93955242757143
LN.Fe	0.268447076729109	-1.38471967624371	1.24806916380424	28	76.7775729825	194	74.9458664612371
LN.FW	0.481300593071521	0.588799586800844	0.834656829752367	28	23.3347348564286	192	24.1628036510417
LN.K	0.208199591208339	0.0523467717188297	0.0414708383067718	28	2.15027951567857	196	2.2274839684949
LN.LA	0.556958337759124	18.1548182855635	30.8607965946616	28	1050.61258926071	193	1078.3428836114
LN.Mg	0.757428643151855	0.00239837530377511	0.00775543066835881	28	0.153450140678571	193	0.156469010492228
LN.Mn	0.953763088454597	0.227519305292195	3.91868646320748	23	55.9412190052174	168	55.6174029055357
LN.N	0.560700296620774	-0.0167621539415257	0.0287653076466852	27	2.03337352411111	190	2.00390870318421
LN.P	0.843950301793251	0.000986923007892181	0.00500772939451596	28	0.296409353678571	193	0.297694967253886
LN.S	0.170774743936688	-0.00555866820595729	0.00404468244153881	28	0.164425807821429	192	0.156915703296875
LN.Zn	0.481548708924685	-0.81555141620596	1.15621248444102	21	21.8106942371429	154	21.1245364000649
HN_LN.B	0.130749847274451	0.070739502530615	0.0466114997957925	28	1.09129131321429	169	1.15626404011243
HN_LN.Ca	0.966086519679188	0.00197209327592857	0.0463272279058532	27	1.25309801666667	184	1.27228870105978
HN_LN.CHL	0.708665471965064	-0.0117666328794229	0.0314494272722703	27	1.43481740440741	193	1.43252848229016
HN_LN.Cu	0.954549455529754	0.00389441965891527	0.0682338877089963	21	1.70743557633333	163	1.71430227086503
HN_LN.DW	0.0509133288666041	-0.0775870924099491	0.0395077642017487	27	1.28763116337037	181	1.22750555746409
HN_LN.Fe	0.958903490076938	0.00112203575090985	0.0217493188686956	28	1.35189103610714	193	1.35605725138342
HN_LN.FW	0.0271558836129889	-0.100916492113221	0.0453479270177937	27	1.37226856459259	181	1.28604335835912
HN_LN.K	0.42153890953728	0.0131619979080385	0.0163448821710889	28	1.04494283114286	196	1.04860822039286
HN_LN.LA	0.236618156803254	-0.0330834084161733	0.0278766218031194	28	1.17560498814286	193	1.14705213896373
HN_LN.Mg	0.508421391101495	-0.0305225509687585	0.0460780503558046	28	1.37153926853571	191	1.35419403524607
HN_LN.Mn	0.449104555263197	-0.0584747672382593	0.0770739202715348	19	1.41565287805263	154	1.36931897877922
HN_LN.N	0.372664446433588	0.0173032903365123	0.0193680557650505	27	1.38749478748148	189	1.41161952444974
HN_LN.P	0.737423428519417	-0.00476108627341516	0.014182504663329	28	1.00924511814286	192	1.00325388954687
HN_LN.S	0.283173896849139	0.0272634705037224	0.0253393491916966	27	1.14982861774074	191	1.18623174077487
HN_LN.Zn	0.667094246490632	0.0291613355721687	0.0676664021399144	17	1.27633410847059	144	1.33803300411111
G_N	0.380275097390358	-0.0864160164489063	0.098259167549	26	3.30115384615385	166	3.18807228915663
G_CHL	0.342706595877709	-15.903818889617	16.7186782733445	26	531.915384615385	165	503.298787878788
G_FW	0.721327253227695	1.04841312319128	2.93486965621895	25	30.414	166	32.9780120481928
G_LA	0.845939120199445	21.178305404191	108.84469506668	25	1237.39992	166	1325.04689939759
G_DW	0.413849864118525	0.481901136082276	0.58842830176407	26	6.99384615384615	166	7.7255421686747
G_LWC	0.302552299128307	-0.00780627090208214	0.00755073797524443	25	0.76588	166	0.759407831325301
G_Thickness	0.153651657342136	2.88165731192669	2.01149240841217	25	57.4484	166	59.4162048192771
G_P	0.606749791778889	-0.016212779567429	0.0314450991613988	26	0.456538461538462	166	0.436746987951807
G_K	0.143979870293239	0.179552568275525	0.122371077528476	26	2.39807692307692	166	2.56307228915663
G_Mg	0.455678644825635	0.0191728066744727	0.0256479808853538	26	0.240384615384615	166	0.264518072289157
G_Ca	0.642107946005196	-0.0357463186706186	0.0767895795410702	26	0.813076923076923	166	0.766084337349398
G_S	0.237259140297328	-0.0359159634932573	0.0302918371554843	26	0.396153846153846	166	0.348253012048193
G_Na	0.519366926372229	-0.000145910861648151	0.000226028248796361	26	0.00196153846153846	166	0.00177710843373494
G_Fe	0.814144987284209	1.10493097231869	4.69356421894914	26	95.8076923076923	166	95.6626506024096
G_Mn	0.773335501851067	2.41752741776228	8.38161885376985	26	57.2692307692308	166	56.4096385542169
G_B	0.959244324905456	-0.463690500411114	9.06168700836936	26	65.1538461538462	166	61.4698795180723
G_Cu	0.343387888047812	-1.12555413789669	1.18491557185329	26	13.6153846153846	166	12.1566265060241
G_Zn	0.304934876757701	-9.8478852328718	9.57284789639987	26	98.9230769230769	166	84.3614457831325
CobDiameter	0.473652457347129	-0.307952745963799	0.429141918026994	34	25.7590346226471	229	25.4582400948035
CobWeight	0.287560722088464	-0.764766901112156	0.717627010195418	34	16.6231141435294	229	15.7504303972751
DaystoSilk	0.374234875781272	-1.03578095100771	1.1636520906128	34	78.4787662294118	229	79.0725385656332
DaysToTassel	0.48321880946042	-0.768891972600705	1.09505428787896	34	76.7564767073529	229	77.6185820415284
EarDiameter	0.24501916939581	-0.672389198648826	0.577060001896944	34	37.4459217547059	228	36.6537929202632
EarHeight	0.962427008216585	0.130021360058791	2.75737999420394	34	62.2807427232353	229	64.564325931441
EarLength	0.871961359963171	-0.441164125980405	2.73457942616108	34	128.530457505	229	127.856128197118
EarRankNumber	0.192177862438287	-0.5293225626576	0.404775086473117	32	22.01845394125	223	21.3135966783408
EarRowNumber	0.47065940288777	-0.193314436374812	0.267572496685084	34	13.7670085288235	228	13.4131316254386
EarWeight	0.0813223636743511	-4.71647499198175	2.69518158200894	34	69.9118056247059	227	64.2597491260352
GDDAnthesis.SilkingInterval	0.21486113426972	-3.06414568789862	2.46439285824709	34	25.9947414919412	229	22.9114242944847
GDDDaystoSilk	0.324560175679554	-14.7690124324466	14.9633161401697	34	923.321713820588	229	925.469052687773
GDDDaystoTassel	0.404450284395371	-12.0615859433607	14.4437831444903	34	902.343476673529	229	908.617087727948
GerminationCount	0.192525398844401	0.297362307599093	0.227591632243566	34	6.30492666920588	229	6.50288058263319
LeafLength	0.444530275706306	11.949932120207	15.6057062971943	34	711.274472202941	229	740.530624719214
LeafWidth	0.344152719113769	-2.07609252761079	2.19059022379578	34	86.4475933394118	229	85.3342048082096
MainSpikeLength	0.365002770166646	5.77704852187408	6.36607295224448	34	223.252623888235	229	230.197616269432
MiddleLeafAngle	0.981178591553001	-0.0291048879964561	1.23247765982559	33	61.4691235484848	222	62.1476258054054
NIROil	0.676993283047467	0.0480147074299206	0.115128546551247	34	4.28877871329412	224	4.36293516775446
NIRProtein	0.411289091306592	-0.153751827325014	0.186821165635147	34	14.2580333873529	224	14.1041887710714
NIRStarch	0.756277587376957	-0.109466784077202	0.352312747527785	34	66.7018248867647	224	66.5087916592411
NumberofTilleringPlants	0.529512319375241	-0.0278414526684949	0.0442207362841851	34	1.31153809735294	229	1.27716788522271
PlantHeight	0.777914727196802	0.985786014406829	3.49157504760837	34	133.062980325882	229	135.428572340437
RowQuality	0.0606955671634682	0.0350576403686915	0.0186082199570673	33	2.16577813069697	229	2.19693192408297
SecondaryBranchNumber	0.519377112884752	-0.134015520985715	0.207714676251893	34	1.93798508835294	229	2.00256922868996
SeedSetLength	0.563795110776627	-1.27555065928506	2.20697608068333	34	112.780683773235	228	111.071245884474
SouthernLeafBlight	0.270757137887671	0.18532953673521	0.167918517186754	34	6.46846593376471	229	6.73471169540611
Spikelets.MainSpike	0.272739366054325	0.682134178375373	0.620612089938022	34	23.1692554970588	228	23.6576841044298
Spikelets.PrimaryBranch	0.379099621807171	0.456194124194412	0.517769004993581	34	14.9184217112647	228	15.4131938956228
StandCount	0.280351784427335	0.10050499233752	0.0929053920953258	34	7.53163962926471	229	7.63236150727948
TasselBranchLength	0.603082103855839	2.88123103468035	5.53429292828029	34	194.199135894118	229	201.940286632751
TasselLength	0.64939607560738	3.2129876463792	7.05944255086385	34	317.111721464706	229	325.301780950218
TasselPrimaryBranches	0.981984295803876	-0.0175153456182808	0.774906994670184	34	10.4728545644118	229	11.110522099559
TilleringIndex	0.411307238344595	0.00834861853930328	0.0101449808626248	34	0.572126421205882	229	0.581120403048035
TotalKernelVolume	0.0880646663397742	-2.45569487956864	1.43398251040903	32	62.8550720234375	219	60.2942907422831
UpperLeafAngle	0.708221959749961	0.750844380669559	2.00407479391853	34	57.5989142891176	229	58.3621179027074
X20KernelWeight	0.388161972318881	-0.106334599505073	0.123011493798998	34	4.63160295664706	227	4.54426494189868
X.1060..pyruvic.acid..6.714.	0.990643253272671	3.77892139781053e-06	0.000321809271025969	28	0.000239135785714286	166	0.000216477198795181
X.971..oxalic.acid..7.883.	0.0116962411322884	-6.64537155625411e-05	2.60963152317928e-05	27	0.000298077296296296	163	0.000233366049079755
X.6287..L.valine.2..9.151.	0.391213589899752	-0.00174338757027549	0.00202858173475881	28	0.0176666994285714	164	0.0157740890914634
X.700..ethanolamine..9.879.	0.55681011901122	-0.000603053464129579	0.00102445828818058	27	0.00673864814814815	163	0.00615437636809816
X.6106..L.leucine.2..9.945.	0.337799291813844	-0.00148262783871547	0.0015428377994417	28	0.006958879	165	0.00543416589090909
X.938..nicotinic.acid..10.27.	0.948030477922691	-8.33669665642596e-06	0.000127720876842134	27	0.000846407666666667	155	0.000890050412903226
X.791..DL.isoleucine.2..10.225.	0.0638557631480995	-0.00172507217993757	0.000925290861459677	28	0.00695581207142857	162	0.00500298898148148
X.444266..maleic.acid..10.323.	0.408604160918635	7.44556836620828e-06	8.98967195134854e-06	27	4.33585555555556e-05	163	5.22856441717791e-05
X.439194..glyceric.acid..10.735.	0.459518868005668	-0.00101552501137253	0.00137017610686912	28	0.01419951475	165	0.0135348681212121
X.444972..fumaric.acid..10.94.	0.30955863834576	0.000917016105689889	0.000900003740058393	28	0.00679060742857143	165	0.00761103974545455
X.439742..beta.cyano.L.alanine..11.288.	0.94772162772827	-0.000151290487018066	0.00230431365308646	28	0.00539562267857143	166	0.00564514305421687
X.6288..L.threonine.2..11.464.	0.0390145252841041	-0.00358961494345437	0.001726963230918	28	0.0180341407142857	165	0.0143758970727273
X.239..Beta..alanine..1..12.044.	0.000225446473946858	-0.0042392176592889	0.00112698443756437	28	0.00927309153571429	165	0.00488169635757576
X.12647..L.homoserine.2..12.359.	0.186532195581391	-0.000435608558549425	0.0003285695323439	28	0.00275773721428571	164	0.00232175947560976
X.5960..aspartic.acid.2..13.207.	0.0653449901100941	-0.00570010667942743	0.00307484733353525	28	0.0782493826785714	164	0.0726343399878049
X.5810..trans.4.hydroxy.L.proline.2..13.267.	0.724887825922292	0.000118857760813202	0.000337223023481834	28	0.00103243142857143	165	0.00118408643636364
X.119..gamma.aminobutyric.acid..GABA...13.326.	0.0743981650056909	-0.00913974875881651	0.00509453099423464	28	0.0219104579285714	167	0.0131381257964072
X.5460407..threonic.acid..13.652.	0.651535101753955	0.000276124171611775	0.000610415361484911	28	0.00758245967857143	165	0.00805753672727273
X.1001..phenethylamine..13.742.	0.26774659537659	0.000484537416231132	0.000435907323383915	28	0.00135962671428571	165	0.00162087035757576
X.51..alpha.ketoglutaric.acid..13.859.	0.585046749144587	-0.000329475482394083	0.000602362809724093	28	0.00701383364285714	165	0.0069441776
X.738..L.glutamine.2..14.083.	0.463558883104648	-8.45200745070916e-05	0.000115068963657772	28	0.000843092535714286	163	0.000738898791411043
X.236..L.asparagine.2..14.984.	0.799587021969823	0.00437726556204691	0.0172171030653253	28	0.0243939796785714	166	0.0317639061084337
X.2724705..1.6.anhydro.glucose..15.326.	0.0815762909035663	-0.000284635605432446	0.000162551018078345	28	0.00191813010714286	164	0.00163855768902439
X.6912..xylitol..15.376.	0.813582410235831	8.29244391882282e-05	0.00035094901212856	19	0.00213497794736842	116	0.00212906013793103
X.827..ribitol..15.66.	0.467832983029162	0.00017871552399395	0.000245661638050127	27	0.0195076265555556	166	0.0196716405722892
X.754..glycerol.1.phosphate..16.056.	0.964022014370894	0.000251335553512382	0.00556460395836119	28	0.01741954275	166	0.0184744394337349
X.439183..3.phosphoglyceric.acid..16.504.	0.967704006850463	2.46124846497221e-05	0.000607085370919297	28	0.00496416842857143	165	0.00490327444848485
X.6262..L.ornithine.2..16.632.	0.726369369299001	-0.000396007479803448	0.00112989387077438	28	0.00628541728571429	165	0.00583026330909091
X.9750..citrulline.2..16.691.	0.806149759646245	-0.000131346381475164	0.000534488185129297	28	0.00267069460714286	165	0.002512885
X.835..dehydroascorbic.acid..1..16.863.	0.439449046554056	0.000241273012106608	0.000311416026115203	28	0.00168448260714286	166	0.00197360440963855
X.204..allantoin.1..17.293.	0.72184860497503	-0.00125465390098119	0.00351916487020808	28	0.0147552806071429	166	0.0136960446626506
X.448388..D.allose.1..17.278.	0.120293004098532	-0.000113358828658437	7.26330512601557e-05	28	0.000969192035714286	163	0.000842692208588957
X.5962..L.lysine.2..17.643.	0.459073578831689	-0.000197568973803687	0.000266298305769435	27	0.00130160881481481	165	0.00112781134545455
X.637542..4.hydroxycinnamic.acid..17.854.	0.461819114930125	-0.000282775515778219	0.000383494129961973	28	0.00296997075	165	0.00278125143030303
X.6057..tyrosine.2..17.871.	0.656590830622686	-0.000898895876591101	0.00201847619248115	28	0.0215536683214286	165	0.0204481004848485
X.128869..galactonic.acid.2..18.504.	0.683808097513186	-2.31660530542772e-05	5.67919176719896e-05	27	0.000571174111111111	164	0.000552144859756098
X.5460673..D.saccharic.acid..18.614.	0.00185340854414861	-0.000649634994425067	0.000205672807296975	26	0.00184891596153846	163	0.00117605896319018
X.3037582..mucic.acid..18.907.	0.821635801624274	-0.000199890925778039	0.000885425875062326	28	0.00516318728571429	165	0.00499210458787879
X.1549111..caffeic.acid..19.755.	0.609944595098781	0.000511960801623116	0.00100182679954832	28	0.00964338689285714	161	0.00975309434782609
X.5280450..linoleic.acid..20.399.	0.813716674872764	5.28030234355485e-05	0.000223753365876542	25	0.0008922796	156	0.000975456115384615
X.637775..3.5.dimethoxy.4.hydroxycinnamic.acid.2..20.65.	0.836277562241577	-1.96468924771586e-05	9.49375038822511e-05	28	0.000309663178571429	164	0.000288355804878049
X.439958..D.glucose.6.phosphate.1..21.394.	0.69638485484573	-0.000502217732521733	0.00128508956468645	28	0.0182514169285714	165	0.0175195188909091
X.60961..adenosine..23.825.	0.000278340044902604	-0.000270583836571549	7.30413036460799e-05	28	0.00056294875	165	0.000295989515151515
X.5460935..turanose.1..24.81.	0.963858402462451	2.68895092316042e-05	0.000592591994622272	25	0.00203723652	158	0.00226890493037975
X.6255..maltose.1..24.702.	0.31714785968286	0.000290276944507482	0.000289407390962124	28	0.00350125460714286	165	0.00377572912727273
X.6255..maltose..2..24.915.	0.99723083535524	-1.49115739073079e-06	0.000429032217868142	26	0.00343797130769231	153	0.00349666476470588
X.642609..trans.caftaric.acid.2..25.529.	0.485088405192945	0.000586044603357222	0.000837588091562841	27	0.00115910222222222	147	0.00183018149659864
X.6537496..chlorogenic.acid.1..26.37.	0.00283208726898665	-0.00302906596797242	0.00100126685777218	28	0.00457833653571429	165	0.00128825073939394
X.439451..galactinol.2..26.479.	0.786504915020793	-0.000696585223530061	0.00256818094352075	28	0.0176508557857143	166	0.0164802444879518
X.2116..alpha.tocophereol..27.379.	0.646348984801249	0.000103566539306002	0.000225297464091303	25	0.00115802776	144	0.00126416911111111
X.6537496..chlorogenic.acid.2..27.18._alt	0.730741515755373	-0.00125274572948201	0.00363484577609113	28	0.0187860255357143	166	0.0172650696626506
X.5321515..stigmasterol..28.442.	0.67494556100951	4.46901423027726e-05	0.000106345944323282	22	0.000846212181818182	126	0.000877867293650794
X.5321342..beta.sitosterol..28.848.	0.982745493545312	-9.61638553922203e-06	0.000443891261876203	22	0.00382435513636364	130	0.00377170078461538
X.439242..Raffinose..29.282.	0.955294532373034	0.000259632924522658	0.00462525295798506	28	0.0176100897857143	166	0.0183527709698795
X.750..glycine..10.456..s100	0.643685662923264	0.0116046172687159	0.0250479848273273	28	0.158346416571429	166	0.16601089160241
X.5951..L.serine.2..11.174..s100	0.0664032247138107	-0.0253664862731336	0.0137381942332142	28	0.129989787535714	165	0.101840962478788
X.92824..D.malic.acid..12.794..s100	0.708231792406888	0.00108099396779578	0.00288416671498505	28	0.0258640815357143	164	0.0272436692682927
X.33032..L.glutamic.acid.3..dehydrated...13.232..s100	0.512409196941937	-0.000581277537495744	0.000885572293025907	26	0.0117258475	160	0.01112371125625
X.444212..trans.aconitic.acid..15.842..s100	0.947671629867442	0.000142566980199785	0.00216935237774189	28	0.0160810165357143	165	0.0170885261515152
X.8742..shikimic.acid..16.433..s100	0.197913354144323	0.00462629103008642	0.00358048210098872	28	0.0312716231785714	165	0.0351665441272727
X.311..citric.acid..16.615..s100	0.808225170424676	0.000524449765076876	0.00215767852388193	28	0.0222158657142857	163	0.0229608787361963
X.6508..quinic.acid..17.076..s100	0.136205011103662	0.0140807901725238	0.00940904521196989	28	0.02228332575	164	0.0350441682134146
X.5984..fructose.1..17.18..s100	0.570086052691538	-0.00447571777563874	0.0078670462076269	28	0.0754753172857143	166	0.0709448874036145
X.892..myo.inositol..19.354..s100	0.0876618099258474	-0.00695280234769485	0.00404985032622534	28	0.0590193240714286	165	0.0531072574545455
X.5988..Sucrose..23.988..s100	0.609080838850566	0.0495017931264137	0.0966378162465485	28	0.840711015214286	166	0.890491271
X.6537496..chlorogenic.acid.2..27.18..s100	0.0553012199369464	-0.00640809284316445	0.00332181980573385	27	0.0162619901481481	157	0.00826721260509554
HN.X20KW	0.184484985005537	-0.153777321816389	0.115469053371809	27	4.89052462525926	174	4.78939317467241
HN.CL	0.0595695039801095	0.438907230382891	0.23170811312463	29	11.909976533931	186	12.3551443145645
HN.CW	0.812672747773777	-0.107745662865549	0.45408006049953	28	13.5522563373929	183	13.4120395231803
HN.CD	0.659473791367051	0.171321578741471	0.388238634435341	28	22.5071820289286	183	22.5559704487432
LN.X20KW	0.995616847240862	-0.000813217071806074	0.14782952592783	26	4.61859321630769	161	4.65352873507453
LN.CL	0.0898209614712474	0.266690051318902	0.156485500913266	28	11.7184909232143	186	11.9960137817742
LN.CW	0.632326128101289	-0.13304146568429	0.277643838064784	28	12.7208403650357	180	12.5502834814444
LN.CD	0.819988895793431	0.077008874437919	0.337974293351833	28	22.5997801157143	180	22.610374702
HN_LN.X20KW	0.245783063765561	-0.0322250084075508	0.0276709161452066	25	1.06980232352	154	1.0413195643961
HN_LN.CL	0.283719127410793	0.0159626627668266	0.0148514872808691	28	1.01519884278571	182	1.03056016443407
HN_LN.CW	0.908061159586983	0.0032317677486655	0.0279482971928188	28	1.06504040171429	173	1.06924524688439
HN_LN.CD	0.627339284591456	0.00503517613705264	0.0103553028538953	28	0.996601377035714	173	0.999741574381503
canopy.HN.6.Jul	0.343545847790697	2.09055607646824	2.20141134533151	23	32.7739628954783	165	35.2151128816667
canopy.HN.23.Aug	0.899375752146969	0.574337936547753	4.53571733710753	23	56.6646010675652	165	57.8799010534545
canopy.HN.1.Sep	0.821026281413257	1.18830828848551	5.2452288347365	23	48.3088374664348	165	50.8556123898545
canopy.HN.22.Aug	0.901762364237298	0.546921043902353	4.42468866964443	23	51.2162380277826	165	52.6250129344909
canopy.HN.12.Aug	0.877292040270282	0.70217042528893	4.54129288473861	23	54.2303909664783	165	55.7331463959091
canopy.HN.26.Aug	0.962660674114343	0.209201440616793	4.46257005836517	23	57.7085062447826	165	58.7341068499394
canopy.HN.3.Sep	0.649196862243778	1.84746368641532	4.05475326075627	23	38.9175601265217	165	41.6295085469879
canopy.HN.14.Aug	0.773925838936759	1.37173266286408	4.76844552949203	23	48.151093042913	165	50.7452204655394
canopy.HN.20.Aug	0.685927599503185	1.90775846448396	4.71015112447087	23	48.463337791	165	51.6104939291273
canopy.HN.30.Aug	0.881356844298369	-0.699300043224956	4.67890720374621	23	50.6328509551304	165	51.1280417076545
canopy.HN.5.Sep	0.693626236058354	1.76759008827816	4.47988880130217	23	37.4109399504348	165	40.2808986376364
canopy.HN.16.Aug	0.835267772319966	0.992237297276063	4.76471558439516	23	48.6138474304348	165	50.3985255844424
canopy.LN.6.Jul	0.598172845516125	-1.00664982536887	1.90667345354636	23	29.6393796144348	163	28.7751583393497
canopy.LN.23.Aug	0.489784255302941	-2.76601919186112	3.99677045270406	23	56.2793926266522	163	54.2177041601902
canopy.LN.1.Sep	0.302478269061116	-4.75650517411136	4.59974441613984	23	50.6574162739565	163	46.9735127590307
canopy.LN.22.Aug	0.290559925081658	-4.19191956950333	3.95466480321927	23	52.4922755021739	163	49.0568370664233
canopy.LN.12.Aug	0.321381249241574	-4.05111138726774	4.07414118329707	23	56.5058468447826	163	53.1765181039509
canopy.LN.26.Aug	0.301464955246909	-4.00304519778685	3.86298693355458	23	57.7651686784783	163	54.516940230681
canopy.LN.3.Sep	0.696811081697361	-1.36657079082125	3.50178916956291	23	40.6250257257826	163	40.0643223791288
canopy.LN.14.Aug	0.427878490782278	-3.41734457079842	4.30063249430455	23	53.4490929186087	163	50.6731803445092
canopy.LN.20.Aug	0.445206389295029	-3.1266280101549	4.08654281292075	23	51.312279634913	163	49.0202903505644
canopy.LN.30.Aug	0.441512659555118	-3.36096878418148	4.35732533804534	23	51.8647475231304	163	49.3898411676258
canopy.LN.5.Sep	0.49334444382539	-2.81307864203876	4.09835713740734	23	40.9072192335652	163	39.287710176773
canopy.LN.16.Aug	0.418048650997798	-3.23492900513432	3.98553545563651	23	50.998111358913	163	48.3948588920245
ExG.HN.6.Jul	0.801042821904128	-0.00252258763716643	0.00999541556473239	23	0.258289082173913	160	0.25637937920625
ExG.HN.23.Aug	0.816240235900254	0.00154392168891026	0.00663429449491259	23	0.317873163304348	165	0.319509326836364
ExG.HN.1.Sep	0.794874053987928	0.00188834099680792	0.00725263539848293	23	0.245033160173913	165	0.2479770458
ExG.HN.22.Aug	0.484368897825843	0.00389326838838463	0.00555611171414724	23	0.294763236086957	165	0.299342860490909
ExG.HN.12.Aug	0.371745866164337	0.00555601213779023	0.00620501384273655	23	0.347999840217391	165	0.354173729842424
ExG.HN.26.Aug	0.889584656260747	0.00165635950993189	0.0119142633477163	23	0.389717464913043	165	0.391969952181818
ExG.HN.3.Sep	0.863881187036162	0.00220669438485091	0.0128537591033023	23	0.367122987043478	165	0.370638699842424
ExG.HN.14.Aug	0.37716243156905	0.00474312855796446	0.0053577165073454	23	0.263597015521739	165	0.268811260824242
ExG.HN.20.Aug	0.749207436131912	-0.00231199860549599	0.00722124007130785	23	0.279609899478261	165	0.277576668436364
ExG.HN.30.Aug	0.858666128616126	0.00107651346281338	0.00603685489282125	23	0.283880749043478	165	0.286235361654545
ExG.HN.5.Sep	0.594451518130889	0.00339010627337819	0.0063564755588054	23	0.247706133913043	165	0.252654787060606
ExG.HN.16.Aug	0.511636593784828	0.00639227032310373	0.0097209540214041	23	0.508418072	165	0.514836226587879
ExG.LN.6.Jul	0.208793559242318	-0.0108896191012272	0.00863219052514167	23	0.251239582608696	158	0.240980373417722
ExG.LN.23.Aug	0.95825737141536	-0.000252984418229967	0.00482674421783442	23	0.294473341304348	163	0.293989902760736
ExG.LN.1.Sep	0.770321656511554	-0.00168307059252124	0.00575620870006391	23	0.245510719565217	163	0.243601400920245
ExG.LN.22.Aug	0.911032837418722	-0.000532256178512166	0.00475686405262897	23	0.275596843478261	163	0.275485556748466
ExG.LN.12.Aug	0.782928702148335	-0.00126145235670651	0.00457190013353676	23	0.328878334782609	163	0.327454445705521
ExG.LN.26.Aug	0.712699927060263	-0.00297517520918189	0.0080669455506728	23	0.368327167391304	163	0.363733296932515
ExG.LN.3.Sep	0.600230125691225	-0.00462050371588097	0.00880106741470912	23	0.343142897826087	163	0.337909450306748
ExG.LN.14.Aug	0.258102147849474	-0.00484255910103111	0.00426860555480732	23	0.248348456521739	163	0.243526250920245
ExG.LN.20.Aug	0.62261926229995	-0.00262057188159422	0.00531570084441333	23	0.254591567391304	163	0.253201113803681
ExG.LN.30.Aug	0.638883931817996	-0.002268058905482	0.0048251264668683	23	0.264003791304348	163	0.261788061656442
ExG.LN.5.Sep	0.625450967781873	0.00258563056345753	0.00528785219991972	23	0.230513502173913	163	0.233084448773006
ExG.LN.16.Aug	0.714674576515174	0.00267379645065563	0.00730229634689815	23	0.499564682608696	163	0.501746724846626
RGB.HN.6.Jul	0.939739972634261	-0.000793160860866826	0.0104771957882568	23	0.327823136347826	160	0.32766073060625
RGB.HN.23.Aug	0.795532620774971	0.00229639725732958	0.00884893617038196	23	0.465497204347826	165	0.467724799715152
RGB.HN.1.Sep	0.799617206347664	0.00259764733457029	0.0102184298748379	23	0.365619282347826	165	0.369614822769697
RGB.HN.22.Aug	0.449082588380269	0.00583679852336583	0.00769442308794154	23	0.436928784913043	165	0.443619429836364
RGB.HN.12.Aug	0.330136335486195	0.00823383685860378	0.00843252188307915	23	0.512547282086957	165	0.521370274745454
RGB.HN.26.Aug	0.893507267890337	0.00218829081386881	0.01632396273656	23	0.577070572652174	165	0.579842595854545
RGB.HN.3.Sep	0.855246600107208	0.00330369991955304	0.0180840309169467	23	0.544313369304348	165	0.549336061915151
RGB.HN.14.Aug	0.354406032744867	0.00670990072550997	0.00722712521637358	23	0.389465990391304	165	0.39669248870303
RGB.HN.20.Aug	0.74527683212438	-0.00324224122935018	0.00996494737392034	23	0.412707127	165	0.409692780587879
RGB.HN.30.Aug	0.843489996129722	0.00164674424689257	0.00832901334135632	23	0.423055255913043	165	0.426394881442424
RGB.HN.5.Sep	0.600746580155653	0.00455420983241541	0.00868727482037591	23	0.367870512086957	165	0.374496349539394
RGB.HN.16.Aug	0.505370838427736	0.00895546499484604	0.0134188617276199	23	0.747602641347826	165	0.756323518836364
RGB.LN.6.Jul	0.393614388914832	-0.00795055941315819	0.00929694720673151	23	0.321177026086957	158	0.313906922151899
RGB.LN.23.Aug	0.994941287988998	4.06684378032145e-05	0.00640552618137096	23	0.43296595	163	0.432479062883436
RGB.LN.1.Sep	0.752829594238255	-0.00254537853595897	0.00807059829780319	23	0.367443745652174	163	0.364608078834356
RGB.LN.22.Aug	0.94878882732848	-0.000420896640769229	0.00654410046743042	23	0.410266086956522	163	0.410396599079755
RGB.LN.12.Aug	0.838379202786038	-0.00126181365596203	0.006177463969011	23	0.485132736956522	163	0.483427430674847
RGB.LN.26.Aug	0.726471573412442	-0.00386965696493363	0.0110446189275016	23	0.547460980434783	163	0.541115119325153
RGB.LN.3.Sep	0.620263015548619	-0.00609793217734668	0.0122860159938465	23	0.511588230434783	163	0.504552996625767
RGB.LN.14.Aug	0.274107869976526	-0.00625836638800622	0.00570509233110484	23	0.368892076086957	163	0.362556920858896
RGB.LN.20.Aug	0.612158336252399	-0.00368957547971539	0.00726471064619058	23	0.378147504347826	163	0.376128697546012
RGB.LN.30.Aug	0.667322205178085	-0.00283228584627306	0.00657859942012139	23	0.395617886956522	163	0.392823522392638
RGB.LN.5.Sep	0.634590562354403	0.00341849946381101	0.00718049425193663	23	0.344899208695652	163	0.34833134601227
RGB.LN.16.Aug	0.676198180996396	0.00424382233484704	0.010144556601119	23	0.731935489130435	163	0.735024382515337
NGR.HN.6.Jul	0.823177380480101	-0.0018320552786936	0.00818649424596152	23	0.144327327478261	160	0.14257352218125
NGR.HN.23.Aug	0.982714138021488	-0.000157929009481592	0.00727919544076894	23	0.145082817	165	0.145550839351515
NGR.HN.1.Sep	0.784759226387534	0.00198541458373662	0.00725865967621817	23	0.0848115207826087	165	0.0878950035939394
NGR.HN.22.Aug	0.944208688661661	0.000404613235229692	0.00577381683415659	23	0.120310438695652	165	0.121876540745455
NGR.HN.12.Aug	0.589608113971545	0.00354778698790661	0.0065656394374257	23	0.155004124304348	165	0.15937130289697
NGR.HN.26.Aug	0.897030237842171	-0.00131222327987995	0.01012567380541	23	0.143657791695652	165	0.143381134987879
NGR.HN.3.Sep	0.984309802800159	0.000274268099908763	0.0139272521498132	23	0.166390398478261	165	0.167945171533333
NGR.HN.14.Aug	0.429181018656923	0.00466294997490032	0.005884942541391	23	0.106082152391304	165	0.11096655430303
NGR.HN.20.Aug	0.531236900453958	-0.00491340394876262	0.00783247726593169	23	0.126092654391304	165	0.1215097386
NGR.HN.30.Aug	0.912707133584074	0.000734692289380037	0.00669263568732891	23	0.0980075538695652	165	0.100257953624242
NGR.HN.5.Sep	0.535246183342732	0.00473912313152572	0.0076290774789589	23	0.0945983373043478	165	0.100811019315152
NGR.HN.16.Aug	0.924595890132776	-0.00128342431704975	0.0135415593751752	23	0.372454869695652	165	0.369382344751515
NGR.LN.6.Jul	0.234068758832657	-0.00937484751255482	0.00785136139605629	23	0.139991534782609	158	0.131295459683544
NGR.LN.23.Aug	0.679548554427226	-0.00227418135075081	0.00549653841182172	23	0.114611620652174	163	0.112017337944785
NGR.LN.1.Sep	0.680481706810686	-0.00242450831075158	0.00587799629693982	23	0.0766125904347826	163	0.0734464196441718
NGR.LN.22.Aug	0.564168904398718	-0.0029629726096494	0.00512870489577638	23	0.0947525769565217	163	0.091908329601227
NGR.LN.12.Aug	0.54703114542464	-0.00319063449538665	0.00528819762417192	23	0.129705661521739	163	0.126059700521472
NGR.LN.26.Aug	0.509756344171276	-0.00434400800190837	0.00657659271684468	23	0.116159929347826	163	0.11018949309816
NGR.LN.3.Sep	0.199607081728659	-0.0120884216434471	0.00938997138594583	23	0.127653490869565	163	0.113947165018405
NGR.LN.14.Aug	0.226647231630599	-0.00577312252207947	0.00475872444260386	23	0.0824460506521739	163	0.0765424399079755
NGR.LN.20.Aug	0.684916807958156	-0.00241100090244856	0.00593234186352805	23	0.0890286113043478	163	0.0871283038282209
NGR.LN.30.Aug	0.344152749073468	-0.00509113366054768	0.00536770933111741	23	0.0756526219565217	163	0.0706541372453988
NGR.LN.5.Sep	0.607007340766359	0.0032083574175116	0.00622680270591643	23	0.0685442489130435	163	0.0714076989263804
NGR.LN.16.Aug	0.262256038815901	-0.0135292837402039	0.0120305172655172	23	0.319739354347826	163	0.302625562883436
GLI.HN.6.Jul	0.844519969667535	-0.00124041429790877	0.00631570662406227	23	0.17578812573913	160	0.17492214736875
GLI.HN.23.Aug	0.821612221014598	0.00105553384258936	0.00467472755097742	23	0.231514461434783	165	0.232573478242424
GLI.HN.1.Sep	0.801966795789522	0.00132154761506261	0.00526162901917317	23	0.180237103043478	165	0.182272390793939
GLI.HN.22.Aug	0.485633637593051	0.00278114820624193	0.00398052615902201	23	0.216423475956522	165	0.219671148836364
GLI.HN.12.Aug	0.35194337892528	0.00408876407381519	0.00438141752118456	23	0.254701820869565	165	0.259128849490909
GLI.HN.26.Aug	0.896595249240212	0.00110653174878974	0.00850234860866483	23	0.283888279478261	165	0.285338923351515
GLI.HN.3.Sep	0.870565417833628	0.00152015425525332	0.00931643996013235	23	0.269602414	165	0.272008983672727
GLI.HN.14.Aug	0.36721435577745	0.00342653629160316	0.00379065779781785	23	0.192675570217391	165	0.1963685516
GLI.HN.20.Aug	0.714759893610927	-0.00189520782217964	0.00517763295818328	23	0.204811912652174	165	0.203046700690909
GLI.HN.30.Aug	0.858149536286198	0.000780101554725353	0.00435853816477305	23	0.208460401434783	165	0.210122301115152
GLI.HN.5.Sep	0.602760325349826	0.00238047778987325	0.00456607610271065	23	0.18136431873913	165	0.184798676206061
GLI.HN.16.Aug	0.513076621121797	0.00451654873715433	0.00689199508358458	23	0.373595286086957	165	0.37799031290303
GLI.LN.6.Jul	0.266456568979889	-0.00615552812463364	0.00552164902286236	23	0.171383326086957	158	0.165629764810127
GLI.LN.23.Aug	0.974300756583788	-0.000110917966536998	0.00343831795115551	23	0.213820865217391	163	0.213427907668712
GLI.LN.1.Sep	0.772474515858714	-0.00121225472889466	0.00418635569104491	23	0.180294884782609	163	0.178853553067485
GLI.LN.22.Aug	0.923789914285434	-0.000329280692921616	0.00343737217830362	23	0.20178047173913	163	0.201688429141104
GLI.LN.12.Aug	0.796077951149074	-0.000843961258610773	0.00326096292368348	23	0.23991777173913	163	0.23882591595092
GLI.LN.26.Aug	0.720285104287684	-0.00205856811983411	0.00573998714682618	23	0.267435136956522	163	0.26402272392638
GLI.LN.3.Sep	0.595412010594767	-0.00341109007341583	0.00641240986160536	23	0.251310547826087	163	0.247334364110429
GLI.LN.14.Aug	0.266559425733485	-0.00339598227181656	0.00304719910803571	23	0.180927341304348	163	0.177450516871166
GLI.LN.20.Aug	0.640944891521694	-0.0017920998170633	0.00383613089575797	23	0.185747154347826	163	0.184745286196319
GLI.LN.30.Aug	0.656885723005092	-0.00155210007539189	0.00348823768587073	23	0.193332830434783	163	0.191753032822086
GLI.LN.5.Sep	0.608610524548153	0.00196796767082233	0.00383655489977897	23	0.168383665217391	163	0.170243332822086
GLI.LN.16.Aug	0.701675302090641	0.002007638659179	0.0052327586506953	23	0.365731163043478	163	0.367179430981595
MGR.HN.6.Jul	0.880810284706978	-0.00212195898733981	0.0141315450654054	23	0.264998883130435	160	0.26289485563125
MGR.HN.23.Aug	0.981694258164383	-0.000330855963812279	0.0143999167544008	23	0.288694165086957	165	0.289556780733333
MGR.HN.1.Sep	0.786538307100205	0.00392404240808077	0.0144688649324958	23	0.169337749304348	165	0.175436030375758
MGR.HN.22.Aug	0.945610717777324	0.000785303222549725	0.0114955906987374	23	0.240115399956522	165	0.243202036448485
MGR.HN.12.Aug	0.587720581348229	0.00708302705110087	0.0130418027169661	23	0.309051011434783	165	0.317720249472727
MGR.HN.26.Aug	0.894061959003971	-0.00267797077531939	0.0200820506873764	23	0.28602431326087	165	0.285357673854545
MGR.HN.3.Sep	0.986442754138858	0.000471363999688889	0.0277019686426587	23	0.331720907	165	0.334704271466667
MGR.HN.14.Aug	0.430359620968329	0.0092335719358231	0.0116832257593003	23	0.211407847086957	165	0.221058357933333
MGR.HN.20.Aug	0.527324604651185	-0.00985092901637655	0.015554773767833	23	0.251294197173913	165	0.242072533181818
MGR.HN.30.Aug	0.913652753171545	0.00144861681846728	0.0133411856635893	23	0.195647087478261	165	0.20010144890303
MGR.HN.5.Sep	0.537746336640917	0.00934596564429079	0.015137914600449	23	0.188374282608696	165	0.200611131751515
MGR.HN.16.Aug	0.918207193632466	-0.00275896371335453	0.0268292533710991	23	0.741842135652174	165	0.735441932848485
MGR.LN.6.Jul	0.306518426562306	-0.0141635113897775	0.0138108560809707	23	0.257855130434783	158	0.244823939873418
MGR.LN.23.Aug	0.685461514636935	-0.00442286192442681	0.0109025110581939	23	0.228062319565217	163	0.222967682638037
MGR.LN.1.Sep	0.681213344619818	-0.00482401626525816	0.011723804599857	23	0.152952940217391	163	0.146642052503067
MGR.LN.22.Aug	0.567089245203954	-0.00585988205619523	0.0102196316646133	23	0.189050073913043	163	0.183415126411043
MGR.LN.12.Aug	0.550762710267018	-0.00628811089858341	0.0105198664283519	23	0.258524247826087	163	0.251293686503067
MGR.LN.26.Aug	0.511728394277464	-0.00859022190250624	0.0130660193397938	23	0.231308598695652	163	0.219438237208589
MGR.LN.3.Sep	0.202135020237217	-0.0239420141929602	0.018702690751675	23	0.254438839347826	163	0.227241297730061
MGR.LN.14.Aug	0.228646288825991	-0.0114284893784784	0.00946114032428156	23	0.164282059347826	163	0.152576264631902
MGR.LN.20.Aug	0.69205047664689	-0.00467903359246729	0.0117946676887591	23	0.177350240434783	163	0.173666421840491
MGR.LN.30.Aug	0.34729417408629	-0.0100855745670541	0.0107031262461628	23	0.150943946521739	163	0.141036026766871
MGR.LN.5.Sep	0.601705945275412	0.00646958258301961	0.012373274554487	23	0.136512537173913	163	0.142270888840491
MGR.LN.16.Aug	0.266567201652336	-0.0266611125397741	0.023923282688674	23	0.636630847826087	163	0.602775833435583
VARI.HN.6.Jul	0.876253816807202	-0.00205326592387195	0.0131666811578338	23	0.22523774126087	160	0.22308463595
VARI.HN.23.Aug	0.959183571148125	-0.000666830875190981	0.0130117692552075	23	0.25122697473913	165	0.251599234157576
VARI.HN.1.Sep	0.785956478181071	0.0035969420837611	0.013225814365117	23	0.150494874	165	0.155851330127273
VARI.HN.22.Aug	0.978407334738028	0.00028208449532454	0.0104079757776363	23	0.213279363869565	165	0.21560331809697
VARI.HN.12.Aug	0.577043507675672	0.00653231645921001	0.0116918096053108	23	0.272529004434783	165	0.280104538830303
VARI.HN.26.Aug	0.85032329448149	-0.00330186641528437	0.0174726771694447	23	0.245684463782609	165	0.244021001454545
VARI.HN.3.Sep	0.987306150465242	0.000415794338483893	0.0260983781244971	23	0.302415697782609	165	0.304957638115152
VARI.HN.14.Aug	0.411478803988158	0.008665519337296	0.010526921930504	23	0.184661962956522	165	0.193351721921212
VARI.HN.20.Aug	0.488022009580371	-0.0100168993392368	0.0144156312969867	23	0.224658935521739	165	0.214924807575758
VARI.HN.30.Aug	0.900226626687578	0.00150996416573161	0.0120268757104494	23	0.171899007956522	165	0.175996661836364
VARI.HN.5.Sep	0.529486640066476	0.00893859624788686	0.0141884627200061	23	0.167350645043478	165	0.17872655129697
VARI.HN.16.Aug	0.877344833990792	-0.00429884716414835	0.0278148920044262	23	0.710786236347826	165	0.702158692563636
VARI.LN.6.Jul	0.31025294246791	-0.0136654783595812	0.0134287932020066	23	0.219682503913043	158	0.207239004746835
VARI.LN.23.Aug	0.674184756636048	-0.00421057646071634	0.00999909482209154	23	0.19258297173913	163	0.187423878006135
VARI.LN.1.Sep	0.656446061647681	-0.00476237426970874	0.010688463664987	23	0.134211101956522	163	0.127847120435583
VARI.LN.22.Aug	0.55323831749531	-0.00554145689138664	0.00932868820675177	23	0.163838238478261	163	0.158257161993865
VARI.LN.12.Aug	0.559618951326451	-0.00570965817018297	0.00976862668042619	23	0.222109423913043	163	0.215057359202454
VARI.LN.26.Aug	0.508457906861016	-0.00754351970175688	0.0113854868306328	23	0.192132769782609	163	0.181188551625767
VARI.LN.3.Sep	0.169385030261421	-0.0240310647859899	0.0174177639096576	23	0.226574027826087	163	0.199024284079755
VARI.LN.14.Aug	0.240784342283263	-0.0099542256754531	0.00845806878812354	23	0.138853266521739	163	0.128333421656442
VARI.LN.20.Aug	0.685543546948846	-0.00442304865326657	0.0109059777037888	23	0.152538131956522	163	0.148609936503067
VARI.LN.30.Aug	0.333143216161756	-0.00926158363815031	0.00954411047674726	23	0.12961942	163	0.120326782766871
VARI.LN.5.Sep	0.610859736472883	0.00586164637327601	0.0114994527470669	23	0.11743147673913	163	0.122452098484663
VARI.LN.16.Aug	0.239187652022047	-0.0297142492565559	0.0251621483323696	23	0.59277777173913	163	0.55463003190184
VEG.HN.6.Jul	0.590134746650305	-0.0169993680768453	0.0315025841455515	23	1.70931569804348	160	1.69344612173125
VEG.HN.23.Aug	0.749030042225374	-0.0323905674725304	0.101093891610801	23	3.68699569291304	165	3.63861682298182
VEG.HN.1.Sep	0.759279135165516	-0.0402703856490272	0.131222662813823	23	3.96970960973913	165	3.9018400814303
VEG.HN.22.Aug	0.833053777165981	-0.0235590667598496	0.11160799836824	23	4.36019306213043	165	4.3309185066303
VEG.HN.12.Aug	0.829288961909366	0.027485269913827	0.127292534930993	23	4.66742071134783	165	4.65798179210909
VEG.HN.26.Aug	0.710887359751277	-0.0568662733740989	0.153178797526899	23	4.59055173313044	165	4.51484336464848
VEG.HN.3.Sep	0.695109195119774	-0.0698263192209414	0.17787908426866	23	5.65361079673913	165	5.56309969746667
VEG.HN.14.Aug	0.913409566855583	0.0125108567640121	0.114895147793231	23	3.543633787	165	3.52316057798788
VEG.HN.20.Aug	0.124055984435253	-0.184256440549549	0.119254145596213	23	3.97533418134783	165	3.75506075941818
VEG.HN.30.Aug	0.887653720116647	-0.0174924772919211	0.123647350313522	23	4.19871556295652	165	4.17003855935758
VEG.HN.5.Sep	0.882454599949651	0.0158477101097835	0.107032216808408	23	3.52596224513043	165	3.51815200792727
VEG.HN.16.Aug	0.488880508878068	-0.17920819090917	0.258414447556166	23	8.17222560778261	165	7.92783974044849
VEG.LN.6.Jul	0.588469140850286	-0.018907851111261	0.0348820662343526	23	1.67241465217391	158	1.65583243670886
VEG.LN.23.Aug	0.819593375443468	0.0257486223942335	0.112734934164492	23	3.14935591304348	163	3.14520536809816
VEG.LN.1.Sep	0.889762791555146	0.0185114020432535	0.133367802358095	23	3.6832017173913	163	3.66406281288344
VEG.LN.22.Aug	0.905525554156705	0.0145710764801897	0.122599982591471	23	3.67868073913043	163	3.66977812269939
VEG.LN.12.Aug	0.930326914132779	-0.0121288398307561	0.138527748130038	23	3.98415986956522	163	3.92943627300613
VEG.LN.26.Aug	0.828255864008169	0.0297120885317261	0.136762599983002	23	3.9816075	163	3.9494252208589
VEG.LN.3.Sep	0.759183912803124	-0.0531850182320501	0.173231915943391	23	4.71498591304348	163	4.59917453374233
VEG.LN.14.Aug	0.768495610198353	-0.0315338859833302	0.106972325413794	23	2.98720380434783	163	2.92468742944785
VEG.LN.20.Aug	0.838800595281408	0.0226147117993205	0.11100839174724	23	3.15592667391304	163	3.14726656441718
VEG.LN.30.Aug	0.677817333537252	0.046311053639161	0.111293335458039	23	3.49292704347826	163	3.51085449079755
VEG.LN.5.Sep	0.472706812354935	0.0890414873030859	0.123739541015069	23	3.01479626086957	163	3.05824740184049
VEG.LN.16.Aug	0.998355858674443	0.000539122059247163	0.261268984406261	23	6.88461093478261	163	6.80015320552147
Woebbecke.HN.6.Jul	0.802899382086538	-0.051762918314677	0.207077140142363	23	3.92843628108696	160	3.89517332448125
Woebbecke.HN.23.Aug	0.777150903305091	0.233372375473956	0.823322839481906	23	10.9641079665217	165	11.0998637913879
Woebbecke.HN.1.Sep	0.964172047340965	-0.0590696131788933	1.31323266037614	23	18.7355491117391	165	18.3798401081212
Woebbecke.HN.22.Aug	0.645374225798423	0.455329301153531	0.987783539837139	23	15.4981019452174	165	15.7918862356364
Woebbecke.HN.12.Aug	0.729267289004866	-0.343644211116989	0.991385231516302	23	14.2962721869565	165	13.7859396691515
Woebbecke.HN.26.Aug	0.999859875613782	0.000197102417633244	1.12079192094782	23	20.2907742756522	165	20.1103604807273
Woebbecke.HN.3.Sep	0.981496434034766	0.0278465352387498	1.19901121720906	23	20.2943794326087	165	20.2093038632727
Woebbecke.HN.14.Aug	0.816526175996467	-0.247244478866487	1.06410572672434	23	12.9820577231739	165	12.6132396612788
Woebbecke.HN.20.Aug	0.875768330208947	0.152165926789119	0.971966093162946	23	12.937807532087	165	12.9263923514121
Woebbecke.HN.30.Aug	0.939799549311601	-0.0990212639280515	1.30936105079324	23	19.6278074991304	165	19.2755650232121
Woebbecke.HN.5.Sep	0.627988643226224	-0.518545952715366	1.06833373919355	23	16.1565968021304	165	15.3772995488727
Woebbecke.HN.16.Aug	0.486927294378189	0.525008235460976	0.753655588972766	23	9.85801833091304	165	10.4240379773636
Woebbecke.LN.6.Jul	0.320920522947299	0.199326839526086	0.200253046723331	23	3.85549230434783	158	4.04361932278481
Woebbecke.LN.23.Aug	0.709755037485921	0.257879817136922	0.691791509885792	23	11.9579638695652	163	12.1044880552147
Woebbecke.LN.1.Sep	0.603898564041978	0.660067189825753	1.27006075252047	23	19.2610682826087	163	19.8558480736196
Woebbecke.LN.22.Aug	0.784353339743123	0.254817073484874	0.929795941386937	23	16.8282670869565	163	16.9409571503067
Woebbecke.LN.12.Aug	0.901719296799159	0.10257236066014	0.829450450636811	23	14.8406115	163	14.8432843588957
Woebbecke.LN.26.Aug	0.553004042014026	0.561827392739817	0.945241822814218	23	19.9522895652174	163	20.3579793496933
Woebbecke.LN.3.Sep	0.619340974185336	0.522405533522719	1.04976337396683	23	21.9790680217391	163	22.4180081901841
Woebbecke.LN.14.Aug	0.530416932526926	0.60383233362947	0.960630335512169	23	13.9607311956522	163	14.3809728435583
Woebbecke.LN.20.Aug	0.976218872303065	-0.0244055583358802	0.817582642045072	23	14.3645600217391	163	14.1532157546012
Woebbecke.LN.30.Aug	0.337088440481854	1.12041647575698	1.16408316843295	23	19.4985545652174	163	20.3717157331288
Woebbecke.LN.5.Sep	0.431274282479871	-0.762414695752717	0.966578255714423	23	17.3705624130435	163	16.4109486165644
Woebbecke.LN.16.Aug	0.203027820171711	0.754796848707673	0.590794194667314	23	10.1244749782609	163	10.9312512822086
