trait	p12	p13	p23	eff12	std12	eff13	std13	eff23	std23	Nhap1	hap1	Nhap2	hap2	Nhap3	hap3
HN.B	0.930501796011961	0.846312496695015	0.993789625183909	-0.0560311187725848	0.641560646041888	-0.193800951004354	0.997559882673528	-0.00817641619053617	1.04818198139791	91	17.2521117393407	94	16.1868552803192	26	16.80710342
HN.Ca	0.500527566259656	0.526718737174461	0.953787495603149	-0.00699895059245274	0.0103694672928205	-0.010479357199953	0.0165040815053808	-0.00094908558373785	0.0163439575491451	93	0.414443913	101	0.410040694148515	27	0.422691567740741
HN.CHL	0.618755278059655	0.215587128893983	0.494922188410363	-2.80824875743052	5.63434419852804	-10.1897671558364	8.18319389915446	-6.49154336076455	9.48418255777121	93	401.370700358065	106	396.327301161321	27	402.686760911111
HN.Cu	0.260911516143232	0.53261499802231	0.853363802514474	0.394574197232162	0.349918878109659	0.366024848920406	0.584758024033585	0.104495456727334	0.564178141832498	92	11.3534733856522	102	11.5994149188431	26	11.5325728164615
HN.DW	0.0823777195303111	0.728437599956839	0.1596465841206	0.350407126053425	0.200629873286935	-0.110096713432294	0.316316049415264	-0.442097077642214	0.312427271190586	92	6.92461593529348	98	7.61514651072449	27	7.09892018662963
HN.Fe	0.592792712347491	0.611549555936563	0.506784403432764	-0.500583877949418	0.934473490221063	-0.706560952434882	1.38747423354103	-1.12372178688219	1.68796531273806	93	101.900768955161	105	101.131055854762	28	101.492439114643
HN.FW	0.125609939072826	0.879157780419059	0.458990949772475	1.6385923857404	1.06488040826359	0.23216167041363	1.52355528953572	-1.27269910188459	1.71309135834294	90	29.3122510173333	96	32.9259930615625	28	30.6733346575
HN.K	0.827332539484029	0.0151331704848002	0.00418719821543818	0.00698122075702862	0.0319625693058415	0.131347062413405	0.0532670773607379	0.142707389494336	0.0489458083960911	93	2.29760475739785	106	2.31924982638679	28	2.34336522814286
HN.LA	0.39570086295298	0.409692752153545	0.835696938376335	26.3856905585298	30.9977775015999	40.0022320300075	48.3451991406967	9.8207508820791	47.2559516853249	93	1190.67394735591	106	1271.85309938585	28	1246.77761450357
HN.Mg	0.762188780815546	0.362485140285	0.103065478356061	-0.001879535751454	0.00620225873138468	0.00999772941226173	0.0109351403351603	0.0157575448985592	0.00959659823625421	92	0.20542099276087	104	0.206598254942308	28	0.210360784178571
HN.Mn	0.937788204112185	0.470602357641101	0.781371223072256	0.229555106768974	2.93682742545836	3.44965550191539	4.76376113681781	1.32737521501117	4.77138754513162	84	72.8196212035714	93	74.673124084086	25	74.1294767828
HN.N	0.278051594626572	0.467452716030965	0.235711513604523	-0.0175988404905799	0.0161787709003193	0.0174335759841805	0.0239133875374584	0.0342461280480621	0.0287450877857446	93	2.82766237815054	105	2.79873222184762	28	2.83435391814286
HN.P	0.837088754686179	0.431190824545399	0.504294626121563	0.000806753341039281	0.00391824630893993	0.00485691820663074	0.00614849404994599	0.00419256540042373	0.00626107868731429	92	0.299068535380435	106	0.296214181358491	28	0.297777529071429
HN.S	0.468833212354636	0.580809804428639	0.459859375660556	-0.00140177345316935	0.00193129749866351	0.00156905066873214	0.00283345517887448	0.00247130938454317	0.00333359630431827	93	0.185622883688172	104	0.182716383932692	28	0.185968186285714
HN.Zn	0.124084000822628	0.344795153011814	0.0514830549215277	-1.43012334210014	0.92550139966609	1.54264775112158	1.62580525628799	2.88451749920121	1.46562687239034	88	28.6985346718182	93	26.6672613227957	26	27.2770802803846
LN.B	0.58433549636189	0.871553030866219	0.372836957767982	-0.200818488664703	0.36642260417196	0.0919387056477025	0.567287763753471	0.554213186038104	0.619488090976647	89	14.9045180851685	96	14.3329191771875	25	14.774881736
LN.Ca	0.555406343953422	0.911685746327173	0.420073000783246	-0.0062615855131722	0.01059920808178	0.0019886779836915	0.0178900418570488	0.0155522667049917	0.0192233557718186	90	0.335586140844444	99	0.322295285414141	28	0.350962016142857
LN.CHL	0.462244854094152	0.656616226249845	0.679443291909139	-3.58333661766858	4.86427418021413	-3.79704932711441	8.51834701563443	-3.08117799618682	7.43886647606344	92	285.493777978261	101	274.527336980198	28	288.780490321429
LN.Cu	0.794926797494793	0.7598190246231	0.952927568578246	0.0640900968621584	0.246171899492057	0.109185879765773	0.356118613916159	-0.0243384814377158	0.411362092120409	76	6.79019424418421	91	6.65206636063736	24	6.72999039333333
LN.DW	0.195994231841024	0.21058680844245	0.763452300943205	0.186437149355022	0.143666317462692	0.292008171801927	0.231880919381549	0.0679380911954991	0.225253148021357	88	5.70188146548864	103	6.07003732778641	27	6.05994531381481
LN.Fe	0.0703998616434893	0.559118320809947	0.915101819874144	-1.782585500674	0.979679033914534	-0.907176834806889	1.54845597204989	-0.177364565535143	1.66040885907192	92	76.2929614905435	103	73.8783590873786	28	75.673493755
LN.FW	0.174983092595051	0.146872496601546	0.402452886294078	0.905668431929208	0.665182265437856	1.53268602127909	1.04928124939779	0.861459684908093	1.02541768184378	90	22.9771150233333	102	24.920242622451	28	24.5329964271429
LN.K	0.503545001877839	0.212738658542525	0.309969709525279	0.022441593917974	0.0334856602825081	0.0629453482575182	0.0502371572781331	0.0562154105871549	0.0551477151741429	93	2.18109826792473	104	2.26098378793269	28	2.16111285753571
LN.LA	0.353160074000429	0.135273222423194	0.378761790523607	22.8160300380891	24.5130783172359	58.6827887280325	39.0079278899699	32.4504286423555	36.7391580827347	90	1041.14122883778	104	1102.00247143173	28	1091.70688052143
LN.Mg	0.964934790829142	0.421134894727601	0.111415461038998	-0.000262212505371228	0.00595664314000387	0.00855261000814033	0.0105931772918769	0.0146670394866611	0.00914914666194661	91	0.15660559832967	103	0.154297249504854	28	0.160952293
LN.Mn	0.948768733636002	0.212062431247977	0.356035929116195	-0.179782299059556	2.79367574761447	6.87838197617753	5.47519082701687	4.45854993687561	4.81045698324622	76	55.3575494569737	90	54.4904771828889	25	58.6967381852
LN.N	0.0614720460732604	0.53693666785487	0.929860182013942	-0.0419548282576341	0.0222983866450579	-0.0232443122302377	0.0375315602552717	0.00312622767143569	0.0354436687629896	91	2.03732848693407	99	1.9693752580404	28	2.01657069092857
LN.P	0.609335903017769	0.0686018575905884	0.0647787825179097	-0.00198333032937667	0.00387467027492033	0.0112605763753168	0.00612509583412173	0.0123507008943542	0.00662870056012478	92	0.29766780501087	103	0.294668210339806	27	0.304116605148148
LN.S	0.110242515539776	0.802614011964959	0.424875005962594	-0.00502536472692031	0.00313161094277392	0.00135091910384264	0.00539161706655025	0.00418212394401904	0.00522379095060741	89	0.162320291797753	103	0.152166887417476	28	0.164136239035714
LN.Zn	0.260584380841314	0.672304112663407	0.983718737616432	-1.02624951365408	0.908721566795204	-0.61945636124282	1.45946382003004	-0.0280750265538161	1.37235541794297	69	21.940246457971	84	20.6122219816667	22	20.4381008581818
HN_LN.B	0.815694716473789	0.713622549632748	0.494738788193635	-0.00909470044118589	0.038956752725945	-0.0247096789960066	0.0671496672161644	-0.039766300345009	0.0580336072620752	87	1.17123257683908	84	1.12240229692857	24	1.13557075120833
HN_LN.Ca	0.533153579511538	0.889112762571639	0.584116385553824	0.0219996471433049	0.0352330909301238	-0.00683456468502461	0.0489075336957733	-0.0378879104021047	0.0690244813217593	90	1.25207899914444	95	1.30450487851579	27	1.23695964177778
HN_LN.CHL	0.637203631999264	0.776864983009487	0.955385250157333	0.0113299921302903	0.0239851296275198	-0.0106506508689167	0.0374918306824525	-0.00231505359422292	0.0412969342957297	92	1.41631260933696	102	1.45572261683333	27	1.4084477842963
HN_LN.Cu	0.211392600279651	0.127589887691927	0.2269368524424	0.0625954819812957	0.0498822517178586	0.128246579783178	0.0834094507840675	0.110351579010702	0.0907888237053976	75	1.66095369245333	87	1.74447130097701	22	1.79150256145455
HN_LN.DW	0.498142571912001	0.100370251513338	0.0740602020668401	0.0214240948261361	0.0315610861088798	-0.0813389601233628	0.0490805481573396	-0.0981669876859222	0.0544609706392924	87	1.21812618485057	95	1.27567607632632	26	1.16791642153846
HN_LN.Fe	0.109692055419429	0.65617104458057	0.758357534700792	0.0267821782851534	0.0166644521223529	0.0115234573014243	0.0258160653240676	-0.0096653374625423	0.031349129339609	92	1.33961935788043	102	1.37517688317647	28	1.34828087696429
HN_LN.FW	0.502907662710293	0.236891583937358	0.141149305474283	0.0245607188693199	0.0365862082903313	-0.0627008883439217	0.0527218604721009	-0.0928515171711487	0.062668356876708	87	1.27229381217241	93	1.33993921449462	28	1.25804802403571
HN_LN.K	0.620536486177374	0.18566711235283	0.133466838601789	-0.00635097904125632	0.0128071348794002	0.026612388085329	0.019988233974165	0.0327365979616743	0.0216764532369867	93	1.05678054443011	104	1.03104884088462	28	1.08674833935714
HN_LN.LA	0.784242138465709	0.521715783259356	0.656045436265684	-0.00613071733100945	0.0223598095981531	-0.0220858356453066	0.0343637373093596	-0.0170702831632991	0.0382371328438608	90	1.14866215642222	104	1.15870617886538	28	1.14810158382143
HN_LN.Mg	0.983471179174351	0.876840015553844	0.659077225499416	-0.000757817735606284	0.0365301145460181	-0.00832110984576557	0.0535723467125111	-0.0274894517836377	0.0621578836617899	91	1.34751246556044	101	1.37662431668317	28	1.33201586417857
HN_LN.Mn	0.498295181092869	0.733981454737175	0.57970415052642	0.0397584988290983	0.0585667310333555	-0.027326330847519	0.0801562524264177	-0.0571202485546782	0.102795630877118	71	1.338178118	81	1.42884808644444	22	1.31133505454545
HN_LN.N	0.182280366549797	0.254025731064994	0.501160236789032	0.0201153028231763	0.0150246285457067	0.0277570899657176	0.0242121630549969	0.0172490598205218	0.0255659280876471	91	1.39389122876923	98	1.42505939588776	28	1.41247413796429
HN_LN.P	0.19974473672733	0.429048376000499	0.167217104027829	0.0142049726431326	0.0110391600921137	-0.0150153415266412	0.0189187629732592	-0.0246304854654876	0.0177289403128146	91	1.00452384454945	103	1.0075612692233	27	0.984829660888889
HN_LN.S	0.116623759836879	0.683610022300057	0.876794206042462	0.0304531932218671	0.0193172128554298	0.0135322690909881	0.0331182461577409	-0.00506535284451888	0.0326050565932313	89	1.15669528693258	101	1.21237313869307	28	1.15086458328571
HN_LN.Zn	0.989455966109874	0.0544946188406969	0.037953096892369	-0.000617969712152815	0.0466749041359735	0.161995193053791	0.0830248317650748	0.166430713566437	0.0790248922990929	65	1.32950682647692	75	1.325372508	21	1.363544734
G_N	0.040482631248514	0.06371748692604	0.426242325833374	-0.165981931944315	0.0803767377755061	-0.255558748075809	0.136237876895354	-0.123422951333497	0.154548840553811	78	3.37987179487179	92	3.0575	23	3.05826086956522
G_CHL	0.571395539012182	0.94851476368615	0.700635613453741	7.81300929000403	13.7761925955754	-1.46828683257152	22.67936268841	10.2227844589184	26.519859692393	78	518.914102564103	91	488.294505494505	23	520.630434782609
G_FW	0.263441466028705	0.748792632563562	0.862661167226734	-2.77321946538599	2.47135805040015	-1.21244285668263	3.77516782510269	0.781021531011399	4.50434183198282	77	31.3935064935065	92	34.4798913043478	23	33.3173913043478
G_LA	0.102930671061452	0.482802468380075	0.966271907526452	-149.091500559534	90.91179718047	-96.0517776016247	136.327085399374	-7.19507933354206	169.771847532951	77	1290.19553246753	92	1371.37820978261	23	1306.75739130435
G_DW	0.275547395422281	0.951353051371882	0.904621815873985	-0.539648579373338	0.493278075849736	-0.0471607990546409	0.771011921100361	0.109083287950843	0.908259005716356	78	7.40461538461538	92	7.90945652173913	23	8.0004347826087
G_LWC	0.812237961998205	0.948614450154429	0.676110651892604	0.00147965482301372	0.0062190542672351	0.000706500559036437	0.0109336051796069	0.00455690034452601	0.0108784174897869	77	0.75577012987013	92	0.765048913043478	23	0.75654347826087
G_Thickness	0.0816068759912984	0.24356994971149	0.797873680417404	2.8540995413942	1.62885803758769	3.08835858988396	2.63197966558402	0.756780594916649	2.94787139369049	77	58.2881818181818	92	59.1919565217391	23	62.1560869565217
G_P	0.604787321990991	0.742545456489684	0.92750213892698	-0.0134067253636234	0.0258555490359767	-0.0137613531936073	0.0417727334032291	0.00435330456399535	0.047735314513372	78	0.461025641025641	92	0.417065217391304	23	0.42304347826087
G_K	0.462864440573648	0.00623654468391314	0.0144788042414517	0.0705164617039822	0.0958294423761715	0.425919371134478	0.152291011408573	0.519582890415528	0.209126999088311	78	2.50525641025641	92	2.50380434782609	23	2.71695652173913
G_Mg	0.457518118978183	0.596651856102735	0.694100712276516	0.016295657854657	0.0218824540655085	0.0173262515901557	0.0326300720160182	0.0161997858607107	0.0410817762492431	78	0.256410256410256	92	0.271630434782609	23	0.240434782608696
G_Ca	0.668652949006238	0.86022918145791	0.988414185513308	0.0274655563385929	0.0640572527117751	-0.0185548648394262	0.105093435637651	0.00172759661836693	0.118700717910669	78	0.808205128205128	92	0.764782608695652	23	0.697826086956522
G_S	0.814463686223196	0.729392146513409	0.689622449778241	-0.00597188817534222	0.0254072062556595	-0.0166992159316221	0.0481321927730682	-0.0159984148823765	0.039953901274743	78	0.387307692307692	92	0.327282608695652	23	0.338260869565217
G_Na	0.39459514784685	0.793020164375432	0.876480883953512	0.00015531474419357	0.000181964556172214	-7.58167199322395e-05	0.000288142435563613	-5.82244075514147e-05	0.000373726705195512	78	0.00171794871794872	92	0.00184782608695652	23	0.00191304347826087
G_Fe	0.862369203507482	0.355354296947463	0.654008351121689	0.682032274171539	3.92808195050816	-6.02491147636026	6.48720346476253	-3.13026133015916	6.96501372651371	78	97.9230769230769	92	93.9130434782609	23	91.1304347826087
G_Mn	0.264257461472249	0.860903518517298	0.722539763722907	7.79404461831454	6.95774113152515	1.98498095273352	11.297870193322	-4.42746869393119	12.4375215044435	78	60.0897435897436	92	54.6521739130435	23	47.9130434782609
G_B	0.473238077645745	0.355602041812211	0.0739686444657129	-5.31913274853195	7.3993012381487	14.5834709133555	15.7105865767204	18.2218046563	10.1008000245935	78	71.9871794871795	92	52.5652173913044	23	58.6521739130435
G_Cu	0.452721598890212	0.536694601646338	0.77159746401388	-0.714676978429705	0.949524186473142	-1.19762363120248	1.93149847339959	0.367450951059561	1.26270762243152	78	13.4871794871795	92	11.2934782608696	23	11.1739130434783
G_Zn	0.70278487389298	0.304660939263575	0.558619107353117	-3.11365808569465	8.14609715239674	-13.6530061129504	13.2295442947664	-8.12273191833329	13.845193431325	78	99.2051282051282	92	79.2608695652174	23	68.0434782608696
CobDiameter	0.168902243418828	0.637265187660632	0.75139598370264	0.478797751826481	0.346930210044198	0.236732030856823	0.500893524563816	-0.193402372717172	0.609384719686488	107	25.1970744788785	127	25.6058878390551	30	26.002109909
CobWeight	0.122396898180098	0.766906276779442	0.378118260927879	0.875429414765676	0.564602627697876	-0.265002407115892	0.892157205592497	-0.879714592442147	0.99520652111978	107	15.7000607837383	127	15.9972054485906	30	16.1008113311667
DaystoSilk	0.637898711415708	0.373735448058162	0.496978671962333	0.449551778788277	0.953921586563002	-1.25395770847117	1.40495423445262	-1.07956327906106	1.5855239326483	107	76.7606522284112	127	81.8462756997638	30	76.5453516093333
DaysToTassel	0.42247850100335	0.462532159685268	0.487970497632618	0.718490097709911	0.89412228297615	-0.961117296254917	1.30439149006464	-1.04544288822593	1.50372928841678	107	75.059987404486	127	80.4701823940158	30	75.2207442053333
EarDiameter	0.374828823685848	0.79216739223435	0.743430603597378	0.412038687364418	0.463377474269554	0.182241106767138	0.690224787338955	-0.263076103892234	0.802270629847614	107	36.5602725129907	126	36.6848048465079	30	37.7722562313333
EarHeight	0.836570180851126	0.576450165484362	0.434779072338273	0.464248816976111	2.24798758631792	-1.66904715151967	2.98061049794392	-3.11430575167904	3.97682694873306	107	60.8376900566355	127	67.7112626532283	30	63.6446342513333
EarLength	0.107286377011935	0.112148268948098	0.0158807528122856	3.48178909836739	2.15343384812128	-5.46274898017529	3.41574557230948	-8.89634268910167	3.64757998577141	107	128.161722631028	127	129.000585845039	30	123.245164782333
EarRankNumber	0.0740398158756386	0.793483124674326	0.240388721745135	0.556050762738948	0.309805515527247	0.137169009824357	0.522864047468037	-0.623168534243297	0.528696679546523	102	21.2605323268627	125	21.45365190024	30	21.5973034216667
EarRowNumber	0.00420543755242981	0.100440887090466	0.914397089062372	0.595751952894861	0.206039190309238	0.559033273874961	0.337925669699859	0.040098880301317	0.372409443857254	107	13.2418326578505	126	13.3975375788889	30	14.3534292666667
EarWeight	0.0183810466771269	0.231064261714928	0.00721561223235192	5.01333777120716	2.11087651286238	-3.98866924856523	3.31513517909424	-9.96135643103136	3.65688093487389	107	64.2032050651402	125	65.85978490024	30	64.5125895816667
GDDAnthesis.SilkingInterval	0.282920903517179	0.185059797988584	0.957469408996273	-2.10522000454643	1.9559593101821	-4.14765812896513	3.1131750957901	-0.181637302187224	3.40033366914646	107	25.3568050801776	127	22.1871424568189	30	20.9478230222333
GDDDaystoSilk	0.830546960550566	0.291285572225974	0.464622326759835	2.59472379211016	12.1110343920403	-19.9014858991204	18.7830091055918	-14.1544208425916	19.3074439740889	107	902.31993748972	127	954.534085148819	30	899.990583693333
GDDDaystoTassel	0.568542555939264	0.513807729857502	0.546665349804614	6.7290617052494	11.7841779400231	-11.6718823525606	17.8281562419617	-11.5084262438165	19.0499426533016	107	879.681811664486	127	941.348480271654	30	885.02030028
GerminationCount	0.946598315608985	0.137510082103678	0.697422054302338	-0.0121431056802719	0.181098146426447	0.453952578509546	0.303809832076048	0.109906458680258	0.282144305370687	107	6.58683094202804	127	6.25602312340158	30	7.03613201606667
LeafLength	0.327306252063375	0.802222391607232	0.364943617965879	12.3386172095971	12.5692107804411	-4.49703781271698	17.9181492538282	-19.6925483864689	21.6709666700291	107	713.192596456075	127	766.585370852756	30	718.66049823
LeafWidth	0.829323875259611	0.964237338341369	0.527494711290029	0.380917668186628	1.76501749295575	0.128741155300471	2.86587970618681	-1.72822032553114	2.72894724883606	107	83.8788604730841	127	87.1910253799213	30	84.3337347496667
MainSpikeLength	0.221638529018462	0.153518550936724	0.0735614114573678	6.28672407230738	5.12984508575069	-10.6493924817568	7.41874893912979	-16.1279269498366	8.9510939427959	107	227.814250425234	127	235.637947955118	30	214.544758806667
MiddleLeafAngle	0.0364414647104373	0.719607899638104	0.170968576187003	1.95009177170927	0.926512545087817	0.556850868335133	1.54785122244831	-2.24180952674098	1.62931941656027	106	60.3029989978302	120	63.85921763225	30	61.6506865773333
NIROil	0.550099390386584	0.971557217679194	0.975411225809296	-0.0562917925711343	0.0940526690307117	-0.00582034071304697	0.162927549281953	0.00443067526719985	0.143504344607322	107	4.34597341980374	123	4.39852268054472	29	4.18247252648276
NIRProtein	0.766343818299048	0.281665533647938	0.568736764715963	-0.0440853835343054	0.148176045409727	0.24168519231853	0.22356734902169	0.15296910362152	0.26780335359137	107	14.1837741426168	123	14.0433565243089	29	14.1708113744828
NIRStarch	0.591760051164282	0.629411112831076	0.54332170021656	-0.15079151912302	0.280774623464388	0.213041699377305	0.440447925807172	0.304955993231869	0.5005712437056	107	66.575198431215	123	66.3992579433333	29	67.2012379527586
NumberofTilleringPlants	0.338123044931283	0.911335987224461	0.253599674829837	0.0351899221691572	0.0366603762003577	0.00611315662464092	0.0547934540689506	-0.0652851134738639	0.0569682402032746	107	1.27611075153271	127	1.29151521529921	30	1.2580020118
PlantHeight	0.871637018627182	0.817900732034877	0.616971516325963	0.454978565118097	2.81266632931391	-0.92414904164988	4.00575085565079	-2.47950081973951	4.94735445962824	107	131.755521589813	127	137.856950311811	30	137.312181428333
RowQuality	0.58257613340773	0.732149635621296	0.87969121787007	0.00792864023046327	0.0144049367109107	0.00835070480991896	0.0243462085110435	-0.0037925718084467	0.0250143996884458	106	2.19052703819811	127	2.19617910070866	30	2.1901924483
SecondaryBranchNumber	0.397777829165084	0.0145354038483905	0.0636333673361495	0.136730034929125	0.161393806877561	0.562393397236126	0.227098538482814	0.583918580998312	0.312526136087334	107	1.67282679403738	127	2.29206928761417	30	2.0405054876
SeedSetLength	0.0894115691800247	0.233251489267414	0.0267126964239905	2.94040938393677	1.72379554272684	-3.31671844390668	2.76966519115423	-6.72921220881024	3.00736961787054	107	111.398101672897	126	112.187726375794	30	107.794007912667
SouthernLeafBlight	0.386751415679073	0.639390773838992	0.765155352220668	0.112957480402295	0.130258476050444	-0.108927099088175	0.231939966462757	-0.0643673247539092	0.215092914009991	107	6.41154815568224	127	6.96991324185039	30	6.58772647763333
Spikelets.MainSpike	0.391281076873328	0.0134095274051083	0.0392646451579409	0.404794260945444	0.471277176960621	2.00952036812736	0.801739526309013	1.79184394035901	0.861682500258943	107	23.5468048245794	126	23.235114852619	30	25.0233149373333
Spikelets.PrimaryBranch	0.294894991819088	0.900696258881046	0.602213529246424	-0.437010703626465	0.416257018990501	0.0844768874773164	0.6756956550757	0.356291333074897	0.682133313908616	107	15.8060276343271	126	15.0450479376349	30	14.9215269363333
StandCount	0.402732523468348	0.418319222361627	0.935923947910486	0.0625658431658279	0.0746335804009941	0.089975017865256	0.110822349466263	-0.0105292607891798	0.130754201970718	107	7.58904466591589	127	7.62804639802362	30	7.73976013933333
TasselBranchLength	0.260057552324184	0.80274976989257	0.937313273204031	4.74528833619011	4.20289887831896	1.88978522112447	7.55028650545005	-0.559682100078347	7.10460000881146	107	195.459204597196	127	210.067857992126	30	189.541419176667
TasselLength	0.186003801703534	0.946167331554237	0.509760512123744	7.25171015420233	5.4669038014536	-0.624485035787866	9.23123943529268	-6.18794918513591	9.36476537230142	107	317.343745365421	127	336.056117316535	30	307.99161135
TasselPrimaryBranches	0.46007591848719	0.000675798968287002	0.000267082279953377	-0.437683820932563	0.591488326289431	3.20500398970091	0.920500365267018	4.02753234788891	1.07895804168677	107	10.1938966364673	127	11.5015817201339	30	11.6385556623
TilleringIndex	0.163054352700407	0.585774348955104	0.24636969701382	-0.0109435883256268	0.00782035313057249	0.00817939263823804	0.014972043115332	0.0139428422222954	0.0119814911880239	107	0.579538527420561	127	0.578467500007874	30	0.585791489466667
TotalKernelVolume	0.0442160053677256	0.525275874320033	0.480723245233461	2.22516882365749	1.09952646001058	1.19369718355102	1.87383052741906	-1.38296781013496	1.95627482512092	100	59.6751951236	123	61.1145255047154	29	61.4681668951724
UpperLeafAngle	0.0517371304509632	0.781152566474795	0.0203980680926323	3.0210553043343	1.5448801255484	-0.763770817706437	2.74357904642793	-5.52631029014202	2.35812946768728	107	53.8927064790654	127	61.752348541811	30	60.7836667363333
X20KernelWeight	0.422554503265899	0.0791359925082993	0.118411727013777	-0.079306298579411	0.0987070525200762	-0.282253464148576	0.159509619159343	-0.247975158690042	0.15790423425621	106	4.61242498669811	126	4.54743986466667	30	4.38565651723333
X.1060..pyruvic.acid..6.714.	0.204528272401149	0.595264762620823	0.696594707079982	-0.00036058095863378	0.000283076645216962	-0.000303393964135656	0.000569276314413812	-7.28269124405843e-05	0.000186289109095026	79	0.000454876139240506	91	7.35802417582418e-05	25	0
X.971..oxalic.acid..7.883.	0.702955650713271	0.00420888953858186	0.100829853412108	-8.56590787575086e-06	2.24230931632866e-05	-0.000105965839131845	3.61577125556925e-05	-5.65212238189267e-05	3.41520095395831e-05	78	0.000264366282051282	88	0.000237557113636364	25	0.00018984836
X.6287..L.valine.2..9.151.	0.923505512671344	0.0709680560951172	0.0455455291372729	0.000169841488221779	0.00176609691313686	-0.00517298619809684	0.00283370416876409	-0.00538761790310427	0.00266377367668921	78	0.016737943	90	0.0166104969555556	25	0.0133736646
X.700..ethanolamine..9.879.	0.618070792435923	0.381252009826275	0.415149115947689	-0.000435327294037167	0.00087144145440136	-0.00118723755940196	0.00134968862622098	-0.00118322210464931	0.00144650459697341	77	0.00636761627272727	90	0.00626836677777778	24	0.00536591008333333
X.6106..L.leucine.2..9.945.	0.686808329296479	0.0141259187501617	0.34460472401996	0.000541130775042986	0.00133974566993998	-0.0033315131966317	0.00133326426879338	-0.00243969523524874	0.00257039178368369	78	0.00545943066666667	91	0.00622805298901099	25	0.00423664768
X.938..nicotinic.acid..10.27.	0.274595792580193	0.927925718327498	0.354351242949393	-0.000120022326559835	0.000109467524224248	1.5930585432204e-05	0.000175639635518894	0.000163185286056674	0.000175396892049324	75	0.000978016453333333	85	0.000832999694117647	23	0.000801746739130435
X.791..DL.isoleucine.2..10.225.	0.884629077493613	0.0953956230280619	0.348729712559411	-0.00011411147369136	0.00078517557539338	-0.00237663757148058	0.00141115371038669	-0.00110286608126832	0.00117187839648307	77	0.00553393214285714	90	0.00520816598888889	24	0.00481755058333333
X.444266..maleic.acid..10.323.	0.028499339439379	0.00754288845331419	0.339109475958682	1.56841230228605e-05	7.09613486605178e-06	2.81481320939659e-05	1.03165527042051e-05	1.3741010759069e-05	1.43108730971353e-05	78	4.28961923076923e-05	88	5.67290227272727e-05	25	5.756736e-05
X.439194..glyceric.acid..10.735.	0.353858850772885	0.602854396368802	0.82531107465987	-0.00105106054312017	0.00113045722827013	-0.000979490468438658	0.00187651212401766	0.000441165050773499	0.00199400242856429	79	0.0140459876075949	90	0.0138585324777778	25	0.01176903836
X.444972..fumaric.acid..10.94.	0.747582686327818	0.75600225602145	0.214074235276533	0.00023750504476051	0.000736745810146417	0.00041036581354584	0.00131697726499773	0.00166144452599474	0.00132951170658129	79	0.0076392602278481	90	0.007177513	25	0.00869675412
X.439742..beta.cyano.L.alanine..11.288.	0.43327936758323	0.979972202649386	0.786631816005378	0.00155384459021784	0.00197812718729382	4.92747922089431e-05	0.00195789177805308	-0.00105018715455161	0.00387034175750174	79	0.0044742906835443	91	0.00700535936263736	25	0.00386434984
X.6288..L.threonine.2..11.464.	0.595025919277042	0.39174525120239	0.397785580874729	0.000662839493123526	0.00124451678339121	0.00223122078972346	0.0025937740846966	0.00232645890148243	0.00274058628014574	79	0.0143297680632911	90	0.0151590947111111	25	0.01615945052
X.239..Beta..alanine..1..12.044.	0.858461680370076	0.498245048655604	0.170919289003539	0.000110170730036309	0.000616810906777211	0.00131997261538655	0.00194183156260474	0.002692703598636	0.00195369468472693	79	0.00547906820253165	90	0.00528189686666667	25	0.00621253316
X.12647..L.homoserine.2..12.359.	0.448136544386335	0.65536617959862	0.581912692926739	0.000168919097353792	0.000222156090144113	0.000211313456888491	0.00047201016607643	0.000302239220077175	0.000547309103430215	78	0.00234409880769231	90	0.00240869006666667	25	0.00239922504
X.5960..aspartic.acid.2..13.207.	0.155749987337122	0.921262180556295	0.909819298144348	0.00359579344033287	0.00252140587464373	0.000398115377852103	0.00401745908013558	0.000537680668100402	0.00473602677262576	79	0.0721339979240506	89	0.0758720508988764	25	0.07157907376
X.5810..trans.4.hydroxy.L.proline.2..13.267.	0.719313097185188	0.385035663202686	0.280813375947852	-0.0001061483898512	0.000294859691016239	-0.000453829890006531	0.000520136535641648	-0.000383592406013008	0.000353925479428729	79	0.00117290287341772	90	0.00120170787777778	25	0.0008286624
X.119..gamma.aminobutyric.acid..GABA...13.326.	0.32478973862678	0.713038381704684	0.892872192247191	0.0042620047590863	0.00431555147356972	-0.001390121682108	0.00376895351172516	-0.00125069550852511	0.00926597738441044	79	0.0121829112658228	92	0.0159185651521739	25	0.01491057528
X.5460407..threonic.acid..13.652.	0.230613266847132	0.696038607308229	0.568284232259445	-0.000623105628347376	0.000517851726549795	-0.000316697944485684	0.00080828872724837	0.000499232758913364	0.000872321765166043	79	0.00815392392405063	90	0.00798166168888889	25	0.00769508952
X.1001..phenethylamine..13.742.	0.171889077135225	0.315626281237619	0.755373297855975	-0.000493609662330524	0.000359733147822172	-0.000704910787563837	0.000698901649390583	0.000153848068273936	0.000492565674389201	79	0.0018882893164557	90	0.00100452995555556	25	0.0026327516
X.51..alpha.ketoglutaric.acid..13.859.	0.18367824433457	0.432593526120723	0.805281850585883	-0.000681307601873698	0.000510286217938716	-0.000607259588899351	0.000770657676253774	-0.000216462077791538	0.000875966043410885	79	0.00720587620253165	90	0.00705554263333333	25	0.006104989
X.738..L.glutamine.2..14.083.	0.798366500035347	0.833274385950038	0.970590585978952	-2.59768372241023e-05	0.000101518775925235	-3.88469477479819e-05	0.000184051566396404	-5.26711912772593e-06	0.000142538118944061	78	0.000780884487179487	89	0.000737291415730337	25	0.00087023124
X.236..L.asparagine.2..14.984.	0.424924181477275	0.771627735993343	0.733791483479216	0.0121014769978361	0.015128912009583	-0.00215315131602233	0.00739806648258952	-0.0107688560620002	0.0315855649038628	79	0.0221545302278481	91	0.0414279859010989	25	0.01892062256
X.2724705..1.6.anhydro.glucose..15.326.	0.543777378126323	0.22381845943211	0.314994724081577	8.4599445167471e-05	0.000139055212320286	-0.000252637653242202	0.000206372642411831	-0.00024490431538696	0.000242621969446063	78	0.00170565169230769	90	0.00173229297777778	25	0.0014803154
X.6912..xylitol..15.376.	0.792616175695526	0.191392837701131	0.447058733283097	-7.81691651056601e-05	0.000296608522691642	-0.000467261646220857	0.00035424265110284	-0.000404358460581767	0.000528908340914864	58	0.00220045012068966	59	0.00212558862711864	18	0.00188051861111111
X.827..ribitol..15.66.	0.485738495495804	0.779788331835768	0.641643751421627	-0.000146885376563849	0.000210231177313895	9.04128241585048e-05	0.000322473205426779	0.00016830426000234	0.000360650779430552	77	0.0197293054935065	92	0.0196427399565217	25	0.01963043768
X.754..glycerol.1.phosphate..16.056.	0.73816910130191	0.168051203999665	0.585801878123903	0.00163661840423953	0.00488772443529578	-0.00401074900566799	0.00288820610103055	-0.00551119006177265	0.0100840543991331	79	0.0175613195696203	91	0.0204733248681319	25	0.012944777
X.439183..3.phosphoglyceric.acid..16.504.	0.839677722854207	0.881683525749698	0.715591611757916	9.95758455634179e-05	0.000491424302725659	0.000115901287474849	0.000776713714741193	0.000346122996208906	0.000947512713795348	79	0.00502964082278481	90	0.00474951972222222	25	0.00524528192
X.6262..L.ornithine.2..16.632.	0.77613686251147	0.951767527096215	0.688707878699413	0.000255988760367077	0.000898755128531554	0.00010246698642067	0.00168973663545061	0.000603828847606949	0.00150330431474373	79	0.00596510249367089	90	0.00595623165555556	25	0.00525469216
X.9750..citrulline.2..16.691.	0.186014013510689	0.3494957402098	0.306636529441313	0.00060823104468922	0.000457995489970272	-0.000574305038852713	0.000610950427709919	-0.000822504237166174	0.00080081890777387	79	0.00243084875949367	90	0.00283071652222222	25	0.00178203136
X.835..dehydroascorbic.acid..1..16.863.	0.608550231338029	0.355633533902262	0.638934592242424	-0.000135279999529176	0.000263639471472108	0.000288445324080628	0.000310804549708197	0.000247539816425458	0.000526142037751989	79	0.00190887079746835	91	0.00198018989010989	25	0.00203705936
X.204..allantoin.1..17.293.	0.959276212128801	0.445558873007147	0.527266009567486	0.000153783835146866	0.00300714350275968	-0.00313618231384286	0.00409477464771791	-0.00340706110974152	0.00537236007527143	79	0.0133261019113924	91	0.0144741723626374	25	0.01182821876
X.448388..D.allose.1..17.278.	0.622287206807437	0.340559747626833	0.287685310481068	-3.02598313033222e-05	6.13103647197391e-05	-0.000105665248951039	0.000110324213829642	-0.00010276838313526	9.61859930879078e-05	78	0.000879644256410256	90	0.000846270366666667	24	0.000879418958333333
X.5962..L.lysine.2..17.643.	0.0678130311512521	0.550489696551562	0.21352013233122	0.000396091750317149	0.000215455125176036	-0.000202040871075579	0.000337241536043192	-0.000447214486623563	0.00035741259006352	79	0.000997280569620253	90	0.00132681948888889	24	0.000825830041666667
X.637542..4.hydroxycinnamic.acid..17.854.	0.0669154678066832	0.188256948895798	0.880291648300519	0.000594763037536951	0.000322453638741154	0.000594533006854155	0.000448740748914734	8.88965519295825e-05	0.00058891398530459	79	0.00254986240506329	90	0.00293610387777778	25	0.00306152192
X.6057..tyrosine.2..17.871.	0.319763901469099	0.0114305538808336	0.0728242320735931	0.00169924019681977	0.00170269598658631	-0.00640802038326209	0.00248628911606349	-0.00514779555234044	0.0028420540448428	79	0.0209071528734177	90	0.0216375169888889	25	0.01677965056
X.128869..galactonic.acid.2..18.504.	0.479249322265047	0.851640921132646	0.995787953375762	3.43175819323346e-05	4.83924022941648e-05	-1.40307765355231e-05	7.48229667091234e-05	-4.08287626255208e-07	7.71640458664421e-05	78	0.000552490871794872	89	0.000567330157303371	25	0.00052504884
X.5460673..D.saccharic.acid..18.614.	0.692686975968152	0.939361283071367	0.427066195502859	6.25665965819175e-05	0.000158025930277669	2.15093583098885e-05	0.000282030277793496	0.000248459596050866	0.000311630978055449	79	0.00121714063291139	86	0.0012501113255814	25	0.001442006
X.3037582..mucic.acid..18.907.	0.258996310774924	0.540157813213312	0.902126015263889	0.000869313026325705	0.00076747424852081	0.000572832692756362	0.000931844542821583	-0.000172736636513614	0.00140142780350471	78	0.00472711178205128	91	0.00529748587912088	25	0.00507345688
X.1549111..caffeic.acid..19.755.	0.315624823560514	0.831454540245978	0.81000763672333	-0.000873836752992647	0.000868084465409892	0.00030379010193643	0.00142353895885807	0.000342598190390165	0.00142146990878251	79	0.0103702521139241	87	0.00894696785057471	24	0.0108019050416667
X.5280450..linoleic.acid..20.399.	0.182916794961333	0.046633661702105	0.0881405490464114	0.00025527557006594	0.000190804317159452	-0.000307312245480893	0.000152422012228449	-0.000639800166473666	0.00037166120734522	74	0.000826549783783784	84	0.0011716591547619	25	0.00065986144
X.637775..3.5.dimethoxy.4.hydroxycinnamic.acid.2..20.65.	0.373657563122349	0.388336427120305	0.684426687387147	7.05858229315624e-05	7.91237439497556e-05	0.000117667605848995	0.000135803666263183	5.30166225757679e-05	0.000130096330302708	79	0.000264242746835443	89	0.000320970471910112	25	0.00030270732
X.439958..D.glucose.6.phosphate.1..21.394.	0.0192465115537188	0.138009396835276	0.511570252174501	-0.00243878322557878	0.0010316081877472	-0.00275305572346293	0.00184110297546874	0.0011318360920181	0.00171871745990851	79	0.0192861165822785	90	0.0163843917777778	25	0.01701691864
X.60961..adenosine..23.825.	0.908873383883011	0.736986648573267	0.851664873190964	-7.4065134329588e-06	6.4608617973053e-05	-2.75183735617351e-05	8.17073380210666e-05	2.27657657973685e-05	0.000121459517809816	79	0.00033960364556962	90	0.000328439088888889	25	0.00031290432
X.5460935..turanose.1..24.81.	0.544698845100847	0.828742399737205	0.532242710657294	-0.000311601109859224	0.000513272427825274	-0.00022780203913019	0.00105014466354157	0.000230824735428414	0.000368305737972174	74	0.00264160552702703	83	0.00194104444578313	24	0.00198739991666667
X.6255..maltose.1..24.702.	0.00395254967846989	0.371834027371749	0.675375995034517	-0.000665522869381456	0.00022765786028239	-0.000391616564172291	0.000436528864334872	0.0001568966018628	0.000373650429954288	79	0.0039640599113924	90	0.00352150993333333	25	0.00383665364
X.6255..maltose..2..24.915.	0.742284751677976	0.14476964284015	0.365827956222568	-0.000121352632512199	0.00036837233738697	-0.000737198594017925	0.000501284648130919	-0.000638164399352143	0.000702480883180273	75	0.00345238208	82	0.00359755602439024	23	0.0031010302173913
X.642609..trans.caftaric.acid.2..25.529.	0.0794652499733671	0.580327356544194	0.503988291558393	-0.00128679759532367	0.000728635058297046	-0.000774787710402659	0.00139616336922119	0.00063062595903865	0.000940212372336613	72	0.00229864368055556	80	0.00128167685	22	0.00138072209090909
X.6537496..chlorogenic.acid.1..26.37.	0.475499491853747	0.136821050413623	0.980605864759758	0.000565745753404907	0.000791026320793779	-0.0025236466019522	0.00168253611729163	2.5240173692604e-05	0.00103593284736885	79	0.00178544144303797	90	0.0017100818	25	0.00179498364
X.439451..galactinol.2..26.479.	0.728966179523872	0.438111598199181	0.856355619413479	-0.000760826301715575	0.00219201595077883	-0.00283493307756789	0.00364137735999657	-0.000608012549471031	0.00335109794083125	79	0.0166641980886076	91	0.0171148291978022	25	0.01554193876
X.2116..alpha.tocophereol..27.379.	0.133873299599852	0.0947846446991635	0.240937828382033	-0.000288225873374347	0.000191194617343164	-0.000543265936539795	0.000321462970816519	-0.000326185946927367	0.000276510541415525	66	0.00143174174242424	83	0.00117835714457831	22	0.000840758318181818
X.6537496..chlorogenic.acid.2..27.18._alt	0.493855543879765	0.511322362342363	0.677434382206677	-0.00206460309434725	0.00301087899533999	-0.00308536310344283	0.00468073887627564	0.0022338035427058	0.00535597320560718	79	0.0184652881898734	91	0.015783671	25	0.01843988968
X.5321515..stigmasterol..28.442.	0.0439063988513091	0.747660799762488	0.512111604336585	0.000160107018654875	7.86731220802896e-05	4.64364152596501e-05	0.000143775559318829	-0.000121258473872097	0.000184202808104413	59	0.000803814440677966	74	0.000902696945945946	17	0.000905531823529412
X.5321342..beta.sitosterol..28.848.	0.360005691488614	0.376804016058533	0.649982808816709	-0.000338674260995429	0.000368694940561813	-0.000547161632302937	0.000615325333677007	-0.000285373477394879	0.00062674388620584	60	0.00402515895	76	0.00357003873684211	18	0.00345602022222222
X.439242..Raffinose..29.282.	0.599450194096477	0.658346801860516	0.625325278789281	0.00214543668323236	0.00407716376461515	-0.00180903242380378	0.00407867109657221	-0.00380533957609581	0.0077710415850139	79	0.0164905531139241	91	0.0223376499120879	25	0.0118361132
X.750..glycine..10.456..s100	0.968950047280267	0.609234262139227	0.458194682141061	0.000831102348260295	0.0213189077194234	-0.0175242731005707	0.0341737672383586	-0.0253718601476532	0.0340826586323445	79	0.162148497227848	91	0.167031832483516	25	0.1574974294
X.5951..L.serine.2..11.174..s100	0.814180294648954	0.982805880103323	0.536861577111755	-0.00226435294077308	0.00961855545423829	-0.000449382614584906	0.0207986127177934	0.0125726839983889	0.0202951402668151	78	0.104485634987179	91	0.101445919186813	25	0.12154957028
X.92824..D.malic.acid..12.794..s100	0.979352838734091	0.933263079432597	0.51114198064963	-6.32181510174223e-05	0.00243897014115196	-0.000347555245124334	0.00413975587288403	0.00249953333014752	0.00379174070596102	78	0.0276808178076923	90	0.0272114417666667	25	0.0261300096
X.33032..L.glutamic.acid.3..dehydrated...13.232..s100	0.486121720708351	0.0658601822624694	0.292073205585903	0.000532238012437021	0.000762376014560864	0.002024131389898	0.00108761867774154	0.00149002412907512	0.00140727028669365	75	0.0109464996933333	88	0.0114912995909091	24	0.0123702896666667
X.444212..trans.aconitic.acid..15.842..s100	0.599222195449243	0.317397163485045	0.56416099377122	0.000981591060918473	0.00186421722333594	-0.00292553695561761	0.00291113484311586	-0.00173715994543126	0.00300335151931339	78	0.015704074448718	91	0.0192545247362637	25	0.013241781
X.8742..shikimic.acid..16.433..s100	0.746270961051323	0.862321541996944	0.249494824560363	0.00101457577606987	0.00313038506422011	-0.00085252716229988	0.00490307413215528	-0.00643343800490116	0.00555736081501674	78	0.0345847654102564	91	0.0363130656263736	25	0.03247186572
X.311..citric.acid..16.615..s100	0.751967977172952	0.758465426248737	0.937031997711533	0.000594980838038055	0.00187938628662027	-0.000913739565967324	0.00296316985079537	-0.000245751255145406	0.00310363848396985	77	0.0228963896103896	90	0.0240260115444444	25	0.02072136704
X.6508..quinic.acid..17.076..s100	0.730371847044819	0.809922190522014	0.569550615656664	0.00283746467546157	0.00821930964171608	0.0020069591689604	0.0083210684005373	-0.00897193537638497	0.0157288465609124	77	0.0316406745324675	92	0.0353713591304348	24	0.0315082549583333
X.5984..fructose.1..17.18..s100	0.0203912900771509	0.376983362470141	0.765745078229164	-0.0155156668090667	0.00662584480639896	-0.00973678561087915	0.0109710407947121	0.0030445383277928	0.0101936436341572	78	0.0787341813461538	92	0.0693279773152174	25	0.0603242208
X.892..myo.inositol..19.354..s100	0.568468217364965	0.819352148904186	0.637817504666847	-0.00195782115034188	0.00342598091021981	-0.00114209250662199	0.00498747253395298	0.00294565604078993	0.0062401305769026	78	0.0531390349230769	91	0.0560561897582418	25	0.05213209064
X.5988..Sucrose..23.988..s100	0.675652345093444	0.850016163765407	0.733167881604463	-0.040571269977201	0.0967943679838658	0.0276929585047653	0.146065216279152	0.0535305304311443	0.156625948245183	79	0.925438640075949	91	0.901415005967033	25	0.90746573492
X.6537496..chlorogenic.acid.2..27.18..s100	0.324978187224668	0.0140571025371111	0.519526341234234	0.00245910120647717	0.00249044388907449	-0.011341198311843	0.00453093298598524	-0.00282801233143076	0.00437629888520518	73	0.00909205421917808	87	0.00873178522988506	25	0.01147785844
HN.X20KW	0.593902178373303	0.0965868743758026	0.172001948159151	-0.0492904681188825	0.0922709902853147	-0.278215207463669	0.165906560991675	-0.209390434337664	0.152337803542115	83	4.82108531409639	93	4.8356013204086	25	4.61593403544
HN.CL	0.114050509270359	0.381504701759894	0.960157298906972	-0.300381441412692	0.189186859149082	-0.276568955815199	0.314776113564831	0.0157379300065072	0.314382779423771	90	12.5283006772333	100	12.12121226855	26	12.2444801556538
HN.CW	0.771668242704765	0.0770433844440018	0.602063872015029	-0.105067175459994	0.361517195097197	-1.07033775357541	0.599577038393481	-0.312989163019208	0.598656306930939	87	13.6622874567471	99	13.2468129903232	26	13.4271145173077
HN.CD	0.446376549003691	0.729937158218112	0.506445010916262	0.243889005164178	0.3195884037868	-0.176822100075051	0.510891530091951	-0.342948577528937	0.514641299965449	87	22.4849193732184	99	22.4758818767677	26	23.0844703715385
LN.X20KW	0.789426871716116	0.61797644818596	0.690417616707057	0.0332045245822272	0.124125315208115	-0.0989089081361386	0.197652958312851	-0.0869271352625244	0.217672220692319	73	4.62123917626027	90	4.73797795482222	24	4.55072875620833
LN.CL	0.689883507126004	0.25863600110607	0.435885521059649	-0.0499522462749799	0.124993452702012	-0.249344816401152	0.219559273181175	-0.174464960699023	0.223182937818585	87	12.0881329536782	103	11.9223721447573	25	11.7802543284
LN.CW	0.0772098011048691	0.0314720298920466	0.149839908530979	0.400982301556414	0.225607640124594	-0.683726691930929	0.313679683839711	-0.603905347711445	0.416595789487954	87	12.5665000664368	97	12.6699813448454	25	12.40426767
LN.CD	0.198461432869743	0.502562104940042	0.34332422101957	0.367534946084366	0.284749352213858	-0.274518462470066	0.408059401960652	-0.483345598882508	0.507995567149887	87	22.4573831262069	97	22.6979144707216	25	22.9093349068
HN_LN.X20KW	0.760795333966982	0.154154796248112	0.272728259326597	-0.0071121307214125	0.0233191040676672	-0.0515754485150111	0.0358849312271571	-0.0433555588305487	0.0393197492459745	70	1.04498090981429	85	1.04343317722353	24	1.0172989555
HN_LN.CL	0.0883293655628237	0.903614004237373	0.344604727402769	-0.0208157544426365	0.0121479635834561	0.00222570687146218	0.0183355662920368	0.0209551120962541	0.0220847853363352	86	1.03686145190698	100	1.01736964108	25	1.0427122582
HN_LN.CW	0.116674946604439	0.755832386776704	0.357235305848055	-0.0349851184420793	0.0221871687199432	-0.0121160683057311	0.0388610343620086	0.0377797136779224	0.0408683681265405	84	1.08389013929762	93	1.04654935145161	25	1.0913057586
HN_LN.CD	0.98184527339367	0.472474847454118	0.646562905819941	-0.000197418863832103	0.00866303264533783	0.00937780819554386	0.013005128449319	0.00718121891738401	0.015619070235666	84	1.00040560746429	93	0.994116028043011	25	1.01167958476
canopy.HN.6.Jul	0.308685099673979	0.799801515704635	0.792121186250748	1.7658424378047	1.72919388443229	0.724185454115897	2.84767030124938	-0.889843872360045	3.36769606082845	79	33.9563999418608	88	35.7653098261818	22	35.5687987081818
canopy.HN.23.Aug	0.107836201279786	0.795987755789437	0.253502528525523	5.67021902928632	3.50675282197524	-1.62085532521375	6.25178937634059	-7.2768205564588	6.33768851554932	79	53.8000050767595	88	63.18379374125	22	53.5799086009091
canopy.HN.1.Sep	0.18022842914071	0.552706218862826	0.185389970169206	5.47637463557485	4.06905494788067	-4.31064142907403	7.23496114875849	-9.81531517650208	7.3628719049752	79	46.3540022867722	88	57.4391825816932	22	43.1457129713636
canopy.HN.22.Aug	0.167963721565009	0.704354590884206	0.223391862131172	4.75707654445332	3.43476874508757	-2.29612471515435	6.03320004491592	-7.55678105535361	6.16981646556416	79	48.7138700331519	88	57.6517329045568	22	48.4642191540909
canopy.HN.12.Aug	0.169245973959659	0.802319431563077	0.31903838923349	4.87629858675573	3.53153188842762	-1.56231454308958	6.22335930034613	-6.38406610349108	6.37650075499297	79	52.054261906481	88	60.6690992369545	22	51.1439798654545
canopy.HN.26.Aug	0.17048313505578	0.698079716024361	0.24768078831053	4.74168816380788	3.44406765439044	-2.39677764556894	6.16013808917481	-7.24254347042432	6.23031691511501	79	55.1278850789873	88	63.7178188663636	22	54.2436760154545
canopy.HN.3.Sep	0.193951395806201	0.478622556232145	0.176124308574154	4.11120222480313	3.15182425520034	-3.97284585736294	5.58532358272022	-7.84375982463601	5.75915652980308	79	37.9951485317848	88	46.5889399473864	22	36.5947265614545
canopy.HN.14.Aug	0.269396734003669	0.587753946298122	0.259073356935314	4.10825024294907	3.70697235105163	-3.56615698207556	6.55633662862634	-7.61515952975598	6.71100359509891	79	47.1935777756962	88	56.0863399859659	22	43.7794259943636
canopy.HN.20.Aug	0.155905869211674	0.780658811047048	0.323853895685939	5.19555190641611	3.64444960786847	-1.80698617592207	6.471009654615	-6.5846609532223	6.64294474841075	79	47.149221172038	88	57.2712992992955	22	45.9395132077273
canopy.HN.30.Aug	0.0882773754748248	0.618439067673366	0.178626024064773	6.2191149700432	3.62653636272668	-3.23157627701919	6.46720507201418	-8.74901495029784	6.46134497856569	79	46.9478449784684	88	57.4276414053636	22	44.3510877027273
canopy.HN.5.Sep	0.268100396957186	0.332040920511107	0.141271180333549	3.87562002632153	3.48757168695774	-5.90085681870568	6.05254081774003	-9.49680938661026	6.40706019419091	79	36.6371739231772	88	45.74898099	22	33.3568670290455
canopy.HN.16.Aug	0.133042341794904	0.703123682277142	0.229878704139378	5.55149486014095	3.67697276154151	-2.48342753957141	6.49693241531227	-8.1133742120974	6.71807770380101	79	45.6435847265063	88	56.2159145914659	22	46.3961404040909
canopy.LN.6.Jul	0.896428710315608	0.575246213012411	0.750278124467827	-0.193451409583768	1.48375295468662	-1.47246322889624	2.61890030297497	-0.957398117788588	2.99991480075909	81	29.2297250422222	85	28.5951132058353	21	28.7151013766667
canopy.LN.23.Aug	0.504704817355728	0.270695451087127	0.315294306811963	2.06998100261874	3.09596885209772	-6.37988743343645	5.75915541019729	-5.98683246473011	5.93230403388588	81	52.4878631315062	85	58.6230669068471	21	48.5666974966667
canopy.LN.1.Sep	0.372555301298657	0.226502121618588	0.26024044950107	3.16271584526127	3.53696392290812	-8.12193955313399	6.67294495533089	-7.81669514177292	6.90412287474764	81	44.7612471791605	85	52.8836419371059	21	40.2003755050952
canopy.LN.22.Aug	0.54533338449302	0.150690542094306	0.186084142848627	1.87003245872893	3.08559475139955	-8.17015938537094	5.64026540509222	-7.77527575376284	5.8403187901748	81	47.5027833437037	85	53.7294632913765	21	43.4598237004762
canopy.LN.12.Aug	0.678271073736039	0.120802300903805	0.173601966624239	1.32311912552254	3.18379293823613	-9.20763394908964	5.88287414140275	-8.13626917417166	5.93717248761452	81	52.1924645846049	85	57.4649504456588	21	46.626306997619
canopy.LN.26.Aug	0.470812227276476	0.153710494315314	0.239843251375174	2.16445990787145	2.99428373923542	-8.03348100079526	5.58736094532548	-6.61648674396988	5.59605182077263	81	52.7672126034568	85	59.3603299803059	21	48.9055282514286
canopy.LN.3.Sep	0.284211376290605	0.156308150998327	0.198853337302931	2.91758115319562	2.71532037369282	-7.2348389872739	5.06399810080451	-6.72054169266746	5.19638009606824	81	37.8609230109136	85	44.9506447392588	21	34.0918648738095
canopy.LN.14.Aug	0.652929803991524	0.247150172292775	0.31417098686432	1.51043279305803	3.35252072133539	-7.30711536299296	6.27586682135962	-6.42236101975339	6.34903656358294	81	49.0606166322716	85	55.2903622464588	21	45.0292152452381
canopy.LN.20.Aug	0.591458641616492	0.213016675024525	0.292525849551568	1.71233642463262	3.18397275621583	-7.39760879760134	5.90130244843159	-6.35459838035544	6.0055676286811	81	47.581875036716	85	53.5498313066118	21	42.3814624480476
canopy.LN.30.Aug	0.604645370089079	0.242500714186508	0.325079268546543	1.74667340996818	3.36706267839172	-7.56946848049761	6.43700332110372	-6.31653721147392	6.38749105110251	81	47.8795066843333	85	54.2316294560471	21	42.2770121295238
canopy.LN.5.Sep	0.375252352654344	0.0650400164560121	0.0791860110042499	2.84194680407682	3.19627345666333	-11.0620933735859	5.92772398075982	-10.5690406450341	5.95995068117605	81	37.247120053037	85	45.3210858725882	21	30.1701570080952
canopy.LN.16.Aug	0.563076970855239	0.219790913685653	0.220840169841242	1.80663545928615	3.11769727257473	-7.21835820881689	5.84453424621841	-7.06736171798448	5.7368774481131	81	46.7058412452222	85	52.7797069362588	21	43.4369529557143
ExG.HN.6.Jul	0.475935528370582	0.841044514738223	0.563026652190635	0.0053383952593286	0.00747099963466773	-0.00279214812826486	0.013883457874801	-0.0100031203995368	0.0172382401782645	79	0.254533529493671	85	0.258655101764706	20	0.25364044755
ExG.HN.23.Aug	0.359494858082636	0.338420787097086	0.217628093272798	0.0046745568595566	0.00508691901828671	-0.00829439534881878	0.00862121328927838	-0.0128602436215929	0.0103686372419172	79	0.315583377949367	88	0.322681553852273	22	0.323301880318182
ExG.HN.1.Sep	0.561523457465132	0.11418514547788	0.0630219170467934	0.00317892108832137	0.00546412763336404	-0.0156501308445036	0.00981710236092351	-0.0206234399739606	0.0109759320087626	79	0.245653065379747	88	0.251407572454545	22	0.244453329818182
ExG.HN.22.Aug	0.518561002238034	0.693407587276509	0.380271100580115	0.00281105047681376	0.00434488475199752	-0.00289487568225224	0.00732094728136217	-0.00771523901962515	0.00875627914434632	79	0.295945239518987	88	0.301813263659091	22	0.301379153227273
ExG.HN.12.Aug	0.695064641789416	0.294973901547262	0.250463518178574	0.00187927935859991	0.00478565576491786	-0.00842484777714509	0.00800063372210245	-0.0110365120520342	0.0095503768155434	79	0.350052977443038	88	0.357684701261364	22	0.354665090636364
ExG.HN.26.Aug	0.897326534780677	0.0347425159054653	0.0209514733031502	0.00119167486482415	0.00922049668859724	-0.0321720853312852	0.0150212311206274	-0.0421478023581481	0.0179798534787829	79	0.391159012898734	88	0.395307491261364	22	0.383098339636364
ExG.HN.3.Sep	0.192417735803667	0.105197297090417	0.22881208847667	-0.0131022728199777	0.0100100462108531	-0.0283749648796599	0.0173483142129213	-0.0225137129883942	0.0185989769721253	79	0.374337863594937	88	0.369892915602273	22	0.362429308227273
ExG.HN.14.Aug	0.8393163057349	0.709152014588637	0.501947472891846	0.000845430727442646	0.00416275261861003	-0.00255180256835096	0.00682110632813879	-0.00571972783971573	0.00848932718052375	79	0.265170773291139	88	0.271293841090909	22	0.271525947136364
ExG.HN.20.Aug	0.770117961978361	0.578693782159475	0.544304581006595	0.00165588423309576	0.00565707007418777	-0.00467798077535918	0.00839565104377712	-0.00727074545049278	0.0119526377289991	79	0.274758611037975	88	0.281654797761364	22	0.277454091681818
ExG.HN.30.Aug	0.932693327336946	0.165863680865545	0.118300382057171	0.000387271884324918	0.00457832753385109	-0.0117948046018437	0.00844757219024579	-0.0144448714585658	0.00917224441374829	79	0.284557884936709	88	0.288983390443182	22	0.283683189636364
ExG.HN.5.Sep	0.367727084798254	0.197030848769437	0.29256173381615	-0.00433691376299946	0.00480138143040154	-0.0113987672056245	0.00877455049838384	-0.00999701106572883	0.00945051251443143	79	0.253459914898734	88	0.253350416784091	22	0.247335177909091
ExG.HN.16.Aug	0.792348734461557	0.693009540603958	0.524804986178964	-0.00200831438257913	0.00761600001223234	-0.00448392074119953	0.0113240340666593	-0.0102315448015065	0.0160346690578488	79	0.509409775189873	88	0.517986299431818	22	0.518959049227273
ExG.LN.6.Jul	0.486824601586711	0.371355607041273	0.44239275111059	0.00468238006463379	0.00671776707879585	-0.010482512804185	0.0116707208212039	-0.0118353800794655	0.0153443382263594	80	0.2392022875	82	0.247347901219512	20	0.233885595
ExG.LN.23.Aug	0.623232104196937	0.594998694532932	0.804042454014916	0.00177427310311625	0.00360461111889703	-0.00359894956065759	0.00674758829598749	-0.0020073710056646	0.00806912547038827	81	0.292704746296296	85	0.294862728235294	21	0.297889185714286
ExG.LN.1.Sep	0.820200712440864	0.0538861327246141	0.107572145128038	-0.000965586717870399	0.00424138518399783	-0.0165672673485157	0.00848965099503833	-0.0142074198466335	0.00875041110049612	81	0.243479124691358	85	0.244861974705882	21	0.244527333333333
ExG.LN.22.Aug	0.887978823975041	0.300960439479444	0.618958200014496	0.000500214627213868	0.00354547326606276	-0.00707232960909092	0.00680081451459826	-0.00401865395762943	0.00805556915945189	81	0.274766071604938	85	0.276817650588235	21	0.275377757142857
ExG.LN.12.Aug	0.80927923111378	0.161590163493889	0.51298556604737	-0.000810807515577323	0.0033538679413892	-0.00879551679515653	0.00623573188640705	-0.00514333594174528	0.00783429533738038	81	0.32625262037037	85	0.329070932941176	21	0.330165047619048
ExG.LN.26.Aug	0.191913909627774	0.288545908916584	0.0560080597343865	0.00804381051493162	0.00613825870190322	-0.0117758866926566	0.0110347324058745	-0.0249114915830799	0.0128859510460424	81	0.35985455	85	0.368790990588235	21	0.368148723809524
ExG.LN.3.Sep	0.42464304076016	0.521771620657658	0.148404659580086	0.00538840244174133	0.00673191089922758	-0.00817263797364903	0.0127110984962449	-0.0191691996559202	0.0131627266439964	81	0.335786132098765	85	0.341670789411765	21	0.341148583333333
ExG.LN.14.Aug	0.492485786654217	0.161183076129467	0.17806197984671	0.00216433012969549	0.00314614147082465	-0.00845171584459763	0.0059861118939906	-0.00989977170583627	0.0072996784727924	81	0.242407575308642	85	0.246463426470588	21	0.242881045238095
ExG.LN.20.Aug	0.362662925653095	0.286369698347182	0.344791042108823	0.00359512819428554	0.00393816317390639	-0.00800490289077263	0.00746710065256528	-0.00846789627502166	0.00892120649059856	81	0.250771591975309	85	0.257628010588235	21	0.249690997619048
ExG.LN.30.Aug	0.383976625927625	0.127252466836186	0.123141307263242	0.00308955850613263	0.00353911295409781	-0.0109761533660451	0.00713565485664309	-0.0119763664850836	0.00770324087505014	81	0.260269040123457	85	0.264781130588235	21	0.261656316666667
ExG.LN.5.Sep	0.759868753909578	0.567160512631629	0.842956826328416	-0.00122792134915978	0.0040105519936474	-0.00437304478443368	0.00761586900779741	0.00162397083955153	0.00817614150395274	81	0.233419709876543	85	0.232530121176471	21	0.236383454761905
ExG.LN.16.Aug	0.645615056088808	0.427491085869345	0.0765423691425359	0.00254836276587582	0.0055311581187539	-0.00773770909149319	0.00971051463828408	-0.0208764546700703	0.0116665228138797	81	0.49743882654321	85	0.504657647647059	21	0.508357383333333
RGB.HN.6.Jul	0.540053784714541	0.809967035425768	0.541545769292921	0.0047866073096561	0.00779502543967281	-0.00353966506315352	0.0146785029256271	-0.0110994440337294	0.0181192258899343	79	0.326129300911392	85	0.328937135564706	20	0.3264460059
RGB.HN.23.Aug	0.370509848181366	0.350670123157328	0.234429057180478	0.00605956451307753	0.0067477261146817	-0.0108774779569187	0.0115981943298862	-0.0164592070324634	0.0137630227930335	79	0.462846844860759	88	0.471174644715909	22	0.473783972681818
RGB.HN.1.Sep	0.545725258615209	0.110072487466421	0.0589773092599374	0.00465276759913881	0.00768477004789852	-0.0223840558361491	0.0138790750239733	-0.0294567055365184	0.0154295191723411	79	0.366395379	88	0.374386041886364	22	0.364727719090909
RGB.HN.22.Aug	0.519280812301237	0.717260294987351	0.398207013889468	0.00387517322209719	0.00599997706486418	-0.00370033203102322	0.0101883756027103	-0.0102485341972571	0.0120814256031181	79	0.438973296075949	88	0.446731407829545	22	0.446854839
RGB.HN.12.Aug	0.698946514620809	0.310153167854123	0.269099560409117	0.0025122592617717	0.00648442297897777	-0.0111614951226089	0.0109394838324228	-0.0144078103430693	0.0129681520077001	79	0.515969131037975	88	0.525568819295455	22	0.522986405409091
RGB.HN.26.Aug	0.891617356339395	0.036850912879167	0.0210177268824896	0.00172163262391196	0.0126152517045246	-0.0439523948426703	0.0207622918915927	-0.0573637250881393	0.0244837860768745	79	0.578948724101266	88	0.583934977988636	22	0.5685002795
RGB.HN.3.Sep	0.188669657191733	0.103808333397679	0.221551041200317	-0.0185673625454382	0.0140653037110119	-0.0403028509372883	0.0245411133382681	-0.0319960854722878	0.0260190430305695	79	0.554728402721519	88	0.547953135522727	22	0.537999919454545
RGB.HN.14.Aug	0.855508546911719	0.751122857975792	0.535464335924906	0.00102039008802318	0.00559470077819136	-0.00294420295375815	0.00925646789807432	-0.00710080586806072	0.011420968796929	79	0.391893637886076	88	0.399629901363636	22	0.400984363727273
RGB.HN.20.Aug	0.788031653860058	0.586752645281264	0.561143622955227	0.00209817137525393	0.00779083278354977	-0.00634408287910136	0.0116322686016075	-0.00959167048596704	0.0164522768990039	79	0.406026007139241	88	0.414940699977273	22	0.410078489590909
RGB.HN.30.Aug	0.915076960878844	0.16092794960618	0.112179919942844	0.000671355786641579	0.00628589260607131	-0.0165457223349673	0.0117107188832009	-0.0201930752534849	0.0126056278297353	79	0.424168321025316	88	0.430015362761364	22	0.422921132636364
RGB.HN.5.Sep	0.361103832360539	0.193845238274879	0.285227256669179	-0.00597975622082676	0.00652914601148527	-0.0157932271038199	0.0120701942917969	-0.0138203788819234	0.0128665957240961	79	0.375767610050633	88	0.375221576579545	22	0.367328944909091
RGB.HN.16.Aug	0.711632911448561	0.71047703451046	0.56121583914793	-0.00388650134156703	0.0104951757782301	-0.00587076584874413	0.0157681653545076	-0.0128547601165408	0.0220534201817854	79	0.749792609329114	88	0.759445904534091	22	0.763071528954545
RGB.LN.6.Jul	0.569271454541991	0.35206136500374	0.400209879636435	0.00412063343858112	0.00722504075905161	-0.0116300689400808	0.0124360453772871	-0.0140531036795446	0.0166315866038527	80	0.31185405375	82	0.31988472195122	20	0.30725387
RGB.LN.23.Aug	0.629079623639275	0.654434401526216	0.859366860965979	0.00229883231629686	0.00475015333226066	-0.0040536193565373	0.00902813915110805	-0.0018958028454586	0.0106725738514404	81	0.431073316049383	85	0.432989151764706	21	0.438366478571429
RGB.LN.1.Sep	0.829811032406802	0.0506501721569789	0.101345805696395	-0.00127814460961344	0.00593675599355323	-0.0235892294081094	0.0119197153223796	-0.0202363339467897	0.0122389072821352	81	0.364414372839506	85	0.366446123529412	21	0.365612711904762
RGB.LN.22.Aug	0.877562383355587	0.321204028740677	0.651323250572223	0.000748646222581598	0.00485172497415885	-0.00942630402763727	0.00945386052635341	-0.00499706529484419	0.0110243631360551	81	0.409413430864198	85	0.412046424705882	21	0.410275454761905
RGB.LN.12.Aug	0.807409942658821	0.183921530443515	0.556524513602561	-0.00109585366883667	0.00448807425646103	-0.0114053187874791	0.00852213048620049	-0.00624855184035957	0.0105912006589695	81	0.482009378395062	85	0.485058413529412	21	0.48783110952381
RGB.LN.26.Aug	0.181357248683186	0.312715909871872	0.0613609511605832	0.0112657015404608	0.00839223101789409	-0.0153604550142616	0.0151361259979698	-0.0333231908922134	0.0176130781235496	81	0.535774386419753	85	0.547728534117647	21	0.548101273809524
RGB.LN.3.Sep	0.407600085046206	0.517171561258197	0.145348452235621	0.00778628380975058	0.0093777030035991	-0.0115715157626092	0.0177999002188431	-0.0269127520764907	0.0183392379230708	81	0.501486560493827	85	0.509804625882353	21	0.509014338095238
RGB.LN.14.Aug	0.456874410461534	0.162184906658548	0.174795758149685	0.00311429840239863	0.00417576994086774	-0.0113408952178094	0.00805184198530862	-0.0132861276182336	0.00972226962693406	81	0.361076888888889	85	0.366342212941176	21	0.361740354761905
RGB.LN.20.Aug	0.349508196947912	0.298861864660575	0.35922905744959	0.00501765374171751	0.00534773934428761	-0.0107964588304081	0.0103367371939437	-0.0111647129330085	0.0121219749206462	81	0.372896840123457	85	0.382038400588235	21	0.371233511904762
RGB.LN.30.Aug	0.360002578359331	0.132152921497538	0.123302914099785	0.00440287561106115	0.00479626624761373	-0.014868119458222	0.00979162302234815	-0.0162542880395274	0.0104593759334446	81	0.390663291358025	85	0.396859224705882	21	0.392679126190476
RGB.LN.5.Sep	0.758621628807075	0.574170893206493	0.819754332938972	-0.00166735433732911	0.00541675724432943	-0.00585602356139512	0.0103861454863388	0.00252365065029036	0.0110465915154861	81	0.348861467283951	85	0.347455919411765	21	0.35280874047619
RGB.LN.16.Aug	0.674301970794944	0.473250986485264	0.0905327858595297	0.00322969712290177	0.00767112517715442	-0.00973462646491751	0.0135201502227262	-0.0276992631804013	0.0162084219273505	81	0.729732537654321	85	0.737810488235294	21	0.745789723809524
NGR.HN.6.Jul	0.36560673311139	0.987264626652264	0.516179132045109	0.00557648521271111	0.00614605603191293	0.000183208356522032	0.0114472167183805	-0.00899650410089479	0.0138076188673217	79	0.140797065544304	85	0.143777841341176	20	0.1432264914
NGR.HN.23.Aug	0.591629870077864	0.437732315986037	0.40549189817838	0.00299133173695432	0.00556481790056518	-0.00740139800379474	0.00949775296144347	-0.00958759652011148	0.0114791664127255	79	0.143387714708861	88	0.147504807215909	22	0.149470076954545
NGR.HN.1.Sep	0.853932465517189	0.205958813128794	0.134182936240623	0.00101407272651718	0.00549939222040585	-0.012770561363308	0.0100288881461033	-0.0162316853029008	0.0107532581243965	79	0.0870313653037975	88	0.0892813259886364	22	0.086089165
NGR.HN.22.Aug	0.893797400443364	0.639709211211849	0.487328458541966	0.000602414421202074	0.00450536100620094	-0.00366490943305407	0.00780440297888161	-0.00621260804188772	0.00891305391724347	79	0.120705141658228	88	0.123267934522727	22	0.123110805409091
NGR.HN.12.Aug	0.926809274881982	0.296960640110784	0.335541003324789	0.000463774165401087	0.00504085555417425	-0.00880173371455175	0.00839319441187254	-0.00996137416374672	0.0102964997304253	79	0.157239367291139	88	0.161671461602273	22	0.159236176227273
NGR.HN.26.Aug	0.728341906399997	0.0146737968182365	0.0107866214623731	-0.00272537091386436	0.00783302547196761	-0.0321362345988658	0.0129305137112817	-0.0384344054607312	0.0148061455174736	79	0.145956279278481	88	0.144677520556818	22	0.133054807727273
NGR.HN.3.Sep	0.070332181409282	0.125359811484694	0.404294375328572	-0.0197850756110065	0.0108602739990063	-0.0299474914490955	0.0193691319792149	-0.0159417130362063	0.019038154608546	79	0.176333466936709	88	0.162615954465909	22	0.161173122909091
NGR.HN.14.Aug	0.761655538469267	0.929007681127373	0.79096504379619	0.00137468740839961	0.00452468967233165	0.000683094384963095	0.00764707241103451	-0.0024735483313505	0.00930835811978937	79	0.10736428943038	88	0.112739322886364	22	0.117043193090909
NGR.HN.20.Aug	0.975685393218135	0.608162944016224	0.682128883508247	0.000185745534095311	0.00608489557189236	-0.00487548308657097	0.00947822162806819	-0.00517646692678204	0.0126039865485234	79	0.120569319126582	88	0.124103300852273	22	0.121618889454545
NGR.HN.30.Aug	0.687420020703716	0.290923994488601	0.279381627916908	-0.00205162098798664	0.00508984651029708	-0.0100639873482367	0.00947692125793054	-0.010973967200679	0.0100926018082301	79	0.0995789241392405	88	0.101789769454545	22	0.0991264170909091
NGR.HN.5.Sep	0.360373269374028	0.433333946511293	0.619583699612573	-0.00532059462843062	0.00580057073352258	-0.00823898901996388	0.0104714464959627	-0.00567609616710875	0.0113996802862595	79	0.102500436822785	88	0.0995347145909091	22	0.0984828956363636
NGR.HN.16.Aug	0.166576732753285	0.635224155956303	0.974370262742545	-0.0148171316841969	0.0106633702821327	-0.0077713533317028	0.0163296733313724	-0.000679054601316302	0.0210858351318076	79	0.377991849113924	88	0.358668910863636	22	0.383287205727273
NGR.LN.6.Jul	0.427907552842105	0.328658584749597	0.370384291322758	0.00486979788768084	0.00612677902637059	-0.0103188715491512	0.0105094229347646	-0.0125939634814637	0.0139943231942193	80	0.129687632125	82	0.136935227073171	20	0.123973277
NGR.LN.23.Aug	0.776834060599167	0.856180659400429	0.885052536820141	0.0011476329056021	0.00404205437356978	-0.00139802184893239	0.00769321983146265	0.0013701182148648	0.00945345404703509	81	0.111942349320988	85	0.111860068823529	21	0.117515686428571
NGR.LN.1.Sep	0.70984529103038	0.203521315614059	0.35851796817505	-0.00162470128470875	0.00435901184016394	-0.0113633337465658	0.00887608785673959	-0.00822627328462962	0.00891833200458501	81	0.0743705947283951	85	0.0727714047058824	21	0.0786713161428571
NGR.LN.22.Aug	0.901579454682882	0.387895903993421	0.589783822062988	0.000471549910872502	0.00380707482605676	-0.00617364415172663	0.0071178988152301	-0.00475674207234193	0.00879451152213945	81	0.0923323917901235	85	0.0925531316470588	21	0.0929805733333333
NGR.LN.12.Aug	0.793137063683352	0.46125645153359	0.924929534559071	-0.000998314941783151	0.00380057372306136	-0.00524212170901422	0.00708663000970355	-0.000897811529646703	0.0095045007037803	81	0.126152215	85	0.126383883764706	21	0.131230647857143
NGR.LN.26.Aug	0.304597542402347	0.377097897391911	0.0767535278751618	0.00509486289554089	0.00494690682544239	-0.00833200707185003	0.00939001104612861	-0.0185832475680294	0.0103925558584882	81	0.108951494938272	85	0.112566898941176	21	0.11517300952381
NGR.LN.3.Sep	0.49977450203401	0.945315601695176	0.320049765454242	0.00488227208012612	0.00721831532162292	-0.000943172864734525	0.0137152241341637	-0.0140400493661928	0.0140502414282349	81	0.114012348703704	85	0.115996900235294	21	0.122708870380952
NGR.LN.14.Aug	0.494071423137892	0.326693117561491	0.285418929311396	0.00239220306057925	0.00349018225067548	-0.00649471600089911	0.00658839623637298	-0.00890974265159619	0.00829649133849335	81	0.0761106182716049	85	0.0786362190588235	21	0.0775594047619048
NGR.LN.20.Aug	0.48875588466592	0.677660172779966	0.636061469050128	0.00298309918624278	0.00429914215650185	-0.00347422047831577	0.00833311813413251	-0.00486171076293912	0.0102427373579726	81	0.0855842644320988	85	0.0895667682941177	21	0.0881083180952381
NGR.LN.30.Aug	0.38809771529797	0.198713460056132	0.192687032114836	0.00341855624410687	0.00395018426443258	-0.0101435892166902	0.00783850990594196	-0.0114985899422914	0.0087679991660755	81	0.0696126219876543	85	0.0737006532941177	21	0.0715406616666667
NGR.LN.5.Sep	0.832824854159233	0.973382365192367	0.535968428871809	-0.000967017155109874	0.00457385742633893	0.000312736237896101	0.00934862373346806	0.00609538912073847	0.00981471417129444	81	0.0721563404074074	85	0.0691317482941177	21	0.0784010505714286
NGR.LN.16.Aug	0.974081925645354	0.956911797244943	0.4035546831125	0.000302462831787892	0.0092951813327146	0.00083441498917791	0.0154038735946246	-0.0165514951472486	0.0197320242431429	81	0.305789499382716	85	0.299425393529412	21	0.322288442857143
GLI.HN.6.Jul	0.488425617085201	0.831206202098041	0.548625662302156	0.0032715120251121	0.00471107093546976	-0.00188051354542957	0.00879778946979522	-0.00656144864311013	0.0109018476248994	79	0.173841749620253	85	0.1761057076	20	0.17364833135
GLI.HN.23.Aug	0.400461065752829	0.341170266926189	0.237830569993475	0.00301375884040816	0.00357496171900929	-0.00582518523084602	0.00608944622671423	-0.00867443162735338	0.00730667601639842	79	0.230109785417722	88	0.234396290863636	22	0.2356438595
GLI.HN.1.Sep	0.572895829054589	0.112929266448212	0.0619747323550751	0.00223728025718576	0.00396020630826252	-0.0114476986440623	0.00715571168336172	-0.0149793374484828	0.00793979790801956	79	0.180743814886076	88	0.184584935284091	22	0.179853065636364
GLI.HN.22.Aug	0.561017672093855	0.701070015504552	0.404065831288926	0.00181092511349919	0.00310870850104449	-0.00202856642733663	0.00526865052251317	-0.00524323605088495	0.00625860274895249	79	0.217440577987342	88	0.221194667011364	22	0.221281507772727
GLI.HN.12.Aug	0.736072252408032	0.298059953660314	0.270419709647781	0.00113918206859392	0.00337396345123954	-0.00591313743611066	0.00565159314051516	-0.00749705624391266	0.00676666936106439	79	0.256453745126582	88	0.261264527	22	0.259851066136364
GLI.HN.26.Aug	0.957214804908971	0.0340811020129288	0.0216861116347685	0.000353713204896202	0.00658290198230014	-0.0231412182094189	0.0107641771166925	-0.0297968409186886	0.0127850791288274	79	0.285245572759494	88	0.287175773522727	22	0.279227637409091
GLI.HN.3.Sep	0.178630805699846	0.106536694877841	0.236106096804684	-0.00979681368718857	0.00725239230982416	-0.0205506374145142	0.0126135340519846	-0.0159890286012933	0.0134181617316098	79	0.274965680113924	88	0.271116738784091	22	0.266351594318182
GLI.HN.14.Aug	0.884449798013067	0.753128308210113	0.550621869864475	0.000428024134253264	0.00294053651393575	-0.00152188231611623	0.00482495690682031	-0.00360380322790015	0.00601876771500481	79	0.19394890521519	88	0.197840637590909	22	0.198710044136364
GLI.HN.20.Aug	0.821707375034288	0.583513741442309	0.570415426787994	0.000914401475171152	0.00405112780736087	-0.00331405597520342	0.00602422529786907	-0.00487121519584762	0.00855754439543437	79	0.201297941721519	88	0.20567774875	22	0.203271674454545
GLI.HN.30.Aug	0.973929195770632	0.16503372359308	0.123434897604572	0.000107993539425181	0.00329940164207077	-0.00856044202137733	0.00611894449420249	-0.0102602491455372	0.00660677690567959	79	0.209106603063291	88	0.211867315090909	22	0.208430275
GLI.HN.5.Sep	0.348636260935174	0.205155196739817	0.309536931997119	-0.00323721080420199	0.00344397896203913	-0.00805582617987798	0.00631504506496149	-0.00691976722510995	0.0067765375726305	79	0.185556536911392	88	0.185046341340909	22	0.181294890909091
GLI.HN.16.Aug	0.705143090358312	0.720367547375864	0.57289538817703	-0.0020458755927201	0.00539729985334075	-0.00288386298923605	0.00803256701387302	-0.00642991582021261	0.0113689914753258	79	0.374657022367089	88	0.379610244875	22	0.381440789772727
GLI.LN.6.Jul	0.509197610965186	0.356290072346618	0.419528804034021	0.00284081415971532	0.00429385631640262	-0.00689811454664907	0.0074415558221016	-0.00796970251711018	0.00983077487524888	80	0.16446080375	82	0.169519632195122	20	0.16128979
GLI.LN.23.Aug	0.686099004441992	0.655337672147915	0.879914193798771	0.0010372106329942	0.00256173719651182	-0.00215318879809138	0.00480899303010789	-0.000872653033971178	0.00576156936819162	81	0.212833905555556	85	0.213576834705882	21	0.216640326190476
GLI.LN.1.Sep	0.794768030565236	0.0584157922353393	0.115551668837878	-0.000803538307339057	0.00308393942946291	-0.0118523632944482	0.00618865306597159	-0.0100847072624845	0.00635303810572697	81	0.178916127777778	85	0.179514321764706	21	0.179783161904762
GLI.LN.22.Aug	0.92567026060005	0.330266152443007	0.659739076593509	0.00023876763559704	0.00255530667490918	-0.00481403766700849	0.00491986394516254	-0.00256800562966024	0.00581552929769018	81	0.201376838271605	85	0.202355200588235	21	0.201799328571429
GLI.LN.12.Aug	0.754974640164869	0.191324648093457	0.584380651892317	-0.000743598372714706	0.00237860846022957	-0.00585036767828425	0.00444606332492189	-0.00309075400791209	0.0056322420966283	81	0.238250590740741	85	0.239542358235294	21	0.241285564285714
GLI.LN.26.Aug	0.216500661759811	0.330449691467379	0.0649922892086123	0.00541104877664263	0.00436108827280851	-0.00772393400151322	0.0078967392982146	-0.0170918730649245	0.00916134247150717	81	0.261671082098765	85	0.267011099411765	21	0.267798426190476
GLI.LN.3.Sep	0.441825758397975	0.568615897658002	0.165369509378179	0.00377775945673001	0.00489969744677012	-0.00530291760941114	0.00927013073962394	-0.0134059710626205	0.00959383118679845	81	0.245997756790123	85	0.249724465294118	21	0.250156747619048
GLI.LN.14.Aug	0.509219682017895	0.180291491234871	0.196455452120115	0.00148250853068072	0.00224103818024352	-0.0057646493138477	0.00427143327645015	-0.00679873246536008	0.00522856302718592	81	0.176844012962963	85	0.179223615294118	21	0.177336269047619
GLI.LN.20.Aug	0.387303603731042	0.316076847498503	0.375483143179754	0.00245643564059844	0.00283368554332668	-0.00544777571297878	0.0054058248377151	-0.00572377152910459	0.00642988181166172	81	0.183207174074074	85	0.187579989411765	21	0.182591547619048
GLI.LN.30.Aug	0.403526102073004	0.138827105378154	0.134155955681159	0.0021365443851085	0.00255095108299566	-0.00770470152080465	0.00516245836927262	-0.00843028712207521	0.00558283097701455	81	0.190816845061728	85	0.193649882352941	21	0.191884469047619
GLI.LN.5.Sep	0.731185917601056	0.618428028225714	0.796717036327058	-0.000999326515799439	0.00290379050014983	-0.00277248156332921	0.00554845145356919	0.00152630227277249	0.0059095058204745	81	0.170666269753086	85	0.16948996	21	0.173003361904762
GLI.LN.16.Aug	0.704851175982935	0.475595212395514	0.0910405487690221	0.00150319991210154	0.00396148689916877	-0.00497613774778917	0.00694807678385604	-0.0142916581613525	0.00837621635301633	81	0.364559452469136	85	0.368599697058824	21	0.372559576190476
MGR.HN.6.Jul	0.372094399025813	0.987977294386038	0.505303537578228	0.00946771337186671	0.0105774404002758	0.000298992876406065	0.0197891424103949	-0.0159905434530117	0.0239171557346868	79	0.260056354962025	85	0.264318967870588	20	0.2650919527
MGR.HN.23.Aug	0.595107039975153	0.439202761267525	0.408901080463759	0.00585794180533682	0.0110007602653855	-0.0146117360618423	0.0188108300638656	-0.0188107259415151	0.0226867872959957	79	0.285394929063291	88	0.293242661579545	22	0.297501405227273
MGR.HN.1.Sep	0.852917721895591	0.205912028310915	0.133801623661399	0.00203535697551912	0.0109608634979078	-0.0254681754756081	0.0199984093587348	-0.0323814181954295	0.0214309809527165	79	0.173739074392405	88	0.178179625659091	22	0.171872687772727
MGR.HN.22.Aug	0.895826571797822	0.640080278846285	0.488664375220201	0.00117603827603753	0.0089677466500855	-0.00729212473779792	0.0155457872895232	-0.0123253458545016	0.0177373331714464	79	0.240912685405063	88	0.245920180443182	22	0.245699815863636
MGR.HN.12.Aug	0.927994060707301	0.298065991010907	0.337656737470967	0.000905980830515215	0.0100097738891276	-0.0174476455311702	0.0166761273569709	-0.019700961405184	0.0204535084985352	79	0.313553740962025	88	0.322184383602273	22	0.317586602454545
MGR.HN.26.Aug	0.726746944209026	0.014597425444609	0.0106827437798161	-0.00543728837439352	0.0155323622944502	-0.063829476334551	0.0256623429061829	-0.0762759862510308	0.0293438808674988	79	0.290566602265823	88	0.287821228556818	22	0.264993098863636
MGR.HN.3.Sep	0.0702135343926509	0.125530226815328	0.404589918034571	-0.0393682269610089	0.0216004821195777	-0.0595585082317079	0.0385382294592151	-0.0316736923976937	0.0378497141023715	79	0.351433220265823	88	0.324034402784091	22	0.321394606090909
MGR.HN.14.Aug	0.763503269100359	0.925246742873318	0.795287755817202	0.00270635846360685	0.00897957515882186	0.00142886256628911	0.0151887698952415	-0.00480449374592286	0.0184709572132782	79	0.213953111544304	88	0.224501958079545	22	0.233231619136364
MGR.HN.20.Aug	0.980280409840687	0.608942858410266	0.68554051404823	0.000299066102961425	0.0120807677346735	-0.00966384946556921	0.0188280661191409	-0.0101621358432854	0.0250275099169982	79	0.240277814405063	88	0.247141794340909	22	0.242413809818182
MGR.HN.30.Aug	0.687422393233838	0.290694493540608	0.279033088412101	-0.00408850939838518	0.0101432244340892	-0.0200771640315539	0.0188969515285722	-0.021886359906578	0.0201139056201242	79	0.198773901607595	88	0.203120762670455	22	0.197887569681818
MGR.HN.5.Sep	0.36106165001088	0.434145416015564	0.619928010154938	-0.0105387856537315	0.0115060226658114	-0.0163231789058932	0.0207829158719268	-0.0112520545800857	0.022620512163792	79	0.203989337518987	88	0.198038644056818	22	0.1961267685
MGR.HN.16.Aug	0.16236433837975	0.641607076292155	0.98682985162083	-0.0296472139894513	0.0211228932798601	-0.0151186356962246	0.0323787192963033	-0.000690710836884277	0.0417437671368923	79	0.752846606556962	88	0.713836924488636	22	0.763425594818182
MGR.LN.6.Jul	0.460938810085958	0.313380196820019	0.347949220383152	0.00795950919408054	0.0107689255934938	-0.0188598507895001	0.0186080332465659	-0.0230622305468638	0.0244524407906405	80	0.24210550625	82	0.254081592682927	20	0.23204428
MGR.LN.23.Aug	0.776924031828987	0.861422898562743	0.882587730008094	0.00227506647469645	0.00801628564309908	-0.00267076675596563	0.0152591315333135	0.00277530649928799	0.0187440092007285	81	0.222873781728395	85	0.222545642941176	21	0.23395495952381
MGR.LN.1.Sep	0.710423110911639	0.203517054400022	0.357906909640319	-0.00323357452757251	0.00869369706458954	-0.0226682857212318	0.0177064044312018	-0.0164242276274015	0.0177832458528652	81	0.148496040777778	85	0.145274125	21	0.157075211904762
MGR.LN.22.Aug	0.901840816759071	0.390233025674054	0.591087504202422	0.000936975748677369	0.00758495260434729	-0.0122418372316544	0.0141842136709844	-0.00944369387687514	0.0175214546030587	81	0.184279954444444	85	0.184653706176471	21	0.185580773809524
MGR.LN.12.Aug	0.792035119377968	0.465718366194399	0.929447476654779	-0.00199603616707856	0.00755767565014832	-0.01032747851679	0.0141017552115945	-0.0016780720237948	0.0189054728053	81	0.251531888888889	85	0.251836615882353	21	0.261689314285714
MGR.LN.26.Aug	0.303378829046884	0.382211911670569	0.0772576125844869	0.0101446681893626	0.00982518956422639	-0.0163813096907861	0.0186614090026014	-0.0368538301285831	0.0206460006343984	81	0.217003959074074	85	0.224084405647059	21	0.229490555714286
MGR.LN.3.Sep	0.498796614599029	0.951670282021174	0.321664610404048	0.00974458806858304	0.0143742812462075	-0.00165957650933133	0.0273107623072516	-0.0278791031003547	0.0279930564330405	81	0.227326325493827	85	0.231300231588235	21	0.244814370238095
MGR.LN.14.Aug	0.494516273360074	0.326324244755442	0.284341663260502	0.00475188379820413	0.00694007237386071	-0.0129208737465744	0.0130972050348458	-0.017746673877744	0.0164880547858589	81	0.151746575432099	85	0.156685884235294	21	0.154618068333333
MGR.LN.20.Aug	0.488660771055673	0.680458145485631	0.636413862395256	0.00593176937255222	0.00854679330040803	-0.00684680594812712	0.0165749254869615	-0.0096515078620715	0.020355235632662	81	0.170613186790123	85	0.178445934882353	21	0.17567001047619
MGR.LN.30.Aug	0.385675720478715	0.200075904153455	0.1924525530032	0.00685009850096399	0.00787500656124894	-0.0201648574821482	0.0156302107322249	-0.0229393884378304	0.0174826350653244	81	0.138950152135802	85	0.147090258647059	21	0.142827481190476
MGR.LN.5.Sep	0.832513925121039	0.975391641027114	0.539527505782575	-0.00192592503303477	0.00909219201440757	0.000574409454513212	0.018573329030467	0.0119983769268156	0.0194897807123162	81	0.143773515	85	0.137697096058824	21	0.15619384647619
MGR.LN.16.Aug	0.981039821540347	0.949295766007191	0.410114418972939	0.000439924784201311	0.0184824884422869	0.00195465176445864	0.0306583491549619	-0.032421542305699	0.0391977313176885	81	0.609233715432099	85	0.596124945294118	21	0.642043514285714
VARI.HN.6.Jul	0.357538391994881	0.946756110345844	0.499657099883897	0.00913534633424844	0.00990018872450605	0.00123699354185433	0.0184737397429688	-0.0149580548448613	0.0220785091697895	79	0.220238570936709	85	0.224142220364706	20	0.22670973445
VARI.HN.23.Aug	0.710080769201912	0.479271301242872	0.512397898638554	0.00368042517348678	0.00988295304694803	-0.0120447366003619	0.0169584607046929	-0.0135571541589636	0.0206241278303231	79	0.249496681025316	88	0.252915214454545	22	0.260146977772727
VARI.HN.1.Sep	0.906096944642148	0.214311464863998	0.144764715048689	0.00118259973044923	0.0100094974422786	-0.023027126169671	0.0184206189702024	-0.028575953751505	0.0194498310084779	79	0.155202800594937	88	0.157156873534091	22	0.153504585772727
VARI.HN.22.Aug	0.97202224597311	0.667821413009437	0.576596367173156	-0.000283984388852376	0.0080846574593246	-0.00607716631614244	0.0141176381443549	-0.00896500857449181	0.0160057536554783	79	0.214850703202532	88	0.216653804227273	22	0.218436979545455
VARI.HN.12.Aug	0.968965184236852	0.321384167463701	0.416580636966995	-0.000348067815753272	0.00893251972468071	-0.0148081007427374	0.0148561528707385	-0.0151354661407969	0.0185576777056382	79	0.277936837886076	88	0.282164405943182	22	0.281531662681818
VARI.HN.26.Aug	0.590297034560665	0.0136533616668835	0.0116529957896134	-0.00730002854373338	0.0135316247700277	-0.0564838453297506	0.0224806901701883	-0.0648417242908177	0.0252553560392166	79	0.250959350734177	88	0.243872197375	22	0.226576296727273
VARI.HN.3.Sep	0.0553091120950799	0.131775472347182	0.450682168716828	-0.0392542132392956	0.0203351951970755	-0.0556371631660505	0.0366012560273592	-0.0266027156328439	0.0351373880162709	79	0.322680067848101	88	0.292492470704545	22	0.293492404318182
VARI.HN.14.Aug	0.808580985683914	0.785045395847768	0.947380630091781	0.0019486533409392	0.00803060951014666	0.0037471526133463	0.0137000186391675	-0.00110797825206472	0.0167483466430607	79	0.187641216265823	88	0.19499102275	22	0.206778338272727
VARI.HN.20.Aug	0.935520967895053	0.630539921349258	0.753268268607778	-0.000903970346484512	0.0111564906307072	-0.00846649729034854	0.0175466689390426	-0.0072703051463917	0.0230688688753189	79	0.214684975025316	88	0.21798132125	22	0.216465753136364
VARI.HN.30.Aug	0.594700834169729	0.311540865273066	0.331884358713216	-0.0048501268267635	0.00909811405471501	-0.0174361329543544	0.0171386611746677	-0.0176074865990333	0.0180620819511039	79	0.175827600759494	88	0.177343384840909	22	0.174892190227273
VARI.HN.5.Sep	0.343418861927501	0.499327603196164	0.718036957901761	-0.0102233432251076	0.0107589879064089	-0.0132015384814566	0.0194678830754726	-0.00769457348667968	0.0212523720011699	79	0.182675591392405	88	0.174827804306818	22	0.176300219045455
VARI.HN.16.Aug	0.125258483564711	0.657093548735973	0.920271345912189	-0.0336980505117187	0.0218671049052354	-0.0149584566708904	0.0335906127564378	0.00431814492288307	0.0430381655440337	79	0.72470011286076	88	0.675369466397727	22	0.732144941272727
VARI.LN.6.Jul	0.42989855933198	0.329304261899646	0.347731485287514	0.00830436953098531	0.0104931268619978	-0.0173192299911205	0.017662734395389	-0.0227622395212317	0.0241234185561982	80	0.2042640505	82	0.216304759756098	20	0.195360695
VARI.LN.23.Aug	0.880105395776861	0.985169108153956	0.729074839941165	0.0011001575885273	0.00728217764617408	0.000260411073424171	0.0139729320245563	0.00600989168597193	0.0173036959900837	81	0.18866467462963	85	0.185196250235294	21	0.199088802380952
VARI.LN.1.Sep	0.661679061978211	0.247421712183852	0.440364190732757	-0.0034739975092606	0.0079241403833981	-0.0187777306816221	0.0161369728036152	-0.0125944295829872	0.0162585030616591	81	0.130258183469136	85	0.125408645	21	0.138810636904762
VARI.LN.22.Aug	0.94816869581645	0.471340700260865	0.674676078791685	0.000447670304255203	0.00687579937592353	-0.009336749801199	0.0129115952884912	-0.00674562565671947	0.0160242483903734	81	0.159943846851852	85	0.158190964764706	21	0.161008383333333
VARI.LN.12.Aug	0.742862547719567	0.646999402835649	0.888192309318432	-0.00227434128479688	0.0069206781301951	-0.00602986326581053	0.0131264986919538	0.00249632914431087	0.0177110819407284	81	0.216507340123457	85	0.213605985294118	21	0.226861135714286
VARI.LN.26.Aug	0.384150684804173	0.498335856160441	0.12730294291953	0.00743944108726245	0.00852506421102591	-0.0110578517810687	0.0162695798151419	-0.0278214573954447	0.0180954981157859	81	0.180664862222222	85	0.182894495941176	21	0.192226978809524
VARI.LN.3.Sep	0.530906218997677	0.947422029472083	0.391638854455828	0.00839311072629323	0.0133652331931207	0.0016800933900424	0.0254115294839611	-0.0225125444266547	0.026167006918531	81	0.200441877222222	85	0.201240394235294	21	0.217257483095238
VARI.LN.14.Aug	0.500378360494533	0.416829032958968	0.350751542391905	0.00416231928327531	0.00616257140630081	-0.00954548937360188	0.011706208290132	-0.0138917974184022	0.0148183404951854	81	0.128334411604938	85	0.130691262294118	21	0.131628364047619
VARI.LN.20.Aug	0.540722961770685	0.820445213370254	0.768872417178378	0.00478214757813928	0.0078008657796258	-0.00351114673016601	0.0154276132533221	-0.00557760467719211	0.0189301319835637	81	0.146803416234568	85	0.151332539882353	21	0.152598352380952
VARI.LN.30.Aug	0.4143132783446	0.240593550573631	0.240583430077307	0.00570546012511217	0.00697110409048309	-0.0164275121201989	0.013912906087187	-0.0185923797563274	0.0157498949075623	81	0.119158618654321	85	0.124704281705882	21	0.122938872619048
VARI.LN.5.Sep	0.807999976280225	0.823865914049347	0.427799812588395	-0.00202794235546256	0.00833148721110509	0.00389525633440809	0.0174535476835846	0.0144899256792687	0.0181995055394827	81	0.124522925185185	85	0.1167743222	21	0.137071559333333
VARI.LN.16.Aug	0.961642234840693	0.839931926368273	0.529465078634475	-0.000938107218284064	0.019475827724204	0.00657414537869201	0.0324612012097139	-0.0258402784125176	0.0409512330929471	81	0.564504495061728	85	0.544224812941176	21	0.597752926190476
VEG.HN.6.Jul	0.281688140032896	0.521050458983429	0.252822572715998	0.0258889886103491	0.0239668094567085	-0.0281140173047554	0.0436455164932059	-0.062589896392526	0.0544185987856882	79	1.68834490326582	85	1.69485075027059	20	1.7170747547
VEG.HN.23.Aug	0.0953575147660665	0.819092650864725	0.359521819931803	-0.130558404026987	0.0778254634609971	-0.0296496753867831	0.129282675669515	0.14379538203282	0.156247163454338	79	3.77029918564557	88	3.47862967869318	22	3.78687989409091
VEG.HN.1.Sep	0.578911939986679	0.365242012830035	0.672157699813572	-0.0558074244768796	0.100355591846493	-0.168255011149851	0.184949981438888	-0.079632711530736	0.187645273770528	79	4.0326941855443	88	3.76333708065909	22	3.99191276818182
VEG.HN.22.Aug	0.0633411481262983	0.937203285052076	0.213498751158755	-0.15984787322113	0.0854974858872321	0.0111649086966355	0.141341990892771	0.211304461006967	0.168828186206138	79	4.48600456481013	88	4.15944463921591	22	4.41440260727273
VEG.HN.12.Aug	0.106290680252976	0.822479831410462	0.184635152653803	-0.158387576346146	0.0975210624678838	0.0359950515432455	0.15999845909125	0.254072081855404	0.190260012280327	79	4.82331260378481	88	4.44895942118182	22	4.84055991104545
VEG.HN.26.Aug	0.0527523652369081	0.281652054714286	0.848221813577214	-0.234976986632292	0.120423874920421	-0.221506128472561	0.204586139747816	-0.0419810941605662	0.218810199016126	79	4.72965402248101	88	4.30456891081818	22	4.54422005086364
VEG.HN.3.Sep	0.0184948346628288	0.497829508786625	0.540859174354097	-0.329751697697198	0.138574648630546	-0.165424436523664	0.243094542139641	0.150076742632711	0.244615770178407	79	5.81002126689873	88	5.299681407375	22	5.69434710604545
VEG.HN.14.Aug	0.175878670211541	0.285529758697591	0.0881792154926301	-0.118141611489305	0.0869010143139346	0.166738792252691	0.155255117253384	0.289512015857603	0.168214045961663	79	3.62307441364557	88	3.36127739304545	22	3.76487941281818
VEG.HN.20.Aug	0.0738185035491705	0.933655352640352	0.293711443761916	-0.161123664176192	0.0895435998024334	0.0129103775324415	0.154679552673764	0.190459256087986	0.180479209923998	79	3.91017534653165	88	3.60751265388636	22	3.93908371540909
VEG.HN.30.Aug	0.0846049082710126	0.567000831317069	0.501130024125503	-0.163366618122734	0.0941479107519758	-0.0955870830887264	0.166394914322089	0.12403402459677	0.183741456601748	79	4.32458401537975	88	3.99797264661364	22	4.2599568385
VEG.HN.5.Sep	0.238220853500479	0.65277891364301	0.333003168323039	-0.0973998216986075	0.0822762932457995	0.0603615055279992	0.133745226268635	0.163134386176029	0.167735686531533	79	3.63171653353165	88	3.36375926727273	22	3.67352761831818
VEG.HN.16.Aug	0.00780912148786678	0.387146671218603	0.0241244150625564	-0.518235902295632	0.192383779864695	0.287565428965278	0.33100780471106	0.849120159720853	0.371073778922974	79	8.39478561489873	88	7.43622083751136	22	8.25526322468182
VEG.LN.6.Jul	0.196828065318145	0.248907110377799	0.207225159036897	0.0347844073926857	0.026836844200029	-0.054596943316258	0.047061452773291	-0.0781239671191514	0.0615289208553312	80	1.639173275	82	1.68017534146341	20	1.64843795
VEG.LN.23.Aug	0.232448631251604	0.314640370330646	0.137925825765593	-0.103827248491254	0.0866244806604569	0.161918382331336	0.16019281548974	0.245826508707641	0.164387467025093	81	3.25890277777778	85	2.9756529	21	3.31287676190476
VEG.LN.1.Sep	0.251696012568053	0.722666406646792	0.5368058866315	-0.119855937505494	0.104188751853449	0.0677679740905771	0.190397265240532	0.124427320239197	0.200764170048935	81	3.78994547530864	85	3.47404678823529	21	3.85094604761905
VEG.LN.22.Aug	0.296275469125128	0.336678430386819	0.230072412418589	-0.0979774849183443	0.0935028163676596	0.162928041878358	0.168743946685092	0.223140182572657	0.18480023990202	81	3.79433612345679	85	3.50520502352941	21	3.76747064285714
VEG.LN.12.Aug	0.222387322408813	0.257109920712338	0.0689944341329116	-0.128239811552045	0.104690771548394	0.23180180398777	0.203342009902073	0.361233869641998	0.196531186433976	81	4.06700411111111	85	3.72724471764706	21	4.17892102380952
VEG.LN.26.Aug	0.429681133481416	0.249156311909023	0.396994989243558	-0.0824481531273079	0.104136272791498	0.224940731151413	0.194021824494846	0.171456254773711	0.201567255930156	81	4.06424974691358	85	3.76382155294118	21	4.18310276190476
VEG.LN.3.Sep	0.692177735971852	0.106948911889496	0.410716159985904	-0.0516777620365492	0.130297554467394	0.380617806609189	0.233916467599523	0.220552194409305	0.266992386342737	81	4.71047740740741	85	4.41691630588235	21	4.89809916666667
VEG.LN.14.Aug	0.394036001330571	0.532392990941666	0.429150933734213	-0.071173450592937	0.083281619148657	0.100832952363419	0.16092060941261	0.115396147628417	0.145364869548584	81	3.03424243827161	85	2.77790422941176	21	3.0727395952381
VEG.LN.20.Aug	0.464940130510301	0.329592381518435	0.29784351820052	-0.0601600985188401	0.0821319730519908	0.152347837567348	0.155479047393813	0.181539734017918	0.173478736208473	81	3.23673964814815	85	2.99861377058824	21	3.33450802380952
VEG.LN.30.Aug	0.469513401603634	0.445170234456688	0.520261587805091	-0.0611315624612656	0.0843211046029007	0.113330982800986	0.147832341929504	0.117621422258979	0.182302719739784	81	3.60458583333333	85	3.36331787647059	21	3.6447325952381
VEG.LN.5.Sep	0.21660025054936	0.177541126924366	0.0975751577632148	-0.117095950885204	0.0943951941129963	0.247055552650937	0.181895102380471	0.298566573496187	0.178544480478123	81	3.17535108024691	85	2.84836904705882	21	3.29600021428571
VEG.LN.16.Aug	0.16267920319215	0.347222927917664	0.232650569183064	-0.282727199265294	0.201582193699169	0.353254659959429	0.373982751005882	0.427632424975233	0.35613304507583	81	7.10409738271605	85	6.39911512352941	21	7.12657788095238
Woebbecke.HN.6.Jul	0.563099533302514	0.593304435232535	0.794678934817317	-0.0911252986076336	0.157259239695444	-0.150443235740246	0.2807383905772	0.0927902959932319	0.355606395473616	79	3.92230140559494	85	3.89434395978824	20	3.9198996205
Woebbecke.HN.23.Aug	0.0797519947263997	0.428684864011978	0.0738210942639075	-1.11458592450282	0.632137775697568	0.965354572043614	1.21457335228878	1.95193403760698	1.08094900250047	79	11.7975653837215	88	10.1815140916591	22	11.4654868302727
Woebbecke.HN.1.Sep	0.373584267056508	0.317763243068685	0.0678134831812808	-0.894478611738565	1.00250176114636	1.8334257097384	1.82559275370321	3.4629394991039	1.87663789782935	79	19.1881892731646	88	17.2815315379545	22	19.0298086927273
Woebbecke.HN.22.Aug	0.233375382115954	0.391699486133889	0.0671926722665272	-0.918484819893554	0.76785040532498	1.25311488880103	1.45639339419093	2.40880851492733	1.30238359472854	79	16.4330317173418	88	14.8214803854545	22	16.1591934322727
Woebbecke.HN.12.Aug	0.303676395288372	0.251020499161286	0.0746733741225148	-0.784144317910882	0.759933916603096	1.58410529930679	1.37170404233264	2.48849678505339	1.38221396291286	79	14.5075565234051	88	12.8363630517159	22	14.6640743795455
Woebbecke.HN.26.Aug	0.143672052515907	0.115579335095793	0.00619513371468402	-1.22633804782092	0.834601876312752	2.54626703103038	1.6034637260461	4.25598414637916	1.52343368575699	79	20.9733922094937	88	18.7962895589773	22	21.3226891613636
Woebbecke.HN.3.Sep	0.636329583215673	0.072131802484898	0.0917226821460603	0.435240003271923	0.918749348214437	2.93019064798663	1.61147186962535	2.97727649530769	1.74932603600988	79	20.4223203278481	88	19.5416816098864	22	21.0986745640909
Woebbecke.HN.14.Aug	0.168025642684317	0.512879937561155	0.108969112002968	-1.12736761322954	0.814116441405418	1.02852874299593	1.5659656119926	2.25555725100567	1.3952629247411	79	13.5976973524684	88	11.4880433559205	22	12.9853554556818
Woebbecke.HN.20.Aug	0.349622211882051	0.424600031587399	0.210797966737781	-0.695501157985268	0.741443841748931	1.07942758728497	1.34611283844039	1.79114071403598	1.42259338657269	79	13.6531887005443	88	11.9209341974432	22	13.7024642093182
Woebbecke.HN.30.Aug	0.336979320645881	0.250126423087033	0.0244710556620852	-0.948362350178092	0.984792898204085	2.17039746726506	1.8758168397897	4.16314612711783	1.82388412469455	79	20.268594454557	88	17.9543031594318	22	19.988983
Woebbecke.HN.5.Sep	0.846257722911653	0.251306915105135	0.125608789340016	-0.158105049139643	0.814109061688227	1.71247089593677	1.48376054308893	2.38770648180785	1.5464909131119	79	15.9706341532785	88	14.5414098915227	22	16.1310407540909
Woebbecke.HN.16.Aug	0.478163351318443	0.776865574463886	0.324687677478424	-0.424584092314134	0.597241734040707	0.319751350272612	1.12507387965426	0.94506791879023	0.955085218727843	79	10.7552389244304	88	10.1226419810455	22	9.54121338790909
Woebbecke.LN.6.Jul	0.96484984173164	0.404076277823833	0.64373182005149	0.00689950151706863	0.156313701402649	0.239754880498917	0.286068329595592	0.157831641541626	0.340200041427489	80	3.998898425	82	3.98218537804878	20	4.3260856
Woebbecke.LN.23.Aug	0.0969269286034032	0.361980514996093	0.109632917963121	-0.88144907582685	0.527916664152431	0.994173807440063	1.08543782954935	1.47646417487533	0.914747719491373	81	12.7380165123457	85	11.1938647764706	21	12.5951588571429
Woebbecke.LN.1.Sep	0.408852913570665	0.147182651100922	0.0674586588385849	-0.810443496180997	0.978705919975562	2.8826026727864	1.9727156597358	3.09671435571302	1.67527728123486	81	20.5079364753086	85	18.7161164470588	21	19.8598262380952
Woebbecke.LN.22.Aug	0.153994311156448	0.134492452584147	0.0191594978507593	-1.01742511299343	0.710339519347345	2.21726281217186	1.46914244607981	2.88754107345572	1.21294244099662	81	17.693108654321	85	15.8216676294118	21	17.6471835714286
Woebbecke.LN.12.Aug	0.346347492119422	0.151693318341018	0.102638705160212	-0.603240049765355	0.638711142993135	1.81498011241616	1.25608072851038	1.86140663155373	1.13008897369626	81	15.4660700061728	85	13.9028479176471	21	15.5576968333333
Woebbecke.LN.26.Aug	0.0657014666043524	0.199948093673181	0.0112888763157324	-1.34634689492599	0.726546134222482	1.90205777552319	1.47390309938372	3.13421895389792	1.21435539535951	81	21.3275188271605	85	18.9208975882353	21	20.9257757142857
Woebbecke.LN.3.Sep	0.140021586383305	0.554167930533432	0.134899320886166	-1.21138252288211	0.816829985824234	0.913091700792289	1.53825270355569	2.24808267453902	1.49163341071308	81	23.3657583888889	85	21.1653617647059	21	22.087184047619
Woebbecke.LN.14.Aug	0.239677604113094	0.109917923717056	0.0237214568976567	-0.855379938517679	0.724800410715816	2.35186457440712	1.45775512133035	3.05747649289066	1.33145295315814	81	15.0582217037037	85	13.1206657764706	21	15.6506983571429
Woebbecke.LN.20.Aug	0.156256701180403	0.192712606990103	0.0495257315998051	-0.878195081909989	0.616522743464551	1.64624315143536	1.25503164040549	2.31138433074051	1.16270706919662	81	14.9608581419753	85	13.0236759294118	21	15.1208745952381
Woebbecke.LN.30.Aug	0.0410384475234387	0.0723178572402226	0.00914180190755615	-1.79819737343235	0.873043893177986	3.17848638476736	1.74938484793927	4.1638207781893	1.56656847830781	81	21.5190210432099	85	18.4814423058824	21	21.3149278571429
Woebbecke.LN.5.Sep	0.329549299789844	0.0831157431908043	0.107045880896417	-0.717752631096371	0.733910144118053	2.4269250072318	1.3860613115305	2.23783221808843	1.3762008312212	81	17.2311767777778	85	15.3412984411765	21	17.0688236666667
Woebbecke.LN.16.Aug	0.151758786547011	0.276410049049052	0.0142395716966776	-0.651060607774824	0.452069553944324	0.913315726278984	0.834396256366061	2.24555516856643	0.900241670724604	81	11.4141627283951	85	10.2048803235294	21	10.6095769047619
