trait	p12	p13	p23	eff12	std12	eff13	std13	eff23	std23	Nhap1	hap1	Nhap2	hap2	Nhap3	hap3
HN.B	0.287482771236843	0.0825904719916343	0.665786029911132	-1.14906010489053	1.07611764861564	-1.03296974855591	0.591954453141643	-0.39392262712511	0.908691626257575	126	17.2356143414286	17	16.5309792894118	70	15.8155786975714
HN.Ca	0.916156610078152	0.183128852538177	0.412853027326278	0.00180213862890168	0.0170877430261839	-0.0127566603733142	0.00954974351726056	-0.0129788150451046	0.0157750503999217	129	0.415541965821705	18	0.414145479666667	76	0.408875727815789
HN.CHL	0.838424875160876	0.314661823314581	0.228513485955129	-1.74600209322662	8.54740779298129	5.23172515818635	5.19040858191902	11.6981842973225	9.64838861523972	133	396.771733213534	18	394.445801377778	77	404.103334676623
HN.Cu	0.567577238684634	0.0914247586417764	0.179008683256064	-0.335980478463267	0.586412275880991	0.536240078543785	0.316154807555118	0.744368302203925	0.549403583693487	131	11.3408382041985	18	11.2723747293333	73	11.7831064945479
HN.DW	0.691271542910284	0.148648051651399	0.107810378445723	-0.132195526019167	0.332184458486809	0.261583026994179	0.180398174420163	0.536691377075766	0.33033958844225	126	7.15983024565873	18	6.89218621761111	75	7.55589235718667
HN.Fe	0.235814396921955	0.508469201338088	0.407984377464475	1.74580795704577	1.46655126168695	0.593020500782563	0.89528218312589	-1.35863594470454	1.63428136333516	133	101.061287028797	18	103.375425514444	77	101.694630188831
HN.FW	0.609630722450522	0.0967867895160065	0.0696318127310798	-0.877444378415783	1.71447477035882	1.57472636606669	0.943651865544315	3.23114529146127	1.75922263040234	123	30.5301269682927	18	29.1502726722222	75	32.7680607153333
HN.K	0.240355023131359	0.0179908236265938	0.023946033448885	-0.0638396424066932	0.054151798024499	0.0670450717229314	0.0281123973833051	0.123603533961516	0.0538239322178101	133	2.29977482915038	18	2.25907203788889	78	2.35058503323077
HN.LA	0.459276776217024	0.272218280597405	0.18467355444217	-37.5719303777406	50.6357357836359	30.0431956082123	27.2892903470369	71.7518903108486	53.6809242705369	133	1228.0040798985	18	1174.11995853889	78	1270.50792183205
HN.Mg	0.686697101475559	0.688800026890665	0.76640971480683	0.00418391527453624	0.0103523546749319	-0.00219254896422595	0.00546692688920209	-0.00346299949231522	0.0116214182809434	132	0.207639732825758	18	0.207580350166667	76	0.204679370855263
HN.Mn	0.751437725176527	0.695398298602506	0.993702741459874	1.5210384162169	4.79195029863415	1.00321309454191	2.55821221939132	-0.0454815980837171	5.74440889041513	120	73.2603525081667	15	76.1087745013333	69	74.489378293913
HN.N	0.493909059052085	0.782953861856821	0.460994254278803	-0.0173036422276965	0.0252302870409694	0.00425582206878447	0.0154289569563707	0.0202925548581211	0.027408152753499	133	2.81622213371429	18	2.80485611088889	77	2.81454542025974
HN.P	0.802890059565341	0.953514698475223	0.988051795275838	-0.00156039175293596	0.00623991341664841	0.000203114394144879	0.00348006833028082	0.00010305878661823	0.00686298164084208	132	0.298205388189394	18	0.297925286444444	78	0.296379956923077
HN.S	0.0576110613385643	0.54735256789707	0.0263487561167783	0.00587423726525874	0.00306934793384155	-0.00104901464212854	0.00174041618891442	-0.00716657311586566	0.00317354256016835	132	0.184176321166667	18	0.191220085777778	77	0.182832713311688
HN.Zn	0.768987985016278	0.210669614225957	0.341042043619973	0.447835548392091	1.52170072704113	-1.07635452739382	0.856945078374301	-1.62493783095713	1.69687336728109	121	28.185787282314	17	28.9383170564706	71	26.3128161378873
LN.B	0.645720472444597	0.486282638306642	0.937085045519139	-0.275431869840355	0.597821496285833	-0.240116611250125	0.344205821877993	-0.0488147627426202	0.616506676227016	126	14.7629092718254	17	14.6507547164706	69	14.4041197771014
LN.Ca	0.481949801660752	0.341306074069643	0.392523641156884	0.012324865846452	0.0174808128907035	-0.00964223364956159	0.0101081568725753	-0.0170965802247706	0.0198953932724352	127	0.331697570740157	18	0.342450619666667	74	0.327503265797297
LN.CHL	0.696686623272344	0.723582713370831	0.879320886849658	3.26606919178372	8.36191419240759	1.60487179853169	4.53132781469073	-1.1437966609871	7.51177537419023	129	279.56249625969	18	284.741235261111	76	281.924658461842
LN.Cu	0.602321954115151	0.269362266976661	0.630384501005641	-0.230993741041378	0.442166300889182	0.23759397829225	0.214433691748639	0.24206972262254	0.500889960389403	117	6.65577223016239	11	6.75334509572727	65	6.81588581975385
LN.DW	0.292065756869984	0.199977779329364	0.109769704260356	-0.242996184352204	0.229764986249288	0.167761177615069	0.130459283154832	0.433125760666691	0.268096693886478	127	5.88450813615748	18	5.61223230033333	75	6.10515098117333
LN.Fe	0.597340319373421	0.670965289786102	0.261371314253095	0.818854667976505	1.54677144739161	-0.395987827116917	0.930761739983098	-1.91096657675097	1.69049409598112	132	75.0567582124242	18	76.5621095383333	75	74.7130550050667
LN.FW	0.111249268455953	0.143460817451213	0.0271822493450831	-1.66939642099624	1.04164592787885	0.90337415322995	0.615034264058462	2.82404778457335	1.25739119192127	128	23.9456787721094	18	22.0527985733333	76	25.043960155
LN.K	0.0083072021282638	0.0383045457419542	0.000759395125524509	-0.141694526897635	0.0529543038009269	0.0613890219759882	0.0294417696818266	0.192594399253673	0.0552220787426235	133	2.21259508741353	18	2.08683229761111	76	2.25676164964474
LN.LA	0.186315668542043	0.347837351642921	0.106764628583608	-51.9981172108037	39.1571573959275	20.5095846692923	21.7956545825664	73.2957388858151	44.9834889958578	130	1074.55433047615	18	1019.56420503889	76	1099.52621262237
LN.Mg	0.11203415814726	0.731848412057033	0.463529794348058	0.0157151388115488	0.00982870393258777	0.00174136388261815	0.00507472540567618	-0.00907214805115356	0.012321912032631	131	0.154880729671756	18	0.166613302277778	75	0.155849150186667
LN.Mn	0.447948291592027	0.852512993946475	0.626355953996144	3.76830086918035	4.94996863560099	0.46798611339425	2.51351403259222	-3.51054920055424	7.180043006417	115	54.9722119711304	13	60.7058968446154	65	55.3336061866154
LN.N	0.80483698796001	0.804581313684618	0.681272460408856	0.0092468492155815	0.0373528367252307	-0.00517269807145976	0.0208783447336612	-0.015913430963728	0.0386114671539479	130	2.00437715200769	17	2.03172634405882	73	1.99533775679452
LN.P	0.240032333467529	0.399212581267361	0.309734414625807	-0.00694527393060451	0.00588691328402831	0.00313325888988505	0.00370876336517475	0.00728907722901865	0.00713442596279106	131	0.297043305877863	18	0.290735066333333	75	0.29926535164
LN.S	0.0749480635671164	0.573918083192373	0.0117470478464601	0.0101658586539169	0.00566643057075626	-0.0015773545805593	0.0028006396191142	-0.0147626033285588	0.0057354148486777	130	0.157370269638462	16	0.1705548300625	76	0.155668679065789
LN.Zn	0.0717941977250924	0.0780361021289298	0.725345934038189	-2.70718412297952	1.48914578288253	-1.40743737898393	0.793528238180542	0.514424747162775	1.45838262316012	102	21.8582919313725	13	19.68983408	62	20.2169200474194
HN_LN.B	0.558167284475232	0.222211826848818	0.653113661462834	-0.0397545146957917	0.0677155119792194	-0.0445579088538333	0.0363737771821801	-0.0250495125250623	0.0555056564750222	119	1.1672120595042	16	1.1415047535	62	1.10301713495161
HN_LN.Ca	0.645315768144084	0.773623407827894	0.57623001088826	-0.0250752245559431	0.0543578748000789	0.00991726810887677	0.034429390406699	0.0359307712312394	0.0640404076674729	124	1.27375726596774	18	1.24547600111111	72	1.28133047027778
HN_LN.CHL	0.509770848782058	0.668629144832705	0.211445331702489	-0.0256628677722594	0.0388330372959889	0.00989198037967072	0.023076307138177	0.0483646178023478	0.0384223620974391	130	1.43166237593846	18	1.39611297661111	75	1.44653699445333
HN_LN.Cu	0.99503923501187	0.500125826689127	0.377571669862629	-0.000549857630989241	0.0882554512054113	0.033111157529806	0.0490000666839822	0.0973642968686869	0.109599653749745	115	1.70468689531304	11	1.65872604518182	60	1.74594145843333
HN_LN.DW	0.596964651974039	0.852634502102695	0.93353546812122	0.0275131914593082	0.0519072951445283	0.00538335273654358	0.0289403984734796	-0.00462551553450729	0.0552994514499423	120	1.23105848376667	18	1.23984003961111	72	1.24808070638889
HN_LN.Fe	0.791570123529155	0.302731037228324	0.507398801694359	0.00691623002326297	0.0261226121749331	0.0170858185045026	0.0165360833897214	0.0197654121656575	0.0296936066799616	132	1.35157634618182	18	1.35400695616667	74	1.36800141233784
HN_LN.FW	0.354454549135715	0.664978251883426	0.685129666862106	0.0561796969009536	0.060456880610576	0.0143064527777485	0.0329840450838607	-0.025513521397099	0.062710046419997	119	1.28516893707563	18	1.32432970661111	73	1.31790501491781
HN_LN.K	0.054184059106261	0.813133320305859	0.111599001280053	0.0395308158034792	0.0203661629454314	0.0028048928495782	0.0118503965473082	-0.0357016730383292	0.0222165010604123	133	1.0433031875188	18	1.08500579394444	76	1.04756865152632
HN_LN.LA	0.574312050240226	0.828740959709102	0.662603201066386	0.0212423831480714	0.0377302556350538	0.00435336172448929	0.020098765575087	-0.0161990269221651	0.0370022936458337	130	1.14891985528462	18	1.15771033655556	76	1.15955355035526
HN_LN.Mg	0.178245020406537	0.900474593047023	0.373969229410494	-0.0765068177557209	0.0565551051195833	-0.00430307597405136	0.0343637106554199	0.0573097521937166	0.0641253910621706	131	1.36887855412977	18	1.29901811677778	73	1.35748237193151
HN_LN.Mn	0.964198229606171	0.315342437446367	0.513143873257628	-0.00435097705111721	0.0967213221683746	0.0542651905500457	0.0538753746742046	0.0757722491489219	0.115212567194047	108	1.36198382169444	11	1.33069081518182	57	1.408957977
HN_LN.N	0.589442355249284	0.668786145593551	0.413528698621349	-0.0133657152461683	0.024711360244585	0.0061633321878059	0.0143849316562902	0.0213824126548444	0.0260196389562527	130	1.41037630021538	17	1.38845798076471	72	1.41558065226389
HN_LN.P	0.217714800455404	0.63885546965112	0.342408624691283	0.0215588596410896	0.0174131254779683	-0.00480758671848213	0.0102285533197498	-0.0203660284026389	0.0213352271901674	130	1.00419434224615	18	1.02623944005556	75	0.994947270186667
HN_LN.S	0.425965627960047	0.90900950020735	0.123173758986366	-0.0274590769375213	0.0343907649841837	0.00208576744093089	0.018226888708427	0.052726175225389	0.0338667657279249	129	1.18464036790698	16	1.147819084125	75	1.18419326802667
HN_LN.Zn	0.0567855475868308	0.606699666907998	0.296926967639397	0.15559241053668	0.0807419509665251	0.0214582723139894	0.0415932832930424	-0.0988720164364927	0.094018472140765	94	1.32066477024468	12	1.48507851791667	57	1.3164076014386
G_N	0.381023667360145	0.228569106543027	0.682219015791784	-0.10788854043213	0.122712790308766	-0.091892829480176	0.0760524830296253	-0.0620046481440978	0.150872687641038	112	3.254375	15	3.164	68	3.08044117647059
G_CHL	0.284287584176616	0.971587670757163	0.265360802022578	-22.677201140572	21.0858932337557	-0.453560622587048	12.7160426027226	28.1937658502175	25.1287536675198	112	508.978571428571	15	486.013333333333	67	501.179104477612
G_FW	0.238020143201749	0.088456053360232	0.880592160050148	-4.40315356304013	3.71319850437442	-3.79295498783774	2.21395370990144	-0.666081384694567	4.41957090596082	111	34.2400900900901	15	30.4533333333333	68	32.2404411764706
G_LA	0.205068972974661	0.00677833804681841	0.508526424697788	-174.259019285949	136.770067690584	-225.50506459274	82.2916272150952	-103.120725379155	155.257508147002	111	1404.46024324324	15	1250.27013333333	68	1248.80513676471
G_DW	0.150805751433277	0.0193988553889864	0.801642502341806	-1.09321303136837	0.756145934133335	-1.05170782898948	0.4457220179819	-0.210788567114746	0.836198113084928	112	8.04883928571429	15	7.02466666666667	68	7.39102941176471
G_LWC	0.805410866923563	0.260053829427383	0.426486934810656	-0.0024900350043497	0.0100855582738762	0.00650432420460041	0.00575630958635151	0.00757449815822112	0.00947524396947364	111	0.757805405405405	15	0.758806666666667	68	0.765286764705882
G_Thickness	0.655584462971636	0.0629162750544278	0.108150126243089	-1.01701794864804	2.27457411744599	2.7864059988568	1.48864524084674	4.7924795847712	2.94882150362863	111	58.2527027027027	15	56.7833333333333	68	60.9277941176471
G_P	0.764716989260806	0.320554341680576	0.911180361481039	0.0114318746921036	0.0381111367431501	0.0234717358037662	0.0235625333124832	0.00523009138841804	0.0467337960585313	112	0.433571428571429	15	0.446666666666667	68	0.438235294117647
G_K	0.779631615728718	0.000559617162639587	0.143620182501955	0.0424441733252997	0.151360258606479	0.324157468247243	0.0922171216518546	0.251523408011121	0.170258209659242	112	2.433125	15	2.49866666666667	68	2.68911764705882
G_Mg	0.168880838259033	0.556451979035057	0.220524893649593	-0.0512447823447342	0.0370262008011339	-0.0117826499501703	0.0199959352246063	0.0348006754621824	0.0281778901072537	112	0.273214285714286	15	0.226666666666667	68	0.251029411764706
G_Ca	0.532903546885564	0.0527274705275512	0.538786480605821	-0.0643236949248178	0.102858844051489	-0.110834476076317	0.0568269281019991	-0.0656437224136271	0.106327380585944	112	0.825	15	0.780666666666667	68	0.681617647058824
G_S	0.560249788839584	0.354632164916558	0.711080073915293	-0.0253301822065336	0.0433681988121551	-0.0205051501999317	0.0220936013229023	-0.0144206339455625	0.0387902420952475	112	0.368482142857143	15	0.352	68	0.325
G_Na	0.776352943355126	0.631360700630557	0.947679556260009	-8.42147641288066e-05	0.000295796678296785	-8.39525226898892e-05	0.000174662051492555	2.00684112162959e-05	0.000304840088539814	112	0.00180357142857143	15	0.00173333333333333	68	0.00179411764705882
G_Fe	0.792177075644817	0.658940627065147	0.579047497967681	-1.71003646451347	6.47587063144191	1.56995099248657	3.55087630965883	3.37664042888975	6.06099502341537	112	95.5267857142857	15	94.4	68	94.7794117647059
G_Mn	0.639694091688472	0.176791782788431	0.291103777170608	-4.42095195264666	9.42034612800127	8.73742402926747	6.44271255781581	13.6919111736435	12.8815680460341	112	55.8571428571429	15	54.2666666666667	68	56.7352941176471
G_B	0.214540718715675	0.441149039162046	0.0353868416228317	16.1356760272353	12.9326261813696	-5.04872851464303	6.53970831581715	-24.2902140851046	11.3446168452725	112	64.4196428571429	15	83.2666666666667	68	51.0294117647059
G_Cu	0.28478075787163	0.910938625563435	0.334148828619001	-1.72157310644217	1.60241438608964	-0.0962826662097213	0.85953926920434	1.24003281658018	1.27600252684495	112	12.5714285714286	15	11.0666666666667	68	11.6764705882353
G_Zn	0.706777166681223	0.106133213135217	0.389385100876195	-4.86382639373973	12.89902401897	-11.9207033332601	7.33943680721016	-10.2087039724018	11.7943122146512	112	92.6339285714286	15	92.9333333333333	68	72.4264705882353
CobDiameter	0.5235975020384	0.0936558466520739	0.0282912356361627	-0.353215980376237	0.552669627144034	0.534879278102505	0.317799162050679	1.21089798342382	0.544474749499446	157	25.3637625984076	21	24.6800904180952	89	25.9772099277528
CobWeight	0.23991517410965	0.492638491980627	0.0497059326524516	-1.05766681077686	0.896892725304644	0.36004637282584	0.52395793449815	1.94410496922394	0.979193795645287	157	15.9027765803312	21	14.5750059930952	89	16.2419246413371
DaystoSilk	0.0431534532748987	0.27039445208749	0.0383231323934002	-3.01585583046089	1.48039121104341	-0.926751964831782	0.838922879423218	3.20830467425858	1.52936793635938	157	79.5738089351592	21	74.8984375747619	89	79.5912688042697
DaysToTassel	0.0255700990616603	0.363100232180161	0.0169738867118461	-3.09997883840554	1.37645258118195	-0.715639613434299	0.785381044406921	3.48328509701252	1.43585211992226	157	78.0125512784076	21	73.2368209371429	89	78.2859586140449
EarDiameter	0.631032040081671	0.0193111604631532	0.0169563550458114	-0.348803473963147	0.724967150623441	0.996953067135255	0.423272430636631	1.81903613164697	0.749589378214497	157	36.4801399404459	21	35.7309851361905	88	37.5987766215909
EarHeight	0.0108068247026408	0.505561606682972	0.0136960373944765	-9.02630174953251	3.50293610369846	-1.34887438070033	2.02302041320648	8.30907602914254	3.31389150481158	157	65.3481829355414	21	53.6022397366667	89	65.7088079410112
EarLength	0.189890838270338	0.677071748924138	0.229958884320071	-4.57004176510825	3.47248458396463	0.808585384714542	1.93919465425187	4.59260698029603	3.80345293163106	157	128.322053925732	21	124.417220054762	89	128.332152571011
EarRankNumber	0.698849582167953	0.253898343515956	0.416087257898506	-0.194118541897708	0.500908927503303	0.32784310147374	0.286643187052078	0.480702411684437	0.588673745882492	154	21.2962085063636	20	21.3201474885	86	21.602028465814
EarRowNumber	0.0574340313619369	0.0100611338084864	0.00119331258166353	-0.612161255747561	0.320045135865618	0.5080388108359	0.195827760233883	1.24590338838791	0.373880496919214	157	13.3226346586624	21	12.6102695161905	88	13.8888821065909
EarWeight	0.293135865740763	0.146301390269185	0.0341679897945716	-3.56041931355169	3.37642483034781	2.83916777197754	1.94802099167737	8.04535155494788	3.74833761635748	156	64.4555238632692	21	60.4045731028571	88	67.2552788518182
GDDAnthesis.SilkingInterval	0.788247872659323	0.342601370924915	0.675059665457548	0.833859036369912	3.0998124881505	-1.72408464410554	1.81308411734568	-1.43775702300925	3.42005526906619	157	23.9980917662675	21	24.286955684619	89	21.8907640651798
GDDDaystoSilk	0.0455877600803129	0.374421139384911	0.022326144800145	-39.2723735833647	19.5023156392618	-9.39187192451509	10.5541629747758	43.4913226188403	18.7535627757713	157	931.732580749682	21	873.128447147619	89	933.252740092135
GDDDaystoTassel	0.0202845779380169	0.414213034097363	0.00941452566388556	-43.4731502263062	18.5572059044884	-8.35722847322305	10.2177090753243	48.7329608211593	18.4222562716489	157	914.189119207006	21	850.853972795238	89	917.991651926966
GerminationCount	0.65133626485583	0.606667265990457	0.93633523527764	-0.133953799078825	0.295903612163656	0.0829560591291365	0.160919483243141	0.0247666014329641	0.309317912217245	157	6.46277531730573	21	6.38739670728571	89	6.48846954142697
LeafLength	0.0975769408082519	0.583540415467522	0.106588175935583	-33.3391657971032	20.0147478063101	-6.14186724617268	11.1881656460698	33.2701027166943	20.4400962218619	157	743.690177121656	21	691.435771790476	89	744.232543669663
LeafWidth	0.096524239157434	0.351588794489949	0.0387304378332655	-4.96300090324242	2.97002940731195	1.44994936606454	1.55353904706566	5.79188004388014	2.76685312980994	157	85.4652630807006	21	80.4339303204762	89	87.0817414639326
MainSpikeLength	0.531679678351412	0.292971001453009	0.180667764656072	-5.06776537589581	8.08638334258351	4.80674553447934	4.56078780234171	12.1196540889414	8.99309596610441	157	229.21691457707	21	225.160001266667	89	232.249088416854
MiddleLeafAngle	0.113437113549656	0.000446207554843468	0.000983132867278428	-2.39628141335875	1.50588030019164	2.96990526189909	0.833776254151849	5.56083743465214	1.6390636086879	151	61.3527310335762	21	58.4811334466667	87	64.4373793975862
NIROil	0.160007533648494	0.440910359566914	0.145371800937067	0.229692644855542	0.162757636700622	-0.0595218369969221	0.077105357701867	-0.232579365253638	0.158520510149205	154	4.35201246937662	20	4.6335210776	88	4.28468320732955
NIRProtein	0.0708757330978847	0.972727979337507	0.103107471308442	0.393787813933571	0.216636615831168	-0.00463361651675119	0.135394053370889	-0.459204151189597	0.279224596524837	154	14.1039529664935	20	14.577780183	88	14.0252005997727
NIRStarch	0.872991628736284	0.0791135879506423	0.411880087913209	-0.0726573868968134	0.453818290263709	0.450614922315891	0.255530656277965	0.383768981877298	0.465775575170053	154	66.3883227902597	20	66.232631197	88	66.9219172290909
NumberofTilleringPlants	0.141327074988966	0.735858573246546	0.0950606664630363	0.0969705909432194	0.0656260969552646	-0.00855051962570838	0.0253174125822094	-0.110156786672448	0.0653954038546103	157	1.2752209641656	21	1.39611550561905	89	1.26411272330337
PlantHeight	0.0164000295198492	0.686744827026414	0.00577380500476935	-10.7951852944057	4.45428423655618	1.01896041187401	2.52365791253056	12.3093888681864	4.36796342378381	157	135.392469272548	21	122.100623284286	89	138.466795125843
RowQuality	0.318347109032155	0.434613205652776	0.816924840572631	0.0242974283993092	0.0242788974300555	0.0102399046744953	0.0130839796811057	-0.0061006145817236	0.0262856502073591	157	2.18672288571338	20	2.2167300477	89	2.19618397917978
SecondaryBranchNumber	0.299060315594095	0.951312462026879	0.429886132669562	-0.268239886488603	0.257531971058613	-0.00943974285542592	0.154440226936715	0.234850739793701	0.296360957944386	157	2.01918865979618	21	1.65184705257143	89	2.08135325760674
SeedSetLength	0.669864761942609	0.374273799913979	0.491452699182856	-1.19892750997821	2.80738125460179	1.40867415347395	1.5825033783764	2.13451071703161	3.09150196951857	157	111.142937455414	21	111.022564300952	88	111.841182185341
SouthernLeafBlight	0.00098998481417726	0.325101421362534	0.000749350812511543	-0.680217697731437	0.203012312458142	0.111171032356712	0.112744727486505	0.874555940409221	0.251831995017449	157	6.68940489066242	21	5.91008018652381	89	6.93314018832584
Spikelets.MainSpike	0.468454566499161	0.00126044069319775	0.0212745002532782	-0.526228666052397	0.7242275672899	1.43424661782233	0.439474532032967	2.18598410605028	0.934920785641569	156	23.2129661725	21	22.7505298219048	89	24.3837102367416
Spikelets.PrimaryBranch	0.0477879539620966	0.964557663029424	0.0739355484140357	-1.31690218407156	0.660599517174852	0.0168000954428826	0.377688080016491	1.23163831630464	0.682335677937545	156	15.5455553342051	21	14.448602283	89	15.1921013326517
StandCount	0.117103893407131	0.701812170149646	0.291605704661398	-0.185328258638536	0.117675370397041	0.0259210943526907	0.0676206320107446	0.135200413063077	0.12755522680686	157	7.63038794096178	21	7.43617897261905	89	7.65711870619101
TasselBranchLength	0.150252152817194	0.948324862974632	0.146336197872936	-10.1767908636343	7.04250813379497	-0.256339416394024	3.9510948755745	10.9658303359257	7.49322432835285	157	202.66487665414	21	191.339066309524	89	201.989078555056
TasselLength	0.0642828434256229	0.195844022744738	0.0108256027006864	-16.8386145704257	9.0427360667007	6.44579991246951	4.9694697796621	24.5413975769529	9.45893454242654	157	324.594510956688	21	308.702156938095	89	330.131033952809
TasselPrimaryBranches	0.268167300627619	0.505214054117568	0.267176515368042	-1.04696807721178	0.942478654819836	0.38143166646667	0.57159788546424	1.25220510874239	1.12253586301525	157	10.9727991008471	21	10.0270912092857	89	11.422468994382
TilleringIndex	0.230390783398387	0.767654013593464	0.162170541184477	0.0159618355398698	0.0132618074425528	0.00201847455427507	0.0068242798697302	-0.0214762329115273	0.0152561456919682	157	0.576867430197452	21	0.596588395142857	89	0.582078956370786
TotalKernelVolume	0.182149886847581	0.112439126028509	0.826190676663464	2.51462210099094	1.87675434392021	1.62546120380825	1.02012491666401	-0.44434575653907	2.01828251076454	149	59.911906582349	19	62.3251441952632	87	61.4816914168966
UpperLeafAngle	0.00433556761742494	0.00580731192394348	5.44657618576341e-06	-7.28414497499599	2.51977779061116	3.879662216626	1.3939030981542	11.4622036256765	2.39173635538383	157	56.9244349918471	21	48.4990625614286	89	63.3960086066292
X20KernelWeight	0.737056712215249	0.673977828445461	0.904799110388269	0.0563885471058985	0.16767476350112	0.0379449555769854	0.0900848776017383	0.0181876457646194	0.151698813712208	156	4.53732734932692	21	4.55778527761905	88	4.57031234503409
X.1060..pyruvic.acid..6.714.	0.342671304147471	0.211191341551134	NA	-0.000489347664921656	0.000513739752853882	-0.000325056970890456	0.000259037297653127	0	0	114	0.000373956289473684	16	0	67	0
X.971..oxalic.acid..7.883.	0.0768503895124302	0.768464763459316	0.261075812082432	6.06721818745367e-05	3.40045243744002e-05	-6.09992459734474e-06	2.06882955328194e-05	-4.17152583894588e-05	3.68417666070775e-05	112	0.000243226383928571	16	0.0002891879375	65	0.000229771676923077
X.6287..L.valine.2..9.151.	0.101605268925724	0.525303887248216	0.17696277573696	0.00442982545614858	0.00268562323434779	-0.000893639762599896	0.0014040636748864	-0.00489298915412884	0.00359077042445482	113	0.0161308457433628	15	0.0205410575333333	67	0.0153945305373134
X.700..ethanolamine..9.879.	0.534427116024981	0.136115177517733	0.867228331908308	-0.000929277766830788	0.00149157799344729	-0.00119475327670505	0.000797871028169952	-0.000169220365677365	0.0010087866068157	112	0.0066129174375	16	0.00578463325	65	0.00560906601538462
X.6106..L.leucine.2..9.945.	0.553128573271765	0.172147801032393	0.213536925128168	0.0014149465231696	0.00237926666712559	-0.00164314257120666	0.0011985755901649	-0.00183443106842589	0.00146254490301312	114	0.00599927564035088	15	0.00695373293333333	67	0.00496569955223881
X.938..nicotinic.acid..10.27.	0.472686702392579	0.465387246556924	0.365538195728339	0.000125274762245442	0.000173879885911298	-7.40164372410376e-05	0.00010115483158883	-0.000144630265759704	0.000158867833570526	105	0.000925690571428571	16	0.0010039425	64	0.000789576484375
X.791..DL.isoleucine.2..10.225.	0.0311473938930857	0.53861847872028	0.11804198571504	0.00280747996102318	0.00128760102551338	-0.000398611274754678	0.000646959569492712	-0.0024767696143422	0.00156663109705379	112	0.00518250511607143	15	0.00769285386666667	66	0.0051234365
X.444266..maleic.acid..10.323.	0.760711510082267	0.153382657097317	0.21670480610959	-3.39818153888956e-06	1.11332017893242e-05	1.01757825541215e-05	7.09599429714169e-06	1.56065363705275e-05	1.25297883391305e-05	111	4.8824963963964e-05	16	4.4913125e-05	66	5.59357575757576e-05
X.439194..glyceric.acid..10.735.	0.0367445179818943	0.123825809162409	0.00613302744227296	0.00395892352373626	0.00187501360874015	-0.00159064264061275	0.00102864134457555	-0.00504448146966748	0.00179055017791501	113	0.013866847699115	16	0.017810925375	67	0.0122948757910448
X.444972..fumaric.acid..10.94.	0.985626492011283	0.254638775290523	0.405138567025637	2.1264187741207e-05	0.00117794963962221	0.000811977520704504	0.000710449953152598	0.00118481554344378	0.0014155164683138	113	0.00733090720353982	16	0.00694463925	67	0.00799617976119403
X.439742..beta.cyano.L.alanine..11.288.	0.145207702792809	0.479359509468163	0.371862119794188	0.00490014301594056	0.00334293099841666	0.00124224708479232	0.0017524985673766	-0.00240162641221526	0.00267392771846243	114	0.00493764924561403	16	0.0097681656875	67	0.00601046692537313
X.6288..L.threonine.2..11.464.	0.208519773776814	0.227418779912099	0.938732482659197	0.00230382611333767	0.00182231993285448	0.00158064843812789	0.00130493361730562	0.000245713771712016	0.00318648307884745	113	0.0143350576283186	16	0.016575584875	67	0.0158645919253731
X.239..Beta..alanine..1..12.044.	0.431214246906613	0.472152790205014	0.797395779602148	0.000795726243932845	0.00100763930082751	0.00066419633737594	0.000921801151885619	0.000569584907378941	0.00221114112725426	113	0.00527920642477876	16	0.0060550271875	67	0.0058199711641791
X.12647..L.homoserine.2..12.359.	0.0698931753953656	0.0192231407756767	0.589618406500273	0.000506947655548698	0.000277243509944455	0.000603312302310371	0.000255297722869551	0.000326589915301217	0.000602977916167889	112	0.0021951065	16	0.0026625036875	67	0.002667472
X.5960..aspartic.acid.2..13.207.	0.401610423188406	0.371581467523635	0.0598630848529349	-0.00306597957273159	0.00364286890656246	0.00222015802629195	0.0024783265161194	0.0087690827263662	0.00459125069094434	113	0.0735200009646018	16	0.06998303675	66	0.0752167571666667
X.5810..trans.4.hydroxy.L.proline.2..13.267.	0.161352892794771	0.346221397563659	0.061923950272907	-0.000725114947424683	0.000514649426341904	-0.000255420861954256	0.000270432525744537	0.000413008572083718	0.000218054371655694	113	0.00127040604424779	16	0.0006113488125	67	0.00103209952238806
X.119..gamma.aminobutyric.acid..GABA...13.326.	0.786119655275742	0.784544683185667	0.492811549151691	-0.00196093274682928	0.00721100081932037	-0.00112962078460536	0.00412546194969321	0.00378712663652537	0.00549616836356653	114	0.0146031406315789	16	0.0107995439375	68	0.0147112406911765
X.5460407..threonic.acid..13.652.	0.891066479987275	0.831132472351832	0.831014924024636	0.000108886210038387	0.000793420448797011	-0.000100155769923995	0.000468964042686949	-0.000199292902776734	0.000930768350265161	113	0.00804076	16	0.0080474474375	67	0.00790609313432836
X.1001..phenethylamine..13.742.	0.248507187946088	0.0712872666813364	0.972411037639432	-0.00071407032274014	0.000615901794268185	-0.000633474257961257	0.00034908539959949	1.51864801470835e-05	0.000437686901180864	114	0.00174609137719298	16	0.0008165540625	66	0.00143421118181818
X.51..alpha.ketoglutaric.acid..13.859.	0.231732896294438	0.00733881246851248	0.442937952060061	-0.000962223501863281	0.000800654815668309	-0.00127242347659427	0.00046904901376285	-0.000575346077250752	0.000746072188024124	113	0.00748499639823009	16	0.0066252095625	67	0.00622607170149254
X.738..L.glutamine.2..14.083.	0.295819018128975	0.416965214830274	0.170257537440746	0.00017617531054451	0.000167800754271416	-7.32786200869024e-05	9.00618474430889e-05	-0.000215383585740415	0.000155587309171807	112	0.000771066642857143	16	0.000918824	66	0.000737685166666667
X.236..L.asparagine.2..14.984.	0.766309899700408	0.97014320999637	0.91362968495616	0.0079856079146645	0.0268105736787574	0.000517981029758615	0.0138194784392651	0.00110780431066089	0.0101807408806613	114	0.0298348968596491	16	0.0363654621875	67	0.0312109617313433
X.2724705..1.6.anhydro.glucose..15.326.	0.621139224644645	0.0774347560195879	0.73143920774484	-0.000115958600907255	0.000234028708634009	-0.00022819776017559	0.000128474034531342	-7.00424748062971e-05	0.000203339795040857	113	0.00177238531858407	15	0.00167222733333333	67	0.00152868258208955
X.6912..xylitol..15.376.	0.715743406310231	0.168700669619451	0.360713756089266	-0.000147193738359314	0.000402893838197802	-0.000396901543935214	0.000286580339472239	-0.000404158333538447	0.000438356028330016	78	0.00224899394871795	14	0.00226611107142857	44	0.00187584940909091
X.827..ribitol..15.66.	0.0664415786873563	0.587973112898842	0.227690004778439	0.000618495535384359	0.000333983317388714	0.000106084623683694	0.000195449513017437	-0.000402074724351253	0.000330680675664525	113	0.0195942821858407	15	0.0201927191333333	68	0.0196819098676471
X.754..glycerol.1.phosphate..16.056.	0.926750370105719	0.528380993994963	0.953662945690119	-0.000805845820433298	0.00874780746520388	-0.00280493577536549	0.00444006472289344	0.000184096182218744	0.00315802396900083	114	0.0194213497280702	16	0.018005414375	67	0.0164867540895522
X.439183..3.phosphoglyceric.acid..16.504.	0.0240026624425163	0.129356127936308	0.795821560863796	0.00156951217485783	0.000686830992943549	0.000718300276584606	0.000471378069103864	-0.000248088773588224	0.000955491458321528	113	0.00463810131858407	16	0.0059911371875	67	0.00516692332835821
X.6262..L.ornithine.2..16.632.	0.520980162759318	0.122613572937786	0.547359369830033	0.000916982017326296	0.00142462203281933	0.00131561298239101	0.000848019212726911	0.0010415174634157	0.00172334422953948	113	0.00551769021238938	16	0.006530839	67	0.00642906097014925
X.9750..citrulline.2..16.691.	0.581697575955887	0.146609581700375	0.446767212923408	0.000339744256827991	0.000615080174899688	0.000604451215154631	0.000414551592696876	0.000656317405461966	0.000858286022887384	113	0.00237697428318584	16	0.0027335901875	67	0.00278726320895522
X.835..dehydroascorbic.acid..1..16.863.	0.400694929739273	0.680601096711178	0.991073006133835	-0.000235966630435626	0.00027982733640429	-0.000102966351587808	0.000249719749462201	-6.46086685972691e-06	0.000575604855917956	114	0.00198772047368421	16	0.0017984923125	67	0.00192522117910448
X.204..allantoin.1..17.293.	0.0513220635124834	0.485843224139881	0.0220196646446521	0.0100166595914442	0.00509066052265641	-0.00178663328010932	0.00255814753341485	-0.00993033466248245	0.00424962939507503	114	0.0133277529824561	16	0.02303885425	67	0.0122114760895522
X.448388..D.allose.1..17.278.	0.256112335219509	0.0501447165524857	0.0326393690644382	0.000117328251940977	0.000102834917157901	-0.000104804388547805	5.31324419869538e-05	-0.000217507789842776	9.99678754208817e-05	112	0.0008773960625	16	0.0009872121875	66	0.000809780545454545
X.5962..L.lysine.2..17.643.	0.0126505952620731	0.0106805073318291	0.683280269442624	0.00081298942495754	0.000321308678365149	0.000410155506335614	0.000158923236614641	-0.000205805308580146	0.000502527621422464	113	0.000974579079646018	16	0.001754691625	66	0.00131225734848485
X.637542..4.hydroxycinnamic.acid..17.854.	0.644958492469523	0.126423855040439	0.137496570209755	-0.000213360964980158	0.000461914811595331	0.000473898452137344	0.000308592727985143	0.000817061597631253	0.000544490358454963	113	0.00268863239823009	16	0.002362917875	67	0.00303815346268657
X.6057..tyrosine.2..17.871.	0.633249270312546	0.754199979304338	0.310881207259574	-0.00112192166621615	0.0023454395421269	0.000492450367614174	0.00157032451642321	0.00320110133201777	0.00313833099293723	113	0.020703600079646	16	0.019225500125	67	0.0209414902686567
X.128869..galactonic.acid.2..18.504.	0.252829872570171	0.14302412646116	0.547546863879433	-9.04604608176146e-05	7.87371460001218e-05	-6.49750833600584e-05	4.41614024050477e-05	4.00959032635003e-05	6.63719468297759e-05	112	0.000586903008928571	16	0.0004934625	66	0.000511451848484848
X.5460673..D.saccharic.acid..18.614.	0.0682085904464369	0.888085096575084	0.350806853729066	0.000450491568652307	0.000244823050046234	2.26813144205515e-05	0.000160931563859127	-0.000289083597511921	0.000307953159525813	110	0.00120399871818182	16	0.0015946595625	66	0.00129384093939394
X.3037582..mucic.acid..18.907.	0.477993154286356	0.724758988751631	0.515259233640883	0.000914424961257744	0.00128483128466956	0.000245502438531442	0.000696121780637712	-0.000629250880057961	0.000962727174047568	112	0.004914972	16	0.00581271925	68	0.00504779008823529
X.1549111..caffeic.acid..19.755.	0.409814902607655	0.300158224858057	0.0368087435205726	0.00116176290320006	0.00140472074689832	-0.000857540095128442	0.000825157159502578	-0.00240878449494853	0.00113310063246518	112	0.009871005125	16	0.011240214125	64	0.00916265315625
X.5280450..linoleic.acid..20.399.	0.228903700749436	0.317773231249098	0.105011080056167	-0.000404126919766596	0.000334092816660268	-0.000176078306554256	0.000175713177238534	0.000260435847009585	0.00015871777367476	105	0.00103694127619048	15	0.000636582133333333	65	0.000905722507692308
X.637775..3.5.dimethoxy.4.hydroxycinnamic.acid.2..20.65.	0.691450952292865	0.109057583940535	0.604015971522711	4.6354155116116e-05	0.000116519819195749	0.000115347329242165	7.16131448998186e-05	8.04647335540982e-05	0.00015451694378652	112	0.0002628911875	16	0.000320886375	67	0.000351241089552239
X.439958..D.glucose.6.phosphate.1..21.394.	0.92707383724305	0.580404365614168	0.799598232329715	-0.000148725556561623	0.00162163584265516	-0.00055588552356123	0.00100371734616057	0.000476356855622087	0.0018700097434681	113	0.0179598730619469	16	0.0175681599375	67	0.0172310488059702
X.60961..adenosine..23.825.	0.505614512937959	0.166451732251355	0.0784956445968809	7.59987016628939e-05	0.00011383465216041	-8.05217730584994e-05	5.79509583868017e-05	-0.000137904037221908	7.73487959784725e-05	113	0.000351307398230088	16	0.000431980875	67	0.000274231447761194
X.5460935..turanose.1..24.81.	0.765848945154901	0.894983773257289	0.296422087298497	0.000285013434189759	0.000954710756623488	-6.15296127455927e-05	0.000465408701513463	-0.000414536043855806	0.000394246925860676	103	0.00238494575728155	14	0.00234552114285714	66	0.00201149710606061
X.6255..maltose.1..24.702.	0.571839263537425	0.0420679449038874	0.446989587861392	-0.000220525313570509	0.0003890349412564	-0.000462095596029893	0.000225648058945718	-0.000289585438584122	0.000378885640843911	113	0.00386895863716814	16	0.003682655125	67	0.00354277008955224
X.6255..maltose..2..24.915.	0.826503894078551	0.0875791906506199	0.0634844832661584	0.000137824380061777	0.000627377466417059	-0.000583944985059153	0.000339759551920989	-0.00083500266609322	0.000442907089203968	106	0.00361246782075472	15	0.00383580393333333	61	0.00319412340983607
X.642609..trans.caftaric.acid.2..25.529.	0.807128100213156	0.420231537327541	0.419174382775421	0.00030748374584177	0.0012564918688863	-0.000545857815780871	0.000675436329068806	-0.00077873900670451	0.000958271844599469	101	0.00193532604950495	15	0.0021541056	60	0.00133882068333333
X.6537496..chlorogenic.acid.1..26.37.	0.890465468834893	0.21961775858445	0.774941889021742	0.000184163811258258	0.00133455710123335	-0.00101891612496938	0.000827070913240701	0.000293422108938531	0.00102265073193582	114	0.00192492281578947	16	0.001387116375	66	0.00151442801515152
X.439451..galactinol.2..26.479.	0.798335665873312	0.402585694681665	0.550209872770468	0.000861473243910544	0.00336451603812937	0.00162043209835851	0.00193129574774502	0.00225912008442124	0.00376486381093302	114	0.0159500266578947	16	0.0171738569375	67	0.0180414009552239
X.2116..alpha.tocophereol..27.379.	0.139891890204833	0.530989606383569	0.042303280647703	0.000522116652111348	0.00035106368666881	-0.000109803602260737	0.000174875226263974	-0.000614209568998847	0.000296621308694445	101	0.00126471927722772	11	0.00180163654545455	60	0.0011059586
X.6537496..chlorogenic.acid.2..27.18._alt	0.888045422959574	0.0521299716534991	0.311658979595364	0.000675890714635795	0.00479133157554262	-0.00542837524572735	0.00277622216602757	-0.0052014087886625	0.00510767228953293	114	0.0189488305263158	16	0.0184700363125	67	0.0143377324776119
X.5321515..stigmasterol..28.442.	0.844008015683178	0.000541095668567468	0.189589147948145	2.16540841865426e-05	0.000109747592920739	0.000288868568798579	8.14987212673504e-05	0.000249961403237867	0.000188274717671615	89	0.000773974292134831	11	0.000786400545454545	51	0.0010405941372549
X.5321342..beta.sitosterol..28.848.	0.74647621723125	0.382808420700889	0.502515441323667	-0.000208821552992976	0.0006441098301646	0.0002969080377544	0.000339134624629983	0.000428407813389487	0.000634980834828548	92	0.00365539076086957	11	0.00352565354545455	53	0.00386912728301887
X.439242..Raffinose..29.282.	0.547708343775474	0.924090545638405	0.523084406356794	-0.00344084822032813	0.00570774537407588	0.000351123333616932	0.0036798035490286	0.00446614436053274	0.00696213196313781	114	0.0186826375877193	16	0.0165518953125	67	0.0189698266716418
X.750..glycine..10.456..s100	0.816493395835109	0.316022095900277	0.809213776281279	0.00754770688459539	0.0324561216065148	0.0194767824232719	0.0193696658279702	0.00861646683364571	0.0355684023175791	113	0.155306478911504	16	0.16893746	68	0.176985252544118
X.5951..L.serine.2..11.174..s100	0.0466838976629851	0.156795630303742	0.705619950319337	0.03025164264361	0.0150550890700488	0.014548662095063	0.0102308674288841	-0.00915080656052839	0.0241373191615495	112	0.0975219993928571	16	0.1251596295	68	0.116157149897059
X.92824..D.malic.acid..12.794..s100	0.234518765222143	0.652040438233877	0.252686709131237	-0.00481192976883569	0.00402786795459586	-0.00102509966485115	0.00226937552910577	0.00393992084838771	0.00341895776861447	112	0.0281498107232143	16	0.0229590311875	67	0.0266317221343284
X.33032..L.glutamic.acid.3..dehydrated...13.232..s100	0.898715593253681	0.786114792495897	0.958131797045974	0.000144735867234045	0.00113466369252382	0.000195319610993385	0.000718633324795607	-6.64909504774057e-05	0.0012624230463204	107	0.0113297191308411	16	0.011582608875	66	0.0115274602878788
X.444212..trans.aconitic.acid..15.842..s100	0.542073799581091	0.833837483803646	0.816340627906637	-0.0018463040126049	0.0030198769528419	-0.000369768972364946	0.00176000361534398	0.000720270882023423	0.00309088997723178	112	0.0173130393571429	16	0.0156056744375	68	0.0175942597941176
X.8742..shikimic.acid..16.433..s100	0.180630539675109	0.0972162951910492	0.923045190917709	-0.00683354437101413	0.00507519681933322	-0.00496766412768647	0.00297922359561169	-0.000577284270545138	0.00595705780935669	112	0.0373486324107143	16	0.032113975125	68	0.0329666831176471
X.311..citric.acid..16.615..s100	0.491882017228044	0.489876249273382	0.425961742559067	0.00201783925137365	0.00292688542738989	-0.00118517097662257	0.00171271912517851	-0.00238913933623685	0.00298546412419435	110	0.0234186753727273	16	0.0255875735625	68	0.0220307169705882
X.6508..quinic.acid..17.076..s100	0.0906288416472703	0.316800637625038	0.152762917427472	-0.0238492022642281	0.0139838541861821	-0.00775786884725172	0.00772740696764454	0.0135982004645888	0.00941748109834046	112	0.0379232918214286	16	0.016828853375	67	0.0315719647462687
X.5984..fructose.1..17.18..s100	0.624533151886631	0.00592234779141302	0.119294862552828	-0.00551526641873336	0.0112404743376625	-0.0164032263641282	0.00588783954113505	-0.01453588478139	0.00923019794500843	113	0.0772693507256637	16	0.07620684	68	0.0616561726323529
X.892..myo.inositol..19.354..s100	0.894410216898368	0.0349778534185374	0.30569166119225	-0.000743036481421445	0.00558671340519416	-0.00661418358782591	0.00311234420565497	-0.00541901704462255	0.00525613008949844	112	0.0560728724910714	16	0.0557024898125	68	0.0516905522058824
X.5988..Sucrose..23.988..s100	0.720175027237609	0.0992348231719471	0.0619250161131031	0.0608924635873213	0.169597506640986	-0.129298625877368	0.0780163610666512	-0.26412249830584	0.139473943609012	113	0.948115246026549	16	1.0215469951875	68	0.823034001852941
X.6537496..chlorogenic.acid.2..27.18..s100	0.971504280255379	0.73981782167658	0.376291073830867	-0.00012837826356495	0.00358610008630641	-0.000887952720790349	0.0026694054477204	0.00494507742153467	0.00555463984038512	109	0.00863783088990826	12	0.0047770805	65	0.0111909248923077
HN.X20KW	0.984888904373132	0.552149685826651	0.621313993026497	0.00316530719742987	0.166790769170607	0.0510759196280297	0.0857492158751026	0.0774354086440909	0.156161332536958	116	4.77908339260345	15	4.74832302093333	72	4.83834030780556
HN.CL	0.245157338018667	0.498763888676145	0.722992576881197	-0.363634934054747	0.311564114756626	-0.116986638417406	0.172622508738065	0.10701967469834	0.300945783740221	126	12.3931263909524	18	12.0295635598889	74	12.2060882379054
HN.CW	0.087536744522151	0.616107608315919	0.0487323111395842	-0.985290282120416	0.572501180380836	-0.171628066037851	0.341757566783237	1.1805712372397	0.590490386001742	123	13.5774597048699	17	12.2561406717647	74	13.4575050398649
HN.CD	0.294226551665654	0.190832105879638	0.00917852400152169	-0.551966098751558	0.524189221829859	0.387960299994271	0.295531139077137	1.2086399619642	0.453423179161475	123	22.4428704058537	17	21.6849935705882	74	22.9331813717568
LN.X20KW	0.719827690179208	0.1254830766529	0.478304038376021	0.078494067125151	0.21830406906997	0.173230359775456	0.112506255703437	0.135662780291494	0.190401864939115	107	4.59703588178505	14	4.62247282707143	68	4.75879059723529
LN.CL	0.895562537051988	0.609494268270077	0.767217240697857	-0.0274249886728247	0.208540196280788	-0.0590673905708331	0.115451172380901	-0.0644693062365552	0.217093500973011	127	12.0191099124409	17	11.9865811458824	73	11.8874704432877
LN.CW	0.563367206779194	0.46665086196808	0.0522757989053099	-0.194477219740824	0.335729780092235	0.155194188222818	0.212765296122838	0.727148316200209	0.369210043367929	124	12.5740386875806	17	12.1711320594118	70	12.7064739285714
LN.CD	0.478117638303046	0.0442854705740528	0.163052808248269	0.31107667354243	0.43733647327641	0.5246496490669	0.259100182579214	0.611880544207418	0.434722498167154	124	22.4027823247581	17	22.4506705458824	70	23.0343029032857
HN_LN.X20KW	0.368886317680925	0.0349565440578489	0.995000561725868	-0.0385862069636439	0.0427625585995522	-0.0432762753798414	0.0203497501334853	0.000214418716444345	0.0341075155175007	100	1.05786438978	13	1.01752097515385	68	1.02437372591176
HN_LN.CL	0.125283627627158	0.666643700695332	0.274973566653978	-0.0316405725452661	0.0205120140625698	-0.00486693848244328	0.0112809962531493	0.0189173373241266	0.0172169258104343	123	1.03168189733333	17	1.00032765335294	73	1.0277869560411
HN_LN.CW	0.0597201085275984	0.257834959090335	0.340998069642088	-0.0651744107849089	0.0343098204803876	-0.0247050530513119	0.0217650559146765	0.0391158765604661	0.0408409080828563	117	1.08023203647863	17	1.00679782064706	70	1.0615655857
HN_LN.CD	0.00437654644454633	0.498465717405601	0.0284147867396625	-0.0386766907385991	0.0133327954002661	-0.0053966794961465	0.00795660506085688	0.0304882437719896	0.0136660144727917	117	1.00413993886325	17	0.967145264235294	70	0.998396814642857
canopy.HN.6.Jul	0.139340811267103	0.357383174967865	0.38980271593356	-3.72819365214727	2.50543237169636	-1.4393515700418	1.55962286823955	2.68014870663619	3.09894350061989	109	35.7809160308257	17	31.2100303192353	65	34.6038801548308
canopy.HN.23.Aug	0.0671136657067762	0.408613411051299	0.151309039877612	-9.71569715498522	5.25876631091071	-2.65248840653261	3.20194866535769	8.60310257757796	5.93595994621419	109	59.6500229891743	17	49.8636802749412	65	58.3017007046154
canopy.HN.1.Sep	0.119527134679406	0.579070490019044	0.188499930905397	-9.71323980902331	6.19525225631515	-2.05704645399473	3.70093651179481	9.16852496579633	6.91031284915021	109	52.6051610064404	17	42.7680727985882	65	51.7074864651692
canopy.HN.22.Aug	0.0713847123927688	0.481645302164326	0.148573729234131	-9.3657415474099	5.14884876546147	-2.19290437138414	3.10954025379866	8.40708744898658	5.76137945013289	109	54.174060263945	17	44.6295061911176	65	53.2683000194
canopy.HN.12.Aug	0.0957271160643366	0.439498543289653	0.225688658717326	-8.88348853354049	5.29085084745934	-2.4819600350873	3.20306119279041	7.36028286803301	6.02646510402577	109	57.3776077781651	17	48.585649346	65	55.8555307611077
canopy.HN.26.Aug	0.0792571188393352	0.364279876047214	0.196570499346327	-9.18382129286103	5.18879697098518	-2.8569048951698	3.14051465124359	7.623142129631	5.85194241495937	109	60.5836454488073	17	51.2369836764706	65	58.9826208866154
canopy.HN.3.Sep	0.0834253206350256	0.657715044063586	0.101913915380504	-8.14069405528383	4.66364976244276	-1.27797426976504	2.87925942607129	8.8452946311395	5.34329901058893	109	42.7267805712569	17	34.1485453647059	65	42.6629939179385
canopy.HN.14.Aug	0.173993496557811	0.457409376947613	0.371815246755286	-7.61919625386882	5.5714953378188	-2.51051154472895	3.37058600820293	5.74017797674944	6.38990069651243	109	52.3732122730917	17	45.0317689706471	65	50.5804441998923
canopy.HN.20.Aug	0.0861039134933223	0.578464759279777	0.167869224412274	-9.42246595907868	5.44517557377924	-1.85562035222435	3.33321413108861	8.68586793279135	6.23894360290062	109	53.0023372791193	17	43.5670081027647	65	52.1197225079692
canopy.HN.30.Aug	0.128132057056141	0.555724978824391	0.163467689775563	-8.39949055523651	5.48268488031279	-1.96227764634222	3.32375729843437	8.5379712062258	6.06845299212929	109	52.9287507043211	17	44.3122140755294	65	51.7735325459385
canopy.HN.5.Sep	0.168038061292192	0.641623751107148	0.180211516465687	-7.16572093994454	5.16691569894736	-1.4853894993894	3.18569548858685	7.9676565144601	5.89157113723834	109	41.4240401791376	17	33.7657875977059	65	41.1131515142
canopy.HN.16.Aug	0.0912373642138319	0.756675612286296	0.118353689732131	-9.36515238409755	5.50096179470074	-1.0471289750009	3.3740031018221	9.83424321667228	6.22673817187451	109	51.4080675356514	17	41.8277257225882	65	52.1061479191231
canopy.LN.6.Jul	0.542356900461007	0.0773098651438538	0.89403226860916	-1.31850025211993	2.1580485335616	-2.39648920624114	1.34825338955763	-0.379649518163514	2.84035845198603	110	29.7762192122727	17	27.5873876941176	62	27.6868533686452
canopy.LN.23.Aug	0.275700367236216	0.0780348925075522	0.629021513533614	-5.05364659858415	4.61546005788059	-5.06286593582626	2.85537456422348	2.67537985647837	5.51483746866697	110	56.4811794447273	17	50.6047995818824	62	53.3644715751935
canopy.LN.1.Sep	0.221922136369964	0.235845244737217	0.355510615745152	-6.56209923742343	5.34502344817206	-3.96090300670326	3.32927406750091	5.82314561724394	6.26295992006994	110	49.3814332015455	17	41.613749986	62	47.4604070637258
canopy.LN.22.Aug	0.249224529754968	0.052141382545684	0.620900847276238	-5.34717791691489	4.6185643002382	-5.52160359352811	2.82300204316959	2.66902900303831	5.37395249153502	110	51.5867177929091	17	45.0773261658824	62	48.4477922926935
canopy.LN.12.Aug	0.19546775721705	0.0215356911326692	0.692717068188763	-6.17256866036044	4.74188847638186	-6.73904076716433	2.9044167281903	2.18616692942284	5.51062927008198	110	56.1682290651818	17	48.9630476678235	62	51.5500724617903
canopy.LN.26.Aug	0.177100848792042	0.0845621648351965	0.391226189536182	-6.07549310856548	4.47521671016312	-4.78079083355507	2.75528871209874	4.47316223218643	5.18657393198043	110	56.9314455729091	17	49.5996552347059	62	54.4833022050968
canopy.LN.3.Sep	0.142838305481759	0.281016787344998	0.151316025146943	-5.94916739273663	4.0338402002579	-2.73600854828737	2.52973677892383	6.74478781004368	4.65194928931135	110	41.6406114855091	17	34.4694394887059	62	40.6271783544677
canopy.LN.14.Aug	0.226901495125213	0.043388049101794	0.683976935121461	-6.10042005440719	5.02297930625896	-6.30112627606232	3.09571933151681	2.37825490420263	5.81978851459114	110	53.4128418742727	17	46.5767550002353	62	49.465254038371
canopy.LN.20.Aug	0.5312892397154	0.0555973734972811	0.984239176410763	-3.02117842112592	4.81210217535612	-5.69708804912257	2.9554792425314	0.108244830729374	5.46100194150323	110	51.4277947714545	17	47.6486814296471	62	47.5363583934032
canopy.LN.30.Aug	0.112104912507917	0.077811294658123	0.310207611444637	-8.15408132860147	5.0951507305342	-5.5498305672361	3.12764029973203	5.83529149191785	5.71083358008434	110	52.2060949290636	17	43.2295205671176	62	48.5661116167258
canopy.LN.5.Sep	0.161177050749357	0.310016832359679	0.147450283687008	-6.72647175773869	4.7716155691887	-3.01645167399112	2.96229463512364	7.88411727702794	5.38561043085397	110	41.3104051435727	17	33.2443388498824	62	39.9888822208871
canopy.LN.16.Aug	0.213568522751907	0.0420535358962393	0.629354697480817	-5.8739714410253	4.69790190837515	-5.8313958213916	2.84634680510765	2.5874801025548	5.33884077329037	110	50.8907675883636	17	43.9854345654706	62	47.5066019790645
ExG.HN.6.Jul	0.213022220481849	0.959867673761321	0.177704782627738	-0.0141155859667216	0.0112743585732714	0.000354378620102715	0.00703179633114295	0.0190710405280156	0.0140145056889208	107	0.258185562841121	17	0.242964805294118	62	0.257303976580645
ExG.HN.23.Aug	0.00579033809337702	0.549838988798699	0.00934636954472881	-0.0210126126970588	0.00747949694400202	-0.00284119203674287	0.00474160730198133	0.0220817311284655	0.00828228185877279	109	0.321612963862385	17	0.296436359235294	65	0.322698926923077
ExG.HN.1.Sep	0.181509794979173	0.974747973180608	0.133143269585869	-0.0110338255407271	0.00821057775669851	-0.000166409881148312	0.00524937163699485	0.0145172049777161	0.00956421624812564	109	0.248758037211009	17	0.234331989941176	65	0.250352927369231
ExG.HN.22.Aug	0.00892742680183533	0.514172381903339	0.0125939611262213	-0.0169918065161373	0.00639315237589165	-0.00265634567449728	0.00406334984572535	0.0173625823796973	0.00679579346270775	109	0.301030023678899	17	0.281196709823529	65	0.300920573492308
ExG.HN.12.Aug	0.0129425571934003	0.4655555103808	0.0271464011834488	-0.0178621218419186	0.00708049355446922	-0.00314701953597057	0.00430280849244952	0.0180501425144078	0.00801379194893133	109	0.355856567541284	17	0.334678552411765	65	0.356645518353846
ExG.HN.26.Aug	0.900089215641495	0.914998940306564	0.69427270693874	-0.00175117751106533	0.0139189556979914	-0.000925268491022544	0.00865585011966943	0.00610845216371877	0.0154824459550197	109	0.391794398761468	17	0.385094965588235	65	0.394448015061538
ExG.HN.3.Sep	0.535769505356514	0.525054697867142	0.463404804801308	0.00961115650206504	0.0154769716708181	-0.00598357393172293	0.00939490708724484	-0.0116112061137261	0.0157561988690116	109	0.370778405678899	17	0.377099228117647	65	0.3689606772
ExG.HN.14.Aug	0.037060036851399	0.688934985531696	0.0637275621573011	-0.0126979405177936	0.00602257678198297	-0.00154833562703146	0.00386129521446761	0.0130216447658033	0.00692206228681791	109	0.269647289568807	17	0.254975316823529	65	0.271143108907692
ExG.HN.20.Aug	0.348603880069423	0.856042359849969	0.145054031003459	-0.00814086207253603	0.00865172360867469	0.000968688181443744	0.00533149167759749	0.0123773616113207	0.00840763392035446	109	0.278075218889908	17	0.269070333411765	65	0.281405703476923
ExG.HN.30.Aug	0.0255346566555524	0.264396146353213	0.109915782294598	-0.0156362802572208	0.00691511407719668	-0.00479823313994683	0.00428497592848782	0.0130840458487522	0.00809034560188619	109	0.28883808259633	17	0.270126431176471	65	0.286803332907692
ExG.HN.5.Sep	0.551480963589585	0.258271566005582	0.864415426641963	-0.00446029207784104	0.00746850877155176	-0.00512061969856071	0.00451430985185165	0.00143781498154844	0.00839218474873566	109	0.254275414036697	17	0.24783235	65	0.250874390938462
ExG.HN.16.Aug	0.350586098719099	0.586609159499245	0.605724185351584	0.00998548324815058	0.0106560021053292	0.00396684277147186	0.00728128052847696	-0.00686664430779301	0.0132479928562543	109	0.510673228055046	17	0.519649272176471	65	0.520556755292308
ExG.LN.6.Jul	0.493320074154473	0.100276012601804	0.836939065223462	-0.00681767868953403	0.00992129666753312	-0.0103934850986598	0.00628758381505762	0.0025183554562653	0.0121920764245991	106	0.245547483962264	17	0.237597929411765	60	0.238421553333333
ExG.LN.23.Aug	0.117138901201347	0.810055209220199	0.067741347692938	-0.00821213614757921	0.00520391021935368	-0.000883857009818522	0.00367148201268615	0.011876831838925	0.00640646603207754	110	0.294886471818182	17	0.283883305882353	62	0.296274483064516
ExG.LN.1.Sep	0.297927307297829	0.220750445721864	0.288329116952378	-0.00708012851347869	0.00677296411400712	-0.00519957874829918	0.00423027647477226	0.00714481001543128	0.00668063246628437	110	0.245416281363636	17	0.234318861764706	62	0.244432963709677
ExG.LN.22.Aug	0.0334061953978565	0.361657591210758	0.0567332345901525	-0.0111072294829666	0.00516251174331779	-0.00324432941844954	0.00354680136851374	0.0126571821002849	0.00653904318252733	110	0.277316169545455	17	0.262971288235294	62	0.276381129032258
ExG.LN.12.Aug	0.025437213296388	0.2767988858955	0.0941950754664799	-0.010716244429001	0.00473651838501824	-0.00368801777812415	0.00338007936744635	0.0110764249986723	0.00653304945615587	110	0.328960540909091	17	0.315153573529412	62	0.329607027419355
ExG.LN.26.Aug	0.378436318846507	0.953845073286379	0.239081182750685	-0.00861083768542556	0.0097407939900968	-0.0003502487167141	0.00604232112878552	0.0118815629772595	0.0100109670569042	110	0.364478644545455	17	0.352856029411765	62	0.369396709677419
ExG.LN.3.Sep	0.907098675278776	0.858057187276975	0.689824303566073	0.00130853499100309	0.0111896509985626	0.00115097052527839	0.00642553864330734	0.00412733840273761	0.0103013275105662	110	0.337482234090909	17	0.335692702941176	62	0.342012561290323
ExG.LN.14.Aug	0.101598723880953	0.160268351767616	0.308876460907193	-0.00743440136887569	0.00450680991956569	-0.00452548430472569	0.00320855150192685	0.0062142121469795	0.00606484519047855	110	0.245769084090909	17	0.236184147058824	62	0.244185671774194
ExG.LN.20.Aug	0.00081672038405283	0.106651553375449	0.0128887862710485	-0.0198452484384126	0.00578125105539742	-0.00625407534718782	0.00385535643464244	0.0176451597228558	0.00692347777915359	110	0.257064366818182	17	0.234365961764706	62	0.253367115322581
ExG.LN.30.Aug	0.0197385744374189	0.920242890865896	0.0106710850005073	-0.0128085409377878	0.00542180488700221	-0.00034889189607979	0.00347920226391405	0.0167832554039638	0.00640647662453397	110	0.263151705	17	0.247261867647059	62	0.265362626612903
ExG.LN.5.Sep	0.885338380754754	0.623857607859378	0.356692032375589	0.000925434359452779	0.00640406873377452	0.00195115265965285	0.00397138800705845	0.00563206450030474	0.00607242991598107	110	0.232310675	17	0.229816638235294	62	0.235683770967742
ExG.LN.16.Aug	0.24517337005289	0.425310328195259	0.485531351195001	-0.0102138947162087	0.00874643335057846	-0.00441330894159703	0.0055221662010619	0.00637715907948437	0.00909785477915114	110	0.502205669090909	17	0.488423829411765	62	0.505012812903226
RGB.HN.6.Jul	0.147220187188089	0.983545136587187	0.175626020566205	-0.0168376844598505	0.0115411555092781	-0.000151520193422477	0.00733538976032308	0.0208282526054028	0.015231547806434	107	0.329695160551402	17	0.311071248470588	62	0.328457904403226
RGB.HN.23.Aug	0.00510661933662729	0.639305483258092	0.0064841452249351	-0.0285402353179894	0.0100061758615895	-0.00296235619304372	0.00630937200978074	0.0306797691433444	0.0109629086913958	109	0.470252830853211	17	0.436068898176471	65	0.472288338184615
RGB.HN.1.Sep	0.179287220615041	0.941517745786369	0.119005143917387	-0.0156394209185053	0.0115780837993532	0.000543192854317454	0.00739323771265776	0.0212432785148365	0.0134747639541135	109	0.370511557990826	17	0.350079446058824	65	0.373408868430769
RGB.HN.22.Aug	0.00844023875545825	0.588233994778367	0.00944000812346357	-0.0237586335859622	0.0088724419060584	-0.00305218998491502	0.00562683911558957	0.0248614657055856	0.00933773750659588	109	0.445721823788991	17	0.418036432	65	0.4460700222
RGB.HN.12.Aug	0.0117121931116696	0.526450910199925	0.0218145245214898	-0.0246968706897909	0.00964889370987561	-0.00370453795804399	0.00583623066512972	0.0254731201059397	0.0108807194477489	109	0.523442781807339	17	0.494186587941176	65	0.524997713
RGB.HN.26.Aug	0.93366770434394	0.985987460039113	0.684945471740422	-0.00159593695190936	0.019134893147552	-0.00020844360111899	0.0118507761812984	0.00860433586882313	0.0211272676833292	109	0.579195316944954	17	0.570779633470588	65	0.583708747846154
RGB.HN.3.Sep	0.534084583774001	0.538292730492253	0.466008161094902	0.0135856261912793	0.0217868952323284	-0.00814768087025421	0.0132127254814955	-0.0162143535099301	0.0221316912052727	109	0.549399814091743	17	0.558353191705882	65	0.547045302523077
RGB.HN.14.Aug	0.0344059700338895	0.773807261074425	0.0521213911350231	-0.0174165116344177	0.00814056531468439	-0.00149840766143575	0.00520535014026542	0.0183277077359356	0.00929074880378894	109	0.397594518146789	17	0.377544609176471	65	0.40009096
RGB.HN.20.Aug	0.348707789491708	0.789049336699851	0.123584131163872	-0.0112852351987983	0.0119960100898926	0.00197212164065609	0.0073594916881075	0.0177888173771123	0.0114254538431803	109	0.410154477651376	17	0.397705285470588	65	0.415291818923077
RGB.HN.30.Aug	0.0241572853394974	0.305353852647206	0.0966409722111778	-0.0217903774435121	0.00954336157858647	-0.00606679438143006	0.00590075483498639	0.0187467144368802	0.0111461906547581	109	0.429826719073394	17	0.403796003529412	65	0.427420080384615
RGB.HN.5.Sep	0.561430837714023	0.289700311089849	0.852713749079895	-0.00594165713908032	0.0102033230518863	-0.00654074102407435	0.0061582413757428	0.00213958999240105	0.0114857761756923	109	0.376565748477064	17	0.367915261470588	65	0.372245362353846
RGB.HN.16.Aug	0.312304370752358	0.599787335331663	0.544693735530588	0.0149390892736633	0.0147236078081603	0.00527887983356093	0.0100416635696656	-0.0111046466735001	0.018251347537578	109	0.750550679165138	17	0.764163706882353	65	0.763748648476923
RGB.LN.6.Jul	0.345155258548414	0.0609501453826082	0.837431020154898	-0.00999771440622247	0.0105480519479993	-0.0127963032204723	0.00678102478992578	0.00270283552408562	0.0131253693586949	106	0.319046230188679	17	0.307563252941176	60	0.310334015
RGB.LN.23.Aug	0.134427829521924	0.952070275644627	0.0677244829303126	-0.0104528963264133	0.00693680587594879	-0.000293065647821374	0.00486839835761047	0.0157317173900705	0.00848529199798692	110	0.433327480454545	17	0.419396114705882	62	0.435679469354839
RGB.LN.1.Sep	0.296269503487889	0.236894230248406	0.278512931119524	-0.00997244416748174	0.00950697093292837	-0.00703337861194612	0.00592509722459603	0.0102363789042875	0.0093766725905947	110	0.367074692272727	17	0.351483211764706	62	0.365914492741935
RGB.LN.22.Aug	0.0339527395659234	0.428268247418418	0.050142658413273	-0.0152505154531221	0.00711051369698243	-0.00387141768479784	0.0048752699752586	0.0178820134468054	0.00898019790358587	110	0.412695245	17	0.393037061764706	62	0.411811055645161
RGB.LN.12.Aug	0.0237489497011375	0.319060101427647	0.0911005217561395	-0.0145594758825027	0.0063583080572228	-0.00456928323094516	0.00457215203823681	0.0152108470987926	0.00888528149114037	110	0.485293215	17	0.466663920588235	62	0.486387404032258
RGB.LN.26.Aug	0.393035560382854	0.896695573969368	0.215363241659286	-0.0114275443317833	0.0133318247764553	0.00107485720452901	0.00826593445474385	0.0170813305504757	0.0136688264321813	110	0.541573655454545	17	0.526219138235294	62	0.549641647580645
RGB.LN.3.Sep	0.897302198064137	0.801990648026363	0.667722103708267	0.00201800114729149	0.0156023861162777	0.00224917979821952	0.00895477299301874	0.00621479692619639	0.0144195207587918	110	0.503703914090909	17	0.501427002941176	62	0.51057020483871
RGB.LN.14.Aug	0.0882763344443936	0.198468699122322	0.265196700497366	-0.0103101405656502	0.00600015331560612	-0.00552969436683645	0.00428307991233391	0.00911885179927692	0.00812229157856492	110	0.365405698636364	17	0.352292626470588	62	0.363656721774194
RGB.LN.20.Aug	0.00063062972790341	0.126587417448963	0.0100963516127331	-0.0276575046800042	0.00788176665554134	-0.00807563328921277	0.00525975970992792	0.0249883253551226	0.0094640122808381	110	0.381322909090909	17	0.349852855882353	62	0.376492896774194
RGB.LN.30.Aug	0.0166552310065389	0.979188034213771	0.00855489179513486	-0.0179014095391244	0.00737381373231262	-0.000123378952376943	0.00472245903739431	0.023616658990402	0.00874224806490366	110	0.394566560454545	17	0.372484123529412	62	0.397861066129032
RGB.LN.5.Sep	0.854054414091787	0.566510660608693	0.352808636850421	0.00159799340402015	0.00866882539392722	0.00308363068399093	0.00536899999070666	0.0077207809451794	0.00825716024395643	110	0.347139642272727	17	0.344033008823529	62	0.352003993548387
RGB.LN.16.Aug	0.282167154329432	0.476675022850741	0.527528761328411	-0.0131147182130006	0.0121405841092775	-0.00547140499278531	0.00767088861557866	0.00806967944085258	0.0127125320007735	110	0.735340316363636	17	0.717479026470588	62	0.739465893548387
NGR.HN.6.Jul	0.138572289707215	0.894998434507994	0.108692448112829	-0.0139092985547251	0.00932799775339967	0.000765496448727246	0.00579101233199646	0.0180071663960817	0.0110902078178741	107	0.144136126504673	17	0.129375791117647	62	0.143705213596774
NGR.HN.23.Aug	0.00318110534283934	0.112605142849431	0.0315420971345478	-0.0242787862763165	0.00806630989975236	-0.00826378722012521	0.00518141381868563	0.02018643963904	0.00921702282275993	109	0.150146317733945	17	0.121121721705882	65	0.145390179092308
NGR.HN.1.Sep	0.202124535074501	0.414547373884059	0.331857672847686	-0.0105173353827721	0.00820075663603742	-0.00429379479619624	0.00524957028337085	0.00931234047278768	0.00953610881389282	109	0.0899084657706422	17	0.0762514362941177	65	0.0870656143538462
NGR.HN.22.Aug	0.00732855179073474	0.0851167146922626	0.0569532454637395	-0.0180903841621787	0.00663224778072877	-0.00716624439698773	0.00413780261793814	0.0139448728624769	0.00721531342371531	109	0.125728327082569	17	0.104480196823529	65	0.120596439630769
NGR.HN.12.Aug	0.00621936163629593	0.0751095580825748	0.0787290111046619	-0.0205191677834677	0.00736840940644855	-0.0081467696519699	0.00454914525063169	0.0152767383463602	0.00857389648891233	109	0.163322085440367	17	0.139520549941176	65	0.158504546338462
NGR.HN.26.Aug	0.511480411313511	0.264640621554091	0.741204005525023	-0.00791796929146765	0.0120246068799279	-0.0080962933686462	0.00723396408289526	0.00427465421339843	0.0128967776836677	109	0.146684371724771	17	0.134387943588235	65	0.141143652276923
NGR.HN.3.Sep	0.531316756046499	0.42678280336304	0.39235290094388	0.0107705888239789	0.0171560303189153	-0.00810835722859529	0.0101783043451138	-0.0138693266425879	0.016123499668753	109	0.169057794853211	17	0.175988951588235	65	0.163865049369231
NGR.HN.14.Aug	0.0165357140797754	0.52440872602842	0.0609270948150207	-0.0158434647027584	0.00651800731164595	-0.00268812950173798	0.00421409657595142	0.0147662922299352	0.00776405233491975	109	0.112482212752294	17	0.0944667884117647	65	0.112868573092308
NGR.HN.20.Aug	0.160525043529481	0.635488360355424	0.13750831154754	-0.0131235612821129	0.00929449741603371	-0.00274130185890715	0.00577266712169547	0.0134676255132151	0.00897389549004831	109	0.124003719559633	17	0.110151733235294	65	0.123011769692308
NGR.HN.30.Aug	0.0318582707596943	0.0907867600231852	0.247185044307333	-0.0165291303272991	0.00761246308104046	-0.00808837754261371	0.00475513982846547	0.0104769829017673	0.00898486186430372	109	0.103969462009174	17	0.0842059441764706	65	0.0988727592769231
NGR.HN.5.Sep	0.473352272051158	0.249044512965336	0.881021036947866	-0.006385262183937	0.00887723607805192	-0.00624542891489323	0.00539954720247353	0.00156802324416281	0.0104414659296593	109	0.102830195678899	17	0.0942471635882353	65	0.0979364560307692
NGR.HN.16.Aug	0.656895083987881	0.612278667715414	0.429303638854255	0.00726928816674659	0.0163242943804038	-0.0050976814512649	0.0100394068513962	-0.0128284707441945	0.0161450945486732	109	0.369960851055046	17	0.374014500941176	65	0.367186971815385
NGR.LN.6.Jul	0.247323215110637	0.0381324230588546	0.593991381332186	-0.0110236743272192	0.0094816226070494	-0.0121230779112023	0.00579877566767263	0.00510324084511309	0.00953081738358727	106	0.136572211603774	17	0.124316426470588	60	0.127347014166667
NGR.LN.23.Aug	0.112836407722787	0.351944496288915	0.198073676553012	-0.00941861516211474	0.00589742258871983	-0.003876850855387	0.00415332889641206	0.00987772066740754	0.0076057551132544	110	0.114277387318182	17	0.102135256764706	62	0.112384352903226
NGR.LN.1.Sep	0.306144538390193	0.228182796488623	0.352552514127619	-0.00724827391094633	0.00705320575513158	-0.00529477462042244	0.00437767989640674	0.00619445996810191	0.00662125859520603	110	0.0755167309454546	17	0.0647258758235294	62	0.073753862
NGR.LN.22.Aug	0.0201293557403709	0.139831587014193	0.122912432022528	-0.012993111360484	0.00551772490915744	-0.00564461518807838	0.00380498073779356	0.0111443457519441	0.0071415980599369	110	0.0950085261818182	17	0.0793859211764706	62	0.0913131236290323
NGR.LN.12.Aug	0.0423943797501371	0.192111820722965	0.222398539558423	-0.0110558989237917	0.00539012423062693	-0.00519990924496812	0.00397044574925249	0.00948764412472056	0.00771025370304048	110	0.128467935181818	17	0.114521772647059	62	0.126954916935484
NGR.LN.26.Aug	0.225449124601713	0.461090775549917	0.33461486294403	-0.00936224363314669	0.0076844844894228	-0.00357285476532448	0.00483629716965198	0.00856069336286997	0.0088145948241323	110	0.112316369272727	17	0.100930166470588	62	0.112501007903226
NGR.LN.3.Sep	0.703644935546901	0.986465600983005	0.927213279909617	0.00444163158299116	0.01164869691861	-0.00011636503551451	0.00684939855635838	-0.00108174042632357	0.0118012440016507	110	0.114566825409091	17	0.117338247352941	62	0.117075297306452
NGR.LN.14.Aug	0.164295751948422	0.155443496100704	0.509723787624666	-0.00710288213953913	0.00507645342557621	-0.00513023263673848	0.0035950875605476	0.00447086668244528	0.00674871441323128	110	0.0791619464090909	17	0.0700076994117647	62	0.0764826412903226
NGR.LN.20.Aug	0.00301623868761772	0.119497208986973	0.0544775826976837	-0.019457642729373	0.0064285685951082	-0.0067924891607072	0.00434050114520857	0.0156504935019396	0.00800936451740845	110	0.0911088076363636	17	0.0692131546470588	62	0.0866961850806452
NGR.LN.30.Aug	0.0303478001814385	0.664858930177149	0.0338087162343381	-0.0131148300396613	0.00598562115170764	-0.00170484932612329	0.0039283531917775	0.0156803660627301	0.00725091908223033	110	0.0728524620909091	17	0.0565824177058824	62	0.0736893187903226
NGR.LN.5.Sep	0.865117075069405	0.755492304483069	0.427293987281441	-0.00124196427580833	0.00729612041473493	0.00147639014604792	0.00473327119780759	0.00612760809965393	0.00767653886614113	110	0.0709170384363636	17	0.0664001891176471	62	0.0733102412419355
NGR.LN.16.Aug	0.730038958725532	0.241549891021882	0.664219214920586	-0.00478840535134212	0.0138446747313471	-0.0106327021054865	0.00904684153041094	-0.00695373001437124	0.0159546560086075	110	0.306294880454545	17	0.299659226470588	62	0.301889097580645
GLI.HN.6.Jul	0.17819254082874	0.975494617850947	0.16907305241549	-0.0095578533108907	0.00705717956046049	0.00013640954573357	0.00443396635933588	0.0124636945427486	0.00897472479768932	107	0.176114905364486	17	0.165704309	62	0.175500863596774
GLI.HN.23.Aug	0.00512209413009738	0.531177895268736	0.00901122259864814	-0.0150212112897954	0.00526831865313112	-0.00209445220099574	0.00333776793895296	0.0156304784357961	0.00583324231637948	109	0.234106001431193	17	0.216094686823529	65	0.2346912706
GLI.HN.1.Sep	0.176458707115836	0.982971146742402	0.129822880011499	-0.00811447613505996	0.00596791955345321	-8.13889991646859e-05	0.00380754158216019	0.0106260427046865	0.00693976729523883	109	0.182848827678899	17	0.172272218058824	65	0.183976761169231
GLI.HN.22.Aug	0.0083021885393514	0.497890729635985	0.0121911264627448	-0.0123062290896053	0.00458562338044333	-0.00197676880439011	0.00291010094251166	0.0124784628226193	0.00486076558707086	109	0.220924462412844	17	0.206564729588235	65	0.2206953886
GLI.HN.12.Aug	0.0115507707246716	0.445171527596939	0.0268771326275653	-0.0128051116268851	0.00499294296240421	-0.00232494386430819	0.0030380256718857	0.0128036558564503	0.00567417215640247	109	0.260359340587156	17	0.245181264470588	65	0.260762532492308
GLI.HN.26.Aug	0.914620871888422	0.892429638348804	0.723926986566122	-0.00107243549347962	0.00998206810138623	-0.000836101649843877	0.00617348257488483	0.00390192422568734	0.0110065784981768	109	0.285270132440367	17	0.280669920176471	65	0.286835080923077
GLI.HN.3.Sep	0.530060450365755	0.519865782170984	0.449693691414694	0.0070787202025213	0.0112409332318445	-0.00438856574697815	0.0068050218451564	-0.0086480334251424	0.0113819740006304	109	0.272118116733945	17	0.276801670058824	65	0.270682204169231
GLI.HN.14.Aug	0.0330212595918641	0.685062376906146	0.0608934699964216	-0.00917079820086346	0.00425259018876406	-0.00111073407369572	0.00273401836028527	0.00932241351060203	0.00490103161316601	109	0.19696420287156	17	0.186394909176471	65	0.197967722676923
GLI.HN.20.Aug	0.347011515405907	0.868348737004082	0.144147956809405	-0.00586761177310753	0.0062151825209067	0.000635251918179615	0.0038266240759194	0.00880702803213361	0.00596872533958158	109	0.203447406165138	17	0.196975552470588	65	0.205721201907692
GLI.HN.30.Aug	0.0232844498990732	0.252747010830178	0.109885163376423	-0.011466730136279	0.0049900813564712	-0.00354462592349767	0.00308867276239946	0.00946937203636725	0.00585474729429728	109	0.212043898284404	17	0.198359862941176	65	0.210429859446154
GLI.HN.5.Sep	0.542771124446664	0.256927831388375	0.867277496244178	-0.00327640460361124	0.00536802809611298	-0.00368175140119533	0.00323662502647484	0.00101472607838575	0.00605169396969113	109	0.185975574605505	17	0.181280081176471	65	0.183473856169231
GLI.HN.16.Aug	0.309008722312931	0.604265403357267	0.533081943216223	0.00772830760921098	0.0075649099770114	0.00268017871680345	0.00516162941349418	-0.00586402422903813	0.00936551826738518	109	0.375042413944954	17	0.382151435705882	65	0.381784832569231
GLI.LN.6.Jul	0.426772684340291	0.0826416279141517	0.825524120417173	-0.00503753461885027	0.00631679613616407	-0.00702641624806375	0.00402327825966441	0.00172356105493206	0.00779010966407871	106	0.168619755660377	17	0.162773294117647	60	0.163809759
GLI.LN.23.Aug	0.143427076285841	0.829180957366759	0.0863026914361255	-0.00549902690199552	0.00373416363731292	-0.00056558160338981	0.00261733726164321	0.00795312263372592	0.0045750129810901	110	0.214023079090909	17	0.206641735294118	62	0.214881155645161
GLI.LN.1.Sep	0.305300392776901	0.227889307146124	0.299286057237784	-0.0050894374468	0.00494379523807685	-0.00372600581606872	0.00307868183372004	0.00507229911141722	0.00485247314698528	110	0.180141727727273	17	0.172183120588235	62	0.179387766129032
GLI.LN.22.Aug	0.0372395841054524	0.367984967549654	0.0641048624559364	-0.00788347647967537	0.00374304795390475	-0.00231491088822622	0.00256442808001861	0.00888463028550432	0.00472697097809221	110	0.202995453636364	17	0.192866373529412	62	0.202191362096774
GLI.LN.12.Aug	0.0298756857859362	0.277524772719372	0.114708407240678	-0.00739404383953293	0.00336480598704047	-0.00263849553415899	0.00242185861784277	0.0074842211755553	0.00468880298909712	110	0.239889541818182	17	0.230358502941176	62	0.240200198387097
GLI.LN.26.Aug	0.413202768703375	0.989860569348141	0.273535218624325	-0.00568579099975494	0.00692477856108141	-5.47287810036172e-05	0.00430011762012179	0.00786830824334042	0.00713256119919792	110	0.264453419545455	17	0.256856705882353	62	0.267896408870968
GLI.LN.3.Sep	0.879093484004069	0.850598972490783	0.734766755686503	0.00124083831695475	0.00813996615578899	0.000882165041626885	0.00467628737934242	0.00257061777290655	0.00755907009029486	110	0.246988964545455	17	0.246130402941176	62	0.250192191129032
GLI.LN.14.Aug	0.114995450578009	0.181016643058104	0.33242144364143	-0.00511086504120781	0.00321951047695187	-0.00308641614699539	0.00229773898648961	0.00422866310022845	0.00433424429499371	110	0.178991617727273	17	0.172403738235294	62	0.177869060483871
GLI.LN.20.Aug	0.000845723433125478	0.113116650083101	0.0135944411343033	-0.014299858036822	0.0041784408102608	-0.00443340920005545	0.00278356630275186	0.0126387624612533	0.00499895358702251	110	0.187502422727273	17	0.171208167647059	62	0.184777897580645
GLI.LN.30.Aug	0.0204385402351881	0.918544534275566	0.0120146823085118	-0.00920937296602252	0.0039207840905072	-0.000257794337136091	0.0025169799657236	0.011946597014548	0.00463908673621147	110	0.192729695454545	17	0.181358217647059	62	0.194212741935484
GLI.LN.5.Sep	0.867389807620338	0.619435027726384	0.395538268359385	0.000777928494129007	0.00464915132093066	0.00143084806302767	0.00287561732295981	0.00379203132897459	0.00443726952024367	110	0.169651442727273	17	0.16804375	62	0.171989579032258
GLI.LN.16.Aug	0.272292420954365	0.412512933489366	0.564837212905129	-0.00690662461376057	0.00626290953051162	-0.00324827176270146	0.00395390586922091	0.00379632497149779	0.00656496323633549	110	0.367509605454545	17	0.358217138235294	62	0.369205226612903
MGR.HN.6.Jul	0.106443795445703	0.903578022616109	0.0987042668646224	-0.0258980659546589	0.015920513849635	0.00121153085067915	0.00998540126908676	0.0324431026322784	0.0194012130017744	107	0.265708849626168	17	0.238169160705882	62	0.264812846822581
MGR.HN.23.Aug	0.00311853708821127	0.114510139468341	0.0310246509584641	-0.0481335675340573	0.0159573580490185	-0.0162513313881002	0.0102439367106031	0.0400753871831111	0.0182405902434621	109	0.298628939623853	17	0.241109436294118	65	0.289251310123077
MGR.HN.1.Sep	0.2017375945549	0.416336648143798	0.33118411839028	-0.0209842730678582	0.0163480907515046	-0.00852556048257887	0.0104634484566705	0.0185946123047819	0.0190147570503184	109	0.179449239880734	17	0.152209898941176	65	0.173800969738462
MGR.HN.22.Aug	0.00726841738504445	0.0855981305835447	0.05659101743766	-0.0360554024746296	0.0132045559318484	-0.0142427878429863	0.00823660209804961	0.0278105565988359	0.0143681157329824	109	0.250870825651376	17	0.208530833235294	65	0.240654790323077
MGR.HN.12.Aug	0.0061202378802266	0.0756714157989005	0.0781873772769153	-0.04083813423368	0.0146357788534453	-0.016147186514265	0.00903409769304265	0.0304183505739533	0.0170403782645047	109	0.325565079293578	17	0.278214502823529	65	0.315999110507692
MGR.HN.26.Aug	0.510385859971018	0.264998916347957	0.740652257294596	-0.0157502688239862	0.0238571278938867	-0.0160397755155159	0.0143421833881841	0.00849765300781834	0.0255810967344825	109	0.291922131807339	17	0.267485090823529	65	0.280920657384615
MGR.HN.3.Sep	0.531535771217228	0.4274997937365	0.392308002696737	0.0214139640539917	0.034127658783208	-0.0161023336272262	0.0202444629944091	-0.027583366328964	0.0320634179772013	109	0.336911038678899	17	0.350676760470588	65	0.326616078892308
MGR.HN.14.Aug	0.0162471036091417	0.52804339641898	0.0601143058717033	-0.031538495570331	0.0129393163113996	-0.0052885945377115	0.00836401911990612	0.0294120768752343	0.0154148314249225	109	0.224059615733945	17	0.188220304294118	65	0.224849695046154
MGR.HN.20.Aug	0.159723433211034	0.637531742444907	0.136503538944043	-0.0261116909952159	0.0184573480172353	-0.00541096550628908	0.0114637767422155	0.0268120192544605	0.017819366284665	109	0.247026369366972	17	0.219474271117647	65	0.245078153923077
MGR.HN.30.Aug	0.0316413140764924	0.0912179543542438	0.246599541889362	-0.0329874686040912	0.0151726628631218	-0.0160976762107461	0.00947652838016913	0.0209208918620013	0.0179189503418337	109	0.207497390275229	17	0.168068690294118	65	0.197350559569231
MGR.HN.5.Sep	0.474022944413232	0.252071905535687	0.879717754899229	-0.0126477675269083	0.0176105494879232	-0.0123115199774661	0.0107125456823925	0.00314761620018561	0.0207311223904919	109	0.204595853119266	17	0.187587130941176	65	0.194964716092308
MGR.HN.16.Aug	0.649508034605331	0.609710973949792	0.419453531585501	0.0147389143192373	0.0323519292885698	-0.0101728920261478	0.0198907081421393	-0.0259333453411737	0.0319485635062794	109	0.736629768807339	17	0.745020406941176	65	0.730953679569231
MGR.LN.6.Jul	0.21372058586919	0.0343460391731982	0.574796411510369	-0.0207864399103533	0.0166272386977931	-0.0217552276286297	0.0101939456627969	0.00944335797885713	0.0167562518491206	106	0.254106437735849	17	0.231102752941176	60	0.237490505
MGR.LN.23.Aug	0.114374428699368	0.356915429314858	0.199998481772525	-0.0186084233458669	0.0117018293229323	-0.0076082163593546	0.00823564774582913	0.0195128796219859	0.0150899864004222	110	0.227412724090909	17	0.203447389411765	62	0.22366884516129
MGR.LN.1.Sep	0.306549265815344	0.229431539818415	0.352587574403247	-0.0144453041876587	0.0140683644409064	-0.0105316117827217	0.00873095165356961	0.0123573793311183	0.0132097709433829	110	0.150760146672727	17	0.129253811117647	62	0.147257723145161
MGR.LN.22.Aug	0.0201570687037648	0.141407218384312	0.122990764492175	-0.0258834677676407	0.0109943123557113	-0.0112016939490407	0.00758117645922237	0.0222085899933326	0.014234890059598	110	0.189575397181818	17	0.158472473235294	62	0.182224271774194
MGR.LN.12.Aug	0.0426496933672774	0.194233773150879	0.223873610094204	-0.0219584007431838	0.0107189084470284	-0.010295599049675	0.00789905891673583	0.018822504600716	0.0153456709686849	110	0.256065571818182	17	0.228389405882353	62	0.253053986290323
MGR.LN.26.Aug	0.226516798030818	0.469452797452312	0.335160707796804	-0.0185476495652426	0.0152590917467735	-0.00696478193150588	0.00960629576816141	0.0170057362362628	0.0175300210008153	110	0.223611909545455	17	0.201102135588235	62	0.224065453709677
MGR.LN.3.Sep	0.702275556685965	0.991163618197215	0.926515760649742	0.00888692537922732	0.0231943937291855	-0.000151295770945815	0.0136405939782837	-0.00217638346226428	0.023517231976373	110	0.228421932772727	17	0.234045301176471	62	0.233500299354839
MGR.LN.14.Aug	0.164635630561017	0.156915264731924	0.510325539132934	-0.0141147870079434	0.0100960773472264	-0.0101628159866226	0.00714726363269615	0.00887404779267143	0.0134143793439593	110	0.157769513181818	17	0.139594603235294	62	0.152448496774194
MGR.LN.20.Aug	0.00296885190160601	0.121512008288767	0.0539485599972015	-0.0387472820832422	0.0127798924638574	-0.013428170839915	0.00862785030175126	0.0312012254476463	0.0159317415754185	110	0.181552558409091	17	0.137978483235294	62	0.172816291532258
MGR.LN.30.Aug	0.0302790887185029	0.668597553092993	0.0337747316682065	-0.0261582088238579	0.0119335808301448	-0.00335820884033823	0.00783104457676882	0.0312853655727189	0.014464140454449	110	0.145401222590909	17	0.112963657235294	62	0.147089303064516
MGR.LN.5.Sep	0.868613284075972	0.750866027816879	0.42886204104111	-0.00240383574216715	0.0145011340963713	0.00299030357033418	0.0094028375343918	0.0121351562962245	0.0152545872148668	110	0.141260157272727	17	0.132364529117647	62	0.146056183403226
MGR.LN.16.Aug	0.739321881128381	0.244553876153178	0.656539468594703	-0.00917936604580604	0.0275235129220016	-0.0210028886954368	0.0179850763332856	-0.0141714495273524	0.031738912893628	110	0.609993551818182	17	0.59724295	62	0.601211669354839
VARI.HN.6.Jul	0.118108849235863	0.892851739397698	0.102665495673087	-0.0234716291656828	0.0149107144842313	0.00125987569364828	0.00933892529878006	0.0296063695031078	0.0179158823458056	107	0.225567633551402	17	0.200295462764706	62	0.22508614383871
VARI.HN.23.Aug	0.00282392291534002	0.0928293120169582	0.0368356213247087	-0.0436048604918386	0.0143030238702567	-0.015682191037723	0.00927818878539442	0.0351231735808524	0.0165322858722173	109	0.260254871752294	17	0.207962944529412	65	0.250051539861538
VARI.HN.1.Sep	0.201147246257825	0.422749235770671	0.334150678444294	-0.0192586239140989	0.0149839286176733	-0.00769910045655907	0.00958060436119691	0.0168383156765891	0.0173254100260079	109	0.159531649587156	17	0.134590665647059	65	0.153997879215385
VARI.HN.22.Aug	0.00717297571270645	0.0713121695710685	0.0644524343184231	-0.0326222567795994	0.0119270224069604	-0.0135317263621405	0.00745590309918578	0.0243942874725915	0.0130037177131593	109	0.222883683220183	17	0.184515412058824	65	0.212421956353846
VARI.HN.12.Aug	0.0053805124041438	0.0576125463766051	0.0916482323092779	-0.0368753476963631	0.0130095610079758	-0.0155650670284098	0.00814219377635405	0.0261854831313412	0.0153302617875555	109	0.287588339788991	17	0.244850345764706	65	0.277339072938462
VARI.HN.26.Aug	0.505183395187063	0.20593966659297	0.79712295671212	-0.0139963559227077	0.0209416674950712	-0.0158107690280592	0.0124524375464007	0.00567844470076421	0.0220125525485475	109	0.25055701546789	17	0.228943427294118	65	0.2383311302
VARI.HN.3.Sep	0.5265086698759	0.424262864852899	0.378531819791845	0.0204764097771076	0.0322370441506809	-0.0152866077922011	0.0190846741103179	-0.0265104352788882	0.0299312991769275	109	0.307132468284404	17	0.320440191235294	65	0.296376148138462
VARI.HN.14.Aug	0.0142363358279262	0.560816398887364	0.0591557541861403	-0.0286894146847102	0.011534673711615	-0.00441111989127855	0.00756906491234702	0.0267877679930343	0.0139855351009329	109	0.195906753247706	17	0.163381161647059	65	0.196592014523077
VARI.HN.20.Aug	0.150193709507781	0.614309903348056	0.130522972259015	-0.0247397107012351	0.0170850321019531	-0.0053828366752694	0.0106618890792041	0.0248447690896002	0.0162559225805637	109	0.219771175155963	17	0.193802792529412	65	0.217039122769231
VARI.HN.30.Aug	0.0305478455894268	0.084196248021238	0.260511598361045	-0.0298450287510633	0.0136367157267974	-0.0148451905759599	0.00854609469954009	0.0183230487392739	0.0161646891181518	109	0.182776487119266	17	0.147160102647059	65	0.172854144846154
VARI.HN.5.Sep	0.465809221823344	0.273673266315911	0.881055694747828	-0.0119976916361554	0.0163985851325951	-0.0110248274549894	0.0100388708853705	0.00295116734614061	0.0196575916577691	109	0.182311961972477	17	0.166343713411765	65	0.173164457092308
VARI.HN.16.Aug	0.676097390583851	0.529374040774111	0.390287992534755	0.0140972773194529	0.0336603070383191	-0.0130013068912522	0.0206283953650982	-0.0282711030201199	0.032722335869335	109	0.704893312284404	17	0.712596829823529	65	0.694141371153846
VARI.LN.6.Jul	0.176421250487269	0.0263853045072559	0.509416856885033	-0.022296564168491	0.0163944791765948	-0.0224216796130481	0.010004655910188	0.0100796903260269	0.0152020451996964	106	0.216717812735849	17	0.192054758235294	60	0.199503393333333
VARI.LN.23.Aug	0.162122979194363	0.377217728758673	0.285360663630029	-0.0151095026466072	0.0107427582464958	-0.00669970618012637	0.0075669284091624	0.0150100589645846	0.0139480539948722	110	0.191338607681818	17	0.171931614411765	62	0.187198135887097
VARI.LN.1.Sep	0.318363169240514	0.248564883881822	0.379628920562257	-0.0129140320368967	0.0128892270788839	-0.00924559234461719	0.00798490756800551	0.0106050509799179	0.0119984251789076	110	0.131497802009091	17	0.112500633235294	62	0.128126688629032
VARI.LN.22.Aug	0.0252343912547042	0.15176647417538	0.154416922332829	-0.0227089919324906	0.0100230606451179	-0.00999611041725266	0.00694220531074283	0.0187052274959562	0.0130003631826879	110	0.1638147725	17	0.136905890588235	62	0.156520902177419
VARI.LN.12.Aug	0.0648102383648064	0.222024144855801	0.303503438092029	-0.0183161633583339	0.00982942247765547	-0.00906293279958916	0.00739387609868845	0.0148824186949999	0.0143631040734481	110	0.219284780454545	17	0.196242532352941	62	0.215847864516129
VARI.LN.26.Aug	0.25905883942887	0.519213767784904	0.400686370850584	-0.0148800771767828	0.0131228949440791	-0.00542203341206004	0.00839420026359455	0.0130628004507765	0.015454046621136	110	0.184565020636364	17	0.167025490588235	62	0.184481014677419
VARI.LN.3.Sep	0.638338908113694	0.99387772250046	0.84760304810185	0.0100756076084693	0.0213828360072165	9.74702121224055e-05	0.0126836580334336	-0.00431475565898661	0.0223733828791004	110	0.200170295772727	17	0.207987915588235	62	0.204199386370968
VARI.LN.14.Aug	0.198912201220954	0.205939313844673	0.55273785389482	-0.0116315312520906	0.00900501403599363	-0.00815490359578011	0.00642243602517612	0.00714839183096558	0.0119861947847208	110	0.132650515	17	0.117695217941176	62	0.128047595564516
VARI.LN.20.Aug	0.00405020222198225	0.151561226379138	0.0692629907588811	-0.0343816998693779	0.0117353985243958	-0.0115522100616739	0.00801885512719095	0.0274076379026005	0.0148673412853706	110	0.155536846090909	17	0.117165141176471	62	0.147568871370968
VARI.LN.30.Aug	0.0318380953321068	0.657908239012874	0.0420411559411793	-0.0229481956856167	0.0105684973097292	-0.0031107014479729	0.00701245100934845	0.026828790145517	0.0129671671374709	110	0.124265737090909	17	0.0960185306470588	62	0.125162004032258
VARI.LN.5.Sep	0.873297228462953	0.744155972129386	0.488663490973354	-0.00212390912738658	0.0132904465820986	0.00285622480438546	0.0087374136049567	0.0101215332529636	0.0145442589514194	110	0.121510249790909	17	0.113776641470588	62	0.125269796467742
VARI.LN.16.Aug	0.862674026434674	0.275562113427408	0.575006711213476	-0.00498721818526521	0.0287718501583152	-0.0206673535507409	0.018892799382376	-0.0189306028651939	0.033613054191065	110	0.562026454545455	17	0.554679491176471	62	0.551418379032258
VEG.HN.6.Jul	0.08960835834894	0.663945292205799	0.0436683717181655	-0.0593930462679494	0.0347039052375223	0.0100447446105812	0.0230775224851858	0.0889973545762323	0.0433626921721445	107	1.69827609363551	17	1.61961262176471	62	1.70966814240323
VEG.HN.23.Aug	0.727165307466182	0.373214915055385	0.894705673131243	-0.0402531406557919	0.115104797054165	-0.0667038138586551	0.074710093133718	-0.0186061946751246	0.140117169735537	109	3.66870875726606	17	3.58204927235294	65	3.57560846535385
VEG.HN.1.Sep	0.400024162227392	0.925059314779191	0.377811003605742	-0.128743972293042	0.152439381130364	0.00923484553638119	0.0980310937179147	0.149785779788377	0.16885716983842	109	3.92273538611009	17	3.75267060858824	65	3.87811199087692
VEG.HN.22.Aug	0.768945319834656	0.316819061372446	0.837482884700561	-0.0368101624503539	0.125028163704152	-0.0814808163258164	0.0811570471702675	-0.032258750489345	0.156740818889818	109	4.37124955624771	17	4.30057895964706	65	4.23482212847692
VEG.HN.12.Aug	0.651494471322623	0.357197326952871	0.399672400957919	0.064257905272467	0.14190834554136	-0.0853355845109941	0.0924303474599056	-0.147860633937867	0.174589304880261	109	4.68355728183486	17	4.71665987223529	65	4.55732079036923
VEG.HN.26.Aug	0.293692354446713	0.323959414080712	0.120827181157578	0.197448430771183	0.187219196201039	-0.108521858271076	0.109702134512153	-0.304452066542935	0.194083853379535	109	4.54111026252294	17	4.70338225611765	65	4.38514874558462
VEG.HN.3.Sep	0.357265392405939	0.342027667028541	0.135825130812736	0.201015068115576	0.217521573561661	-0.123701750354514	0.129823105374256	-0.320089645340242	0.212359270265504	109	5.58847552616514	17	5.741484493	65	5.43432044338462
VEG.HN.14.Aug	0.888931707452951	0.726759337307582	0.705830307086525	0.0181365354331559	0.129592402463399	-0.0289589452702514	0.0827350585785633	-0.061670447021169	0.162776552110782	109	3.52612065166972	17	3.52949271335294	65	3.47901789346154
VEG.HN.20.Aug	0.737218072858442	0.6197199625782	0.608678746764308	0.0446253451692672	0.13269028424913	-0.0440351524500967	0.0885727866420216	-0.0814886812624068	0.158518244195423	109	3.78405316719266	17	3.82393557176471	65	3.72238986247692
VEG.HN.30.Aug	0.248374467186726	0.231505095684359	0.870992202247445	-0.157913508407283	0.136144461755886	-0.108994915547303	0.0907677978082171	0.0282062368505899	0.173107644836255	109	4.22257449904587	17	4.03092929176471	65	4.0784661334
VEG.HN.5.Sep	0.471091401133257	0.473161139372883	0.956116705525352	-0.0854892986964824	0.118246811528316	-0.0564680390702003	0.0785417526819353	0.00829429446046235	0.1502404433609	109	3.54471743015596	17	3.44414235276471	65	3.45481389343077
VEG.HN.16.Aug	0.03690413618126	0.199891280390716	0.00296140316117904	0.626567040284341	0.296928442901042	-0.231472250814038	0.179868999404847	-0.962045907925758	0.313428855159304	109	7.99264202573394	17	8.651703895	65	7.60727803696923
VEG.LN.6.Jul	0.225055089365009	0.290841524280669	0.301005896854823	-0.0478720084676485	0.0392527685012071	-0.0284427364164627	0.0268388715941141	0.0464545064764764	0.044592094940191	106	1.66780317924528	17	1.60393394117647	60	1.65784106666667
VEG.LN.23.Aug	0.119573108672918	0.716938169259887	0.194222786210283	0.205725678879409	0.131239112216685	0.028787579655054	0.0792677960621709	-0.207581775275804	0.158450336292548	110	3.12153411818182	17	3.33930044117647	62	3.08888456451613
VEG.LN.1.Sep	0.582258914639016	0.872758033525537	0.43220674746457	0.0894259352068604	0.162132840817317	-0.0158498309311786	0.098812987607389	-0.138240219155424	0.175046679363592	110	3.65486600909091	17	3.74599326470588	62	3.59425124193548
VEG.LN.22.Aug	0.31935449279387	0.872493508873267	0.261739717539297	0.142025038754681	0.1420441022907	-0.0141430781039274	0.0879880263699337	-0.190874694172168	0.168777888044725	110	3.66700936363636	17	3.83466526470588	62	3.57367442741936
VEG.LN.12.Aug	0.0960041170529945	0.973076169082037	0.120552816486353	0.266762709021661	0.159023558711064	0.00330841954658421	0.0978792112824144	-0.30024912100943	0.191174131048936	110	3.91038569545455	17	4.18693461764706	62	3.85684943548387
VEG.LN.26.Aug	0.0834760734621699	0.445712148451869	0.152675723105919	0.266202886249895	0.152538394385311	0.0756980986631672	0.0990304159150299	-0.262814031267267	0.181876614884935	110	3.90049074090909	17	4.21640638235294	62	3.91400443548387
VEG.LN.3.Sep	0.116081828555488	0.824775817676207	0.159097735184728	0.310105264743898	0.195935950132024	0.0271787797045581	0.122562387129718	-0.34273036554967	0.240943901380565	110	4.56677828636364	17	4.933276	62	4.53144311290323
VEG.LN.14.Aug	0.109400436440699	0.764998885197524	0.128269340354913	0.20407644474147	0.126545816964363	0.0226275335571482	0.0755735239918715	-0.22148916950031	0.143994117946201	110	2.90835978181818	17	3.11908605882353	62	2.87798002419355
VEG.LN.20.Aug	0.650125794543727	0.965921063061178	0.839277713338759	-0.0556831378899279	0.122458515677281	0.00347923450070217	0.0813119331509736	0.0324029634261084	0.159203105799931	110	3.15142882272727	17	3.09314694117647	62	3.11057905645161
VEG.LN.30.Aug	0.775075474446452	0.8972579383286	0.678824325801398	0.0346726759014247	0.121073727128297	0.010733465207913	0.0829975368648915	-0.0663441554909645	0.159591897226925	110	3.50363943181818	17	3.5519185	62	3.45608322580645
VEG.LN.5.Sep	0.260639073452171	0.941331230035167	0.221396968813201	0.161932298979129	0.143286632656256	0.00653008530114263	0.0885944157022272	-0.213939158336147	0.173480196677863	110	3.03458035454545	17	3.21603888235294	62	2.98271938709677
VEG.LN.16.Aug	0.0836856994682245	0.645046850748219	0.0350752405430302	0.532598208917782	0.305396733789046	-0.0830583204425251	0.179978167058381	-0.750908694794248	0.349758703361212	110	6.78833743181818	17	7.39790147058824	62	6.57052727419355
Woebbecke.HN.6.Jul	0.111095157811654	0.712237517774021	0.260116743596689	0.374900371568794	0.233550217328588	0.0541483197046505	0.146547925728744	-0.328529821703702	0.289501626038021	107	3.83688822234579	17	4.14583344517647	62	3.95081114132258
Woebbecke.HN.23.Aug	0.00231966978006917	0.398898312643229	0.00839209370607925	3.10853187065145	0.998923221544113	0.446772718974958	0.528267720127738	-2.96013314844411	1.09408899048996	109	10.645733683789	17	14.0045640231176	65	10.7478018100462
Woebbecke.HN.1.Sep	0.211635128543938	0.450561396337941	0.3592675064556	1.92016163106861	1.52912601109842	0.683065719118491	0.903245767014708	-1.63542229102618	1.77325357253569	109	17.9880364722936	17	20.3319716929412	65	18.1751402695385
Woebbecke.HN.22.Aug	0.00426054363336949	0.288152681414132	0.0218741638222475	3.5291250214702	1.21138008025702	0.663458956992367	0.62265188619157	-3.15645146489891	1.34889337463474	109	15.2021669315596	17	19.0358965047059	65	15.441793178
Woebbecke.HN.12.Aug	0.00353626440737235	0.335295734170112	0.0247926009104284	3.55760141106296	1.19576529665461	0.604491487387844	0.625600430458513	-3.09457420394688	1.35165706603309	109	13.3103031220642	17	17.0653631205882	65	13.532122133
Woebbecke.HN.26.Aug	0.0134782772035839	0.482131549148428	0.0391249449745332	3.33139876228869	1.32848984722086	0.52139254507872	0.740157148687457	-3.15546426300299	1.5035595534548	109	19.6569571143119	17	23.2893327164706	65	19.6425042566154
Woebbecke.HN.3.Sep	0.964117313667982	0.989814516279886	0.750526836839572	-0.0657323011685958	1.4581035306584	0.0111164552681772	0.869501594199698	-0.453809344312091	1.42222537325799	109	20.2618661027523	17	20.5107554823529	65	19.6579724515385
Woebbecke.HN.14.Aug	0.00592903920335379	0.80559757214042	0.013575508329563	3.63051301669477	1.29604361049787	0.167093175598963	0.677874216431678	-3.62795551113277	1.43601526225252	109	12.2693507426972	17	16.0795207284118	65	11.9726868744154
Woebbecke.HN.20.Aug	0.0134710931803719	0.855757634480216	0.0215822906446797	2.95809769302795	1.17953210585909	0.115899740357094	0.636618859483216	-3.08171025248665	1.31393186101305	109	12.6189925907706	17	15.6223749175294	65	12.3925494366
Woebbecke.HN.30.Aug	0.0978870275796962	0.698496175229595	0.137811969641136	2.60445454825613	1.56135479493226	0.348385583376032	0.897875477161898	-2.55960801610858	1.70688164104457	109	18.9626029263303	17	22.0060489964706	65	18.6153483195385
Woebbecke.HN.5.Sep	0.862120881212898	0.920318529683885	0.609293420273176	0.223136983336	1.28206422864981	-0.0759764200586526	0.758383452769921	-0.687213424607451	1.33912267508873	109	15.4581569451927	17	16.0482522334706	65	14.8794071133538
Woebbecke.HN.16.Aug	0.847396902415933	0.592137574905619	0.453910771030131	0.18292588477916	0.948521711688597	-0.28694006647836	0.534575443691934	-0.694472739783153	0.922612410142358	109	10.5010782250275	17	11.0581477613529	65	9.81271730653846
Woebbecke.LN.6.Jul	0.148269736331975	0.00945447306389097	0.691546330105585	0.355069702936678	0.244001019726539	0.376345865237843	0.143277459187049	-0.0993968668591465	0.249517429208222	106	3.87357969811321	17	4.20723470588235	60	4.2405391
Woebbecke.LN.23.Aug	0.00352757379291039	0.260871716256717	0.0222594197667426	2.35172523044333	0.79036560472657	0.498532688710257	0.441900050929334	-2.36574226005086	1.01317718455591	110	11.7249027727273	17	14.3510288529412	62	11.8083065564516
Woebbecke.LN.1.Sep	0.241265081458171	0.634573909524061	0.124132842253125	1.83510784672734	1.558401773219	0.425281267078003	0.893124508966183	-2.3944194665623	1.53948719821868	110	19.4990766727273	17	22.1361293235294	62	19.0296512258065
Woebbecke.LN.22.Aug	0.000216018255738184	0.222008793082474	0.00508603656184438	4.09345242285001	1.07329674094944	0.684749914489338	0.558625695164142	-4.00450350380247	1.38676473415159	110	16.3710714454545	17	20.9384585882353	62	16.4355918467742
Woebbecke.LN.12.Aug	0.00183955573741658	0.184850854705241	0.0183064397245691	3.04339910411232	0.955632824564446	0.70806142854782	0.531791483556624	-2.8928268124073	1.19893583366849	110	14.4067124136364	17	17.7763465882353	62	14.5019433790323
Woebbecke.LN.26.Aug	0.00135337263023408	0.151195162759143	0.0126552550013786	3.71096566971718	1.13139547074023	0.828116771642791	0.574311847830168	-3.50681892920752	1.37224043395426	110	19.7505175909091	17	23.9470173529412	62	19.7843240322581
Woebbecke.LN.3.Sep	0.409749406120313	0.745150347733216	0.080568331733912	1.08780603961242	1.31507600096788	-0.246728396615864	0.757813836713702	-2.09820982736204	1.18432031613018	110	22.3866118136364	17	23.9954552941176	62	21.4011117741935
Woebbecke.LN.14.Aug	0.00533653378710013	0.0807176687632338	0.0791099411374107	3.10786414603066	1.0955328743603	1.10705342405866	0.630012933906636	-2.47118137935798	1.38796740797948	110	13.7367664045455	17	17.1507634705882	62	14.2333209032258
Woebbecke.LN.20.Aug	0.000256243198908947	0.160985784043252	0.00999426554255184	3.503958266773	0.930305389563764	0.734461416628542	0.521629404124211	-3.13104778927684	1.18415236622839	110	13.6518651727273	17	17.4209963823529	62	13.8431357177419
Woebbecke.LN.30.Aug	0.0231118053488361	0.956310008769324	0.00888924954876233	3.09765285016916	1.34645037784782	-0.0432739742718554	0.788706809572825	-4.23083018378835	1.5743306887985	110	20.0099690045455	17	23.9382047058824	62	19.1001253225806
Woebbecke.LN.5.Sep	0.270568161740713	0.478683857867466	0.0252526472615218	1.26194161273099	1.14019568360925	-0.47965799913328	0.675558485145776	-2.70242122367087	1.1832897504441	110	16.5336178636364	17	18.5029834705882	62	15.419261766129
Woebbecke.LN.16.Aug	0.412257270977506	0.494719281614641	0.544156925961107	0.582372940068579	0.707839875754057	0.2994023285056	0.437515589643904	-0.463165538483686	0.760094057090223	110	10.8189414136364	17	11.6154070882353	62	10.4733227822581
