trait	p12	p13	p23	eff12	std12	eff13	std13	eff23	std23	Nhap1	hap1	Nhap2	hap2	Nhap3	hap3
HN.B	0.37596188572272	0.196293358590208	0.84128560986638	-0.729770487414508	0.821520081745947	-0.944187172987957	0.727280128981215	0.134120991408215	0.668270216251097	83	17.8439172884337	56	15.8877545932143	65	16.3578602473846
HN.Ca	0.965991087512706	0.71617281249913	0.275593908350033	0.000563650507841066	0.0131963622498137	-0.00406043591751801	0.0111469162739055	-0.0121027377836213	0.0110516862109311	86	0.407715570662791	60	0.4168882073	69	0.411017633014493
HN.CHL	0.0100260351761157	0.582281360347638	0.124822898188806	-17.1507486149987	6.57188758058095	3.41517967608591	6.19549575299042	8.96692476249772	5.80395619090209	86	400.153277717442	62	393.299793556452	71	406.748799139437
HN.Cu	0.5745086720157	0.534798636877065	0.918923622428681	0.262748246044217	0.466896836030291	0.23598471722573	0.379309380454629	-0.0345871727299968	0.339093497569178	85	11.4392441926706	59	11.4277847996102	69	11.6210863808116
HN.DW	0.213385571482011	0.264724480932663	0.234033184575751	0.321138974135701	0.256894474578353	0.244710356199043	0.218581638245264	-0.259881179830832	0.217291103903871	85	6.89206492628235	58	7.8080226327069	68	7.35285916163235
HN.Fe	0.977930650148973	0.463938100344377	0.984739892972516	0.0323791171076616	1.16840915871682	0.760450710543153	1.03572530237712	-0.0211616445006403	1.10422323820625	86	101.307334919651	61	100.970962953934	72	102.013342398611
HN.FW	0.13334491388734	0.161436754990884	0.293915091492963	1.98585241490648	1.31501263108445	1.58256736337067	1.12442899956492	-1.25348839411924	1.18909978207135	82	29.007269699878	58	33.926682052931	68	31.6849346464706
HN.K	0.397668179422559	0.780732315736004	0.509676303138082	-0.0351434143304767	0.0414262490597771	0.0103242866106308	0.0370237943937496	0.0219552197120293	0.0332061363733881	86	2.31941736956977	62	2.31195578998387	72	2.31482164854167
HN.LA	0.181760835577526	0.733763522571181	0.227987802127096	52.7126380597585	39.282595113377	11.3687330303736	33.3644120317714	-41.3244465678811	34.1152685801609	86	1189.35080615814	62	1311.15373344194	72	1238.89037018194
HN.Mg	0.115995520094083	0.20392870087662	0.844396587562862	0.0110646390740572	0.00699642807953679	0.00888512158154152	0.00696327529935907	0.00130095375256248	0.00661475281670531	85	0.200677835741176	62	0.210502297403226	70	0.206878416385714
HN.Mn	0.72910845887451	0.549742258649147	0.227242075626117	1.26036355982946	3.63130947547716	1.96141959953263	3.27092123822532	-3.94264496247252	3.24754523780138	76	71.9656977802632	55	75.3995701710909	64	73.6831458353125
HN.N	0.119050850980405	0.643517284608327	0.615535398829976	-0.0324904842913408	0.0207178011121209	-0.00838983687606391	0.0180930020112678	0.00910651189262312	0.0180893514996577	86	2.83146810695349	61	2.79265541177049	72	2.81708363061111
HN.P	0.388047659837208	0.858313620644374	0.16435725102877	-0.0044199788225141	0.00510494430005359	-0.000773612871172431	0.00432610049065613	0.00579198314781579	0.00414151683464388	85	0.301979247576471	62	0.291505584935484	72	0.298101537944444
HN.S	0.102243570666691	0.693054353879288	0.755093066490324	-0.00404049232615336	0.00245656024015112	-0.000849339697789092	0.0021477264661914	0.000626456226133504	0.00200398293680005	86	0.185904077744186	60	0.181855876766667	72	0.184430973347222
HN.Zn	0.391993546651884	0.2049804075185	0.511396462543943	-1.04884097672932	1.22112441085029	-1.44618070164021	1.13578089809927	-0.677401501706926	1.02834230884494	81	29.011272404321	52	27.0304929025	67	26.4260075670149
LN.B	0.151315560706251	0.466758806930502	0.351205016703708	-0.650572422174263	0.450842453084762	-0.312174626048511	0.427804231460164	0.363484124049252	0.388354073511148	83	15.1074675273494	58	13.9950869641379	65	14.5326416906154
LN.Ca	0.86088079970499	0.341645626254501	0.865447913410945	0.00218654106386474	0.0124528605258521	0.0118453896761853	0.012416716821554	0.00220974806014811	0.0130139775069155	83	0.326030657024096	58	0.328727004948276	70	0.339028069885714
LN.CHL	0.0973785750472108	0.967303878572309	0.137336113097373	-10.9230218800334	6.54485510277227	0.229855480478514	5.59830877688724	7.28972939279188	4.87483920671863	85	285.449479582353	59	272.108707767797	71	285.714945574648
LN.Cu	0.937893180940524	0.70804468596758	0.445681531403833	0.0232492301234032	0.297775635676915	0.0975919892462869	0.260015136380388	0.205006500728361	0.267856318222229	72	6.81782973309722	57	6.48758256384211	59	6.82521182069492
LN.DW	0.387160730423102	0.727237342398608	0.441947903635709	0.164037598010879	0.189082614296659	0.0552612854017488	0.158127206782159	-0.123994341711314	0.160751280519555	81	5.73428011180247	61	6.19673336665574	70	5.96644161895714
LN.Fe	0.37537852247643	0.451485592756464	0.611501240001012	-1.07220281393673	1.20575306218718	-0.824496892214262	1.09217656136518	0.550277993266831	1.0806886694721	85	75.976836664	62	73.6868547803226	70	75.2840433037143
LN.FW	0.280241815241708	0.402103608690688	0.547088856449314	0.928303953697908	0.85634533275975	0.619540580881666	0.737311745275517	-0.465863886875675	0.771604806735324	83	23.0865381525301	60	25.5607765601667	71	24.332357695493
LN.K	0.522963360079592	0.650215321856005	0.364773670715658	-0.0261823179588369	0.0408868753704471	0.0167773790047776	0.0369250069323094	0.0321169591859711	0.0353111409858794	86	2.2076369695814	62	2.2323266018871	71	2.21032984459155
LN.LA	0.425857315978121	0.920045419695702	0.388305359510699	24.3954464843851	30.5465932050426	-2.69879942274159	26.8412346047812	-23.4768659422389	27.1207144092819	83	1049.6193888	62	1122.50241330484	71	1074.82233824225
LN.Mg	0.41260427848773	0.0287168787882245	0.297492203233584	0.00526975979537612	0.00641281909126926	0.0140306473053011	0.00635221174609468	0.00662556016494292	0.00633345571940553	84	0.151217330666667	62	0.155282730064516	70	0.160038939828571
LN.Mn	0.176963723227382	0.10851587002097	0.827602169118277	3.86111086799871	2.84332696903597	5.93373050104758	3.67081740879653	0.833634867034949	3.81889205678699	71	53.6870963756338	57	55.0207917535088	59	57.7980352769492
LN.N	0.115157895585209	0.947421542820276	0.0544117649400257	-0.0461685333268746	0.0291218714319851	0.00171477563649848	0.0259587056531132	0.0482313936707026	0.0248347409079268	84	2.02885999040476	60	1.95397795551667	68	2.02138169820588
LN.P	0.620998909403043	0.654221647942143	0.137530125676343	-0.00247314958048401	0.00499101611759101	0.00201216594839242	0.00448334794416611	0.00690753309799922	0.00462179069979708	85	0.298577027564706	62	0.294063339758065	69	0.299692446362319
LN.S	0.747435285797804	0.978504351718563	0.75855265308859	-0.00126860627649486	0.00393161872560026	-9.68843350537847e-05	0.00358968546976473	0.00106735669776497	0.00346493624921353	82	0.160354853597561	61	0.152555714442623	71	0.158612863661972
LN.Zn	0.662435952799289	0.183851476586244	0.607976499644568	-0.507011599809243	1.15828704263877	-1.40445002830626	1.05025455613284	-0.439376650362777	0.853945702559146	62	22.1828623187097	54	20.6631605048148	55	20.4058998347273
HN_LN.B	0.669505785365301	0.434370125742766	0.848830451558509	-0.0222277763373291	0.0519557451183326	-0.0338913274236734	0.0432236766650575	0.00782660009604789	0.0409603624211601	80	1.1888513773375	52	1.11716409657692	59	1.13486461683051
HN_LN.Ca	0.790459164077692	0.585063526098637	0.598459878496488	-0.0105305191004533	0.0395524571555676	-0.0223256990699482	0.0407978191707323	-0.0230492836069856	0.0436512385792725	83	1.26702112307229	57	1.28793600522807	67	1.25170963795522
HN_LN.CHL	0.802383095720194	0.700791040326898	0.856181643174375	-0.00804498741942637	0.0320850357201302	0.0107517640275475	0.0279274712665836	-0.00460474573618523	0.0253548973766497	85	1.41446983881176	60	1.45442965641667	70	1.43646102212857
HN_LN.Cu	0.484316920877788	0.286710793009873	0.642137777478515	0.043211058768197	0.0615935181367254	0.065147300438965	0.0608826760776398	-0.0279049292007937	0.0598740822460875	71	1.66265754516901	54	1.76879022990741	56	1.73774210678571
HN_LN.DW	0.64450981576261	0.590051951736354	0.446710474482629	0.018861326561048	0.0407843954645316	0.0191935048289742	0.0355438208423132	-0.0271880277107677	0.0356114074371288	80	1.20711154085	57	1.2833323474386	66	1.23612762283333
HN_LN.Fe	0.340344203347617	0.153196160545839	0.681169628968331	0.0195788178491583	0.0204644419755405	0.0276494333438398	0.0192597479011674	-0.00784551742274986	0.0190507491418287	85	1.33792974428235	61	1.37453544911475	70	1.36196841451429
HN_LN.FW	0.399546439457475	0.529925611804062	0.317333451957872	0.040975661770438	0.0484810726285005	0.0248590514821057	0.0394791175577271	-0.0412457746988133	0.041074430206048	79	1.2552234181519	57	1.35569646901754	67	1.30342092661194
HN_LN.K	0.82152038975377	0.857081179750607	0.751129103902465	-0.00365796226991808	0.0161853296458117	-0.00260419359064699	0.0144359008067493	-0.00464784263276953	0.0146235104924644	86	1.05404248744186	62	1.03993057354839	71	1.05198051680282
HN_LN.LA	0.637960528477628	0.831543407300966	0.639344138517598	0.0136672200751613	0.0289817484660035	0.00524460571636366	0.0246114754256741	-0.01132507499508	0.0241095356000962	83	1.13977553509639	62	1.17182218574194	71	1.15480481766197
HN_LN.Mg	0.551716621839549	0.375025883478609	0.39311327425929	0.0254231196576642	0.0426117834849585	-0.0365744432469242	0.0411040066403798	-0.0384503066557191	0.0448688651660628	84	1.35660983260714	62	1.38344372787097	68	1.33338070067647
HN_LN.Mn	0.536157547429295	0.703646953114613	0.339354029187401	-0.0446436973529481	0.0719443061958047	-0.0252533748327486	0.0662194836757897	-0.0599098551780113	0.0623978226512873	67	1.3609096391791	51	1.42374199162745	52	1.34517248453846
HN_LN.N	0.60126015239639	0.92936444007146	0.165759797346159	0.0104942472664006	0.020034963138885	-0.00155104316792736	0.0174673761108976	-0.0237449620854009	0.0170299732781613	84	1.40175407338095	59	1.43095204986441	68	1.40174702122059
HN_LN.P	0.715598967596743	0.89953873122887	0.994813526090177	-0.00513287178783963	0.0140595935319765	-0.00166844342928292	0.0131933532114094	7.86000476721578e-05	0.0120677385364241	84	1.01115533069048	62	0.993150363645161	69	1.00087537394203
HN_LN.S	0.605925120240585	0.98893361892824	0.963369748584454	-0.0132241185157619	0.0255735345253998	0.000312403107396262	0.022485477736613	-0.000957663894995829	0.0208108690037164	82	1.17263456279268	59	1.20244707661017	71	1.17859860277465
HN_LN.Zn	0.503067593078982	0.561403722371473	0.478240223474518	-0.0416627779798453	0.0619886164957458	-0.0321245925300062	0.0551405910374927	-0.0297198160939598	0.0417406591188357	59	1.35840821461017	46	1.32648027669565	52	1.29424820109615
G_N	0.714221242780076	0.0138757383464994	0.148134575154705	0.0361259623824613	0.0984218729747499	-0.233295309206966	0.0935223763592775	-0.13737186680229	0.0943298578572883	72	3.37611111111111	54	3.105	62	3.0608064516129
G_CHL	0.948443992834461	0.947758044709005	0.839391519962957	1.14474659312836	17.6671517717567	0.986536100302711	15.0269583114555	-3.33595981672281	16.4210015525046	72	520.273611111111	54	488.481481481481	61	507.770491803279
G_FW	0.866663606178136	0.0902715854817819	0.0880626798580731	-0.503731331608471	2.99380389348605	-4.16785815591235	2.44196214244804	-4.91005064945145	2.85302523689612	72	30.9680555555556	53	38.6207547169811	62	30.65
G_LA	0.768260360785591	0.0117003858836004	0.0398341769422214	-32.6602508171634	110.593023382569	-222.481850416976	86.9925598728541	-222.029685787685	106.736931392013	72	1275.0643375	53	1550.25660377358	62	1206.30674193548
G_DW	0.691341164030504	0.0405695533640017	0.0792023455635027	-0.243703777712036	0.612341229994139	-1.02743703950588	0.496653452241855	-1.0041462216513	0.566796444831644	72	7.40972222222222	54	8.71722222222222	62	7.19467741935484
G_LWC	0.807509107807724	0.672030506639109	0.856778021641547	0.00200837479346139	0.00822500679427	0.00294958338885845	0.00695112135344598	-0.00119312226502711	0.00659543624786921	72	0.754945833333333	53	0.765898113207547	62	0.760656451612903
G_Thickness	0.945187887136068	0.0620844178573947	0.160951273123148	0.124169080837566	1.80229509972458	3.62651754128991	1.9269141856304	2.6671527788006	1.88973189593676	72	58.5706944444444	53	57.4967924528302	62	61.3324193548387
G_P	0.864715821172334	0.764594639346119	0.644178118683423	0.0054097518690589	0.0316847261702829	0.00925575548433154	0.0308436834629097	0.0138060678047199	0.0298103673001995	72	0.457777777777778	54	0.416296296296296	62	0.44
G_K	0.493728511665581	0.0683354444861959	0.0519505051824434	-0.0865248412734079	0.126042663362354	0.203335125634529	0.110617283340598	0.230196834510419	0.117167650172606	72	2.53375	54	2.3912962962963	62	2.6408064516129
G_Mg	0.471238389320254	0.913681480751346	0.675390573802588	0.0215591252078445	0.029829987647156	-0.00228197253301312	0.0210109223014487	-0.0106696087936604	0.0254115765888456	72	0.263055555555556	54	0.271851851851852	62	0.250645161290323
G_Ca	0.963371400701424	0.196635578377962	0.201045622737392	-0.00373914727054883	0.0812532049527462	-0.0937191188568136	0.0722079451582834	-0.0890656974296008	0.0692465332592013	72	0.840555555555556	54	0.763518518518518	62	0.694354838709677
G_S	0.751420706942588	0.354415364419251	0.640084910496786	0.0106339943433602	0.0334941832527813	-0.0281713878639634	0.0303112225294312	-0.0116514695008764	0.0248503139859162	72	0.396805555555556	54	0.321851851851852	62	0.336935483870968
G_Na	0.980741229870357	0.544590918653777	0.489987049605658	-5.79579931690798e-06	0.000239598920499555	0.000126833235383322	0.00020878099496651	0.000149501743523148	0.00021584584364004	72	0.00170833333333333	54	0.00175925925925926	62	0.00193548387096774
G_Fe	0.793187411016539	0.691790882976518	0.887311161466616	1.40085157002564	5.33142815156649	1.66773220924061	4.19749288260318	-0.621405242755818	4.37506654791741	72	97.25	54	93.4259259259259	62	95.0967741935484
G_Mn	0.830522087279719	0.559504334273175	0.861251247296873	1.81925895368164	8.48158912319417	4.96950685806848	8.49347054498741	1.27574978117618	7.28218439965662	72	63.0694444444444	54	49.3518518518519	62	56.3225806451613
G_B	0.646256724272419	0.643108344897318	0.666390944913527	-4.69213227789374	10.1976545175085	-4.31566795317784	9.29199864194607	2.95350073752712	6.83269288860579	72	74.9166666666667	54	50.1296296296296	62	58.1935483870968
G_Cu	0.880533666100681	0.492101430988314	0.899541613440731	0.205933953506072	1.36732685735488	-0.803090985457112	1.16569926278324	-0.114388049873051	0.904041643976464	72	13.4861111111111	54	11.2592592592593	62	11.758064516129
G_Zn	0.798789986058271	0.144433809211082	0.416910623143547	-2.64854555734793	10.3671403443217	-13.8231377639711	9.41383562178297	-6.38016827783403	7.82999617172059	72	102.277777777778	54	75.5925925925926	62	76.6612903225806
CobDiameter	0.231268330782851	0.0656070541340374	0.644119104493437	0.519251400567869	0.432197173166732	0.662620353995145	0.357647995679689	-0.184449962928402	0.398506822016467	97	25.0665202095876	77	25.9347413625974	83	25.7648831845783
CobWeight	0.190818581416045	0.156195007633134	0.476540653528506	0.896869969614302	0.68284583435458	0.860335149459043	0.604120857937183	-0.474557146620788	0.665007842811887	97	15.4867600437629	77	16.4308315685325	83	16.2434256980241
DaystoSilk	0.320760676987559	0.818339814400364	0.232128986465766	1.08685135588735	1.09141208267969	0.237684018118949	1.03328960564426	-1.15368476882149	0.961732369473969	97	76.4037005285567	77	83.1183065732468	83	78.9147116675904
DaysToTassel	0.161327787048442	0.657345694730552	0.14289293428388	1.43642016468939	1.02106674932686	0.427370829867405	0.961810130613911	-1.33279858453045	0.90507933360187	97	74.7305036654639	77	81.861394327013	83	77.4214618874699
EarDiameter	0.970094418281546	0.0924714065770188	0.418895660303075	-0.0215623088340037	0.57429891631834	0.833329693318609	0.492565609690462	0.41384060199537	0.510590411013592	97	36.4181744851546	77	36.8334522590909	82	37.4498897030488
EarHeight	0.0978313686070369	0.861533335839776	0.206861406767858	4.53389573611888	2.72359917870261	0.385472548165801	2.20674068734538	-3.1133573880314	2.45621049527964	97	59.8997725661856	77	71.3047766906493	83	64.4635004950602
EarLength	0.166320717393269	0.480795688597853	0.773971471250463	3.6398024368727	2.61833734995942	1.73047448218978	2.44924410858148	-0.692137426207522	2.40587889356067	97	128.07781624134	77	127.89791884	83	128.201390450843
EarRankNumber	0.00547315410397752	0.070675579124632	0.477141258570059	1.04533773707997	0.371325919798601	0.646134236051298	0.355206459457126	-0.257170393661729	0.36084178801341	94	21.1289207790426	75	21.5557722856	80	21.69380585775
EarRowNumber	0.0940182165398818	0.0208735187376363	0.930905441254449	0.423700791382607	0.251596439568094	0.546860936366376	0.234554783210095	0.0209580830946637	0.241320129076853	97	13.2621669918557	77	13.4854632661039	82	13.8362550743902
EarWeight	0.432215915655713	0.0825224132087364	0.658311129762164	1.97149842819758	2.50416365958437	4.07439420171177	2.33307081899939	1.10911588192557	2.5030187437662	97	63.9995860374227	77	64.7518174892208	81	68.1053454354321
GDDAnthesis.SilkingInterval	0.660375449256223	0.36535902220527	0.416098042303373	-1.0513584588088	2.388520879615	-1.97269889957745	2.17363032294181	-1.81558610339427	2.22663677228403	97	24.6126784471134	77	23.3825171364026	83	21.8691952730723
GDDDaystoSilk	0.395929355623012	0.956953769792845	0.18065924626897	12.1322748347157	14.2551568893878	0.722999972529482	13.3755036899171	-15.7513169137576	11.7128905426804	97	896.715598029897	77	970.851190122078	83	924.194976246988
GDDDaystoTassel	0.203021342425733	0.701946375339612	0.161717546674525	17.3706878957609	13.5926724290685	4.97059325942216	12.9671527900112	-16.203881240146	11.5245858498966	97	874.638004240206	77	958.542934302597	83	908.147723989157
GerminationCount	0.809180513809677	0.77712084024961	0.977172458706379	0.0522838501834189	0.216172455302604	-0.0576258984449535	0.203258601694219	-0.00568191970608104	0.198251148007338	97	6.66414366242268	77	6.26319410990909	83	6.50583410849398
LeafLength	0.155048105803211	0.748679973609441	0.0196915044057411	21.0798092901447	14.7585666407103	-4.36264938813225	13.5956539976934	-32.2684090085369	13.6925606895161	97	713.459569441237	77	784.053601401299	83	727.168145404819
LeafWidth	0.995818606329823	0.445611671770934	0.795621460002932	-0.0115788845852135	2.20618170961495	-1.45015206479303	1.89691644457266	-0.463054320954918	1.78465649232531	97	84.7766743889691	77	87.4398385719481	83	85.6772666159036
MainSpikeLength	0.464869337269328	0.763090178213049	0.725308345704607	-4.35823015525182	5.949684906428	1.73840889121761	5.75831289288812	1.97377149444432	5.60713460317538	97	230.17055688866	77	228.748424985714	83	229.328653057831
MiddleLeafAngle	0.148906637254722	0.00603032768933941	0.288789150570895	1.61692860931344	1.11495305579883	2.87695215004966	1.03464496644894	1.17871286930726	1.10721150396185	96	60.2068488214583	73	63.3582287946575	81	63.560158245679
NIROil	0.171535738524781	0.929139311773588	0.449637624805159	-0.139902747925843	0.101881940878108	-0.00945055250784525	0.106116652906648	-0.0776667081299094	0.102465627458339	96	4.33508673163542	76	4.40785883675	81	4.30498235118518
NIRProtein	0.992268225695365	0.880206837221028	0.665507383592378	-0.00162486350039055	0.167425182338659	0.0257200085909565	0.170408802007592	-0.0744292151658217	0.171825612812479	96	14.1883417095833	76	14.0713350831579	81	14.0785813653086
NIRStarch	0.73735980269552	0.824400308110667	0.287560291523585	-0.112162225749819	0.333904809480822	0.0681718436509234	0.306765777694282	0.341133758087169	0.319644208279585	96	66.5334441019792	76	66.2664587089474	81	66.7412384037037
NumberofTilleringPlants	0.019099592997833	0.046076172368717	0.5549659292042	0.0886851126383488	0.0374784292852567	0.0683593831736734	0.0340268814385014	-0.0288006836009144	0.0486809241416639	97	1.25260839190722	77	1.30311982298701	83	1.29837214615663
PlantHeight	0.283695232802612	0.700806282650845	0.524630096356079	3.75295565233159	3.48958054957379	1.06708277790549	2.77263056333708	-1.96721680804453	3.08501295764314	97	130.649305166186	77	141.126186905844	83	136.382349413494
RowQuality	0.126779038201715	0.206741878501784	0.0699551127529333	-0.0258446190525498	0.0168424776061133	0.0204183892859285	0.0161117382125925	0.0289583755822158	0.015868541704968	97	2.19092820076289	77	2.17393507411688	82	2.20823308959756
SecondaryBranchNumber	0.103100431955614	0.709359440545809	0.45940607062992	0.322482291837336	0.19677100236132	0.0618474200884955	0.16566704698528	-0.148605564384615	0.200364576199648	97	1.64306764790722	77	2.43478291587013	83	1.92841228707229
SeedSetLength	0.131765970577579	0.10320697497747	0.596309627799182	3.18065677299152	2.10013038638613	3.1771124739737	1.939505440834	1.03796125984063	1.95539975935097	97	110.935055402887	77	110.620088114675	82	112.705079212195
SouthernLeafBlight	0.489525925541639	0.362390087577121	0.888507532036459	0.0988126313168731	0.142673958997972	0.141795734644978	0.155272284214289	-0.0188674106561416	0.134360562769044	97	6.40565880219588	77	7.07833002655844	83	6.80032759180723
Spikelets.MainSpike	0.782255761775722	0.24739761212308	0.913743710964555	0.161875572096613	0.584766026020106	0.63605424892548	0.54804282024465	0.0611043504575426	0.563195962138216	97	23.6887745680412	77	23.2637769038961	82	23.9491333119512
Spikelets.PrimaryBranch	0.860706822420492	0.196654565923095	0.129138436526467	0.0932884706770969	0.530825450769671	-0.575497335292494	0.444019359055436	-0.684637228563426	0.448739690604363	97	15.9089239407216	77	15.3230366120779	82	14.8944921735122
StandCount	0.452822005273322	0.592069964621248	0.494832286040914	0.0647274935603569	0.0860213167318749	-0.0437584113213438	0.0815132831897954	-0.0592037207720715	0.0865221567972197	97	7.62889978313402	77	7.6300082027013	83	7.60702410573494
TasselBranchLength	0.543784155425446	0.885186860057676	0.377138146540531	3.31249324358118	5.44520812796076	-0.70694392148959	4.88869487118065	-4.37194531504438	4.93601133198555	97	196.660458130928	77	208.792155464935	83	197.123244724096
TasselLength	0.734554803759226	0.693420090671612	0.550853550977015	2.30929272446091	6.79938132605676	2.45197938591511	6.20959508862573	-3.62235918723841	6.05960143420652	97	318.857741587629	77	333.508253132468	83	322.387586291566
TasselPrimaryBranches	0.519338224201768	0.925089450462942	0.67919748709767	0.487100322054031	0.754355386712219	0.0615176280667682	0.653327913067297	-0.286322471530346	0.691031586939712	97	10.2070861178351	77	12.363586606039	83	10.8686076404217
TilleringIndex	0.856678530803311	0.621527826887038	0.936788754399958	-0.00170961999818765	0.00945168252042866	-0.00464477021135788	0.00939163607674289	0.000734007244533953	0.00924030083741927	97	0.577299881030928	77	0.581737931012987	83	0.579523025590361
TotalKernelVolume	0.22189155686557	0.168443863342225	0.810002197486679	1.6647230773548	1.35756195355911	1.63446747855881	1.18167025582112	-0.312856613496104	1.29895123713835	93	59.6435885284946	73	61.0790828849315	80	61.298565462375
UpperLeafAngle	0.204658631190394	0.0313539780689921	0.645078556477579	2.50027638951494	1.96361228142216	3.88910102525767	1.79220395416004	0.744231117512594	1.61259429914858	97	52.8133419426804	77	62.2940666812987	83	61.6308762544578
X20KernelWeight	0.0440911710972015	0.595473614174527	0.151439346233615	-0.254063041421336	0.125248395359781	-0.0550917995350921	0.103574349930294	0.152810918588712	0.105999266909949	96	4.61125126082292	77	4.44754820181818	82	4.56870350746341
X.1060..pyruvic.acid..6.714.	0.698655308788845	0.150830876078278	0.201584773943226	-0.000164379149498271	0.000423619137177109	-0.000505714291859465	0.000349930571784716	-0.000154125115153294	0.000119979628613202	73	0.000492263219178082	56	0.000119567892857143	61	0
X.971..oxalic.acid..7.883.	0.679013567913472	0.662066166784957	0.301031241279981	-1.14954852317571e-05	2.77130227380222e-05	1.08707657425577e-05	2.48140711613682e-05	-2.5757818442723e-05	2.47861246960271e-05	73	0.000250669506849315	54	0.000241615925925926	59	0.000231278118644068
X.6287..L.valine.2..9.151.	0.520520126492679	0.870218873122973	0.655431429668919	-0.00120126773868152	0.00186418308156882	0.000338343588769281	0.00206671215445308	0.000950278843048063	0.00212382663808403	72	0.0165106546805556	56	0.0152151778035714	60	0.0167608570333333
X.700..ethanolamine..9.879.	0.813948788023341	0.825268093774918	0.355938334899648	-0.0002599046312981	0.00110199714564235	0.000217684840296699	0.000983955903793461	0.000867163707497459	0.000935417162944641	71	0.00619784946478873	55	0.00586370910909091	60	0.00654743968333333
X.6106..L.leucine.2..9.945.	0.727446491735582	0.291787440575339	0.512694681701061	0.000347867224274436	0.000995841431346621	0.0016793501867349	0.00158642688844878	0.00119118296382516	0.00181377903974662	72	0.00481908473611111	56	0.00577755085714286	61	0.00679524990163934
X.938..nicotinic.acid..10.27.	0.995222134182757	0.862704582677454	0.766720589498582	-8.64821591201796e-07	0.000144112628407917	2.05089713467681e-05	0.000118338978376464	-3.76375952188515e-05	0.000126539734594441	68	0.000926750161764706	54	0.000908914388888889	56	0.000821551410714286
X.791..DL.isoleucine.2..10.225.	0.43467456908274	0.277121569011406	0.685283802073289	0.000701059143145208	0.000894432402715362	0.000969019643668701	0.000887730032949609	-0.00041771218155518	0.00102799225223169	71	0.00486013338028169	56	0.00561565310714286	59	0.00573446023728814
X.444266..maleic.acid..10.323.	0.0654771608853054	0.0386242989316293	0.661821165784564	1.85253440808625e-05	9.96599122911231e-06	1.46789370085495e-05	7.02384659586162e-06	-4.19921345845278e-06	9.57418045782433e-06	72	4.4702375e-05	54	5.94060740740741e-05	60	5.27505333333333e-05
X.439194..glyceric.acid..10.735.	0.412426414060582	0.18235546341687	0.310275022002713	-0.00124227136579048	0.00151053911051502	-0.00174756647478522	0.00130336225138938	-0.00122994461460578	0.00120665103587109	73	0.0138578194794521	56	0.01439971025	60	0.0123347673
X.444972..fumaric.acid..10.94.	0.737051633216415	0.368794372823326	0.861286355590508	-0.000322329531325148	0.000957846958342944	0.000732533606735154	0.000812195238730323	-0.000163429516718481	0.000933120461098908	73	0.00753076591780822	56	0.00741104953571429	60	0.00764210033333333
X.439742..beta.cyano.L.alanine..11.288.	0.497252040047987	0.0528272167390066	0.0743221149298504	0.00105218468916701	0.00154545702488464	0.00454108413814173	0.00232361848120828	0.00472280988161038	0.00262166819392565	73	0.00391851820547945	56	0.00498656494642857	61	0.00847724644262295
X.6288..L.threonine.2..11.464.	0.0575445156231777	0.136267897978199	0.508292315023093	0.00339269234502611	0.00176983520592424	0.00217366668524068	0.00144982389009603	-0.00129765242141415	0.00195533536498787	73	0.0137110048493151	56	0.0163320635535714	60	0.0155694471666667
X.239..Beta..alanine..1..12.044.	0.0897248225824481	0.674312056869486	0.180211298009792	0.00243147749591933	0.00142172784727398	0.000270988124639708	0.000643364455511938	-0.0018165919296232	0.00134702268462304	73	0.00513075902739726	56	0.00630729807142857	60	0.00520116083333333
X.12647..L.homoserine.2..12.359.	0.720289563794913	0.0411333306587498	0.486036989944823	0.000122093222677941	0.000340192813124453	0.000546820457843433	0.000265038013962628	0.000261505385728948	0.000374133247189029	72	0.00229063241666667	56	0.00227341242857143	60	0.0026239673
X.5960..aspartic.acid.2..13.207.	0.0440333710884842	0.0179121731641217	0.831856350568301	0.00628291543989232	0.00308792212563841	0.00716495410278033	0.0029874544341852	-0.000657042324962847	0.003087223144783	73	0.0701670010684931	55	0.0767426861454545	60	0.0752892415333333
X.5810..trans.4.hydroxy.L.proline.2..13.267.	0.958701297576343	0.302114238802471	0.347541878522976	-2.24414458190307e-05	0.000432496391360019	-0.000341121476172052	0.000329239687023737	-0.000224687271038788	0.000238175824692874	73	0.00120500016438356	56	0.001260770875	60	0.00101964685
X.119..gamma.aminobutyric.acid..GABA...13.326.	0.72576590618182	0.714212201419552	0.765114640841374	0.00123373277119819	0.00350938567277559	0.00195014650611556	0.00531368208535355	0.00173538119139571	0.00579428597047545	74	0.0124207970810811	56	0.0150113665714286	61	0.0170249026393443
X.5460407..threonic.acid..13.652.	0.160298583961289	0.198340191006597	0.529653252385469	-0.000967215696468057	0.000684739433692761	-0.000746762621825242	0.00057754296086675	-0.00035869286101256	0.000568888117265044	73	0.00818110135616438	56	0.00824880817857143	60	0.00758888921666667
X.1001..phenethylamine..13.742.	0.432747155388985	0.0514871392254388	0.503638425982583	-0.000397742637406814	0.000505350917850627	-0.000893409392055047	0.000454477631319934	-0.000210939242661986	0.000314383213006949	73	0.00191807350684932	56	0.001274961125	60	0.00156361495
X.51..alpha.ketoglutaric.acid..13.859.	0.922232477358189	0.00626114806228872	0.131313204572975	-6.68105202466628e-05	0.000682988394509549	-0.0015033150840145	0.000540812827996172	-0.000845523241743371	0.000556205262337927	73	0.00729362339726027	56	0.00743239405357143	60	0.00608565666666667
X.738..L.glutamine.2..14.083.	0.848728580180983	0.964619344323634	0.574816690099159	2.50195216630582e-05	0.000130891881102445	5.30544702358105e-06	0.000119370545019024	-5.78669332083636e-05	0.000102846727029407	72	0.000747967833333333	55	0.000792348563636364	60	0.000779390183333333
X.236..L.asparagine.2..14.984.	0.848433175330936	0.166215745420743	0.074218107761646	-0.00101948419795821	0.00532318204009922	0.0265306752840497	0.0190547753311837	0.0367074430377263	0.0203691618653369	73	0.0207037076986301	56	0.0236820284464286	61	0.0497917737540984
X.2724705..1.6.anhydro.glucose..15.326.	0.159142469257559	0.970126371542342	0.0816613537348746	0.000270275753150864	0.000190808107635321	5.16089342283474e-06	0.000137536942745182	-0.000286682413345962	0.000163144775674137	73	0.00165137984931507	56	0.00183292448214286	59	0.00157135057627119
X.6912..xylitol..15.376.	0.863198796866265	0.0621157814665374	0.126571029418717	7.17389995883914e-05	0.000415107577144448	-0.000491814682206939	0.000260324218485762	-0.000564861600441803	0.000365450086773693	54	0.00224963966666667	37	0.00235669818918919	40	0.0018520588
X.827..ribitol..15.66.	0.725690816221751	0.547694310795067	0.138685809511524	-9.7507899108882e-05	0.000277279627729681	0.000142451087005705	0.000236312304257339	0.000307021490808121	0.000205843907673226	74	0.0196516192162162	55	0.0194776926545455	60	0.01974404665
X.754..glycerol.1.phosphate..16.056.	0.412951677662573	0.352684018835657	0.118661561373109	-0.00158708994482885	0.00193199734702466	0.005800198614433	0.00621828704727668	0.010333406739279	0.00657143458765611	73	0.0169504364931507	56	0.0150661188214286	61	0.0228304856557377
X.439183..3.phosphoglyceric.acid..16.504.	0.045173033150496	0.0796700515992091	0.187455599493379	-0.00115733218191348	0.000571950635597643	0.00106374231511812	0.000602123143046902	0.000814278800000993	0.000613937496422915	73	0.00500796273972603	56	0.00434908205357143	60	0.00550497735
X.6262..L.ornithine.2..16.632.	0.988954343300201	0.0415655990772588	0.170228870399809	-1.52785120652943e-05	0.00110138702665012	0.00235734258876114	0.00114514399956904	0.00150224738866315	0.00108824848857139	73	0.00553953673972603	56	0.00537388116071429	60	0.00691638878333333
X.9750..citrulline.2..16.691.	0.820380171547464	0.0207280513902621	0.156063676687551	-0.000109445500529898	0.000480998793601248	0.00127119167404511	0.000542796943375779	0.00077357217282822	0.000541669996846492	73	0.0023164118630137	56	0.00231358569642857	60	0.00307890755
X.835..dehydroascorbic.acid..1..16.863.	0.0775418659906862	0.0323024885365886	0.455333185701758	-0.000647354547061054	0.000363702980538802	-0.000691069749971968	0.000319367642509523	-0.000152633915263193	0.000203734511579858	74	0.0021134492027027	55	0.00195345589090909	61	0.00173684439344262
X.204..allantoin.1..17.293.	0.681285929512424	0.294755590460223	0.16572877938882	-0.00112092965098394	0.00272282887132627	0.00385087234744364	0.00366044445520236	0.00524910844483884	0.00376237713144729	73	0.0124224887260274	56	0.0123008945535714	61	0.0168149069672131
X.448388..D.allose.1..17.278.	0.181328235036476	0.326561689899409	0.0181985740900716	0.000102973837392796	7.66008257555599e-05	-6.87974131100686e-05	6.98523296940486e-05	-0.000170868275522056	7.12734675038933e-05	72	0.000840416444444444	56	0.000949568625	59	0.000819294542372881
X.5962..L.lysine.2..17.643.	0.0306046287888379	0.00014953081567259	0.169036181614522	0.000384386266805545	0.000175727755574171	0.00099016165739323	0.000253312577907107	0.000417935367399917	0.000301887850554879	73	0.000839447753424658	55	0.00115103312727273	60	0.00155513245
X.637542..4.hydroxycinnamic.acid..17.854.	0.491239049855311	0.0375095085403523	0.665382583983106	0.000284591221458091	0.000412217919088608	0.000732649848394841	0.000348542451431264	0.000163247135461976	0.000376447066551809	73	0.00258283494520548	56	0.00292489489285714	60	0.00305174431666667
X.6057..tyrosine.2..17.871.	0.977913323802056	0.183219616301312	0.711863191722649	-5.25836748940799e-05	0.00189552230049582	0.002594698312181	0.00193901791720079	0.000750827361193096	0.00202760855023714	73	0.0203368498493151	56	0.0201450244285714	60	0.0215789296
X.128869..galactonic.acid.2..18.504.	0.841345836305125	0.919955060992521	0.650827826251964	-1.24988797941452e-05	6.23087352945959e-05	-5.55014074633708e-06	5.51208833798176e-05	-2.31795616351804e-05	5.10714008976551e-05	73	0.00056367104109589	55	0.000558093781818182	59	0.000539226237288136
X.5460673..D.saccharic.acid..18.614.	0.248503311645769	0.894149702443608	0.0908040668825621	0.000270803709133352	0.000233536214937383	2.23693750523402e-05	0.000167784492385719	-0.000368904172972496	0.000216167955601789	73	0.0011364688630137	53	0.00147154581132075	59	0.0012311563559322
X.3037582..mucic.acid..18.907.	0.467359893511775	0.669504699946005	0.291398532768191	-0.000761902353680615	0.00104509488543978	-0.000380378360728584	0.000889118708281691	-0.000683164556229042	0.00064443156328711	73	0.00527245116438356	56	0.00522002342857143	60	0.004709109
X.1549111..caffeic.acid..19.755.	0.43110925713192	0.292594344026752	0.460329940605359	-0.000909891431317265	0.00115181933818078	-0.00109843653527588	0.0010394008750368	0.000608377336027153	0.000821046607072654	73	0.0105915347671233	52	0.00870232730769231	60	0.00987726693333333
X.5280450..linoleic.acid..20.399.	0.543007833743136	0.442394552039832	0.383525242666519	9.45571786406615e-05	0.000154977260218155	0.000175023778747008	0.000227107040322018	0.000222741377692228	0.000254536981416464	67	0.000839513059701493	50	0.0009640056	60	0.00108346736666667
X.637775..3.5.dimethoxy.4.hydroxycinnamic.acid.2..20.65.	0.0645312591446831	0.0166379764571177	0.824049223047005	0.000165757600766458	8.88668680417273e-05	0.000222419893765345	9.16626356781923e-05	2.284270974817e-05	0.000102492960561676	73	0.000222014452054795	55	0.0003408514	60	0.00036162655
X.439958..D.glucose.6.phosphate.1..21.394.	0.022992681007635	0.448335717038084	0.762970551080173	-0.00311151689273857	0.00135155547720862	-0.000930231468109504	0.00122313362484905	0.000363540428956445	0.00120248460850822	73	0.0189412076438356	56	0.0165099142142857	60	0.0175207513833333
X.60961..adenosine..23.825.	0.0146845594862981	0.847978799276675	0.0325938105626982	0.00021933637581188	8.86301997640237e-05	9.65936483141915e-06	5.02865184442911e-05	-0.000178025028967036	8.22599881024339e-05	73	0.00028746098630137	56	0.00044456175	60	0.0002966265
X.5460935..turanose.1..24.81.	0.66480069905383	0.945376224279591	0.651995787734856	0.000333700263447971	0.000768123922594842	4.37035383494878e-05	0.000636573291059625	-0.000116599615545246	0.000257786109945139	69	0.0025741495942029	49	0.00208386604081633	59	0.00196139222033898
X.6255..maltose.1..24.702.	0.00274040351882955	0.017372492625141	0.66732766731033	-0.000948152320208021	0.000310177316833174	-0.000702296415483149	0.000291403312212361	0.000103035310305363	0.000239079000842634	73	0.00397498912328767	56	0.00356718585714286	60	0.0036367691
X.6255..maltose..2..24.915.	0.658774056059502	0.133749885568776	0.272344041861363	0.000227022145704746	0.000512770770581066	-0.000498480413308773	0.000330148027984082	-0.000512230852205907	0.000464075986049046	70	0.00342661787142857	52	0.00385309234615385	53	0.00319716871698113
X.642609..trans.caftaric.acid.2..25.529.	0.204895802420947	0.230232599311049	0.983238115391924	-0.00135799504151541	0.00106473997415311	-0.00105908403069377	0.000878105289296395	-1.33206352387981e-05	0.000632430828431218	65	0.00227101316923077	48	0.00159185391666667	56	0.00143737244642857
X.6537496..chlorogenic.acid.1..26.37.	0.497702608844135	0.847631231358417	0.0552141522101725	0.000786415486791997	0.00115630628013131	0.000112277973080776	0.000583167551810278	-0.00227334953249213	0.00117328854373095	73	0.00128275545205479	56	0.00292922680357143	60	0.00143307125
X.439451..galactinol.2..26.479.	0.699286819061419	0.0526117824459565	0.389334605104496	0.000988066181036622	0.00255195693025901	0.00500842722574813	0.00256038679427725	0.00208088891238197	0.00240792727130123	73	0.0143739160273973	56	0.0172697017857143	61	0.0191385584590164
X.2116..alpha.tocophereol..27.379.	0.119198397568316	0.277804878632662	0.797269723749216	-0.000411554331086625	0.000261995091029812	-0.000243512423941632	0.00022328025342155	4.75546438488651e-05	0.00018461953338652	62	0.00144355311290323	49	0.0010942987755102	54	0.00112152444444444
X.6537496..chlorogenic.acid.2..27.18._alt	0.934638701428916	0.035757903394142	0.0801828938184553	-0.000328584338413306	0.00399850971212637	-0.00714868649962793	0.00336899586373297	-0.00608322930099812	0.00344535695305007	73	0.0192093153150685	56	0.0197172338571429	61	0.0145933638688525
X.5321515..stigmasterol..28.442.	0.508187552058145	0.0737066112933606	0.174610059409677	6.47354250930229e-05	9.74595613686482e-05	0.000185279765470837	0.000102466476204338	0.000167523250036244	0.000122357912415318	55	0.000825203218181818	43	0.000778043465116279	46	0.000990432130434783
X.5321342..beta.sitosterol..28.848.	0.876983506599593	0.640011823720413	0.950866671772815	-8.10881850193345e-05	0.000522449742485831	-0.00018942554299242	0.00040379729515219	2.69872823456288e-05	0.000436712446570714	57	0.00399628650877193	44	0.00336833527272727	48	0.00368989425
X.439242..Raffinose..29.282.	0.666760231398601	0.256044643223985	0.3005492455887	0.00160172054077954	0.0037108687498992	0.00569125524659295	0.00498859641950841	0.00509145686800236	0.00489532055998667	73	0.0157810903287671	56	0.0192093270535714	61	0.0209331450491803
X.750..glycine..10.456..s100	0.459374443995491	0.645202962856944	0.570614393993221	-0.0198408273916664	0.0267334032193898	-0.0108094509420083	0.0234214208902543	0.0109457143266313	0.0192421923221728	74	0.171451925864865	56	0.146276157642857	60	0.164901023583333
X.5951..L.serine.2..11.174..s100	0.58202157655527	0.615550248239043	0.865517571572181	0.00773813545205233	0.0140213257227719	0.00594949859928999	0.0118186965331506	-0.00252729642370943	0.0148885490533496	73	0.100539914794521	56	0.105955941446429	60	0.111363594916667
X.92824..D.malic.acid..12.794..s100	0.57941115554515	0.474670359168158	0.484589010810046	-0.00181315117945087	0.00326277167095802	-0.00194929044483977	0.00271855030389023	-0.00179206229950442	0.00255529757615882	73	0.0283854576164384	56	0.0277351042142857	59	0.0254090084745763
X.33032..L.glutamic.acid.3..dehydrated...13.232..s100	0.0980391646743475	0.393136679682534	0.71958026380321	0.00161035126179797	0.000965712047146134	0.000713404476366022	0.000832488324348663	-0.000332628313006904	0.000924048539999065	70	0.0108531794428571	54	0.011918762962963	58	0.0115564627241379
X.444212..trans.aconitic.acid..15.842..s100	0.520037536255227	0.197281062785308	0.0467081802251799	0.00165661862864862	0.00256790029063963	-0.00233293399381331	0.00179999655023629	-0.00424417898196521	0.00211008088770612	73	0.0158938930547945	56	0.0206716655714286	60	0.0144730076833333
X.8742..shikimic.acid..16.433..s100	0.73841008058937	0.0464514994655249	0.0671257495675225	0.00143185572968942	0.00427791171274273	-0.0070452727943318	0.00350378119215736	-0.00696262332339254	0.00376571287299704	73	0.0368730907534247	56	0.0384917745	60	0.0310806000833333
X.311..citric.acid..16.615..s100	0.852893425432969	0.705537035946283	0.8389884138625	-0.000420093041677877	0.00226073553859798	0.000809616194260638	0.00213783736229392	0.000410823638431592	0.00201711344786117	72	0.0227186813611111	55	0.023415514	60	0.0228307350166667
X.6508..quinic.acid..17.076..s100	0.733010452858556	0.999759854573396	0.350407699200329	-0.00239269389986647	0.00699825012049083	3.11670818131909e-06	0.0103349165459265	0.00991021823051143	0.0105680559518029	72	0.0344909669722222	56	0.030474455	60	0.0377377137333333
X.5984..fructose.1..17.18..s100	0.80441637431118	0.0124426067924321	0.0232235549244505	0.00215478298406574	0.00868282446602686	-0.0177100193419983	0.00698645378018469	-0.0154603184971919	0.00671802494562684	73	0.0754726773013699	56	0.0762080940714286	61	0.0591377454262295
X.892..myo.inositol..19.354..s100	0.0946243184300194	0.742971928417146	0.0671888589704432	0.00742493530128075	0.0044081193901406	-0.00118832740501113	0.00361599714597731	-0.00732268759750466	0.00396138063813401	73	0.0505841837534247	56	0.0619775514464286	60	0.051578418
X.5988..Sucrose..23.988..s100	0.588594625773436	0.0681277215487541	0.130387379543448	0.0733250135651267	0.135217435051009	-0.172289276971248	0.0936564413380479	-0.154073240360609	0.101107116171906	74	0.945651241067568	56	0.985192356857143	60	0.809256426666667
X.6537496..chlorogenic.acid.2..27.18..s100	0.899557035792028	0.339345009836614	0.274696347349075	0.000334033379708104	0.00264077558542691	0.002806159805609	0.00292526788373154	-0.00429917648968533	0.00391549395608646	69	0.00667886531884058	55	0.0114879706181818	56	0.0112267903035714
HN.X20KW	0.227509620411593	0.845231683976072	0.266969002605836	-0.146978527388553	0.121188859141383	0.0196664949361597	0.100559442021211	0.114010762326857	0.102203146733556	77	4.80535136051948	52	4.75506329078846	67	4.82416303914925
HN.CL	0.859010706473494	0.468275824505464	0.904309428333536	-0.0463214398966308	0.260264340774764	-0.149041857490909	0.204963959038895	-0.0242767534107619	0.20151786949471	82	12.479025504378	56	12.1912294100714	71	12.2193260956761
HN.CW	0.729154737402148	0.598052669285337	0.169661963891587	-0.177115591876808	0.51042414223928	-0.179891601647003	0.340467403634818	-0.601079498332458	0.435060959916082	80	13.53884711375	55	13.7299323039818	70	13.2896085104286
HN.CD	0.736530434327107	0.215692184291765	0.681090382746198	-0.142305918733972	0.422056404255285	0.417795837346016	0.335985119783075	0.142787720113431	0.346590473346673	80	22.4354639245	55	22.5435331845455	70	22.868521474
LN.X20KW	0.0511710799363467	0.302753135002889	0.00222549997875039	-0.333324673414285	0.16909996075428	0.121543251763932	0.117454083483741	0.428765143620755	0.13690220776814	66	4.65947869890909	51	4.44737912817647	64	4.79630305315625
LN.CL	0.643119549624835	0.898711506875967	0.915217534099652	0.0777169698766169	0.167345832982077	0.0180167884438891	0.141296070706447	0.0149649203466678	0.140280060890765	80	12.063622793375	57	11.9072082142105	71	11.9352281825352
LN.CW	0.862793360591653	0.0461112733006536	0.999410497918939	0.0497971252957895	0.287575243000451	0.416747037763376	0.207117583555353	0.000211408885768016	0.285533988434108	79	12.4992649956962	56	12.6555935521607	67	12.7482401061194
LN.CD	0.449382825312391	0.0189866312823525	0.163691262877	-0.264694006207285	0.348860937113527	0.680447884031882	0.286728909946339	0.451175360247797	0.321924655896185	79	22.3884717521519	56	22.5569126619643	67	23.0741981904478
HN_LN.X20KW	0.106958697280185	0.420640492333234	0.00329540046444251	0.051961453401981	0.0319653303697539	-0.0185669852591278	0.0229765148640256	-0.0778374673629975	0.0258800478983861	64	1.03311511051563	49	1.09401431642857	61	1.01815309672131
HN_LN.CL	0.494835829550224	0.290148811501855	0.861755138457583	-0.0115450634915091	0.016864767258998	-0.0137613637554137	0.0129612842707459	-0.00229719256465135	0.0131633251293848	79	1.0350593024557	56	1.02433997469643	69	1.02499048018841
HN_LN.CW	0.558858104815511	0.0771454993583136	0.148724496587896	-0.0178082608451575	0.0303837940538796	-0.0451610008264114	0.0253571690187095	-0.0380470384248782	0.0261691407868469	76	1.08352931082895	54	1.0808871345	65	1.04665413507692
HN_LN.CD	0.645686208785921	0.453135077302135	0.296853954868369	0.00485637859079914	0.0105372071499106	-0.00735504241703901	0.00977596742614741	-0.0105680518957695	0.0100839883144681	76	1.00297862751316	54	1.00107938535185	65	0.995191648015385
canopy.HN.6.Jul	0.820770571873856	0.704751073053121	0.887543188973047	0.468391803420155	2.06274159822821	-0.732720116565372	1.92951548444013	-0.288439780979331	2.03474089330772	73	34.9178911123425	47	35.9167284446808	63	34.9364760671429
canopy.HN.23.Aug	0.271402834497951	0.5722266743244	0.102682707465789	4.76034203666509	4.30743020242456	-2.22934530076547	3.93738299027918	-6.52275439311524	3.9619602443895	73	55.6345203730137	47	66.0191053470213	63	56.7639649006984
canopy.HN.1.Sep	0.280058886299896	0.693826275918964	0.0804046269171168	5.48449140057333	5.05343575275041	-1.78012140830404	4.5119263761946	-7.97246152724332	4.51596683033366	73	47.9337348443425	47	61.3344965566596	63	49.1695160086349
canopy.HN.22.Aug	0.245629082162999	0.574306309812583	0.0832546722791343	4.89179303435499	4.19180844650626	-2.13808016786793	3.79675294751976	-6.64124317566672	3.79768400652206	73	50.2595731160274	47	60.8076255444681	63	51.4810636739683
canopy.HN.12.Aug	0.233974548139309	0.415673796804007	0.0674200515139673	5.15768825929405	4.31075860483211	-3.23967831704694	3.9675688813084	-7.30361799210894	3.95222067670639	73	53.8185665189452	47	63.7164823202128	63	53.8487681904921
canopy.HN.26.Aug	0.295715932453833	0.549852877564399	0.0866162470938599	4.45530202073553	4.24134673656653	-2.31548660925728	3.86214882066724	-6.65081929062668	3.84499487623844	73	56.7133397920548	47	66.7647990431915	63	57.4434868690476
canopy.HN.3.Sep	0.568985476283386	0.912679890645734	0.289459548554811	2.19645339629019	3.84539920228832	-0.393481260555994	3.58130526837031	-3.70285605859726	3.47788006800876	73	39.0983417805616	47	48.430384931617	63	41.600167688127
canopy.HN.14.Aug	0.28872238067024	0.358372628999908	0.0882469099853651	4.82390196850164	4.52585714912088	-3.77233658161434	4.09274495103018	-7.14396072619179	4.15172382274817	73	48.9904736953288	47	58.9544629510213	63	48.4668326670476
canopy.HN.20.Aug	0.238557376835964	0.595083376204783	0.101806563280704	5.2679452452874	4.44644625741689	-2.16883149468105	4.07072584724002	-6.76749031656807	4.09999575245055	73	48.9383898740822	47	60.1161375691489	63	49.9412525023968
canopy.HN.30.Aug	0.167947510927077	0.791814054320853	0.0423586933426135	6.19123171277695	4.46188784655781	-1.0685303443706	4.03988576229677	-8.18970286863652	3.98520468528179	73	48.4771145103425	47	60.9257685160851	63	49.6619585946667
canopy.HN.5.Sep	0.722109269265712	0.830662411641967	0.279133689877801	1.51254914597938	4.24261319801668	-0.844058753743755	3.93905803627196	-4.20808403354141	3.86810865514112	73	37.7553805756164	47	47.601397218	63	39.8499750534127
canopy.HN.16.Aug	0.210424891945682	0.716790213447674	0.113217349796535	5.69058673442718	4.51837925199932	-1.49198575959812	4.10408876904926	-6.61635832796302	4.14236808922176	73	46.9402674040274	47	59.3607939637447	63	49.7131767691429
canopy.LN.6.Jul	0.754255709284942	0.412002969385539	0.419993885193787	0.542675745818081	1.72939891990649	-1.40309614543227	1.70489446747877	-1.42568348075263	1.760741367314	74	29.285237644027	44	29.7017952947727	63	28.3360203855238
canopy.LN.23.Aug	0.35486715060595	0.258807610052942	0.0159543962797518	3.49911446579677	3.7665215837782	-4.0617400731183	3.58146248453557	-8.22724173166291	3.35693989168294	74	52.8645231617432	44	63.0795340968182	63	52.3038687180159
canopy.LN.1.Sep	0.343080503834988	0.438396455424377	0.0353416259976207	4.17923041741068	4.38950628629804	-3.15300721259871	4.0565697650177	-8.31956210512151	3.90079139085661	74	45.2316482448784	44	57.66051598	63	45.9773673308254
canopy.LN.22.Aug	0.266207367501896	0.268256745206817	0.0080852648999333	4.20483575092031	3.76316335621228	-3.8858901969261	3.49522030159812	-8.90271024180255	3.2954875162183	74	47.5076456625676	44	58.8074940947727	63	47.4260305877302
canopy.LN.12.Aug	0.24928080545424	0.212925259104569	0.0057087665539741	4.49867545142061	3.88466102155911	-4.60472428868347	3.6790391111015	-9.47088767022339	3.35399729546513	74	52.0514327835541	44	62.5401035263636	63	50.7791564503333
canopy.LN.26.Aug	0.321963821640206	0.34607999822633	0.0156217094953794	3.6351978356966	3.65423614531117	-3.24596118347052	3.43269745330991	-7.87012207919163	3.20073145653924	74	52.8238937976351	44	63.9631000779545	63	53.2450893066825
canopy.LN.3.Sep	0.688361174952143	0.691827854232464	0.12105264457443	1.32743446554984	3.30115594433819	-1.23269181843652	3.10309640162757	-4.65945424359264	2.98030761302661	74	38.2612100265676	44	47.3947322125	63	39.7413220069841
canopy.LN.14.Aug	0.289287645062719	0.203452064417144	0.0138785905432993	4.41878941131825	4.15032035223839	-4.89237317145292	3.82780552817123	-9.10460476250367	3.63655865969932	74	49.238580866973	44	60.1879017663636	63	48.4951487677302
canopy.LN.20.Aug	0.273047936247074	0.271438365927567	0.00853310701683694	4.3454248463557	3.94523930911538	-4.01241065832073	3.63318673019169	-9.21874356627312	3.43700664259566	74	47.5852002016351	44	58.4163255486364	63	46.6944568778413
canopy.LN.30.Aug	0.607966010621283	0.242612568715571	0.0270550239160947	2.1506834200141	4.18082763170429	-4.49818183844593	3.83234911098632	-8.19359510700638	3.65284566693463	74	48.5683168613243	44	58.5795891070455	63	47.3662292989841
canopy.LN.5.Sep	0.829488322839864	0.560601650286362	0.055985936570029	0.846349370545789	3.92087869789052	-2.13109354361077	3.65271889119169	-6.49563539197989	3.36006845180007	74	37.6616201373108	44	48.4393011604545	63	38.4128976635714
canopy.LN.16.Aug	0.283227382062238	0.229118377757466	0.0104061242145714	4.18171496176995	3.87831409326042	-4.3092517034139	3.5665781143679	-8.53449007197863	3.26945265691502	74	46.8912276948378	44	57.4223363618182	63	46.526246053127
ExG.HN.6.Jul	0.477310199769791	0.577648327187517	0.99910768368231	0.00616609088224506	0.00864773011953954	0.0048430609870481	0.00867559410937497	-9.98832681389879e-06	0.0089089836185276	73	0.255174936068493	44	0.261350575409091	61	0.260684394622951
ExG.HN.23.Aug	0.627685423652455	0.846628266422364	0.991086694845474	-0.00309223329017244	0.00635879690687985	0.00105985487662162	0.00546864830851473	-6.57000283017982e-05	0.00586710230676619	73	0.316629760931507	47	0.324905578617021	63	0.323010497285714
ExG.HN.1.Sep	0.81408213734956	0.423860998827458	0.767227700385741	-0.00161535319107793	0.00685333230068274	0.00509618375774694	0.00635235911086146	0.00186958123860885	0.00629974645504573	73	0.244462727424658	47	0.25210485612766	63	0.252283566507936
ExG.HN.22.Aug	0.544895384181368	0.674601848783195	0.768622669674342	-0.00327559571889681	0.00539432453769589	0.00196789447984349	0.00467672599807968	0.00144571390015281	0.00490173473193624	73	0.296775676821918	47	0.303380262276596	63	0.302185640063492
ExG.HN.12.Aug	0.424373016680897	0.564171188782005	0.721249610352056	-0.00457952290908419	0.00571217902452346	-0.00296772818411136	0.00513335402488634	-0.00197674950085017	0.00552552734981004	73	0.351441972164384	47	0.360907234340426	63	0.355535610825397
ExG.HN.26.Aug	0.610395214614558	0.304102424133328	0.8434915234731	-0.00586443652002028	0.0114784688083256	0.0109625853152535	0.0106255012629671	0.00199190180125618	0.0100642545035124	73	0.386000101383562	47	0.396465740276596	63	0.398989082793651
ExG.HN.3.Sep	0.614221615668449	0.431250176539754	0.670868995512224	-0.00657107504623535	0.0130008647527799	0.00921258556383092	0.0116689797545548	0.00438436323860568	0.0102882470650595	73	0.364213327178082	47	0.373630930340426	63	0.376438100333333
ExG.HN.14.Aug	0.334365863402641	0.753114838244918	0.991322838244733	-0.00485219303288504	0.00500520923684181	-0.00136787060312752	0.00433975447351474	5.13374458094503e-05	0.00470927360031101	73	0.266583029369863	47	0.273914105574468	63	0.27102168247619
ExG.HN.20.Aug	0.871484661311345	0.550394656934513	0.606325458615741	0.00117141059555771	0.00722494190021256	0.00353978451996045	0.00591227077075389	-0.00327097997816419	0.00632828946776833	73	0.273706545287671	47	0.286327474148936	63	0.280928106365079
ExG.HN.30.Aug	0.709895570111674	0.881713548585012	0.986590135056758	-0.00216923591608019	0.00581691705334501	0.000789116923233908	0.00529296446867125	8.7509964482592e-05	0.00519419686539882	73	0.283841061520548	47	0.291266527170213	63	0.28830640831746
ExG.HN.5.Sep	0.44782927940916	0.966209458637601	0.903500375013742	-0.00472799171264238	0.00620758126851126	-0.000229617391312962	0.00540990348808844	0.00067736233147663	0.00557343921529605	73	0.251512997260274	47	0.25582399893617	63	0.252867818809524
ExG.HN.16.Aug	0.507315052344501	0.363600142842763	0.895561420159976	0.006195471880781	0.00931502934182696	0.00766780319492154	0.00841042475152225	-0.00119754721487041	0.00910068296232344	73	0.503668669671233	47	0.524305492170213	63	0.52085769368254
ExG.LN.6.Jul	0.84658829883702	0.917383984907183	0.789199406773464	0.00151190205478152	0.00779577864100426	0.000781464235414261	0.00751904134968863	-0.00229277044246631	0.0085522449845938	73	0.239361219178082	40	0.246521675	62	0.242960475806452
ExG.LN.23.Aug	0.0862428482664765	0.948905929797942	0.729818098751828	-0.00760033946246568	0.00439159360063771	-0.000262146388034538	0.00408310347320522	0.00158242139242171	0.00456929015470021	74	0.294075009459459	44	0.295661475	63	0.296258283333333
ExG.LN.1.Sep	0.255881376351294	0.643322962447337	0.930797318259964	-0.00674029400472457	0.0059023493163537	-0.00221124478393475	0.00476433379621066	-0.000441825983672227	0.00507516659549577	74	0.243153577027027	44	0.246761776136364	63	0.245406529365079
ExG.LN.22.Aug	0.0272863206258339	0.455158869862538	0.893660282939506	-0.00935919358767461	0.00418486269710476	-0.00298679473272318	0.00398743541133389	0.000597840193766315	0.00446122675261864	74	0.276570763513514	44	0.277543367045455	63	0.276065372222222
ExG.LN.12.Aug	0.0544200026347347	0.250633459543175	0.734279114997259	-0.00732487469439661	0.0037685508213952	-0.00457499681399129	0.00396487393404486	-0.0014747772910249	0.00433288574521155	74	0.32696697972973	44	0.331722435227273	63	0.328620653968254
ExG.LN.26.Aug	0.693348530974939	0.414215802581885	0.974927477855559	0.00322350595092951	0.00815407047508186	0.00553168250954644	0.00675351221889446	-0.000232390675542323	0.00737604839343362	74	0.359527248648649	44	0.371296807954545	63	0.370805384126984
ExG.LN.3.Sep	0.950600964616435	0.226475624925927	0.560580157067734	0.000571482737623427	0.00920412387075707	0.00903886524432818	0.0074384399716096	0.00444639803005965	0.00761506734143164	74	0.334160652702703	44	0.34036935	63	0.344650457142857
ExG.LN.14.Aug	0.272000404826439	0.327519895280527	0.487783513459087	-0.00408276797098693	0.00369863941712936	-0.00369997737139524	0.00376485628547077	-0.00267795416504079	0.00384561318024448	74	0.243881386486486	44	0.248287104545455	63	0.244239233333333
ExG.LN.20.Aug	0.195282357528842	0.466878013701494	0.884529377371073	-0.00627929991510393	0.00481974728185526	-0.00319160119348059	0.00437396716875173	0.000696721952769808	0.00478538133252219	74	0.254176676351351	44	0.257010878409091	63	0.25407723015873
ExG.LN.30.Aug	0.19817952167129	0.906378525984712	0.842880896891667	-0.00558826588424483	0.00431739225082832	-0.000483461294708245	0.00410291127963484	0.00086583939931999	0.00435718232874769	74	0.261779220945946	44	0.265102610227273	63	0.264439341269841
ExG.LN.5.Sep	0.120196388725162	0.556366083702001	0.189012621186332	-0.00857614575679284	0.00547723616001447	0.00260369943914531	0.00441491707007397	0.00600078977935111	0.00453800993052667	74	0.232637509459459	44	0.231325402272727	63	0.236005402380952
ExG.LN.16.Aug	0.738550926808997	0.923055801134709	0.721241044675083	0.00257934988199139	0.00770887336187346	-0.000596958128842796	0.00616883307317249	-0.00240674346085695	0.00672672457397936	74	0.496350143243243	44	0.508512531818182	63	0.504563733333333
RGB.HN.6.Jul	0.474816747061938	0.686345816268686	0.882254723483606	0.00635753604823559	0.00886585118688732	0.00373217825403337	0.0092213873232247	-0.00139917062450977	0.00942262864338167	73	0.326922560273973	44	0.332644803590909	61	0.331242503606557
RGB.HN.23.Aug	0.571772060281643	0.835213473683945	0.929504967317379	-0.00482586249503271	0.00851017521045302	0.00152303288841925	0.00730701063482276	0.000688079489930978	0.00775910816816708	73	0.464272084479452	47	0.47364110406383	63	0.472574242793651
RGB.HN.1.Sep	0.834454037027203	0.400266652887336	0.744326473057388	-0.00202372414088738	0.00966128662168552	0.00756612193076125	0.00896571823994188	0.00289570322041451	0.00885563454753255	73	0.364625450383562	47	0.375173463914894	63	0.375889349904762
RGB.HN.22.Aug	0.517613224596556	0.64452367877157	0.700386513769435	-0.0048708519616967	0.00750482074933735	0.00300001085150428	0.00648716885194829	0.00260460646784561	0.00675026293723979	73	0.440107529369863	47	0.448563379148936	63	0.447735057634921
RGB.HN.12.Aug	0.375520259240403	0.577418203303519	0.808569145489178	-0.00692075775900581	0.00777934082803251	-0.00389948267187244	0.00698136287383674	-0.00181676679127906	0.00747997926259554	73	0.517918462356164	47	0.529475287425532	63	0.523499644634921
RGB.HN.26.Aug	0.605605584304704	0.278947132429861	0.799516230793914	-0.00816814283786062	0.0157752792069416	0.0158643278378469	0.0145919851442568	0.00348183497049963	0.0136747449930996	73	0.571684204493151	47	0.585052827553191	63	0.58987669931746
RGB.HN.3.Sep	0.594080981450983	0.433678762684235	0.649366600112823	-0.00978259068309028	0.0183049771818194	0.0129230422092498	0.0164555785192324	0.00655661473800427	0.0143800763162271	73	0.540500350972603	47	0.552925546	63	0.557532143571429
RGB.HN.14.Aug	0.297975217158366	0.786853314416779	0.875272939345591	-0.00707259299648581	0.00676466362855543	-0.00158827303576215	0.0058617932942061	0.000993137682160886	0.00631173592193066	73	0.393827540876712	47	0.402674436808511	63	0.399970259793651
RGB.HN.20.Aug	0.8889664211631	0.521646003846707	0.642862589076955	0.00140576342552278	0.0100467679922596	0.00523934186352783	0.00815411833296402	-0.00403573865779825	0.00867817735941866	73	0.404400205232877	47	0.421146975574468	63	0.414562396238095
RGB.HN.30.Aug	0.700579550510348	0.861680736110806	0.937465231270958	-0.00309003056838816	0.00801565458730477	0.00127593054558504	0.00730865489339149	0.000562364051621154	0.00715072865432712	73	0.423192051520548	47	0.432788616638298	63	0.429360406253968
RGB.HN.5.Sep	0.440271774639836	0.978227169512959	0.860392618551135	-0.00656488659745784	0.0084771664175827	-0.000202188086403987	0.00739430575283988	0.00134190969296973	0.00761122450986213	73	0.373074243575342	47	0.378299276659574	63	0.374879280984127
RGB.HN.16.Aug	0.559013115467319	0.384015671183139	0.922848440327731	0.00757568402776131	0.012927434104173	0.010143093828354	0.0116126662329586	-0.00121029862713703	0.0124671065384519	73	0.741675432178082	47	0.768070950361702	63	0.764546299444444
RGB.LN.6.Jul	0.963013481926475	0.789319426663446	0.71070697388871	-0.000388980617806448	0.00836876705034639	-0.00217275462111736	0.00811499409940852	-0.00341252900316126	0.0091735541801701	73	0.312735176712329	40	0.3187664475	62	0.314431801612903
RGB.LN.23.Aug	0.0791055556293948	0.966159531218394	0.622935780701087	-0.0104029891424896	0.00587107386202554	-0.000231696589454106	0.00545091061407097	0.00298227068207514	0.00604685282265578	74	0.432977068918919	44	0.433429321590909	63	0.435588084920635
RGB.LN.1.Sep	0.275429395715791	0.652881195280562	0.938771821676805	-0.00906945955754407	0.0082754056871216	-0.0030279614987978	0.00671702519806967	-0.000546328752047218	0.00709488125843789	74	0.363866094594595	44	0.36901775	63	0.367169703968254
RGB.LN.22.Aug	0.0276359669649131	0.478531944700258	0.846077659061455	-0.0128692630861823	0.00576765164287067	-0.00392422584651167	0.00552173469092909	0.00118871066468902	0.00610785879082173	74	0.411899229054054	44	0.412813398863636	63	0.411209692857143
RGB.LN.12.Aug	0.0443531506947686	0.242777866959955	0.789117634922757	-0.0103145489778664	0.00507251456939066	-0.0063303146360961	0.00539518735478374	-0.00157253101441161	0.00586414946289356	74	0.48311980472973	44	0.488316442045455	63	0.484955323015873
RGB.LN.26.Aug	0.684589665824891	0.38348096634219	0.952724209948813	0.00454749169382768	0.0111661464395417	0.00811409333906768	0.00927946365525379	0.00059794749856455	0.0100610146028966	74	0.535310694594595	44	0.550530795454545	63	0.551217433333333
RGB.LN.3.Sep	0.936861831058843	0.21714959414121	0.549019185643448	0.00101778742524137	0.0128198895750597	0.0129057964768279	0.0104073177736974	0.00636349754721299	0.0105840929545716	74	0.499176850675676	44	0.507801955681818	63	0.514035993650794
RGB.LN.14.Aug	0.257889618972464	0.342812838916281	0.542176963620432	-0.00560586762715823	0.00492984008550041	-0.00481492372351127	0.00505743962914344	-0.00314175622707664	0.00513712130629781	74	0.363129482432432	44	0.368415173863636	63	0.363588976984127
RGB.LN.20.Aug	0.197168045110173	0.470990307584045	0.854620050033703	-0.00853885323750745	0.0065819850626801	-0.00434454288668376	0.00600947436399222	0.00119974623624166	0.00653130605576631	74	0.377617733108108	44	0.380897613636364	63	0.377272276190476
RGB.LN.30.Aug	0.208870942051934	0.928468693486349	0.824559842811644	-0.00741130787317525	0.00586389156546272	-0.000503940357741995	0.00560287407936323	0.00131518302869325	0.00591745249414543	74	0.392749624324324	44	0.397189317045455	63	0.396463971428571
RGB.LN.5.Sep	0.126460189640363	0.536376168730301	0.181154268539784	-0.0114079102673958	0.00740978975262612	0.00373249312080826	0.0060208832055017	0.0082405673866342	0.00612039275310059	74	0.347684647297297	44	0.345732226136364	63	0.352248773809524
RGB.LN.16.Aug	0.810185371342152	0.916366531864976	0.784617232497293	0.00257921666328559	0.0107132702929796	-0.000906077283364812	0.008611840371276	-0.00255035281583415	0.00930690399437863	74	0.728331688513513	44	0.742641678409091	63	0.738913396031746
NGR.HN.6.Jul	0.485257655319976	0.754401875384562	0.765195500098943	0.00524009637665233	0.00748377045604001	0.00223006682520126	0.00711329257275938	-0.00211362712673559	0.00705766030059333	73	0.142493426794521	44	0.1468298385	61	0.145446061622951
NGR.HN.23.Aug	0.410644937753554	0.581776892781187	0.763151848562588	-0.00576860492756576	0.00698573651740748	-0.00328474508584135	0.00594885909800091	-0.00194533447496865	0.00643876815613848	73	0.145717701493151	47	0.150655915531915	63	0.14690102831746
NGR.HN.1.Sep	0.392746109718038	0.889865653503879	0.810345348666617	-0.00595834622308851	0.00694547469556082	0.000878922032847154	0.00633485567774475	0.00149843578509061	0.00622828267418182	73	0.0872298516712329	47	0.089724243	63	0.0904743747777778
NGR.HN.22.Aug	0.312619890739581	0.721156866924774	0.94911399635089	-0.00565046818288644	0.00557139535918915	-0.0017227329379968	0.00481638011178212	-0.000319576789233229	0.0049955576003099	73	0.12233574269863	47	0.125731947510638	63	0.12308507915873
NGR.HN.12.Aug	0.257688463289249	0.113964640615958	0.392248295633845	-0.00680598141728708	0.00598321313255414	-0.00847108386024236	0.00532355547867955	-0.00505108707380646	0.00587958333133729	73	0.160210356479452	47	0.165671158510638	63	0.157930067063492
NGR.HN.26.Aug	0.298494214827558	0.871256933255911	0.874562701025529	-0.0102316978794475	0.00979679346617792	0.00144818301364449	0.00891848917291994	-0.00134441083983432	0.00849541491156152	73	0.143118206123288	47	0.146735085553191	63	0.146019893555556
NGR.HN.3.Sep	0.272487634623468	0.576570947341167	0.453403034210895	-0.0157136704028648	0.0142510099644733	0.00707840869550033	0.0126445026212186	0.00819986344488939	0.0108960761076771	73	0.165659400041096	47	0.164903608595745	63	0.173569106968254
NGR.HN.14.Aug	0.297378471209236	0.64875241551467	0.986405139812561	-0.00572486936275185	0.00546882647601045	-0.0021683323480568	0.00474941277914891	-8.88631160518081e-05	0.00520273275480062	73	0.109699284123288	47	0.115396368361702	63	0.113193420301587
NGR.HN.20.Aug	0.81080977237008	0.961061799100986	0.53670851390265	-0.00187561591024542	0.00781726643396533	0.000311294299106773	0.00636402783724688	-0.00424080093000696	0.00684181032552435	73	0.120719333972603	47	0.129167710212766	63	0.123638202
NGR.HN.30.Aug	0.465239385530438	0.727992992333627	0.940980654266168	-0.00473539797376986	0.00646304644339487	-0.00204799450586253	0.00587589676856367	-0.000420423673560415	0.00566495549603525	73	0.0992962754520548	47	0.105011461021277	63	0.10145945468254
NGR.HN.5.Sep	0.279279905172959	0.81157119140758	0.72248787906339	-0.00800207339713602	0.00736115169797559	-0.00153771516460256	0.00643716072297618	0.00238163381285819	0.00668829783025628	73	0.101316553082192	47	0.101283803085106	63	0.100757921380952
NGR.HN.16.Aug	0.410196752754758	0.901986137218908	0.807999185252382	-0.0119451793918948	0.0144516349226809	-0.00141641990668021	0.0114790641710819	0.00278224465032952	0.0114203492041553	73	0.372528954575342	47	0.363810925382979	63	0.373770656793651
NGR.LN.6.Jul	0.90148317444567	0.876660719294589	0.709896492716912	-0.000945560088504737	0.00762061475071076	-0.00103387181348759	0.00664827882665783	-0.0027900023729029	0.00747812075868192	73	0.130936717260274	40	0.135534682	62	0.131704565322581
NGR.LN.23.Aug	0.0479146424221944	0.496491547388953	0.908710103132891	-0.00976419469689908	0.00488244635094513	-0.00316096648013846	0.00463546984793402	0.000606773662036364	0.00527855093911664	74	0.114525772162162	44	0.112825963181818	63	0.113101571190476
NGR.LN.1.Sep	0.153399254612535	0.518859757436331	0.977617556940036	-0.00882096933027761	0.00613722837357259	-0.00304516836088501	0.00470777333564605	0.000148009270995358	0.00526258652680272	74	0.0750160176621622	44	0.0744433489090909	63	0.074997958952381
NGR.LN.22.Aug	0.0291434981078262	0.215023566530912	0.957565132848046	-0.00999207354040633	0.00452195183977122	-0.00525683553631699	0.00421945267499	-0.000262088862781101	0.00491352796413767	74	0.0951740398648649	44	0.0930373860227273	63	0.0918124521428571
NGR.LN.12.Aug	0.0444771833206287	0.163400824753941	0.700388231092345	-0.00881220193601523	0.00433626026968228	-0.00637581307015191	0.00454916181288013	-0.00201099558938475	0.00521143540438512	74	0.127820258243243	44	0.129134129318182	63	0.126513387857143
NGR.LN.26.Aug	0.798554904162068	0.874348066273399	0.935747651091539	-0.00163411070880844	0.00638773551301226	0.000870213391440675	0.00549220066051477	-0.000489703796902525	0.00605958590762058	74	0.110106532972973	44	0.114185194772727	63	0.114677798650794
NGR.LN.3.Sep	0.961387429199081	0.25218351181902	0.639052643603647	0.000463553471436927	0.00955385143300838	0.00921803749827723	0.00801501258175464	0.0039527960943347	0.00840252794155763	74	0.11265553472973	44	0.114904755227273	63	0.121349022111111
NGR.LN.14.Aug	0.269157141002349	0.285606096590003	0.528867090740407	-0.0046837002825171	0.00421779223657311	-0.00451077258562656	0.00420719663651853	-0.00273622875821519	0.00433017268263662	74	0.0782771108108108	44	0.0801449719318182	63	0.0769456773015873
NGR.LN.20.Aug	0.179811328817035	0.377243586260514	0.814320250949216	-0.00724864980186208	0.00537058104350168	-0.00431650459591862	0.00487205300670037	0.00129544337863932	0.00550164791872952	74	0.0896790457432432	44	0.0890279496590909	63	0.0880562164126984
NGR.LN.30.Aug	0.203528199847955	0.779968632453235	0.928399532344239	-0.00618352691564865	0.00483477428430075	-0.00126203020975372	0.00450836166808604	0.000448209472646646	0.00497562945484443	74	0.0716259033108108	44	0.0740728851136364	63	0.0733334864444444
NGR.LN.5.Sep	0.132813012384047	0.685635155691519	0.149725319776018	-0.00949284092416676	0.00626996014474711	0.0021462013042307	0.00529039048569178	0.00799599844603388	0.00550899934852706	74	0.0724031250945946	44	0.0669374375227273	63	0.0745360928888889
NGR.LN.16.Aug	0.777083782267091	0.690951757519261	0.982146423093587	-0.0034717508239841	0.012233134107976	-0.00413721525739357	0.010383609515828	-0.000250763563408089	0.0111783587623735	74	0.306194731081081	44	0.301227413636364	63	0.30626403968254
GLI.HN.6.Jul	0.469977217371814	0.616756066791754	0.944519807413826	0.00393028539303795	0.00542124469292428	0.00276344679965166	0.00550851529080695	-0.000393532667744872	0.00564081001342111	73	0.174299640547945	44	0.17804412475	61	0.177440213672131
GLI.HN.23.Aug	0.559092566223491	0.90381628614418	0.978367127726419	-0.00262981447035045	0.00448852363282454	0.000466473013638354	0.00385272622769003	0.000111927019326324	0.0041178717136276	73	0.230891427890411	47	0.235863106255319	63	0.234966883761905
GLI.HN.1.Sep	0.789759252368095	0.436991277288939	0.752506410095774	-0.00133220112209074	0.00498494427609928	0.00359572063339618	0.00461184742505516	0.00144196928258847	0.00456084104711616	73	0.17990822430137	47	0.184997434425532	63	0.185386521396825
GLI.HN.22.Aug	0.490761603482491	0.706110284490774	0.730324049369184	-0.00268104109801314	0.00387818283063997	0.00126723537608868	0.00335328725583085	0.00120812382426253	0.00349558374887726	73	0.218060605150685	47	0.222228909680851	63	0.221674679333333
GLI.HN.12.Aug	0.359746513232769	0.516323649553982	0.76063773371848	-0.00370772773255857	0.00403222693884693	-0.00235634370773869	0.00362075862690551	-0.00118983975842061	0.00389552752306959	73	0.257511278452055	47	0.263418765340426	63	0.260058468587302
GLI.HN.26.Aug	0.562493205530442	0.326731194536213	0.824331771017325	-0.00477991156729116	0.00822948448728263	0.00747140130958833	0.00758976575411766	0.00158980006569733	0.00714412946442317	73	0.281551683383562	47	0.28786675587234	63	0.290205389746032
GLI.HN.3.Sep	0.58337874063849	0.446128051970685	0.650801737654122	-0.00519244681070515	0.00944062971976167	0.00646976592721902	0.00846616981153588	0.00336632935301408	0.00741563907543056	73	0.26763490409589	47	0.273714069404255	63	0.276171279380952
GLI.HN.14.Aug	0.28639097024409	0.73191103105284	0.921429033023222	-0.00379212849485552	0.00354058079712833	-0.00105401794082111	0.0030701093906117	0.00032886021657244	0.00332614714788195	73	0.19498886360274	47	0.199553790404255	63	0.197975375079365
GLI.HN.20.Aug	0.910316590109261	0.577397694912041	0.614294968290742	0.000587502170652992	0.00520431666163991	0.00236187525375276	0.00422830928172544	-0.00228723881465059	0.00452506103636731	73	0.20051882439726	47	0.209017422212766	63	0.205431623269841
GLI.HN.30.Aug	0.65886133305584	0.922225432637381	0.947668219306835	-0.00185977736426434	0.00420160664897446	0.000374023524636011	0.00382362381230147	0.000245846153347637	0.00373669578465399	73	0.208632338109589	47	0.213377920042553	63	0.211571371412698
GLI.HN.5.Sep	0.423137487895974	0.937543515009149	0.877547834582757	-0.00358582381482378	0.0044607674649888	-0.000304740282589566	0.00388163097039962	0.000618310048499298	0.00400318422932113	73	0.184189311342466	47	0.18672817812766	63	0.184936054587302
GLI.HN.16.Aug	0.548888789628113	0.393371405836167	0.912063862842523	0.00399488344646267	0.00664482916824808	0.00509544948247954	0.00595023868334634	-0.000711164833118605	0.00642412834260128	73	0.370506967726027	47	0.384083930978723	63	0.382178420777778
GLI.LN.6.Jul	0.919188077396244	0.979362315324445	0.758386100949424	0.000507103619913625	0.00498656054164029	-0.000124816457190321	0.0048157814763749	-0.001683124470409	0.00545636087950262	73	0.164720179452055	40	0.1689332075	62	0.166547294193548
GLI.LN.23.Aug	0.0675000912326122	0.885715651097132	0.665873982445757	-0.00582034911240924	0.00315284094197367	-0.000419543061051592	0.00291337971470535	0.00141007843500863	0.00325596081500255	74	0.213897775	44	0.213925980681818	63	0.214940411111111
GLI.LN.1.Sep	0.24372678795999	0.628176301470697	0.974808950383574	-0.00505186749464663	0.0043110619439537	-0.0016816632251162	0.00346427760110538	-0.000116838545661735	0.00369098494710613	74	0.178703058108108	44	0.180750357954545	63	0.180143031746032
GLI.LN.22.Aug	0.0232860543232521	0.42419512604491	0.849183615686107	-0.00699717493354869	0.00304229048170835	-0.00231191439685074	0.00288393815278081	0.000614154761741245	0.00322147800084767	74	0.202747964189189	44	0.202709007954545	63	0.202013857142857
GLI.LN.12.Aug	0.0392364669290897	0.217778732276114	0.772382842432617	-0.00560350097149355	0.00268634316719903	-0.00350980596645708	0.0028342266778031	-0.000901673749344267	0.00310890899557896	74	0.238852099324324	44	0.241311206818182	63	0.239549741269841
GLI.LN.26.Aug	0.760747187271478	0.448880755914422	0.958275536672003	0.00177321128390156	0.00580929344518636	0.00365921355798321	0.00481763698309909	0.000275138072978484	0.00524607569602154	74	0.261540537162162	44	0.268474004545455	63	0.269011647619048
GLI.LN.3.Sep	0.97756056125938	0.240839031634507	0.551830313133351	0.000188717835801149	0.00669456214891343	0.00639124532452588	0.00542461314930418	0.00331802745391351	0.00555783558688218	74	0.244887622297297	44	0.248666548863636	63	0.252154578571429
GLI.LN.14.Aug	0.228178779479186	0.317409389527566	0.552795620632533	-0.00321098682873144	0.00265012172624274	-0.00270441851719067	0.00269472722090762	-0.0016382258432549	0.0027507821702149	74	0.177970056081081	44	0.180317303409091	63	0.177940425396825
GLI.LN.20.Aug	0.173420434207581	0.436578679007174	0.838619215347927	-0.00477876494345914	0.00348829339046712	-0.00246676187826655	0.00316107397166113	0.000705394074390667	0.00345475568610712	74	0.185734619594595	44	0.186984586363636	63	0.185312674603175
GLI.LN.30.Aug	0.180314696041305	0.872238838060071	0.80826292371769	-0.00421339015721362	0.00312537274559789	-0.000477840220365343	0.00296559166993721	0.000768585658336925	0.00315902558839647	74	0.191962322297297	44	0.193759052272727	63	0.193599396825397
GLI.LN.5.Sep	0.110540722778668	0.5842907632203	0.163670037081619	-0.00637923460859016	0.00396622900932758	0.00175931671513853	0.00320763897667209	0.00460358474731402	0.00328137338468182	74	0.170164867567568	44	0.168427228409091	63	0.172309276984127
GLI.LN.16.Aug	0.807813228358398	0.85294866254961	0.745634506502006	0.00134816693308076	0.00552937930628279	-0.000822486335236261	0.00442861292877683	-0.00156458758455382	0.00480995326529404	74	0.363884608783784	44	0.371206673863636	63	0.368993026984127
MGR.HN.6.Jul	0.475274783353485	0.80394536908369	0.706935480596395	0.00917466839831328	0.0128077687116296	0.00306029076932384	0.0123023950775296	-0.00460794903750004	0.0122210590981703	73	0.26319034130137	44	0.270161105068182	61	0.267353294868852
MGR.HN.23.Aug	0.40472618969154	0.576784101317038	0.767298994455968	-0.0115536118400103	0.013815319562553	-0.00658639374004938	0.0117721821092867	-0.00377480832201093	0.0127236197360396	73	0.290041464561644	47	0.299394610085106	63	0.292213934698413
MGR.HN.1.Sep	0.393857458059041	0.889208709043763	0.810302482967815	-0.0118497890676704	0.0138455493858194	0.00176267041672621	0.0126286748430854	0.00298716576828998	0.0124133620029638	73	0.174135541643836	47	0.179053007914894	63	0.180588156730159
MGR.HN.22.Aug	0.310380053961036	0.719396971926463	0.951687719282459	-0.0113019547937501	0.0110920996029727	-0.0034529499673851	0.00959046009006012	-0.000603781218000133	0.00994165415702256	73	0.244169782041096	47	0.250799426765957	63	0.24560797252381
MGR.HN.12.Aug	0.25425819422533	0.112417806836766	0.394890360426413	-0.0136133735991643	0.0118811470622036	-0.0168991451225504	0.0105741600779658	-0.00997743393062708	0.0116792400471105	73	0.319492261465753	47	0.330069041191489	63	0.314849721333333
MGR.HN.26.Aug	0.296997892267385	0.873702064699315	0.874440320709169	-0.0203629797342365	0.0194368607098769	0.00281740149674308	0.0176895543767254	-0.0026665026025837	0.0168332319138687	73	0.284953244150685	47	0.291872191212766	63	0.290587335904762
MGR.HN.3.Sep	0.272083238493712	0.576990543439657	0.452551907171249	-0.0312876019689393	0.0283512401402239	0.0140666173415454	0.0251555926474197	0.0163272657648554	0.0216549240832006	73	0.330201315410959	47	0.328574251553191	63	0.345909743301587
MGR.HN.14.Aug	0.293928801832108	0.646788246594246	0.992915456925734	-0.0114437207794385	0.0108537245536598	-0.00433174661449657	0.00943142883935928	-9.18816415442824e-05	0.0103232668694669	73	0.218611588452055	47	0.229713582531915	63	0.225493096285714
MGR.HN.20.Aug	0.808687894352862	0.963596550969397	0.536450556616867	-0.00376733146983681	0.0155240546596935	0.000577858397343079	0.0126368162288069	-0.00842711395168725	0.013587091592956	73	0.24056581060274	47	0.257211720319149	63	0.24630495831746
MGR.HN.30.Aug	0.464892285764163	0.726989203578832	0.942761967610552	-0.00944543595784107	0.0128814366411589	-0.00409848966174347	0.011713922854572	-0.000812522399119579	0.0112895941102817	73	0.198218809986301	47	0.209513943978723	63	0.202501337746032
MGR.HN.5.Sep	0.281121358151314	0.814913824311525	0.722457677103855	-0.015815828379705	0.0146051663661562	-0.00299616327325936	0.012773360873623	0.00472725506737238	0.0132739544326753	73	0.201617438424658	47	0.201510429212766	63	0.200549711746032
MGR.HN.16.Aug	0.406500477051015	0.895662524722767	0.805988937164767	-0.023867025984863	0.0286475483857891	-0.00298919220096683	0.0227492481057661	0.00556409019040456	0.0225976049445764	73	0.742009712	47	0.723990838978723	63	0.74406498531746
MGR.LN.6.Jul	0.822059955016895	0.779877519154366	0.68282536664739	-0.00303823298494717	0.0134766652115303	-0.0032771612194462	0.0117016888823869	-0.00535511281170035	0.0130662770877679	73	0.244653078082192	40	0.2515526925	62	0.244652433870968
MGR.LN.23.Aug	0.046869614249394	0.493148927797243	0.899555745014724	-0.0194615804963071	0.00968489324495232	-0.00632297519196521	0.0092007845868158	0.00132399652333781	0.0104632924318431	74	0.228049744594595	44	0.224336011363636	63	0.225094476984127
MGR.LN.1.Sep	0.15297434384909	0.51920235845412	0.974110379292775	-0.0176119482311148	0.0122408112660815	-0.00607013816445583	0.009392028364239	0.00034142362858226	0.0104946065503972	74	0.149790802635135	44	0.148568812931818	63	0.149742899603175
MGR.LN.22.Aug	0.0288667242989744	0.214662852022646	0.961956526617622	-0.019943023923352	0.00900942604129162	-0.0104886074693082	0.00841212940624292	-0.000467999158118176	0.00978753784718643	74	0.189961769391892	44	0.185569119431818	63	0.18321759047619
MGR.LN.12.Aug	0.0435487239646752	0.161822264370213	0.703874942436817	-0.0176046712966537	0.00862417117488661	-0.0127401429591741	0.00905579980993184	-0.00395163896213195	0.0103673154111885	74	0.254887292567568	44	0.257249289772727	63	0.25216733015873
MGR.LN.26.Aug	0.793388784864157	0.874661315209484	0.945561854255159	-0.00332899486394327	0.0126803042119337	0.00172564424493263	0.010918553514957	-0.000823836132578462	0.0120356845202279	74	0.219341856486486	44	0.227170964090909	63	0.228391711984127
MGR.LN.3.Sep	0.963034008979259	0.252488578287063	0.636754041608466	0.000883523139430319	0.0190211728839261	0.0183544988566129	0.0159694136229505	0.00792402104148852	0.0167293147466899	74	0.224653370608108	44	0.229069795227273	63	0.241999214365079
MGR.LN.14.Aug	0.266654947655482	0.283792182115947	0.531603788228604	-0.00936497397004304	0.00838917671061141	-0.00900556546420306	0.00836777769537409	-0.00540092551425017	0.00860432137202639	74	0.156080033648649	44	0.159640576136364	63	0.153361392301587
MGR.LN.20.Aug	0.177399746430024	0.375234211543397	0.809361894544076	-0.0144869257299082	0.0106735667938009	-0.00862345656533825	0.00969231244084043	0.00264431594897201	0.0109325286438446	74	0.178795795337838	44	0.177308281704545	63	0.175497274126984
MGR.LN.30.Aug	0.202704523769695	0.780191355070782	0.924174644053009	-0.012347286657263	0.00963638147823105	-0.00251467279328116	0.00899253327720988	0.000946291575283026	0.00991793323660225	74	0.142991348918919	44	0.147779473522727	63	0.146380709888889
MGR.LN.5.Sep	0.131184949258755	0.687090561151321	0.147038237558961	-0.0189441593544063	0.0124593707217816	0.00424592898782433	0.0105176767160719	0.0159760460114167	0.0109336167143315	74	0.144280688945946	44	0.13325798825	63	0.148491929777778
MGR.LN.16.Aug	0.76754154829056	0.688211973529049	0.989831973348051	-0.00720389383075241	0.024312481239831	-0.00831274309790529	0.02066990512023	-0.00028366539128387	0.0222041104474468	74	0.61009164527027	44	0.599528710227273	63	0.609926284126984
VARI.HN.6.Jul	0.498629225098561	0.844289572877015	0.666786702508893	0.00828558937048549	0.0122052159071003	0.00227351580985825	0.0115521020697655	-0.00488207402323867	0.0113052599830898	73	0.223503057027397	44	0.229709556227273	61	0.226998909704918
VARI.HN.23.Aug	0.314975910398792	0.48842855659551	0.814862600835206	-0.012581462837195	0.0124662115725819	-0.00740958100169105	0.0106647642988326	-0.00270623606375552	0.0115283301732979	73	0.25396054990411	47	0.257965967595745	63	0.253228446619048
VARI.HN.1.Sep	0.332967389828232	0.951576985225643	0.761998142391697	-0.012363077006118	0.012715961388892	0.000704064067382906	0.0115718206134629	0.00343514137504277	0.0113129647860609	73	0.155877660082192	47	0.157257359276596	63	0.160306406142857
VARI.HN.22.Aug	0.231740512424638	0.638354337554433	0.979113713631683	-0.0120928926619148	0.010058640367984	-0.00410122169874158	0.00870566634317621	0.000235347382477943	0.0089681707196085	73	0.21794491630137	47	0.220593562765957	63	0.217364355746032
VARI.HN.12.Aug	0.17382588450441	0.078997153562237	0.440550504595959	-0.014553067633733	0.0106343879372051	-0.0167686667195575	0.00947202019658947	-0.00812605646301157	0.0104960276143793	73	0.283741576287671	47	0.28851778787234	63	0.276917691904762
VARI.HN.26.Aug	0.218672265846358	0.99928289216251	0.896511631047686	-0.0210154936913627	0.0169914989879267	1.38736672375118e-05	0.0154069973802099	-0.00189993659013347	0.0145717884447462	73	0.246274869123288	47	0.246905238489362	63	0.247442073857143
VARI.HN.3.Sep	0.211128115351905	0.625257982055394	0.395075404277959	-0.0335714883903713	0.0266974685370233	0.0116315717715097	0.0237588182448362	0.0173320503186976	0.0202962720172629	73	0.303095172890411	47	0.295408436617021	63	0.314974152603175
VARI.HN.14.Aug	0.232915333803436	0.670299411131289	0.85389666498892	-0.0116987663000198	0.00975547727026342	-0.00364486982473738	0.00854202795956151	0.00172558582433221	0.00934756016901764	73	0.19201196669863	47	0.198679638510638	63	0.197710526111111
VARI.HN.20.Aug	0.717981003937616	0.993039843079571	0.589189411853165	-0.00523969218570519	0.0144723910066797	-0.000102437942262326	0.0117205369060508	-0.00682197055264007	0.0125941937470607	73	0.215004817808219	47	0.226628308234043	63	0.218689404285714
VARI.HN.30.Aug	0.374855184395368	0.654174664406455	0.974133902701179	-0.0103209543343692	0.0115851608067701	-0.00475140469565434	0.0105822294470503	0.000329957185172277	0.0101520919539946	73	0.175562809684932	47	0.182402980382979	63	0.177805328206349
VARI.HN.5.Sep	0.230766098372744	0.767765257488057	0.635934148771742	-0.0163529309259429	0.0135735022795112	-0.00354013421027052	0.0119634383501342	0.00593684192866002	0.0125045668353159	73	0.181000432575342	47	0.176866330723404	63	0.178466951492063
VARI.HN.16.Aug	0.306782239072895	0.774492608296548	0.741409867585056	-0.0304849805685085	0.0296962551108936	-0.0067610347277248	0.0235497538976695	0.00774713159041361	0.0234151623054632	73	0.714614309561644	47	0.683769030170213	63	0.709305043206349
VARI.LN.6.Jul	0.797468643227969	0.728556136154138	0.662822973562769	-0.00343038984820978	0.0133344026050832	-0.00389151715420325	0.0111890901011982	-0.00553459286469339	0.0126545662171236	73	0.207269629452055	40	0.21348209	62	0.206468441774194
VARI.LN.23.Aug	0.0393751190466972	0.451876095617636	0.812079540999982	-0.0185820701181513	0.00891472973658251	-0.00641252250421626	0.00849871748130742	0.0023036214381495	0.00966443421219427	74	0.193611856756757	44	0.185931416931818	63	0.188877379365079
VARI.LN.1.Sep	0.148428404090089	0.497304477282504	0.917498261291227	-0.0163303474911063	0.0112232382446133	-0.00582414645611185	0.00855712683913663	0.000998731776704094	0.00961775753783235	74	0.131538775608108	44	0.127972033659091	63	0.130490309365079
VARI.LN.22.Aug	0.0285083890213683	0.198106656721154	0.984110407319509	-0.0183694948773956	0.00827954373846127	-0.00997645548452835	0.00771292502789904	0.000179206633155578	0.00897610272309096	74	0.165321308445946	44	0.158349647386364	63	0.15765912968254
VARI.LN.12.Aug	0.0352869317470241	0.159103607223804	0.79141018014677	-0.0170605039414465	0.00800721003351877	-0.0120016529203089	0.00847518592147115	-0.00257986927617148	0.0097289482640554	74	0.219949067567568	44	0.217717754545455	63	0.215435215873016
VARI.LN.26.Aug	0.642894823148097	0.97062460047595	0.932660855173401	-0.00508965257496277	0.0109477499159184	0.000353359987231759	0.00957749346744405	0.000896518811021388	0.0105838397931792	74	0.183151767837838	44	0.184321545909091	63	0.188531593492063
VARI.LN.3.Sep	0.981314059988437	0.267704516427619	0.635407940106633	0.000410375740348166	0.0174825886997476	0.0166152115870635	0.0149274765604927	0.00748988500473699	0.0157497591798683	74	0.198095416283784	44	0.198816985681818	63	0.212381223333333
VARI.LN.14.Aug	0.228062484617671	0.303729348407568	0.660192970516692	-0.00913761435049436	0.00753964399324413	-0.0077693980702554	0.00752489360649405	-0.00341646695970806	0.00774822637667319	74	0.13244435277027	44	0.132272532954545	63	0.129048471666667
VARI.LN.20.Aug	0.172843844289312	0.374556042894451	0.748069295974417	-0.0135103758035165	0.00984866350180302	-0.00803719897667651	0.00902053316958998	0.0033006956640217	0.0102488212747429	74	0.154325596824324	44	0.149800331590909	63	0.150149234126984
VARI.LN.30.Aug	0.195942408193244	0.747936139841527	0.896616817163938	-0.0111754379760673	0.00859060527552543	-0.00257988535934212	0.00801121265846848	0.00116635135651791	0.00895398570196004	74	0.122851090675676	44	0.125026754659091	63	0.124771087634921
VARI.LN.5.Sep	0.137855936371368	0.711576807607814	0.135162607402342	-0.0170429963604952	0.0114045027045544	0.00365242241883703	0.00985712245276493	0.0154303203081098	0.010246023067203	74	0.125257493837838	44	0.112173094613636	63	0.12780046152381
VARI.LN.16.Aug	0.6872361893579	0.680091937466697	0.945929600514703	-0.0102067203904044	0.025286343144966	-0.00905402470629475	0.0219091653113868	0.00158754920593042	0.0233510017253715	74	0.56593912027027	44	0.545945435227273	63	0.561339357936508
VEG.HN.6.Jul	0.383305633876101	0.266036769627297	0.908909964515132	0.025386426139947	0.029004440713383	0.0316931937553787	0.0283714866260625	-0.00331597751505505	0.0289090675675952	73	1.68584304673973	44	1.70475124443182	61	1.71293348363934
VEG.HN.23.Aug	0.0316500854999768	0.452808536730943	0.318130580572122	-0.20159511872561	0.0926722461629498	-0.0663835896329042	0.0881602907339738	0.095699009182585	0.0954056110580618	73	3.7634796410411	47	3.43913230929787	63	3.62560348846032
VEG.HN.1.Sep	0.152703235677903	0.858105558846377	0.293644862599009	-0.18554136940657	0.128885896200891	-0.0210551303460436	0.117535347320485	0.123680835614972	0.117183723493505	73	4.04006159986301	47	3.6798789906383	63	3.92979154836508
VEG.HN.22.Aug	0.00961286249911078	0.482434265467184	0.14403500990255	-0.263829610326689	0.100181385396921	-0.066540185912294	0.0944636810417313	0.149761670824226	0.101746191627455	73	4.485600502	47	4.08882403846809	63	4.31117092520635
VEG.HN.12.Aug	0.0158156427025484	0.379474722033282	0.182489621149319	-0.287078117143546	0.117201175652215	-0.0968038727911416	0.109773992886612	0.152151436554869	0.113376327677995	73	4.83338364378082	47	4.3740173092766	63	4.6372032948254
VEG.HN.26.Aug	0.0595886535311096	0.681871224490164	0.425867386323486	-0.288773753221441	0.151775534955752	-0.054110587281493	0.131711634719701	0.107601937533148	0.134604592833379	73	4.67311548690411	47	4.25036501185106	63	4.49088895547619
VEG.HN.3.Sep	0.0386604497012287	0.681953479470244	0.217517208505471	-0.376301553007167	0.17989661418635	-0.0642290852333072	0.156384071384833	0.185073691191905	0.149180385306865	73	5.73447297776712	47	5.241622425	63	5.56782592279365
VEG.HN.14.Aug	0.0366527275033181	0.81844920661101	0.0909014785884085	-0.22319339528728	0.105565302746712	-0.0228901196888576	0.0995215221938119	0.171134767566995	0.100293660590739	73	3.62635705108219	47	3.28909405353191	63	3.54805624012698
VEG.HN.20.Aug	0.144119128018003	0.621246909300554	0.643025962704271	-0.164131073613492	0.111605128574459	-0.049973154931901	0.100903037955742	0.0521067009146222	0.112101871960088	73	3.87592211606849	47	3.60861935931915	63	3.77313801214286
VEG.HN.30.Aug	0.0206306366241913	0.22765565376165	0.171387243930124	-0.263865209497681	0.112421999960849	-0.127470518939535	0.105165003985283	0.15290713342933	0.111029620233674	73	4.33801263376712	47	3.9147726567234	63	4.14285861834921
VEG.HN.5.Sep	0.0640553508793781	0.351314312632351	0.337463378482335	-0.184663378514097	0.0987612471555123	-0.0864932208793526	0.092468678749738	0.0957170538899223	0.0993333618896838	73	3.65150057558904	47	3.31097581717021	63	3.49820546490476
VEG.HN.16.Aug	0.121818132998715	0.214773295991913	0.595979061020554	-0.387881302496561	0.248851204850153	-0.257918595332596	0.206899752268225	0.120532512050317	0.226644621185833	73	8.33566588832877	47	7.40369027910638	63	7.80176543966667
VEG.LN.6.Jul	0.989816230409895	0.499910400687362	0.998588481958265	0.000436826427973496	0.0341446879963715	0.0202630660404541	0.0299517649690247	-5.98334963122195e-05	0.0337348266760452	73	1.63957452054795	40	1.665257275	62	1.66676538709677
VEG.LN.23.Aug	0.0544878521535322	0.812361513012901	0.100833629940152	-0.207905090779201	0.106994970898609	-0.023709798054591	0.0996812681843553	0.158189611846411	0.0955360417297999	74	3.27301592567568	44	2.889009375	63	3.13636466666667
VEG.LN.1.Sep	0.16790347434743	0.850657847774551	0.144668043166145	-0.186994201502847	0.134733494121492	-0.0219020808469221	0.11609978995469	0.176605684458137	0.120148496690947	74	3.78455752702703	44	3.38332128409091	63	3.66715881746032
VEG.LN.22.Aug	0.0611164012995783	0.542464242325264	0.191777016294064	-0.220180294934058	0.116404512558855	-0.0643775859499436	0.105420222278732	0.141192945155028	0.107448698787158	74	3.82430422972973	44	3.40346535227273	63	3.626632
VEG.LN.12.Aug	0.0703516577317496	0.638347746274656	0.212697249444114	-0.23839665554904	0.130491262128632	-0.0579776587053474	0.123068976292699	0.146627204102656	0.116924738306918	74	4.08143488513513	44	3.65237081818182	63	3.91092180952381
VEG.LN.26.Aug	0.242659616829402	0.824927804924827	0.1030030734548	-0.15069773613938	0.128306792650977	0.0265274509601778	0.119680955210963	0.198426133685661	0.120607755483003	74	4.06212510810811	44	3.66006170454545	63	3.98933100793651
VEG.LN.3.Sep	0.433100609304069	0.787540083328557	0.370831962573427	-0.125216476819983	0.159165466332556	0.0403355661226943	0.149360843223256	0.142578888193372	0.15861781313743	74	4.71706510135135	44	4.32084376136364	63	4.6224979047619
VEG.LN.14.Aug	0.082329781675804	0.8759678986079	0.101468591065184	-0.181497398893976	0.103540727059632	-0.0149633962841094	0.0956826099425744	0.143702640036785	0.0869506598009869	74	3.05085446621622	44	2.68885989772727	63	2.92719464285714
VEG.LN.20.Aug	0.0888198296824667	0.666717517261822	0.157405686923599	-0.176905891277026	0.103065000264201	-0.0423646892429398	0.098151415539218	0.145783785374602	0.102353143861371	74	3.27661336486486	44	2.91711557954545	63	3.14607648412698
VEG.LN.30.Aug	0.128003697756776	0.713643080783908	0.207838591247342	-0.154225610066131	0.100585888845214	-0.0358827937092397	0.0975718894444832	0.131745350328401	0.103935577606603	74	3.62801202027027	44	3.27715926136364	63	3.49503197619048
VEG.LN.5.Sep	0.0841430716367134	0.72011358544586	0.0494359582975739	-0.203826329360779	0.11697407758122	-0.03963162393682	0.110371799421457	0.203150914919703	0.102163122421617	74	3.19370301351351	44	2.74288048863636	63	3.05124801587302
VEG.LN.16.Aug	0.135780750514945	0.516989829790566	0.300553715555173	-0.376313263673501	0.250473103987645	-0.148851467299283	0.229094199567869	0.222172057679937	0.213518091410771	74	7.11967624324324	44	6.26281893181818	63	6.70964302380952
Woebbecke.HN.6.Jul	0.551889400921412	0.413463278729267	0.366301828856541	-0.111467215787514	0.186795523763926	0.140983277816881	0.171832899996125	0.161391042558359	0.177833047741721	73	3.82823846813699	44	3.76759904754545	61	3.91856170826229
Woebbecke.HN.23.Aug	0.647196298309338	0.794067809307299	0.278154606346742	-0.347589668093009	0.757496673939986	0.168736481659554	0.645104008201926	0.704329750522025	0.646101445702703	73	11.3346165929589	47	9.81324366765957	63	10.904533289254
Woebbecke.HN.1.Sep	0.652851829230531	0.686299736791735	0.497678717359734	-0.555499597816998	1.23175594108752	-0.457344203958683	1.12985991075298	0.755497682845306	1.11019150943113	73	19.1483425369863	47	16.5885814517021	63	17.9362721420635
Woebbecke.HN.22.Aug	0.872457905598601	0.650979365876091	0.256877044043838	-0.140946007044664	0.876008893734266	0.340789859064981	0.751559039206711	0.8840799409905	0.775503704615115	73	15.9311709569863	47	14.2234646748936	63	15.5587895338095
Woebbecke.HN.12.Aug	0.896071577537789	0.106533656117176	0.114780597230355	-0.113065399317063	0.863657431321028	1.28030906262423	0.787808742325156	1.4178375904852	0.891570745267129	73	13.8780438443699	47	12.261852171617	63	14.180124870873
Woebbecke.HN.26.Aug	0.486158127139196	0.991264256743039	0.185656357223939	-0.712891497595139	1.02033003991148	0.0100245540947507	0.913834792037308	1.19922368802712	0.900136758157268	73	20.7302850332877	47	18.1080716640426	63	19.854100335873
Woebbecke.HN.3.Sep	0.877090433287269	0.248241700802984	0.946679501357527	-0.189098159087204	1.21996206256814	-1.23509269643751	1.06492314564325	0.0664655431403187	0.991471232342503	73	21.3298875164384	47	18.9869048597872	63	19.4388968819048
Woebbecke.HN.14.Aug	0.695095200922015	0.439866703866753	0.188698984211313	-0.373372054821368	0.950214201124353	0.654100919361857	0.844242361063737	1.12795854966223	0.852556247434281	73	12.969041318411	47	10.8838945585745	63	12.5454398863016
Woebbecke.HN.20.Aug	0.604750270430942	0.875299104215573	0.183749481087147	-0.453532853995222	0.873840136351005	0.123500021095687	0.785431979264053	1.03822653971096	0.775887148250168	73	13.3449691499315	47	11.1872339114255	63	12.7894134672857
Woebbecke.HN.30.Aug	0.522893342014348	0.75741212589132	0.407272185926891	-0.80008346532348	1.24846683487476	-0.341592230204059	1.10359265078896	0.923264451746181	1.10963353343679	73	20.2742444319178	47	17.0890307493617	63	18.7673500957143
Woebbecke.HN.5.Sep	0.615644021007501	0.215056732354579	0.804174491784729	-0.549222289027969	1.09101964077448	-1.14209947388282	0.916750674960471	0.208211428525062	0.837617557881826	73	16.5131481413699	47	13.8739043209787	63	14.8051552364603
Woebbecke.HN.16.Aug	0.822506018575974	0.356318493664549	0.821838225545365	-0.174519449917198	0.776208395410667	-0.625538588959031	0.675766848122298	0.128502878105866	0.569237947892311	73	10.8755655513699	47	9.83074239453192	63	9.85785133149206
Woebbecke.LN.6.Jul	0.577954909667185	0.227051332901257	0.38030949392216	0.110355065762442	0.197745830580613	0.205858277593038	0.169607967104886	0.161451664475401	0.183187705812875	73	3.93775950684932	40	3.94073985	62	4.13344379032258
Woebbecke.LN.23.Aug	0.994643553941953	0.467531723336398	0.183895143465325	-0.00365393727162647	0.543075601058193	0.402839177697823	0.552888228092425	0.731383627586931	0.546653923829623	74	12.3045437027027	44	10.8336173295455	63	12.023938484127
Woebbecke.LN.1.Sep	0.704479341134487	0.972757070531245	0.47334451328576	0.478260224032452	1.25777750209649	0.0361772460317379	1.05733806314636	0.687879437016941	0.955762393890102	74	20.2540713986486	44	18.0625808295455	63	19.2488787063492
Woebbecke.LN.22.Aug	0.582369459055157	0.263777092612544	0.256516850854993	0.386345487107774	0.700516373485976	0.808179246931771	0.720117231491566	0.842412058612461	0.738271403128361	74	17.0293992837838	44	15.4199115909091	63	16.8082425793651
Woebbecke.LN.12.Aug	0.696408872058825	0.157136378795915	0.145368506602962	0.260297636607547	0.665435152803997	1.01133718646942	0.710778751150898	1.05644946992873	0.71999075320109	74	15.0488207297297	44	13.3475335113636	63	14.9421829126984
Woebbecke.LN.26.Aug	0.303284134275225	0.780025254504037	0.0817301228116947	-0.793003209305204	0.766832270398974	0.204498924855726	0.730726382542088	1.2480173675408	0.709867021523188	74	20.9258474324324	44	18.1732358181818	63	20.0473826031746
Woebbecke.LN.3.Sep	0.689381705098527	0.135720218708187	0.760081674174861	-0.437451906400535	1.09166021085526	-1.33058392527335	0.886411048599747	-0.26020138155952	0.84979484471781	74	23.4546014797297	44	21.1101270454545	63	21.329768968254
Woebbecke.LN.14.Aug	0.707511571638476	0.188160766883668	0.0427044067111807	-0.313524977236448	0.833513193195216	1.07535881023379	0.812889075403647	1.54431344195044	0.752490208904787	74	14.6173655135135	44	12.3367336477273	63	14.5323373650794
Woebbecke.LN.20.Aug	0.822823010629553	0.299384676661361	0.320539923255879	0.150136538315215	0.668948926361875	0.681452636178746	0.654078090248872	0.65566420930934	0.656840197746314	74	14.3503046081081	44	12.7086517159091	63	14.0693638015873
Woebbecke.LN.30.Aug	0.608367399702864	0.614460537141043	0.345024986917673	-0.528498139132358	1.02852724374581	-0.491011682663648	0.97246424889409	0.833619251435624	0.878713633507545	74	21.2373231689189	44	17.9055472954545	63	19.5416738095238
Woebbecke.LN.5.Sep	0.593669296296693	0.548236859112692	0.933057960661409	0.51386878310153	0.960419575284922	-0.49655969204853	0.824912103084385	-0.0673780306968418	0.800160296455102	74	17.2562307567568	44	15.1966517613636	63	15.8566717460317
Woebbecke.LN.16.Aug	0.47492920131224	0.631937781421271	0.642731231655171	-0.41992661533125	0.585772296244046	-0.238441736279897	0.496630990643376	0.243604651717268	0.523578989058844	74	11.400713722973	44	10.0660094772727	63	10.4500468888889
