trait	p12	p13	p23	eff12	std12	eff13	std13	eff23	std23	Nhap1	hap1	Nhap2	hap2	Nhap3	hap3
HN.B	0.0856374801852707	0.81197259630003	0.190621650307225	-1.09880587627993	0.635519864918933	-0.212348871408639	0.890668247611239	0.977963171321301	0.743166748482851	84	17.7005095036905	90	15.8944465255556	39	16.7065647805128
HN.Ca	0.986193320050919	0.161840314170553	0.284497353867317	-0.000174588559594609	0.0100749185940591	0.0203883255292779	0.0144868464882417	0.0137497844212585	0.0127940047877545	89	0.406868651539326	96	0.410352530208333	39	0.43286738548718
HN.CHL	0.68872226495488	0.563580171021719	0.409151766116274	-2.23858182816856	5.57931310252241	-4.47335486969069	7.72499175146112	-5.42895841380595	6.55683966096391	89	399.144474462921	98	399.553504803061	41	400.124138253659
HN.Cu	0.499139134423881	0.651003901746829	0.900360373861632	0.235873401723682	0.348287291102862	0.241173588530279	0.531820624448716	-0.0503766279474366	0.401564428269322	87	11.4052668537356	95	11.6526140860421	40	11.396602785125
HN.DW	0.157170115445215	0.0240097228140503	0.00670365515488614	0.281261500709008	0.197972407171221	-0.648363439745801	0.283656076140479	-0.670070240404344	0.243120913042514	87	7.02392501611494	94	7.57067072571277	39	7.04267091017949
HN.Fe	0.280982196545178	0.66787906139164	0.483586081362361	0.987858530763516	0.913545927778937	0.556796972876937	1.29464025987245	-0.859528870424389	1.22355424402085	88	101.034225200341	98	101.963685569796	42	101.321692047143
HN.FW	0.133324146408833	0.045957240658727	0.0226958623092242	1.56772134757686	1.03942790697283	-2.84368145558517	1.40993001438743	-3.07108339711923	1.33155264456474	84	29.7632764190476	93	32.7995563515054	40	30.1320981915
HN.K	0.440404864721579	0.945125971647402	0.515052595179202	-0.0247085149691558	0.0319560204247672	0.00329016371740661	0.0477070046321977	0.0243931575300562	0.0373720678803863	89	2.32478888220225	98	2.31540533443878	42	2.29604306352381
HN.LA	0.436953834956865	0.0236948163572317	0.0385810003513922	24.0334936527058	30.8491919104168	-94.4832057003156	41.2623130956285	-80.1016564720755	38.3436564169073	89	1210.51616601685	98	1270.86517894184	42	1209.35958503095
HN.Mg	0.464527790475423	0.00473933773102793	0.0131662553621537	0.00409618762943164	0.00558844926229838	0.0266355452299623	0.00926061525617996	0.0197857636631912	0.00787344798458812	88	0.202397870193182	97	0.205155467505155	41	0.220041130804878
HN.Mn	0.45275082488717	0.0600707371230932	0.303019728735764	1.97951539778363	2.6300114532402	8.28760133168821	4.36263831563147	3.82666588719071	3.69919868905689	79	71.4259418240506	87	74.9248153054023	37	76.9354282978378
HN.N	0.624016813506977	0.339515455507119	0.315620981116983	-0.0078163554944642	0.0159190544669504	0.022082013097258	0.0230318310601594	0.019273523711995	0.0191344371910588	89	2.82286036626966	97	2.80705828746392	42	2.82334852366667
HN.P	0.383772589482876	0.20732298241106	0.11041918149859	-0.00337465510283559	0.0038652000568	0.00714150037913748	0.00563419866887446	0.00724805640201437	0.0045106654541097	88	0.300785242545455	98	0.294857470112245	42	0.299487936238095
HN.S	0.754368147859929	0.0943632019256567	0.108206560946667	-0.000592160310029245	0.00188969792652963	0.00434302696679882	0.00257651157699228	0.00385845335878758	0.00238601994021809	88	0.184662267022727	97	0.183446102793814	42	0.18596493047619
HN.Zn	0.0678727893620058	0.0542797864192509	0.00857027671819897	-1.69256242197874	0.920875786369477	2.72856065233717	1.40360373346175	2.95162435684999	1.10449859374122	83	28.7565694491566	86	26.4702451977907	40	28.1364008185
LN.B	0.137711755293769	0.948126205120606	0.594100385230086	-0.546972711842375	0.366721843947249	-0.0337277637547129	0.517326446946888	0.228208809528238	0.427110504411567	85	15.0413644765882	87	14.3347640773563	40	14.480794458
LN.Ca	0.913153853223962	0.00115612602458328	0.00366595537964261	0.00103957822975109	0.00951812381510446	0.0545161456884273	0.0163770693356877	0.04226350295996	0.0142799438485031	85	0.322986466105882	93	0.323052103365591	41	0.366237887365854
LN.CHL	0.240925582272625	0.759222854954249	0.212697615250485	-5.70615916408503	4.84951033291873	2.31991398701774	7.55246733718515	7.05785555513181	5.63577541927988	88	284.600476776136	93	276.226231560215	42	286.102057378571
LN.Cu	0.672404635522184	0.459171115838684	0.802835293728311	0.100171160396694	0.236436159243123	0.243912007130967	0.328324843230616	0.0787067952226922	0.314484662940349	76	6.74730437836842	81	6.74918404620988	36	6.66117674997222
LN.DW	0.745672675409667	0.279360723020332	0.718124870828704	0.0482143526898282	0.148411640021903	-0.217426185334434	0.20008486249243	-0.0660129121639585	0.182487266913921	83	5.82103280203614	95	6.0135656895579	42	5.96737425852381
LN.Fe	0.514671658055081	0.887421825614226	0.995119666588748	-0.642734228563594	0.984449829050199	-0.189991234805809	1.33934269066217	0.0075554318919665	1.23287295647555	89	75.6275008439326	94	74.6339462040426	42	75.0798604833333
LN.FW	0.675239937468257	0.383169291482905	0.802221630162284	0.288372403254253	0.687137809190123	-0.801032539447647	0.915253406385606	-0.218240606584031	0.869548454782998	86	23.5941919486046	94	24.5965681667021	42	24.2583056933333
LN.K	0.69216510134867	0.666494649422193	0.797631148453806	-0.0132026545022221	0.033293344640909	-0.0195733472802547	0.0453108252506466	-0.0106715445800269	0.0415351041813285	89	2.21775767913483	96	2.23552444078125	42	2.17843096502381
LN.LA	0.986374671543275	0.0993695291809379	0.548891959784588	-0.420951641088585	24.6144758486679	-55.4503562189154	33.3946119107798	-18.6587409829544	31.0484202709591	86	1066.4095739186	96	1091.16497425521	42	1068.46345828095
LN.Mg	0.289390231625462	0.000764156003560881	0.0138351623770498	0.00557481076400864	0.00524616023153553	0.0306328739417219	0.00887648599300623	0.0196756909939272	0.00788653753406521	87	0.151480123482759	95	0.154542516684211	42	0.169639989238095
LN.Mn	0.191828477950321	0.000998815584760653	0.0359534947039602	2.96093914874314	2.25850190045163	15.619801804526	4.61435084420555	8.98056951216747	4.23052701344923	75	52.8443299492	82	55.597388179878	36	61.5602841816667
LN.N	0.481893609988995	0.174861652665156	0.0803118932367471	-0.015673103974134	0.0222382276716809	0.0445228930606743	0.0326294533247436	0.0477177089688331	0.0270667550025641	88	2.018511502375	90	1.98456468046667	42	2.02733620530952
LN.P	0.485438697906918	0.280335143295529	0.151824161015943	-0.00277784673604343	0.00397379560943174	0.00599059573854635	0.00552484643529989	0.00690726097676199	0.00479165218882567	88	0.298770521965909	95	0.294992698747368	41	0.301556635073171
LN.S	0.928806536290725	0.045833312120789	0.15775446279936	0.000274440310899405	0.00306722017930619	0.00912370281585194	0.00452256849733895	0.00579781290643292	0.00408070390378507	86	0.158663934348837	94	0.155524914989362	42	0.161876876666667
LN.Zn	0.308371131241	0.634132972241689	0.47884497266756	-0.913304627430243	0.893301161949701	0.625285000891449	1.30965776383497	0.692068843251405	0.973815828507984	67	21.8534452397015	77	20.6577124263636	34	20.9970840544118
HN_LN.B	0.486728132407405	0.819880843908451	0.390547795363962	-0.0278324144515017	0.0399208325062848	-0.0111415507555764	0.0488174578209016	0.044591164824103	0.0517300924792202	81	1.17836843298765	79	1.11741402667089	37	1.14620386602703
HN_LN.Ca	0.978499944668546	0.0402259124994021	0.0399642176918749	0.000910690101973862	0.0337429571798454	-0.104842290184244	0.0505480941257891	-0.0973280836067357	0.0468874465221012	85	1.27824078694118	91	1.29605478431868	39	1.20894358607692
HN_LN.CHL	0.431837359799029	0.547705707973006	0.0691972700716116	0.0190159282995868	0.0241364363720467	-0.0221821524269452	0.0367951300642319	-0.0498193180705471	0.0271896901615599	88	1.41492744001136	94	1.45751851746809	41	1.41322709239024
HN_LN.Cu	0.345292436375042	0.330719803683971	0.779979833045364	0.045908601583442	0.0484879665457106	0.0760670785058224	0.0778354166552698	0.0186256737485633	0.0665083864704719	74	1.66836146874324	78	1.74052912858974	34	1.76403868223529
HN_LN.DW	0.306662913243732	0.1638942080267	0.0134448542911254	0.0318847556003292	0.0310952948693797	-0.0658726656825548	0.0470169017729153	-0.0971225856951397	0.0387345620119079	81	1.21411839688889	91	1.27397805627473	39	1.19554177161538
HN_LN.Fe	0.182387659124947	0.624243874271126	0.624592372431942	0.022175955079465	0.0165653832036635	0.0121137844634029	0.0246685601231487	-0.0106918998394662	0.021797435821131	88	1.34175067578409	94	1.37124084130851	42	1.35562705842857
HN_LN.FW	0.213934374983574	0.154779659530693	0.0135381611912411	0.0452141027334197	0.0362408388724326	-0.0742129815686939	0.051817963277137	-0.111558851355496	0.0445377242975721	81	1.26606073546914	90	1.34422580983333	40	1.260455443975
HN_LN.K	0.796611122374971	0.542278277025142	0.384154247794202	-0.00328364826149149	0.01272152595869	0.0109135917433252	0.0178608787073135	0.0139722574903564	0.0160021003077728	89	1.05147622602247	96	1.04119751185417	42	1.05886786854762
HN_LN.LA	0.484778571692664	0.349096734417577	0.0519992470278622	0.0153449440821903	0.0219179435241742	-0.0304614302252871	0.0324082614956893	-0.0525118273984429	0.0267816532531234	86	1.14223105539535	96	1.16752182304167	42	1.13791153364286
HN_LN.Mg	0.894169956227299	0.112407033199208	0.347200558493183	-0.00474263592265537	0.0355994759133137	-0.0766134467041267	0.0479161483541585	-0.045754438247002	0.0484969114243952	87	1.36699348022989	94	1.37036846912766	41	1.32283039814634
HN_LN.Mn	0.591191898892138	0.274899970908377	0.370006062367553	-0.0290126149309657	0.0538910684602366	-0.0952171875300548	0.0867146421699776	-0.062996098620455	0.0699518829310316	71	1.38253300609859	73	1.39024950243836	31	1.32805711125806
HN_LN.N	0.723936498932939	0.430231664631426	0.273013375348761	0.005267449141888	0.0148890222238743	-0.0175428556024104	0.0221679197049946	-0.0206066251215469	0.0187169808048694	88	1.40501717682955	89	1.41822668875281	42	1.39922233004762
HN_LN.P	0.851998484587639	0.613165050232815	0.850369657364973	0.00208813626800287	0.011175945546344	0.00828006865751865	0.0163362164385677	0.00263118308356371	0.0139201289564063	87	1.00654929886207	95	1.00234222413684	41	0.997111972121951
HN_LN.S	0.857500294789886	0.423039001896792	0.806954222000035	-0.00345814171455204	0.0192305788546095	-0.0242624988084583	0.0301823385822029	-0.00584489651808662	0.0238707774235674	85	1.17555200108235	93	1.19192051721505	42	1.16770092207143
HN_LN.Zn	0.351688392204575	0.258759548533749	0.116126082136167	-0.0435336743600733	0.0465695229433966	0.0833890437004369	0.0733829407671098	0.0828817946814038	0.0522726325317172	63	1.35825217519048	67	1.30239581873134	34	1.34175522720588
G_N	0.277153722296831	0.0730819544744804	0.15129712079112	-0.0885623553580095	0.0812035066953685	-0.221682869567063	0.12246773804406	-0.161847332117213	0.112038210185073	75	3.35213333333333	83	3.14927710843373	37	2.96621621621622
G_CHL	0.837696001347879	0.811440041181342	0.729467550548637	2.81937611424735	13.7401294758795	4.73834069919789	19.8125399754857	-6.45055075131228	18.6064070496524	75	516.041333333333	82	501.604878048781	37	488.87027027027
G_FW	0.21246076082248	0.0938986675845178	0.859540971214571	-3.03179291204844	2.42138830381289	-5.78125602981788	3.42043107948512	0.585271362575629	3.29992047994837	75	32.3726666666667	82	32.815243902439	37	35.0121621621622
G_LA	0.144323665445452	0.120372828551742	0.794875120883603	-130.728255253383	89.0861851814611	-194.711671224907	124.361181841481	32.9499090935179	126.441151961141	75	1315.88229733333	82	1310.49365853659	37	1412.21237837838
G_DW	0.15313622835258	0.255357831439354	0.538002973834663	-0.696659099156099	0.485248586023355	-0.791474422752472	0.69211396759754	0.4049262283071	0.655552525027895	75	7.6028	83	7.49216867469879	37	8.32945945945946
G_LWC	0.919413750479101	0.260081746770708	0.440045548681478	-0.000623227754706168	0.00614984101889141	-0.0111246231894787	0.00982568014216637	-0.00579316903286554	0.00747671763745066	75	0.758181333333333	82	0.76465	37	0.756713513513513
G_Thickness	0.287202452234551	0.191675274025505	0.435072484914478	1.73824953509528	1.6275361447221	2.92796898753728	2.2283826964434	1.69673457082324	2.16612320733526	75	58.3401333333333	82	58.9676829268293	37	60.4310810810811
G_P	0.788687581723806	0.346094835514796	0.386065316894904	0.00725422581920647	0.0270190967336695	-0.0334313396869227	0.0353260596529077	-0.0294107503283179	0.0338020748583658	75	0.4568	83	0.440843373493976	37	0.399459459459459
G_K	0.96851251070126	0.620015442793399	0.452178222115511	0.00392228649912819	0.0992014070893533	0.073580072476374	0.147966562816675	0.103047193393436	0.136603111229067	75	2.5528	83	2.52831325301205	37	2.51918918918919
G_Mg	0.708172839609095	0.699477000567713	0.850614309593665	0.00823181038548086	0.0219509472766921	0.0109937039253236	0.0284027470561599	0.00544647858393697	0.0288541184491035	75	0.2632	83	0.26710843373494	37	0.248648648648649
G_Ca	0.724577750120134	0.97793681025996	0.437141638536282	-0.0230673196034931	0.0653473678082001	-0.00255040667642241	0.0920047753928517	-0.0626426209510611	0.0803371115288347	75	0.823733333333333	83	0.774819277108434	37	0.663243243243243
G_S	0.895654128419673	0.521643311757043	0.374621173053714	0.00342017843380401	0.0260344288237216	-0.024447839621039	0.0380255172768313	-0.0265999560625905	0.02984349029922	75	0.383733333333333	83	0.347590361445783	37	0.303513513513514
G_Na	0.453823563513406	0.882120971616962	0.568447568695816	0.000139178813430603	0.00018533180329843	4.07832242108241e-05	0.000274384023728372	-0.000138017106514254	0.000241294372382215	75	0.00169333333333333	83	0.00189156626506024	37	0.00181081081081081
G_Fe	0.594553895785396	0.41977580188557	0.353448040268266	2.08262700777716	3.90468329057091	-4.81869458500059	5.94949172592912	-4.51853347304989	4.84981925439315	75	97.08	83	96.6746987951807	37	88.972972972973
G_Mn	0.892259477537753	0.607271044886721	0.733229353490273	-0.973510795337022	7.17551049292261	-5.55240507660809	10.771029271322	-2.68881447272602	7.86982529417999	75	63.9466666666667	83	55.6987951807229	37	42.7837837837838
G_B	0.728183428640614	0.589039161121321	0.572784551284564	-2.69183253397489	7.73114693389174	6.87080976782411	12.6799642893974	4.42019672097427	7.81540296661178	75	71.2533333333333	83	58.6626506024096	37	48.8918918918919
G_Cu	0.653150694859941	0.552211313400783	0.306584909664265	-0.457507886935228	1.01606690979083	-0.96788166987511	1.62305160658058	-1.0550055685609	1.02728875321086	75	13.3733333333333	83	12.1084337349398	37	10.2432432432432
G_Zn	0.569625539055408	0.619650960479555	0.391386991507356	-4.75980250099412	8.35295242321647	-5.90684238232128	11.8660441056221	-7.91321221440727	9.19768088345188	75	98.32	83	84.5060240963855	37	64.1081081081081
CobDiameter	0.184929739173567	0.595428175025531	0.471529150627063	0.464817155914318	0.349461639465337	-0.239138418227522	0.449384885921524	-0.305694370143872	0.423584827232283	100	25.223824034	115	25.6604002169565	52	25.7069333605769
CobWeight	0.135293617454917	0.465684939600418	0.529989368824431	0.866402693545992	0.577865510699368	-0.511025582522105	0.698672748039117	-0.457208902558915	0.726447740329784	100	15.54735083845	115	16.1748838774609	52	15.8060899483269
DaystoSilk	0.679775768130037	0.0655637312712785	0.673540221770146	0.372903331093209	0.902160409634619	-2.47989217460979	1.33669089526322	-0.464347572464533	1.10019119172363	100	77.2725958726	115	80.1089079926087	52	80.5872472155769
DaysToTassel	0.541914806514811	0.0843245895303273	0.59301357792642	0.519693665297901	0.850677203773948	-2.15853088018085	1.24204214362859	-0.560405889174559	1.04643887401388	100	75.6471789137	115	78.7175334514783	52	79.2158748136538
EarDiameter	0.564493527582768	0.36838495482933	0.881903436387049	0.272661879751921	0.472469668468221	-0.546442124991712	0.605624638038077	0.0807027970277556	0.542384205949079	100	36.5904325498	114	36.7227321646491	52	37.2788746117308
EarHeight	0.600999989753301	0.239198542778206	0.911109593775648	1.1392570051108	2.17516406392513	-3.32253926795057	2.81145400339724	-0.307935889913776	2.75401009897239	100	61.4372202207	115	65.3519676629565	52	68.4445536517308
EarLength	0.39850691968033	0.395145951985197	0.727937833795711	1.8428918160395	2.17831851904189	-2.49790392634418	2.92898956617347	-0.905587472371007	2.59873464710055	100	128.3105686231	115	128.317518991565	52	126.395117049423
EarRankNumber	0.0203983356334359	0.563204002105667	0.760044898903662	0.728954183377576	0.311880085671205	0.243963342970618	0.421032928424381	-0.119869438403016	0.391788935336586	97	21.1284116818557	111	21.6606545694595	51	21.4026338607843
EarRowNumber	0.013242041555815	0.579106677912078	0.651536248118887	0.511467308609156	0.204708836116134	0.162881262912012	0.292990959318658	-0.118463158473522	0.261811768275993	100	13.2428990997	114	13.5564571192105	52	13.7170581619231
EarWeight	0.139331550652224	0.121740397126693	0.466934133434598	3.18340491438502	2.14523934551611	-4.14905210605183	2.66552922418961	-1.96998398865051	2.70150027661593	100	64.3061121303	114	65.7972169101754	51	64.6758731280392
GDDAnthesis.SilkingInterval	0.369048978776413	0.373086767104684	0.842331115608073	-1.70376149638391	1.89266363055077	-2.41678292389905	2.70505838838006	0.482830241771275	2.4234573849058	100	24.68139602545	115	22.3074237921478	52	22.0807958395192
GDDDaystoSilk	0.570304312319552	0.0534088886010009	0.489210090576654	6.60837079401778	11.6242647967467	-32.8235973598769	16.8562495182458	-9.56382538370313	13.7976947460176	100	905.36781837	115	938.171825526087	52	941.209706703846
GDDDaystoTassel	0.442427096752401	0.076468254855018	0.480267126763648	8.71995032906215	11.3311209874991	-28.9342921536103	16.2177501409345	-9.60423554269746	13.5747285978844	100	884.766697868	115	922.983207554783	52	927.308790338462
GerminationCount	0.969974134128082	0.203855599574947	0.303689189197557	-0.0068397849491001	0.181495840217384	0.310547620240565	0.243315077426459	0.217814712331563	0.211095301677116	100	6.59941346682	115	6.32458091406957	52	6.63005908988462
LeafLength	0.426382006416197	0.0825080871931684	0.449863980740959	9.97828394279006	12.5206393438483	-27.8801795118347	15.9474599039955	-11.53080121989	15.2226239723834	100	721.269868072	115	749.845482855652	52	751.258221448077
LeafWidth	0.51208134047371	0.00260507374925542	0.3270362727654	-1.14010986129749	1.73607247792947	-7.36404243483055	2.40401828428876	-1.99328023513875	2.02759660472408	100	85.5741474138	115	85.9996964989565	52	84.4087258436538
MainSpikeLength	0.782356603059264	0.156846709911835	0.429307362685379	1.38748620462636	5.01615509420983	-9.78323245191361	6.87493836070821	-4.90839419430822	6.19462179326241	100	230.462969591	115	232.408022942609	52	223.373954567308
MiddleLeafAngle	0.0129675648102033	0.524971670840471	0.286878601321746	2.2680739374583	0.904926423317393	-0.842477452176426	1.32195242145192	-1.36249351972093	1.27496798894193	98	60.5047477964286	114	63.2678397658772	47	62.4528852525532
NIROil	0.767371658938966	0.335990066016349	0.301435644224413	-0.0247773434915972	0.0836497428620055	0.135112044442658	0.139962332221134	0.117840541708019	0.113663216665939	99	4.32445537383838	113	4.37498520589381	50	4.33935152928
NIRProtein	0.349574771103463	0.198200035504034	0.153294505654135	-0.137878755319404	0.147064806247522	0.255488088039223	0.197645714611655	0.267881088252648	0.186690838652967	99	14.2353515624242	113	14.0181466775221	50	14.157235657
NIRStarch	0.647372170898254	0.557399019412152	0.332239569758006	0.123579548972098	0.269774509150589	-0.23171837422807	0.394024514255394	-0.349386217147273	0.359229687986129	99	66.4767257893939	113	66.5802075784071	50	66.6245540148
NumberofTilleringPlants	0.115655950422862	0.0125546035694996	0.262307382236789	0.0451123976355749	0.028555626183663	0.112504519385549	0.0445171731733218	0.0582720771245872	0.0518033200420273	100	1.25485507721	115	1.29198135136522	52	1.30713050457692
PlantHeight	0.907807202534517	0.15642295698287	0.883262937136282	-0.321654919242062	2.77421085822379	-5.08875810376395	3.572326494168	0.505099587302186	3.43451391374381	100	132.8557877352	115	135.154189604957	52	140.204922316346
RowQuality	0.807817424857266	0.565817931846703	0.540619925082168	0.00334233363010244	0.0137233384922851	0.0121163173230897	0.0210527259021637	0.0106575127497643	0.0173806104821665	100	2.18723759556	114	2.19403533034211	52	2.19223456188462
SecondaryBranchNumber	0.519021208491625	0.133546060285633	0.230261662656877	0.095824347156855	0.148347891961741	0.341024430367693	0.226052844928059	0.262842642180352	0.218268249497763	100	1.71084837047	115	2.0772229756	52	2.32998910811538
SeedSetLength	0.183337188029767	0.962003697450543	0.80418223209926	2.33616863318082	1.74997317341086	0.112045930115404	2.34795782546603	0.527613304687209	2.12449828256043	100	110.9879341456	114	111.844489920439	52	110.694345885769
SouthernLeafBlight	0.357237240995666	0.201118203855522	0.358377454199628	0.117300340518006	0.1271311946759	-0.245860419486673	0.191461345967955	-0.147481894951079	0.160118168776068	100	6.4695117205	115	6.87007617426957	52	6.85007402032692
Spikelets.MainSpike	0.0685248211663484	0.515445445487424	0.20281238428644	0.889270027756755	0.485687364178199	0.426896373058953	0.6547789462685	-0.758438801261309	0.593092507934934	100	23.4445868511	115	23.9678757747826	51	23.1454174939216
Spikelets.PrimaryBranch	0.977087106743823	0.547299572998575	0.954142901427264	-0.0117115496405702	0.407283996757145	0.352687309498266	0.584676302028913	-0.027496451664549	0.477412995152044	100	15.67597118962	115	15.3376066173913	51	14.8548071101176
StandCount	0.712559156380377	0.903714140080776	0.727115120017034	0.026210320919133	0.0710461148975107	0.0120536298307747	0.0994690021849153	0.032959215885203	0.0942849106542446	100	7.61539485641	115	7.60459174513043	52	7.68675049573077
TasselBranchLength	0.950840341114023	0.886809529499186	0.562061656512126	-0.262110945161472	4.24641390735974	-0.892665296401556	6.26037952815494	3.12294030041719	5.37530194374882	100	198.283141955	115	202.800219078261	52	202.629043486538
TasselLength	0.813663569639108	0.166217246498605	0.568545167870452	1.29009890993425	5.466547393916	-10.9337366089373	7.858288025924	-3.88041695102789	6.79150421489019	100	321.816683398	115	329.631625565217	52	320.743770792308
TasselPrimaryBranches	0.641059625369284	0.572451819178204	0.214771836390709	-0.277705035870872	0.594792246722834	0.479331603036015	0.847306194617124	0.932740819301394	0.748930333878555	100	10.51012627274	115	11.2118953534087	52	11.6646846905769
TilleringIndex	0.345115295771659	0.722637544006271	0.419047284392103	-0.00694469214908385	0.00733927468070709	0.00451943414835343	0.012708728827349	0.00771441779408203	0.00952230868800353	100	0.57819002896	115	0.578397435086957	52	0.586631235711538
TotalKernelVolume	0.139321192854735	0.77239802817393	0.579115615573727	1.65481151072627	1.11492641588864	0.442913907962105	1.52836445689332	0.792247690151849	1.42527371168266	96	59.8932122726042	109	60.9990388093578	50	61.4736101328
UpperLeafAngle	0.0468789872623281	0.138756426383294	0.0245955380297967	3.17273207025635	1.58702414609017	-3.30574686505677	2.22083056930465	-4.00474482218792	1.76507603530087	100	53.8490464113	115	60.8863227055652	52	61.3887290592308
X20KernelWeight	0.0426893733830283	0.0436398630005718	0.651304009659073	-0.194754828510234	0.0955029934773198	-0.276415606424169	0.135817408314592	0.0522932115600928	0.115489131307601	99	4.65542176006061	114	4.45702615590351	52	4.53688972938462
X.1060..pyruvic.acid..6.714.	0.204463743960737	0.479465647003803	0.768107530142984	-0.000372237454945394	0.00029210291926336	-0.000354893037402958	0.000500129081388467	-3.87445629313596e-05	0.000131101433262488	75	0.0004791362	84	7.97119285714286e-05	39	0
X.971..oxalic.acid..7.883.	0.345458479547824	0.219304020040069	0.0413146748484498	2.18193456183148e-05	2.30551881691921e-05	-3.71771384678068e-05	3.0087723611297e-05	-5.73292203495722e-05	2.77823485341645e-05	74	0.000248209054054054	82	0.000257208195121951	38	0.000203593526315789
X.6287..L.valine.2..9.151.	0.61757533730627	0.0779205136256232	0.13742920547561	0.000901379046917356	0.00180163930567866	-0.00343673060662469	0.00193078677924775	-0.00346064844107784	0.00231376032848436	74	0.0162271816891892	84	0.0169978429880952	38	0.0142941487894737
X.700..ethanolamine..9.879.	0.607915617882014	0.666760774898292	0.628868371373916	0.000423091363545496	0.000822922023488746	0.000566543646878219	0.0013120726458688	-0.000500654704543316	0.00103311314007135	73	0.00591024921917808	82	0.00644352463414634	39	0.00615451161538462
X.6106..L.leucine.2..9.945.	0.157532464191481	0.470970622983073	0.967031331839928	0.00119397508144606	0.000840604148148057	0.00153700438728559	0.00212456336081801	8.15948471025544e-05	0.00196995393539547	74	0.00467254031081081	84	0.00620168045238095	39	0.00658658733333333
X.938..nicotinic.acid..10.27.	0.955135512116641	0.963894580607642	0.925639366325872	6.2991912431021e-06	0.000111775619035685	6.74190875577716e-06	0.000148564240794565	-1.27329062667557e-05	0.000136115532546094	70	0.000939119471428571	81	0.000871900185185185	35	0.000795046057142857
X.791..DL.isoleucine.2..10.225.	0.119941300221547	0.445662881027184	0.0701926081547583	0.00127677020468826	0.000816447348490784	-0.000644626473541016	0.000842046094329713	-0.00205488217951758	0.00112441275519036	73	0.00475265673972603	84	0.00615345547619048	37	0.00469151254054054
X.444266..maleic.acid..10.323.	0.0967628648130639	0.112657669065559	0.902838750924091	1.24771497944597e-05	7.46619611143406e-06	1.46084115161176e-05	9.13238215058659e-06	-1.27242656839876e-06	1.04004497733165e-05	73	4.53806301369863e-05	83	5.61862409638554e-05	38	5.01683421052632e-05
X.439194..glyceric.acid..10.735.	0.382603651741705	0.842297097826363	0.814382683792668	-0.000985346667151631	0.00112532099699862	0.000362506779799147	0.00181766424364719	0.000320322731734307	0.00136130351570099	75	0.01388811492	84	0.0137170186190476	38	0.0130208241842105
X.444972..fumaric.acid..10.94.	0.207466564940607	0.998934762986952	0.146856795544202	0.000965395654182759	0.000762626144341566	-1.34076649888187e-06	0.00100193958561928	-0.00156158625080451	0.00106927732296063	75	0.00733905316	84	0.00797254780952381	38	0.00691533289473684
X.439742..beta.cyano.L.alanine..11.288.	0.0674989783129081	0.66119449332903	0.446617558832679	0.00260518103981678	0.00141484609905367	0.00130239425790192	0.00296358872051082	0.00221819117433795	0.00290483461050239	75	0.00412813892	84	0.00645275661904762	39	0.00693824697435897
X.6288..L.threonine.2..11.464.	0.0432946405689998	0.535815602562002	0.292454814011235	0.00305006843239852	0.00149684121193186	-0.000876376820551985	0.0014109143426133	-0.00226206733232188	0.00213903882106334	75	0.0137445799333333	84	0.0165162623214286	38	0.0142450701315789
X.239..Beta..alanine..1..12.044.	0.0465464704176744	0.136394655765728	0.069704726290137	0.00206947014236588	0.00103135050590251	-0.00101317920638631	0.000675213584585348	-0.00268432715841315	0.00146636165510765	75	0.00488303344	84	0.00677699910714286	38	0.004051458
X.12647..L.homoserine.2..12.359.	0.062574227628467	0.289404065800156	0.26002453107621	0.000534232480397072	0.000284787541032003	-0.000255854586692233	0.000240304540198874	-0.000460833437631707	0.000407161424331212	74	0.00226310212162162	84	0.00263757128571429	38	0.002088977
X.5960..aspartic.acid.2..13.207.	0.00389804031495703	0.0336994784356772	0.842415000337938	0.00747349332032224	0.00254987118157815	0.00761892247812195	0.0035414887313385	0.000681582725691098	0.00342078438461608	74	0.069856469445946	84	0.0767601605119048	38	0.0745725138421053
X.5810..trans.4.hydroxy.L.proline.2..13.267.	0.574393396585137	0.208740255543756	0.707635525200052	-0.000169909404294508	0.000301903237135503	-0.000599251518550633	0.000473869970107935	-9.3959986094937e-05	0.000249927399943538	75	0.00123129581333333	84	0.00114057621428571	38	0.00100168831578947
X.119..gamma.aminobutyric.acid..GABA...13.326.	0.359633478581526	0.809519295023165	0.681079589534348	0.00243530226658536	0.0026505564361424	0.00179151507490019	0.0074143921895931	0.00259250080555583	0.00629232510030742	76	0.0120689632105263	84	0.0145945828452381	39	0.0182584444358974
X.5460407..threonic.acid..13.652.	0.118222037110258	0.166235882058822	0.967598483861918	-0.000813510911062409	0.000517811608688021	-0.0011335524502533	0.000813275249916108	2.31106459653687e-05	0.000567724830698571	75	0.00831434869333333	84	0.00781177125	38	0.00773948613157895
X.1001..phenethylamine..13.742.	0.336477053634861	0.202873533717919	0.78496541843402	-0.000356014414165965	0.000369240537984522	-0.000783641696378374	0.000611689038380564	-9.65309241583723e-05	0.00035297079449196	75	0.00176956498666667	83	0.00120395546987952	39	0.00190291902564103
X.51..alpha.ketoglutaric.acid..13.859.	0.314802548578005	0.988746227758554	0.61836749862812	-0.000516419355739473	0.000512073278504361	1.0383803671788e-05	0.000734477523826586	0.000307481209841994	0.000615582030377364	75	0.00715985861333333	84	0.00680298644047619	38	0.00700341578947368
X.738..L.glutamine.2..14.083.	0.774567873529713	0.905668067320941	0.864027224470534	2.93598677393108e-05	0.000102329371271862	-1.87425468589794e-05	0.000157781359668701	-1.99116890764295e-05	0.000116017189473893	73	0.000750612698630137	84	0.000760861869047619	38	0.000825176921052632
X.236..L.asparagine.2..14.984.	0.103675483178128	0.454302979481943	0.216817221662923	0.00844700042006809	0.00516009624440533	0.0200941338573347	0.0267584070751714	0.027674686968378	0.022288105898461	75	0.0217872792133333	84	0.0302748006428571	39	0.0486933604871795
X.2724705..1.6.anhydro.glucose..15.326.	0.0148430907187781	0.929669724894086	0.128069769567368	0.000344386591517452	0.000139762140938782	1.48404469268954e-05	0.0001677521164674	-0.00028336592393578	0.000184878838072295	75	0.00158010230666667	83	0.00184459525301205	38	0.00151541663157895
X.6912..xylitol..15.376.	0.362431883690801	0.0101907203014963	0.09500378943261	-0.000277350074047522	0.000303193220032956	-0.00102878676398257	0.000390676468961669	-0.000531731156752363	0.000314566792295821	55	0.00232746152727273	54	0.00216023262962963	28	0.00165339739285714
X.827..ribitol..15.66.	0.764306604708067	0.0468442231593126	0.0337509706263111	-6.13099155775415e-05	0.000204118141790414	0.000647424501501445	0.000322050314047111	0.000500704195142308	0.000233045452372492	76	0.0196497287236842	82	0.0195664529878049	39	0.0199193292307692
X.754..glycerol.1.phosphate..16.056.	0.329318217243905	0.516010167604353	0.216431722540935	0.00166200928212955	0.00169837433168704	0.00569706062634319	0.00874275687814519	0.00887939018415595	0.00714507645235351	75	0.0166666643466667	84	0.0174370301666667	39	0.0229299481538462
X.439183..3.phosphoglyceric.acid..16.504.	0.159525487906339	0.927672245842679	0.662032243603232	0.000709829765237312	0.000502177066869142	6.36726148395627e-05	0.000699806638107282	-0.000299696015079481	0.000683888362062536	75	0.00477841334666667	84	0.00516092928571429	38	0.00472014534210526
X.6262..L.ornithine.2..16.632.	0.131525521270347	0.774383026176643	0.535692074401694	0.00139583203013303	0.000920628316437203	0.000402730645731805	0.00140145723965269	-0.000743310035527375	0.00119661716871195	75	0.00548906128	84	0.00661095710714286	38	0.00509452881578947
X.9750..citrulline.2..16.691.	0.0671955975808188	0.916961854844138	0.301625865688126	0.000854599706542027	0.000463604545315347	-5.6191915247639e-05	0.000537692191498097	-0.000619124088019513	0.000596725661175805	75	0.00228199261333333	84	0.00300694208333333	38	0.00200212642105263
X.835..dehydroascorbic.acid..1..16.863.	0.0777321125541974	0.498237017635206	0.13871672186408	-0.000472526378848132	0.000266084263996964	-0.000312482730918059	0.000459845229774195	0.000335882375255372	0.000225323227051297	75	0.00207594014666667	84	0.00176931263095238	39	0.00207527738461538
X.204..allantoin.1..17.293.	0.572701441997882	0.993662021530189	0.531771806664862	0.00134271228180625	0.00237527693803026	-3.70385566362808e-05	0.00465203155002588	0.00260501311103064	0.00415372487944126	75	0.0126896816933333	84	0.0137685057857143	39	0.015683930948718
X.448388..D.allose.1..17.278.	0.802696921429798	0.0976893001264029	0.128762122972469	1.5745037665532e-05	6.29065471808486e-05	-0.000138598392662545	8.29478011419876e-05	-0.000120281800786762	7.86203096838404e-05	74	0.000853034	84	0.00088540505952381	37	0.000828543648648649
X.5962..L.lysine.2..17.643.	0.000660388109846667	0.666771647712529	0.268561323831859	0.000774196446264867	0.000222665986679994	6.55921125354274e-05	0.000151915598713072	-0.000366784985553121	0.000329928426257937	75	0.000851086813333333	83	0.0014953693373494	38	0.000978412342105263
X.637542..4.hydroxycinnamic.acid..17.854.	0.132945869852159	0.596724088531321	0.650634391242956	0.000505618306598101	0.000334719052777985	-0.00022610712832317	0.000426063572625005	-0.000182970734993141	0.000402975341126588	75	0.00265881810666667	84	0.00290381807142857	38	0.00274895434210526
X.6057..tyrosine.2..17.871.	0.294179612229515	0.154440819360973	0.0544790727193485	0.00182001980841325	0.00172909392158245	-0.00291261126286875	0.00203100786018688	-0.0043493317233232	0.00223903346211719	75	0.0203812960666667	84	0.022023076702381	38	0.0179027697105263
X.128869..galactonic.acid.2..18.504.	0.997359642244506	0.251769700861411	0.164896669825854	1.53821112495277e-07	4.64064277071494e-05	8.28929292960953e-05	7.19411515909266e-05	7.8750925245539e-05	5.63436420621538e-05	75	0.000553249586666667	82	0.00053948656097561	38	0.000580063921052632
X.5460673..D.saccharic.acid..18.614.	0.23251921207813	0.456253144772122	0.225314900063617	0.000212001768244022	0.000176853749869702	-0.000150580089685179	0.000201385248945263	-0.000284656368571482	0.000233481907796235	75	0.00114357676	80	0.0014070832375	38	0.00120872092105263
X.3037582..mucic.acid..18.907.	0.598186771652551	0.374887834392682	0.606327000715103	-0.000405937262944276	0.000768668038739376	-0.00112449808788392	0.00126200458131802	-0.000348932921756212	0.000675284370338835	75	0.00534594058666667	84	0.00495999147619048	38	0.00460622576315789
X.1549111..caffeic.acid..19.755.	0.207118335505633	0.429618678093795	0.941921061496788	-0.00111351036893265	0.000878854674497806	-0.00104748503667816	0.00132120778947808	6.8885295891061e-05	0.0009434044482196	75	0.0104701468933333	80	0.009223594975	38	0.00947520742105263
X.5280450..linoleic.acid..20.399.	0.552809616368965	0.790479364653268	0.547447166791906	6.88549652061628e-05	0.000115728224520105	8.44953471537032e-05	0.000317182622120664	0.00016340005380933	0.000270788389253323	68	0.000867306294117647	79	0.000972647683544304	38	0.00109167194736842
X.637775..3.5.dimethoxy.4.hydroxycinnamic.acid.2..20.65.	0.0197525748786594	0.40725218628858	0.382938852054678	0.000189035558571151	8.02437101850789e-05	7.70519188672625e-05	9.26119361307477e-05	-9.72452162489786e-05	0.000111033565407033	75	0.00022406768	83	0.000388725939759036	38	0.000239653131578947
X.439958..D.glucose.6.phosphate.1..21.394.	0.223895822043894	0.0823341320208403	0.349031910576687	-0.00133473032131063	0.00109301178282087	-0.00272153625908821	0.0015519610148238	-0.00122890745880256	0.00130701542030203	75	0.0187686415466667	84	0.0172941280714286	38	0.0162638950526316
X.60961..adenosine..23.825.	0.0446750434567237	0.955214577760423	0.250729776642827	0.00013402829899068	6.62119871928499e-05	-3.2564667419542e-06	5.78513257334651e-05	-0.000105527763995245	9.14214908787428e-05	75	0.000279545506666667	84	0.000402848380952381	38	0.000273906184210526
X.5460935..turanose.1..24.81.	0.572099255029887	0.869854947419699	0.0898040890286682	0.000297420092513003	0.000525220002171088	0.000149617289885942	0.00091090289523629	-0.000484281286462137	0.000282907935463268	71	0.00249728753521127	76	0.00220700982894737	37	0.0018441027027027
X.6255..maltose.1..24.702.	0.00658774241978338	0.734672586785287	0.178612601282644	-0.00062485821806101	0.000226854817776165	-0.000142294906831029	0.000418769780857186	0.000352278072713307	0.00026033690338179	75	0.00391756093333333	84	0.00347377204761905	38	0.00396768913157895
X.6255..maltose..2..24.915.	0.79778187582617	0.881031185638821	0.72709967891407	9.47238947950927e-05	0.000369015744810077	-6.84043390016016e-05	0.000455914444148448	-0.000178706842068842	0.000510707779933083	73	0.0033661367260274	76	0.00358224432894737	34	0.00351667782352941
X.642609..trans.caftaric.acid.2..25.529.	0.201218727530777	0.392731981982713	0.700964886443885	-0.000978542034700314	0.000761950477290476	-0.00103315773414578	0.00120338677586789	0.000261311386652762	0.000678625993981505	66	0.002253172	76	0.00142167655263158	35	0.00147980542857143
X.6537496..chlorogenic.acid.1..26.37.	0.40856742810212	0.718370124459606	0.0624404167572895	0.000706416233392725	0.000852443302166801	-0.00022302545224092	0.000616817778734466	-0.00238775570076345	0.00126932268224985	75	0.00123841969333333	83	0.00247737377108434	39	0.00122541305128205
X.439451..galactinol.2..26.479.	0.129184056784979	0.927030932680689	0.199874577465386	0.00333241119216625	0.00218446300447479	0.000268512701748729	0.00292519553716111	-0.00347357830964049	0.00269451544469074	75	0.0145703995333333	84	0.0191963008690476	39	0.0153306731538462
X.2116..alpha.tocophereol..27.379.	0.573245769380891	0.4629420834536	0.83555355018999	-0.000111201647727947	0.000196937479540168	-0.000219177553952125	0.000297326698192639	4.62251455101738e-05	0.000222123555443998	63	0.00135826946031746	77	0.0012055971038961	32	0.001109694125
X.6537496..chlorogenic.acid.2..27.18._alt	0.260731748382368	0.956842289939356	0.64824773891888	-0.00335868427444712	0.00297541028155754	-0.000249150016763444	0.00459337231569362	0.00175312740865151	0.00383308086418848	75	0.018718918	84	0.0159688601547619	39	0.0183996848974359
X.5321515..stigmasterol..28.442.	0.154128368206087	0.389764003523227	0.783135070256868	0.000115415147755406	8.0471679801038e-05	-0.000113623928539904	0.000131367801445745	-3.61434410081127e-05	0.000130930446366012	55	0.000839203418181818	69	0.000892097652173913	27	0.000847907148148148
X.5321342..beta.sitosterol..28.848.	0.869885874747833	0.091672456368794	0.712439987952574	-6.10507213993272e-05	0.000371923700259449	-0.000958049785683649	0.000561281971700564	-0.000171968203637223	0.00046516009533094	57	0.00397170445614035	70	0.0036722624	29	0.00333435734482759
X.439242..Raffinose..29.282.	0.38320135100866	0.587578453062362	0.738139661250152	0.00322733367974533	0.00369044021978811	0.0029455919744724	0.00541506775422158	-0.00179184046874642	0.00534707597369655	75	0.0160199411733333	84	0.021431329452381	39	0.0170428707692308
X.750..glycine..10.456..s100	0.619996555416262	0.270844455068566	0.223299613807261	-0.0105798894365092	0.0212937939799045	-0.0348207303602061	0.0314625343425443	-0.0290221178638937	0.0237051234006003	76	0.170172193868421	84	0.16521161272619	38	0.150223996763158
X.5951..L.serine.2..11.174..s100	0.264114264316151	0.203042444400117	0.0992731379085215	0.0126511649281461	0.0112875374225006	-0.0176534522318388	0.0137842172785538	-0.027168167360545	0.0163507482631421	75	0.0999012094	84	0.113715227892857	38	0.100750384921053
X.92824..D.malic.acid..12.794..s100	0.264579911910077	0.791350455387533	0.196824006204607	0.00277138088776973	0.00247508418198071	0.000781991123499257	0.00294846480286441	-0.00424763598737615	0.00327216493624519	75	0.0263537250666667	84	0.0288432560714286	37	0.0248930163243243
X.33032..L.glutamic.acid.3..dehydrated...13.232..s100	0.545287025291814	0.138189288616867	0.590474569890689	0.000462035224757081	0.0007621260736906	0.00151571807245025	0.00101449984410121	0.000541556576207185	0.00100348866375614	71	0.0110284058028169	81	0.0114241016049383	38	0.0119722938684211
X.444212..trans.aconitic.acid..15.842..s100	0.527158647606606	0.549814095103012	0.0335219984215331	0.00122127049347503	0.00192693496065475	-0.00155825005992554	0.00259741599971396	-0.00515389600101966	0.00239589852828867	75	0.0158600531866667	84	0.0194692565119048	38	0.0151085112894737
X.8742..shikimic.acid..16.433..s100	0.315144706451221	0.91130663895573	0.732796744594345	-0.00329898882760655	0.00327354654889512	-0.000520938997326383	0.00466574104623789	-0.00144388970505725	0.0042191434458579	75	0.0366913383466667	84	0.0347648198928571	38	0.0342171626052632
X.311..citric.acid..16.615..s100	0.109802574742059	0.736165107687635	0.30708601820251	0.0029647012649145	0.00184315583233956	0.000859840019161697	0.00254530497221233	-0.00241323555647627	0.00235237290121062	74	0.0218442019054054	83	0.0249047259156626	38	0.0214612618421053
X.6508..quinic.acid..17.076..s100	0.3987055837007	0.593536010095194	0.5877237959697	-0.00473098397076072	0.0055901791434614	0.00746471639111522	0.0139442698005969	0.00627971687503968	0.0115512473132517	74	0.0344001014189189	84	0.0314089318452381	38	0.0383018804473684
X.5984..fructose.1..17.18..s100	0.249384270542403	0.662246996211447	0.86948642619455	-0.00779237572467113	0.00673956348133791	0.00406384959248759	0.00927801815329361	-0.00129679068708309	0.00787514498111052	75	0.0746526122266667	84	0.0714093506309524	39	0.0663730757179487
X.892..myo.inositol..19.354..s100	0.126364778616339	0.732149818617147	0.162607281177841	0.00517996468995635	0.00337035248770687	0.00151193365348292	0.00440599421806553	-0.00652477070445508	0.00464325714028213	75	0.0501549779066667	84	0.0586328443333333	38	0.0531439901842105
X.5988..Sucrose..23.988..s100	0.406692420593669	0.770267240691448	0.949478882491568	-0.0815423133654625	0.0980083190687099	-0.0378965768084307	0.129448814223564	-0.00710672403966239	0.111921712324758	76	0.951919346736842	84	0.879613687297619	38	0.893822213026316
X.6537496..chlorogenic.acid.2..27.18..s100	0.598606081320725	0.415863522624716	0.0132233333692002	0.00136485249877502	0.00258706840211207	-0.00192715749928849	0.00235907249907449	-0.0103921429465471	0.00412689687149281	71	0.007168437	79	0.0116663857721519	37	0.00901511581081081
HN.X20KW	0.672376791801019	0.091988546229841	0.138964085907255	0.0373936281622817	0.0882655525578009	-0.270104689604729	0.158874896036691	-0.182179836103513	0.122297744654747	79	4.79995715427848	90	4.83249887865556	34	4.70594061105882
HN.CL	0.359295944223833	0.637685244922047	0.882242815870099	-0.175849846894771	0.191323350464667	-0.130565655630897	0.276522820052632	0.0336750161311864	0.226889516472976	84	12.4735060342738	96	12.1690297769896	38	12.2648272696579
HN.CW	0.940778505640047	0.018146379030104	0.00997767011075546	-0.0278632274743059	0.374505363741673	-1.20375895070231	0.502153155105802	-1.18391147477951	0.452582597627106	82	13.566050080122	95	13.4730062212526	37	12.9673103054054
HN.CD	0.300097893183983	0.331257469721572	0.0802566775692621	0.331034208949027	0.31849924600426	-0.451250840935526	0.462468608916448	-0.680905017723755	0.386156063587446	82	22.4139186659756	95	22.6546570402105	37	22.5978750035135
LN.X20KW	0.592699046771833	0.364179869831366	0.362035696158483	-0.0653375550500941	0.121879044235505	-0.157370718806541	0.172609853809795	0.153668378257424	0.167930288403906	67	4.67874138325373	87	4.6008852266092	35	4.70725785805714
LN.CL	0.832075934586977	0.776799961024384	0.291236974337544	-0.0270366831733904	0.127316235735551	-0.0541854487598535	0.190687444761176	-0.170408647000686	0.16080535444296	82	12.067053524878	97	11.9425095024742	38	11.7919870410526
LN.CW	0.391133321474273	0.027724027373522	0.0152700531298696	0.197930887249453	0.230213527041695	-0.595498710542238	0.267009386731535	-0.760851055332708	0.309353869067783	80	12.577189377	94	12.700266457883	37	12.2240450159459
LN.CD	0.141783906356787	0.114255097754999	0.0237946752251049	0.414855627006101	0.281052752273772	-0.581011352701154	0.365009728343487	-0.838443448934227	0.366428260513148	80	22.410495483875	94	22.8177304994681	37	22.5107885532432
HN_LN.X20KW	0.184962312726947	0.107774768062676	0.0069359616670105	0.0304939643596599	0.0228940098038897	-0.0540163549312556	0.0332555455496552	-0.0861874957355058	0.031327215593452	65	1.03108413623077	85	1.06977697031765	31	1.00527812619355
HN_LN.CL	0.272808208663403	0.851587366182035	0.154258558418112	-0.0130863483263941	0.0118951598475534	-0.0033070179931815	0.017634961960831	0.0207722860326296	0.0144936647883826	81	1.03425013340741	96	1.01903443225	36	1.04295777783333
HN_LN.CW	0.480205703539025	0.207808915654739	0.545737797071513	-0.017035138734263	0.0240749526582694	-0.0409564273694955	0.0323185540997883	-0.0180878620659639	0.0298551920612139	77	1.07871379974026	92	1.05939185361957	35	1.0680958574
HN_LN.CD	0.669416934643823	0.602877138765642	0.355645863006002	-0.00363345717853574	0.00849496631297126	0.00682285222559819	0.0130752132623798	0.0103413800097902	0.0111531686951848	77	1.00181112445455	92	0.99420746573913	35	1.00783136774286
canopy.HN.6.Jul	0.440230505427184	0.215556553477756	0.801670666888642	-1.31023254345067	1.69313925440754	-3.04346151754324	2.44240053425605	0.583051783628027	2.31574553580454	73	35.5856079716575	83	34.2470734963133	35	35.4629650410286
canopy.HN.23.Aug	0.394569534710761	0.00527957778847046	0.0141309925282979	2.83650831594182	3.32222546379038	-14.7860290196795	5.18787909481673	-11.2272012984058	4.50420335840233	73	56.4116263724658	83	62.7049400592771	35	52.1007659701143
canopy.HN.1.Sep	0.30708348383161	0.0029990986618468	0.00602518273022768	3.98557344305372	3.88901826144022	-18.1619621038562	5.97421558318057	-14.3797121584818	5.13700314607649	73	48.908839548589	83	57.1977346339277	35	43.1103954574571
canopy.HN.22.Aug	0.397515402608082	0.00247034623951349	0.01336073841026	2.77213844840258	3.2671933589905	-15.4188669060422	4.96848300439497	-10.966781555723	4.36303083211053	73	51.1523215294521	83	57.1836345961566	35	47.1977765882571
canopy.HN.12.Aug	0.460268675538487	0.00376767134602624	0.0129377424392765	2.47496753589676	3.34320413645554	-15.3427361240464	5.17558624918885	-11.2818345953868	4.46708514739834	73	54.5920059303151	83	60.3631616929157	35	49.3498010734
canopy.HN.26.Aug	0.418977840845874	0.00393026263455675	0.00888393252619055	2.64596154605318	3.2649516795819	-15.0872948109478	5.11382542486853	-11.6892078101887	4.39005478156032	73	57.4747229079452	83	63.5009406536145	35	52.761777072
canopy.HN.3.Sep	0.302462243253259	0.00360974329447243	0.012117826582632	3.12758811308438	3.02269389679765	-13.8941325116873	4.66443771260573	-10.1495336908989	3.98052161593432	73	39.6920203056301	83	46.1541927301205	35	36.5785011326286
canopy.HN.14.Aug	0.522648850185428	0.00219965100615508	0.0128766123224389	2.24701393642903	3.5067864145416	-16.9792359390084	5.40605993263668	-12.0853206864067	4.78189626674714	73	49.8230741982055	83	55.6136512511687	35	43.2106686184286
canopy.HN.20.Aug	0.30732232923659	0.0037488904238053	0.0130527419429639	3.52341648428228	3.43976147856619	-15.9236110260159	5.36850846812509	-11.8177001032448	4.68536798213895	73	49.6978608605205	83	56.7500123085301	35	44.9556430480857
canopy.HN.30.Aug	0.195240431428513	0.00986632039862618	0.0085641210337391	4.45866256667013	3.42710583996391	-14.2860738114719	5.43341342672897	-12.2472898262611	4.57712177142028	73	49.2162154297945	83	57.0963843324819	35	44.585443944
canopy.HN.5.Sep	0.334822568131227	0.00562201763598776	0.0167866707566962	3.19032125968195	3.29736219057805	-14.8191820186516	5.23930687656564	-10.6645405744641	4.39339867660265	73	38.3256860031507	83	45.2347994313976	35	34.6191397426857
canopy.HN.16.Aug	0.345004672047835	0.00415577519725236	0.0178752007361149	3.31589561684028	3.50040284914347	-15.8406371440666	5.40352340421863	-11.3748188055406	4.73299042363743	73	48.1237868845753	83	55.4719700185904	35	45.3635584636
canopy.LN.6.Jul	0.184656496683353	0.115151583748099	0.655580190232011	-1.96642582042778	1.47562812140585	-3.41201196721183	2.14706423952348	-0.930427004306754	2.08036867473675	74	29.9776334671351	83	28.2043991764578	32	28.1345838006875
canopy.LN.23.Aug	0.907233551957928	0.00547395677532874	0.0188094287344941	-0.35039104675769	3.00189934495518	-13.4485328301384	4.73726566362512	-9.32787076903834	3.91172584946896	74	54.1075428106622	83	58.2160906168916	32	49.0389877100937
canopy.LN.1.Sep	0.612069868234218	0.00128367136797063	0.00200051116014183	1.75588146535107	3.45529404872092	-17.9819310436962	5.42842414908986	-14.3899866268995	4.54530936759908	74	46.3110922740676	83	53.053722248	32	39.542029597125
canopy.LN.22.Aug	0.953158204594522	0.00203593720872322	0.00437749678564074	0.176187256043544	2.99443267757793	-14.604261725466	4.61110034345683	-11.2386933019089	3.86234350724535	74	48.7875181501351	83	53.6492313974337	32	43.7531549103125
canopy.LN.12.Aug	0.943702548595593	0.00526139083359538	0.00585402234839884	0.217749156358597	3.07842875354267	-13.8792613771008	4.86560919429712	-11.0513161631767	3.93191202233082	74	53.1031062566622	83	57.6579907847108	32	47.411808875625
canopy.LN.26.Aug	0.909728460552175	0.00760168032443067	0.0165022249266335	0.329642486801807	2.90254655238228	-12.4822716568647	4.5823722398657	-9.23323761465976	3.79199102476369	74	53.9588686288513	83	58.9141102944096	32	50.4009039604688
canopy.LN.3.Sep	0.905775030525345	0.00142846220130907	0.0044821625827208	0.313738070601423	2.64608458103167	-13.5707563086024	4.13835960867458	-9.95529841642528	3.43068319962748	74	39.4935695948108	83	44.0892171283976	32	34.6504868230625
canopy.LN.14.Aug	0.955029046798412	0.0042039018718827	0.00985033774831679	0.183986247755829	3.25721646746454	-14.9873478617242	5.11692365901622	-11.1670086267604	4.25129830054461	74	50.3848306415676	83	55.3454448555301	32	44.9109685261875
canopy.LN.20.Aug	0.795765233066513	0.00734577390790525	0.0115381518697457	0.803191615006216	3.09770254926504	-13.233722249257	4.83668472969728	-10.3288086829036	4.02053605605969	74	48.6164644213649	83	53.7744920320723	32	43.044831274125
canopy.LN.30.Aug	0.675857528252634	0.00466451304465383	0.0145286283697705	-1.36245058598051	3.25220306901687	-15.0844862932832	5.21282849152306	-10.6041899079176	4.27030567021485	74	49.8512889586216	83	53.5388286932169	32	43.0434599082188
canopy.LN.5.Sep	0.748717001785995	0.00109718162508498	0.00143123956697548	0.994706191470259	3.09961174180782	-16.4929343203395	4.90708592661984	-12.8207087561076	3.91940551598774	74	38.6717792883919	83	44.7031950238313	32	32.0150681850625
canopy.LN.16.Aug	0.938056335806086	0.0050922215468296	0.0100494537795229	-0.235968673027825	3.03139084748631	-13.6976333340644	4.78311788005675	-10.0397147888517	3.83272005685795	74	48.1561421913243	83	52.3996858358072	32	43.7241440610938
ExG.HN.6.Jul	0.655213129074216	0.302151412349477	0.974298539298231	0.00317711137637344	0.00710057842321558	-0.012721196629075	0.0122657549512552	-0.000343630930096258	0.0106414856745242	72	0.256687072111111	80	0.2577615557125	34	0.255232268058824
ExG.HN.23.Aug	0.865954234294125	0.0182762596647397	0.091469042290852	0.000829088232207136	0.00490331327618303	-0.0188538811170572	0.00786173511874246	-0.0115973006988336	0.00681315870086449	73	0.31780776630137	83	0.321051381120482	35	0.319544428885714
ExG.HN.1.Sep	0.502539176053628	0.0506244416759912	0.3223576225894	0.00347590163388412	0.00517160698280323	-0.018006467211243	0.00910435708918024	-0.00709433677614336	0.00713732275626199	73	0.246104517438356	83	0.250111546072289	35	0.2472733284
ExG.HN.22.Aug	0.963059069576945	0.0972156426862788	0.326780733160428	0.000192958636913708	0.0041593037492381	-0.0114413117240126	0.00683576796719062	-0.00568160256590654	0.00576875085342738	73	0.297672837164384	83	0.299833156433735	35	0.300096677542857
ExG.HN.12.Aug	0.788060931072319	0.000606852816936883	0.0124746940045352	-0.00119853130555359	0.00445042418846349	-0.0255775892351011	0.00722998993697587	-0.0160642577057891	0.00632683133848324	73	0.352916040575342	83	0.356687142987952	35	0.350017194828571
ExG.HN.26.Aug	0.339305808291818	0.288104913277506	0.216743310529861	0.0087702033884259	0.00914922101222017	-0.0152299232040976	0.014262835436095	-0.0140356126603372	0.011299210680855	73	0.386428232972603	83	0.395988654325301	35	0.390863246771429
ExG.HN.3.Sep	0.527678975268293	0.849711103014308	0.591820077721922	0.00627353590416566	0.00991050716728855	-0.00308089698948729	0.0162183079289665	-0.00616814999942068	0.0114706934656624	73	0.364354344863014	83	0.373651228746988	35	0.372808606142857
ExG.HN.14.Aug	0.623882030775842	0.00164351811792143	0.122511496370661	-0.00194185165710609	0.00395195663945258	-0.0200946757043849	0.00621454467838904	-0.00857598548243465	0.00551166355903628	73	0.267977698123288	83	0.269790319891566	35	0.267472136542857
ExG.HN.20.Aug	0.531648335481612	0.0905669859951127	0.086118688436632	0.00335386000277814	0.00534961022658855	-0.0145587430073656	0.00852166685897675	-0.0126133459753813	0.00728526816342309	73	0.275066281520548	83	0.282989934542169	35	0.274891616057143
ExG.HN.30.Aug	0.966668021130499	0.0473629629234277	0.135223145080883	0.000185671432975851	0.00443585548381619	-0.0155074635108687	0.00772644859556123	-0.00894067817278071	0.00594232449079345	73	0.285131514821918	83	0.287780467180723	35	0.2850484798
ExG.HN.5.Sep	0.657700833938096	0.333319218299904	0.795103264459969	-0.00205429759868842	0.00462712336699885	-0.00783954951891735	0.00806523849027223	-0.00166426009525868	0.00639353273975605	73	0.252417939589041	83	0.252151759506024	35	0.252769324742857
ExG.HN.16.Aug	0.168683757103238	0.527366646946674	0.279924679538009	0.0102408782657817	0.00740443113532921	-0.00687586154774121	0.0108420586752343	-0.0109701150929996	0.0101042332190253	73	0.504856079863014	83	0.521664592301205	35	0.518557721485714
ExG.LN.6.Jul	0.994526775387397	0.58423385049798	0.558695982460872	-4.37031922915321e-05	0.00636030342124135	-0.00590291488809593	0.0107511715745828	-0.00598759324047544	0.0102063631242764	73	0.240467332876712	81	0.245123417283951	29	0.23897405862069
ExG.LN.23.Aug	0.331110494162766	0.00749120220505514	0.157955698959806	-0.00365640084622081	0.0037501633592216	-0.015034898844742	0.00550896407622529	-0.00739788295159325	0.00520371437138817	74	0.295453593918919	83	0.293957294578313	32	0.2922209625
ExG.LN.1.Sep	0.221473349230733	0.0734780923562473	0.651218464271124	-0.00518505778982299	0.00422353751936585	-0.0131306106106852	0.00725982681514957	-0.0026722075473514	0.00589487831929575	74	0.244618285810811	83	0.242108720481928	32	0.2468735078125
ExG.LN.22.Aug	0.0765106783601509	0.00302324829267917	0.145598114192752	-0.00640787999563391	0.0035929948578205	-0.0165977053272883	0.00546178162731307	-0.00748179364313332	0.00510478424315181	74	0.278122000675676	83	0.274699915060241	32	0.272707303125
ExG.LN.12.Aug	0.0744877391304331	1.62005616896388e-05	0.00492801361432964	-0.00603972637967559	0.00336295852809458	-0.0228531192889365	0.00504483468559536	-0.0132869596037515	0.00463009204586759	74	0.329095899324324	83	0.328461689759036	32	0.324157796875
ExG.LN.26.Aug	0.453454916064578	0.328127598263783	0.462226139619582	0.00462507383823355	0.00615365241407466	-0.00931995518829664	0.00948450767029665	-0.00638822682275445	0.00865885099907452	74	0.360250269594595	83	0.36689373373494	32	0.369718321875
ExG.LN.3.Sep	0.33623643130776	0.632077259327381	0.998340600849629	0.00642544914504521	0.00666069198656833	0.00526354084361675	0.0109596507372117	1.86830290170291e-05	0.00896291235673154	74	0.333635802702703	83	0.339921111445783	32	0.34602449375
ExG.LN.14.Aug	0.190290007814207	0.000508572606620761	0.0192895509200142	-0.0042377929653124	0.00322119205082167	-0.018140132858059	0.00504994739132826	-0.010222820150533	0.00430468768510052	74	0.245496884459459	83	0.245025396987952	32	0.2402310796875
ExG.LN.20.Aug	0.101329897045272	0.000435815668803587	0.0458372845133549	-0.00651245752844624	0.00395070308347105	-0.0225642315295966	0.00620346279109632	-0.011208859717108	0.00554955106513642	74	0.256255393918919	83	0.253571614457831	32	0.24782790625
ExG.LN.30.Aug	0.474802065266906	7.15076529225876e-05	0.00290994454182831	-0.00258387550455576	0.00360640963501484	-0.0231828678217348	0.00559660041526182	-0.0148508328100077	0.00487675417790061	74	0.263326481081081	83	0.263700757228916	32	0.25650716875
ExG.LN.5.Sep	0.478523283959061	0.388104823793828	0.85874904508616	-0.0030261299888761	0.00425954770632059	-0.00558937823037215	0.00644827171319123	-0.000916532082206152	0.00513795465480121	74	0.233660925	83	0.231570687951807	32	0.2343256625
ExG.LN.16.Aug	0.616618684470541	0.762696531437241	0.753797678207969	0.00288155451273461	0.00574381271504839	-0.00257305952513379	0.00849871760103995	-0.00246609132247064	0.00784330423486874	74	0.496643241216216	83	0.502530417469879	32	0.5120902671875
RGB.HN.6.Jul	0.70069944483053	0.214400042094799	0.753777282398295	0.00288323065500525	0.00748642659170168	-0.0159712572031202	0.0127829604841575	-0.00351831573093712	0.0111886468773771	72	0.328466193458333	80	0.3286676059	34	0.325386903882353
RGB.HN.23.Aug	0.895053606573019	0.0131698639739103	0.0688210854391107	0.000868074146742338	0.00656961223806469	-0.0264029229409997	0.0104654779285637	-0.0164842503372497	0.00897291354221221	73	0.465845244219178	83	0.469446074108434	35	0.466986634971429
RGB.HN.1.Sep	0.46761778286362	0.0479611377712505	0.300500125508714	0.00531512944515922	0.00729897820403314	-0.0256159930250455	0.0127979707504686	-0.0104329871929891	0.0100304692598016	73	0.366917922726027	83	0.372777674072289	35	0.368437784114286
RGB.HN.22.Aug	0.961100251758887	0.0920976962930822	0.31157639442643	0.000282014816827092	0.00577261111001092	-0.0161282763739686	0.00948570961622398	-0.00806152375237636	0.00793089086944014	73	0.441344828232877	83	0.444161947903614	35	0.444413319685714
RGB.HN.12.Aug	0.766568202459014	0.000504595340887492	0.0100466631496695	-0.00180239515994321	0.00606046304149742	-0.0353304906166512	0.00983552518094384	-0.0223731973525796	0.00854476164590944	73	0.51986885469863	83	0.524508583036145	35	0.515395282457143
RGB.HN.26.Aug	0.320662873196911	0.303487431920393	0.214237602988285	0.0125182601618112	0.0125638274503855	-0.0202380766469325	0.0195697442625593	-0.0191543337651649	0.0153354431175699	73	0.57217017469863	83	0.585266071301205	35	0.578403136171429
RGB.HN.3.Sep	0.537605293030145	0.841655005954175	0.589958046155068	0.00861680320193203	0.0139464445947417	-0.00458227748838696	0.0228791351479606	-0.00865952213136987	0.0160231301211258	73	0.540670411945205	83	0.553304081313253	35	0.552309159685714
RGB.HN.14.Aug	0.598164669018179	0.00153453975976962	0.118901037002415	-0.00281633854778194	0.0053323738713888	-0.0273797514985238	0.00841146307300255	-0.0115852783664839	0.00737289399779515	73	0.395705011849315	83	0.397743887180723	35	0.394754568971429
RGB.HN.20.Aug	0.523074349660954	0.0930881918291998	0.0804091142409662	0.00472938780418422	0.00738845514681622	-0.0200075947745603	0.0118035795202112	-0.0175885200162846	0.00996997063364688	73	0.406246968123288	83	0.417100283831325	35	0.405872185342857
RGB.HN.30.Aug	0.961852179400897	0.0421062209233248	0.120109319614924	0.000293090033171876	0.00611765729336887	-0.0219170197475151	0.0106491954490332	-0.0127815897602642	0.0081611444570197	73	0.424997851424658	83	0.428471397216867	35	0.424360882885714
RGB.HN.5.Sep	0.645209766130785	0.316878369389722	0.776505246979774	-0.00291175922426703	0.006311357680153	-0.011098852046521	0.0110350683323688	-0.00248085581081805	0.00871834371360655	73	0.374354391205479	83	0.373685462156627	35	0.374402365285714
RGB.HN.16.Aug	0.185316258870994	0.549027973619319	0.288294494590374	0.0135836164119325	0.0102083996361697	-0.00909200460540684	0.0151231081433812	-0.0147724578992058	0.0138462478015034	73	0.74313905560274	83	0.765120593493976	35	0.761330719714286
RGB.LN.6.Jul	0.839836978895048	0.477001593148393	0.489186817251796	-0.00138477731594028	0.00683991635407259	-0.00823074299255339	0.0115292207788764	-0.00761546989231801	0.0109725915089377	73	0.313604209589041	81	0.317197848148148	29	0.311787531034483
RGB.LN.23.Aug	0.3482419824789	0.00875443990291203	0.152618256021895	-0.00469083665830677	0.00498540543526376	-0.0196668258927851	0.00735613482501453	-0.00981522359706592	0.00681463288950228	74	0.434591247972973	83	0.432133184337349	32	0.4298718359375
RGB.LN.1.Sep	0.246433572654315	0.07628026214444	0.645634473943297	-0.00687817142695323	0.0059114162132226	-0.0182982076242161	0.0102164550174852	-0.00380193741352326	0.00824529398907405	74	0.365839496621622	83	0.362659689759036	32	0.3691709875
RGB.LN.22.Aug	0.0856644285790007	0.00327301774298559	0.133833273738357	-0.00854873306002731	0.0049415336402604	-0.0228381518515241	0.00758069979797669	-0.0104985694642863	0.00695129741538478	74	0.413950468243243	83	0.409320744578313	32	0.4062432015625
RGB.LN.12.Aug	0.0701203558432307	1.66601936959294e-05	0.00420469241883844	-0.00830043448361515	0.004550746289667	-0.0310202663557323	0.00685851507504517	-0.0180787551315947	0.00618423206657098	74	0.485875969594595	83	0.484456792168675	32	0.4787573921875
RGB.LN.26.Aug	0.410663956968725	0.330968299514878	0.450101689282454	0.00694520396371602	0.00841842037116267	-0.0126958418633507	0.012996470767333	-0.00893230666381493	0.0117848233697959	74	0.536141017567568	83	0.54549410060241	32	0.54926784375
RGB.LN.3.Sep	0.31233108522541	0.619021405703557	0.981528109466713	0.00940514684377064	0.00927792752510981	0.00765024824703416	0.0153380281957437	0.000289265509215148	0.0124651933003804	74	0.498352722297297	83	0.507425365662651	32	0.515941078125
RGB.LN.14.Aug	0.205672846533999	0.000505157124156987	0.0166372130760868	-0.00545638821932373	0.00429301236763306	-0.0243774748463756	0.00678259087575711	-0.0138694022531802	0.00570330418476044	74	0.365185491216216	83	0.364534987349398	32	0.3579191609375
RGB.LN.20.Aug	0.108836882068043	0.000367321163276194	0.0347657827322697	-0.00866980950616364	0.00537523691368881	-0.0314572461024589	0.00853190788510785	-0.0160667600853204	0.00751634974155417	74	0.380385602702703	83	0.376720609036145	32	0.3680817984375
RGB.LN.30.Aug	0.499616312240329	6.65758046151895e-05	0.00228015906208561	-0.00331582862506141	0.00489990077723976	-0.0318605355963891	0.00765607863877643	-0.0206274360350372	0.0066026088911341	74	0.394837498648649	83	0.395469289759036	32	0.3853516015625
RGB.LN.5.Sep	0.508596476470051	0.40173709233914	0.853086057360663	-0.00381908291121373	0.00576386844682021	-0.00743187020493135	0.00882569293330666	-0.00128081493029579	0.00690026752406355	74	0.34905455472973	83	0.346302625301205	32	0.3499071609375
RGB.LN.16.Aug	0.622210282085133	0.835298197534726	0.760850484933153	0.00394219160440544	0.00798452580692214	-0.00247016345649961	0.0118502057788013	-0.00331344614300887	0.0108594448680907	74	0.728359102702703	83	0.735498068072289	32	0.749324846875
NGR.HN.6.Jul	0.671371191415621	0.163949018653306	0.5517385430356	0.00252005931099872	0.00592788408957993	-0.014272472622559	0.0101792972312284	-0.00497280765559254	0.00832951630866106	72	0.143620998041667	80	0.144042415625	34	0.139402749176471
NGR.HN.23.Aug	0.550760809252169	0.00728886369678611	0.0505748077078781	-0.00325942371938274	0.00545088418502101	-0.0235380068430121	0.00859751784346309	-0.0143421610907742	0.00725763197461085	73	0.147076548643836	83	0.145851479457831	35	0.142569042228571
NGR.HN.1.Sep	0.722465009428062	0.0380086751667967	0.459945373246478	-0.00186803127022116	0.0052497957570447	-0.019382965101764	0.00922202264932786	-0.00518994721976735	0.00699951648573041	73	0.0889804518767123	83	0.0872144738433735	35	0.0863998161428571
NGR.HN.22.Aug	0.47921370207199	0.0507917291359467	0.209619552399272	-0.00306863068646989	0.00432609912733168	-0.0139843923161715	0.00707594784664783	-0.00740193210108917	0.00586617502655946	73	0.123081303342466	83	0.12152061013253	35	0.120493083228571
NGR.HN.12.Aug	0.237547214881119	5.79573058653188e-05	0.00468085066259409	-0.0056182716788068	0.00473778960775661	-0.0310920508936474	0.0074118663032282	-0.0188842473018915	0.00654436077800228	73	0.161770633191781	83	0.160573326843373	35	0.151664638171429
NGR.HN.26.Aug	0.889782459861562	0.0731580623560548	0.0936482662509444	0.00107356580851208	0.00773387010768595	-0.0218707406463974	0.0120809857989958	-0.0162559457203782	0.00961484759581288	73	0.143402757342466	83	0.144929752457831	35	0.137721735914286
NGR.HN.3.Sep	0.970292121725289	0.698689401716851	0.512326843508523	0.000403114478005727	0.0108062849296445	-0.00679052321428515	0.0174935646020374	-0.00795471171286037	0.0121021653071749	73	0.165914188356164	83	0.168129625421687	35	0.166511620228571
NGR.HN.14.Aug	0.412433712678514	0.00119958842354704	0.108017327464062	-0.00363345055891473	0.00442083208983699	-0.0225997041978195	0.00678332942901986	-0.00955676214455609	0.00589919467201136	73	0.111337476506849	83	0.111094810987952	35	0.109136166228571
NGR.HN.20.Aug	0.961771540846328	0.0405194687380637	0.0614876559785769	-0.000283543346819879	0.00590589587226779	-0.0185820208573578	0.00895705201885225	-0.0148331631330558	0.007853384226726	73	0.122058563753425	83	0.125727813361446	35	0.116120329771429
NGR.HN.30.Aug	0.514876652389707	0.0291736817172066	0.152529939873715	-0.00326317704346413	0.00499872496090872	-0.0189752105508928	0.0085781999104216	-0.00914598358120583	0.0063497807021364	73	0.100945900273973	83	0.100544189771084	35	0.0982650511714286
NGR.HN.5.Sep	0.29079102356563	0.324422612203903	0.966827656100242	-0.0059829898515044	0.00564378807806353	-0.00947194849973773	0.0095662040187295	-0.000314430082618445	0.00754397667303181	73	0.102760852863014	83	0.0977885318433735	35	0.100869282514286
NGR.HN.16.Aug	0.960698945404254	0.250892083075979	0.0516539285540132	0.000507342153478456	0.0102787499336664	-0.0193299435274956	0.0167404731378384	-0.0245752216654731	0.0124948212762694	73	0.371502831328767	83	0.370207697626506	35	0.361343908485714
NGR.LN.6.Jul	0.728111697345252	0.336766060596175	0.289246101031008	-0.00203087804619648	0.00583094573604293	-0.00984317986743156	0.0101964014536067	-0.00935469331655184	0.00878241741760516	73	0.132269196849315	81	0.134426971111111	29	0.126640186206897
NGR.LN.23.Aug	0.0905896192090378	0.00262467830844641	0.0789812540831128	-0.00731713069862608	0.00429631177864215	-0.019118669646948	0.00619693537849638	-0.0101365038368491	0.00571685221621038	74	0.116241704594595	83	0.110874170963855	32	0.10771733921875
NGR.LN.1.Sep	0.0980113312271473	0.0421590830474944	0.428575355871604	-0.00739357970565757	0.00444110447877301	-0.0146610318028434	0.00712369617165054	-0.00475489047958486	0.00598424039818051	74	0.076590523	83	0.0709216105060241	32	0.075052982125
NGR.LN.22.Aug	0.0237463576674062	0.000327060220258756	0.0620932582480722	-0.00897986457442501	0.0039313558694601	-0.0206685652527516	0.00555535512552061	-0.0101569045846478	0.0053887924132654	74	0.0970019743243243	83	0.0903690768674699	32	0.08705448234375
NGR.LN.12.Aug	0.0300515293267385	2.03090438318626e-05	0.00406116800678844	-0.00872110544937844	0.00398231703945272	-0.0256577174883332	0.00573703827314883	-0.0153351484371266	0.00522489966337481	74	0.130248834527027	83	0.126143313433735	32	0.120730696875
NGR.LN.26.Aug	0.954833706079082	0.0586792045262161	0.126243088183354	-0.000285942790332766	0.00504029576436055	-0.0145708589994479	0.00761979714502778	-0.0108218188175527	0.00702361411109103	74	0.110771604594595	83	0.111658763554217	32	0.1105960846875
NGR.LN.3.Sep	0.463090920696298	0.48755477762985	0.835908164644806	0.00523333917139374	0.00711411388131511	0.00799853565864833	0.0114796459813091	-0.00204807561624097	0.00986445283544575	74	0.111969073040541	83	0.115865081807229	32	0.12151187446875
NGR.LN.14.Aug	0.108553521961899	0.000810674979927987	0.0214393003648995	-0.00593260556564993	0.00367521266681626	-0.0193492579289232	0.00560323035145949	-0.0108388911831973	0.00464491023657166	74	0.0800799282432432	83	0.0770841939759036	32	0.07248705734375
NGR.LN.20.Aug	0.0369075089297366	0.000515631865975585	0.0538697825560206	-0.00954715819491112	0.00453477184125216	-0.0243627805310662	0.00678990737826952	-0.0115283595294928	0.00591571420406079	74	0.092163555	83	0.0856791608433735	32	0.08138561715625
NGR.LN.30.Aug	0.405815623243348	4.85449172620497e-05	0.00247460703198907	-0.00340443137844694	0.00408402091868986	-0.0257692612155213	0.00606978615020707	-0.0167925798145539	0.00542078377447257	74	0.0733260989864865	83	0.0727230329518072	32	0.06436079846875
NGR.LN.5.Sep	0.24587314768177	0.250684042006898	0.746555270078934	-0.00588322360032829	0.00505028984041721	-0.00889363867253026	0.00769796665274163	-0.0018547365874158	0.00572454220542707	74	0.0741052457702703	83	0.068016755313253	32	0.07138909396875
NGR.LN.16.Aug	0.661407916017481	0.780047857941565	0.774478728983819	-0.00420080572132509	0.00957274247548002	0.00372473634349196	0.0133024866704306	-0.00375395030085194	0.0130696194173944	74	0.305498233783784	83	0.299586110843373	32	0.314066828125
GLI.HN.6.Jul	0.662790158404241	0.25855240488899	0.870644081419333	0.00196477803520154	0.00449659343743884	-0.00878770386180192	0.00773414221443222	-0.00109792108645008	0.00672645621670285	72	0.175245564416667	80	0.1757318026875	34	0.173885956411765
GLI.HN.23.Aug	0.943528632721253	0.0150131076849875	0.0785084412610869	0.000246165709778393	0.00346939383217428	-0.0136759055524338	0.00552887788638203	-0.00846122570441052	0.00476556229055704	73	0.231687826273973	83	0.233410098506024	35	0.232325916542857
GLI.HN.1.Sep	0.525073940775042	0.0487997257934421	0.315161632428484	0.00239451165872979	0.00375890445557856	-0.0131791539815432	0.00660953737355391	-0.00521239878434824	0.00516624121505504	73	0.181074425849315	83	0.183700043939759	35	0.181668919057143
GLI.HN.22.Aug	0.979394919089327	0.0944544698919252	0.318675761451173	-7.73128132854678e-05	0.00298847361948785	-0.0082785416545207	0.00490461237552696	-0.00411661676361508	0.00411003165837711	73	0.218667445465753	83	0.219862638951807	35	0.220069541514286
GLI.HN.12.Aug	0.710516274681678	0.000485458776419914	0.0107461660823982	-0.00117178844402951	0.00315113058454811	-0.0183646411219868	0.00509638545959615	-0.0115392288462136	0.00444863234572063	73	0.258511224479452	83	0.260675291253012	35	0.256005078142857
GLI.HN.26.Aug	0.367537851294634	0.289615631765292	0.209566404406223	0.00590962424819069	0.00653859731575096	-0.0108619318487622	0.0102043028095008	-0.0101105470967559	0.00801186392591808	73	0.281746027232877	83	0.287907333421687	35	0.2842671234
GLI.HN.3.Sep	0.554064968936353	0.84325687297951	0.58217741682471	0.00426044244452602	0.00718449764504058	-0.0023349160524332	0.0117789014918893	-0.00456108530662898	0.00826588341513158	73	0.267697288191781	83	0.273985521108434	35	0.273433088228571
GLI.HN.14.Aug	0.563910310129021	0.00165303964995154	0.127453157046624	-0.00162233231222302	0.00280525522227114	-0.0142046503933709	0.00439545013378184	-0.00595885432628983	0.00388069290328582	73	0.195946180273973	83	0.196838609036145	35	0.195437406257143
GLI.HN.20.Aug	0.573440118799503	0.0906553789893292	0.0849910855889386	0.00216857721240021	0.00384348177810355	-0.0104232972006122	0.00610276265436112	-0.00904510332020929	0.00520526683549022	73	0.201462769041096	83	0.206774570409639	35	0.201073472028571
GLI.HN.30.Aug	0.969477838940775	0.0439399301365146	0.128007498376211	-0.000123010771933604	0.00320953327018534	-0.0113796914179806	0.00557909743688419	-0.00654166502329429	0.00426651459504207	73	0.209543366561644	83	0.211062066674699	35	0.209107639257143
GLI.HN.5.Sep	0.611329281496136	0.331591083563707	0.797710573828355	-0.00169383320515919	0.00332621611596225	-0.00564786812664013	0.00578963517243734	-0.0011784485545134	0.00458689631358179	73	0.184820943082192	83	0.184253948626506	35	0.184844774971429
GLI.HN.16.Aug	0.185286231307325	0.544606959109084	0.276370440595702	0.00696902419167407	0.00523702184909905	-0.00471674301106125	0.00775936890655921	-0.00779814955244392	0.0071294340650504	73	0.371244928712329	83	0.382598029650602	35	0.380431452914286
GLI.LN.6.Jul	0.948352255922971	0.535890228109921	0.51278130189817	-0.000263639808533026	0.00406316371976648	-0.00427549705884142	0.00688205150639645	-0.00427851319503739	0.00651471839394152	73	0.165351335616438	81	0.168058120246914	29	0.164281386206897
GLI.LN.23.Aug	0.289636094776211	0.00894136278050101	0.162629855593028	-0.00285130407938173	0.00268325740644736	-0.0104524188247091	0.00392075258409298	-0.00517440166555138	0.00368099968830888	74	0.214765942567568	83	0.213091895783133	32	0.2120419
GLI.LN.1.Sep	0.211489525636716	0.0794784828445337	0.671308060468288	-0.0038628726541322	0.00307855961812699	-0.00934338196045177	0.00527400599352941	-0.00182201229399433	0.00428211279189948	74	0.179712914189189	83	0.177588336746988	32	0.1812309328125
GLI.LN.22.Aug	0.0671042758544985	0.00320416934188891	0.145174505271389	-0.00480747104922992	0.00260683963994089	-0.0118938931008919	0.00393875915687647	-0.00537685414327575	0.00366469979314981	74	0.203808925675676	83	0.200919556024096	32	0.19950623125
GLI.LN.12.Aug	0.0583534469123396	1.84512713653551e-05	0.00513005795535196	-0.0046003990685993	0.00241185476971443	-0.0161351922434807	0.00358811705016116	-0.00938956456594733	0.00328766257906451	74	0.24029652027027	83	0.239244351204819	32	0.2364105234375
GLI.LN.26.Aug	0.493667082129178	0.336762860631712	0.458581059135043	0.00300529879985245	0.00437997741608844	-0.00652671855179388	0.00676221756957645	-0.00455938010018307	0.00612981592735214	74	0.261911219594595	83	0.265930657228916	32	0.268035759375
GLI.LN.3.Sep	0.351333805966372	0.604015911259799	0.989576378172184	0.00453231215788453	0.00484802321414533	0.00415060581342943	0.00797783458187705	8.56512568382481e-05	0.00654117265418639	74	0.244413086486486	83	0.248614040361446	32	0.253173984375
GLI.LN.14.Aug	0.168785219700946	0.000673419108162929	0.0217647447991639	-0.00319267172520197	0.00230901431062411	-0.0126526117631386	0.0036058273935726	-0.00711906950835959	0.00305858909846188	74	0.179051601351351	83	0.178268768674699	32	0.1751169328125
GLI.LN.20.Aug	0.0875646285849411	0.000431241574821792	0.0433812409968832	-0.00490999137894004	0.00285552826214429	-0.0162756274003043	0.00447078903602583	-0.00812544589147508	0.00397602418156499	74	0.187180516891892	83	0.184768703614458	32	0.1807332203125
GLI.LN.30.Aug	0.449366143746415	7.25840179244633e-05	0.002672962613024	-0.00197985142808235	0.00261044973222126	-0.0167148155216353	0.00403905299542223	-0.0108007340185611	0.00351486637064003	74	0.193023002702703	83	0.192970971084337	32	0.1877909640625
GLI.LN.5.Sep	0.441622862816972	0.423240363652764	0.900944746159865	-0.00238042958753735	0.00308555465656674	-0.00376962476116614	0.00468813229785679	-0.00046258115867891	0.00370789908683907	74	0.17085110472973	83	0.168876772289157	32	0.171149896875
GLI.LN.16.Aug	0.675100065849783	0.813830738350575	0.76130331371134	0.00173178573068116	0.00412358924860909	-0.00143764120560455	0.00608903787060373	-0.00171110023704871	0.00561891517588098	74	0.363933375	83	0.367352551204819	32	0.374419571875
MGR.HN.6.Jul	0.677702729283491	0.130874422238702	0.455841429169049	0.00426177786480189	0.0102340783302806	-0.0266602214279315	0.0175046443005847	-0.0107769337784673	0.014400307333328	72	0.265076032041667	80	0.26530386675	34	0.256402193117647
MGR.HN.23.Aug	0.545998820093141	0.00679119610193802	0.0473164647342409	-0.0065277808855364	0.0107873448336446	-0.046952183399191	0.0169951953003443	-0.0287374705056684	0.0143304586031262	73	0.29271380960274	83	0.290101103096386	35	0.283381850285714
MGR.HN.1.Sep	0.724427945898047	0.0378479296758118	0.456762989531239	-0.0036963079224181	0.0104650728982355	-0.0386689140414983	0.0183821746436045	-0.0104187520246441	0.0139520541628907	73	0.177617089493151	83	0.174088390433735	35	0.172421004485714
MGR.HN.22.Aug	0.477233577991267	0.0500756433498224	0.20686597952242	-0.00613765845403842	0.00861384331451093	-0.0279278260906059	0.014086483683404	-0.0148185082588174	0.0116725796438359	73	0.245646294821918	83	0.242475725421687	35	0.240376069457143
MGR.HN.12.Aug	0.234659789014948	5.50793743028506e-05	0.00450535290809447	-0.0112296085346157	0.00941128415837423	-0.0619213251402006	0.0147136910811952	-0.0376573152354611	0.0129920706360475	73	0.322576477575342	83	0.320057766578313	35	0.302298042485714
MGR.HN.26.Aug	0.890383431400121	0.0718210273976255	0.0907048339530094	0.00211789599080549	0.0153413178532556	-0.04358044201858	0.0239588176491892	-0.0325029965342896	0.0190491567770153	73	0.285489551712329	83	0.288419315554217	35	0.273984446428571
MGR.HN.3.Sep	0.970611054038884	0.698082139958103	0.509347261122457	0.000793241330430534	0.0214952818356113	-0.0135390707030341	0.0348051694679261	-0.0159202973715293	0.0240503944172608	73	0.33069548209589	83	0.335053224313253	35	0.3318480912
MGR.HN.14.Aug	0.409248224200224	0.00118115450045713	0.106698460957266	-0.00726232039658457	0.00877600501032525	-0.0449337332618342	0.0134676048506966	-0.0190279151255876	0.0117010380360382	73	0.221851492863014	83	0.221272949493976	35	0.217372724428571
MGR.HN.20.Aug	0.958828306617899	0.0401707749218942	0.0608239439832759	-0.000606421335271326	0.0117274067861901	-0.0369641415585696	0.0177860669132104	-0.0295292209555545	0.0155935180502021	73	0.24321632530137	83	0.250429131096386	35	0.2313336652
MGR.HN.30.Aug	0.514300814197763	0.0287953068358028	0.15042055733571	-0.00651380012712443	0.00996454483110833	-0.0379119398608331	0.0170977192225335	-0.0183189672149825	0.0126523024605431	73	0.201503693178082	83	0.200664591578313	35	0.196072714514286
MGR.HN.5.Sep	0.293181156613405	0.322705453066998	0.959489742087469	-0.0118121614125224	0.0111980083478104	-0.0188617307620429	0.018981619590493	-0.000762020384126008	0.0149689598010465	73	0.204481557109589	83	0.19464056273494	35	0.200690810228571
MGR.HN.16.Aug	0.969494248258471	0.255923236907126	0.0523954854700398	0.000780015982483013	0.0203627253101894	-0.0379287784899946	0.0332000340556166	-0.0484794031025425	0.0247277556127127	73	0.739911660287671	83	0.736876418722892	35	0.719542472428571
MGR.LN.6.Jul	0.700189317731668	0.3045521735923	0.253086756019384	-0.00395161343441462	0.010242440853374	-0.0185119209061687	0.0179346930963905	-0.0176964388305177	0.0153989921155738	73	0.246651919178082	81	0.249824072839506	29	0.236052524137931
MGR.LN.23.Aug	0.0900169464945027	0.00262208193320929	0.0783198390092003	-0.0145387855677212	0.00852125018085317	-0.03792541123591	0.0122914808400279	-0.0201302362324609	0.0113277347345909	74	0.231411983783784	83	0.220623236746988	32	0.21435680375
MGR.LN.1.Sep	0.0981637281599137	0.0421315031515071	0.427785360792188	-0.0147399231210284	0.00885788862631199	-0.0292477943850259	0.0142093606154178	-0.00949854193030302	0.0119338479094471	74	0.152922023783784	83	0.141593024987952	32	0.14982861653125
MGR.LN.22.Aug	0.0237080716607543	0.000323744126862155	0.0615391028583143	-0.0179002385359435	0.00783448587610649	-0.041222049810588	0.0110710651078303	-0.0202692036325772	0.0107307024173997	74	0.193591803851351	83	0.180321243253012	32	0.17369022375
MGR.LN.12.Aug	0.0297222172668198	2.042084930377e-05	0.00403424804962003	-0.0173870978869657	0.00792328704082955	-0.051034470800748	0.0114148450102958	-0.0305041046410901	0.0103852945020706	74	0.259690767567568	83	0.251393673493976	32	0.2406510921875
MGR.LN.26.Aug	0.954281317705762	0.0579855281466555	0.124807445126457	-0.000574913516199074	0.01001138969968	-0.0290351424911414	0.0151413199859521	-0.0215703250022241	0.0139460149189093	74	0.220638345675676	83	0.222319593433735	32	0.2201793484375
MGR.LN.3.Sep	0.462815652607614	0.487058796366058	0.837133048312571	0.010427995105079	0.0141669068380484	0.0159532069067755	0.0228702083020831	-0.00404719312491267	0.0196418399293662	74	0.22327195777027	83	0.231042383433735	32	0.24232725265625
MGR.LN.14.Aug	0.108017127875502	0.000809423762085896	0.0213392467772918	-0.0118128303089407	0.00730676593198575	-0.0384744321883038	0.0111400654868163	-0.0215563427903891	0.00923050142775837	74	0.159642694459459	83	0.153614308433735	32	0.144484680625
MGR.LN.20.Aug	0.0366189274868423	0.000505049143585611	0.0530735214325568	-0.0190050143582209	0.00901309768616497	-0.0485391584651637	0.0135049055994005	-0.022984240103415	0.0117542982309411	74	0.183715935878378	83	0.170736720120482	32	0.16217751296875
MGR.LN.30.Aug	0.406339169330713	4.81751038242037e-05	0.00244436217736801	-0.00677960526581175	0.00814204052675728	-0.0514196879941452	0.0121058166289331	-0.0335136217785268	0.010804645278695	74	0.146372042162162	83	0.145142135722892	32	0.1284506111875
MGR.LN.5.Sep	0.245769358318046	0.251007480513713	0.747581881845807	-0.0116911607383691	0.0100337366728365	-0.0176650907845066	0.0153006818995677	-0.00366945876735691	0.0113733013440222	74	0.147638618675676	83	0.135490295156627	32	0.14224204971875
MGR.LN.16.Aug	0.656571077051979	0.772597474044694	0.780169706887122	-0.00847898512633504	0.0190312558065709	0.00767455083975946	0.0264863197927234	-0.0072640679189326	0.0259632557426663	74	0.608632878378378	83	0.59654368313253	32	0.625439278125
VARI.HN.6.Jul	0.686170343696405	0.126835755749713	0.370559517004114	0.00390478629816442	0.00964482681521726	-0.025214973805131	0.0163798233772637	-0.0118370192767542	0.0131648065337161	72	0.225196251027778	80	0.2254114413	34	0.216707250676471
VARI.HN.23.Aug	0.41203029198764	0.00546546446591538	0.0411841301486904	-0.00810342384698747	0.00985094013005246	-0.0432244563999766	0.0152295051258709	-0.0263306770582498	0.01274920379856	73	0.256348755287671	83	0.250643768975904	35	0.244592071257143
VARI.HN.1.Sep	0.619384271459348	0.035266186805871	0.472158063508906	-0.00479831482990505	0.00964000725715607	-0.0357522737118355	0.0167583046435936	-0.00913294141389788	0.0126601565663817	73	0.158988675082192	83	0.153548975084337	35	0.152642710142857
VARI.HN.22.Aug	0.373033469452972	0.0485059627628151	0.202213356812177	-0.00700478642977546	0.0078400806814356	-0.0253807748505366	0.0127119212826458	-0.0133987604696446	0.0104455444406153	73	0.219113544164384	83	0.214013232481928	35	0.212110568142857
VARI.HN.12.Aug	0.152964451189854	3.92183420081056e-05	0.00393318900279459	-0.0122462614137769	0.00852581518049399	-0.056056968096495	0.0130430019042315	-0.0339180916444059	0.0115209320590732	73	0.286321778712329	83	0.280745962024096	35	0.265142976142857
VARI.HN.26.Aug	0.951537789441	0.0672338698602205	0.0887658229824228	-0.000815004991689989	0.0133877664898386	-0.038495920520663	0.020812755233464	-0.0282076220548054	0.016430884492511	73	0.246388804890411	83	0.244996674	35	0.232631891657143
VARI.HN.3.Sep	0.910671389654509	0.672811952332729	0.515479267079201	-0.00227846876633503	0.0202746866277607	-0.0138718914701167	0.0327551838553607	-0.0146659499277222	0.0224805946534869	73	0.30347307739726	83	0.303368561204819	35	0.300712231657143
VARI.HN.14.Aug	0.337658072573906	0.00158646345948452	0.12996865727255	-0.00768286334276356	0.00798751336062351	-0.0393420501035952	0.0121253674965145	-0.015879690425402	0.0104105991760285	73	0.194878452863014	83	0.192317638554217	35	0.190312320171429
VARI.HN.20.Aug	0.855630744003796	0.0431881565633508	0.0647799968404447	-0.00199601610896326	0.0109520594113263	-0.0335120298674841	0.0163700128808013	-0.0267864727529541	0.0143629540018031	73	0.217287761246575	83	0.221555960156627	35	0.204504211514286
VARI.HN.30.Aug	0.397700597867366	0.0249350393816659	0.148849528102177	-0.00766119367337967	0.00903289980830778	-0.0350153515430643	0.0153867256683703	-0.0163365076280542	0.0112392297082167	73	0.178557187739726	83	0.175373217385542	35	0.171541395514286
VARI.HN.5.Sep	0.217494157536223	0.329434918191762	0.969606724838809	-0.0130458230210561	0.0105345229018001	-0.0173252732338511	0.0176807794518231	0.000534283254527815	0.013991582481437	73	0.183769287	83	0.171570440662651	35	0.178614014542857
VARI.HN.16.Aug	0.859925330992298	0.253534649510971	0.0571813412889367	-0.00373711827261264	0.0211410428541972	-0.0394260604319518	0.0343364711201039	-0.0490901638939905	0.0255471932330195	73	0.711590511041096	83	0.700251247204819	35	0.682379433857143
VARI.LN.6.Jul	0.618758895097119	0.275206694845849	0.23502547678374	-0.00500502331130162	0.0100370778475707	-0.0191277448242788	0.0174309106474528	-0.0176745449908544	0.0147982504226442	73	0.209592415753425	81	0.211513302469136	29	0.198540258275862
VARI.LN.23.Aug	0.0728272132844869	0.00462197180404704	0.0897441059593384	-0.0142075002405248	0.00786489918782239	-0.0326880944894877	0.0112840436917178	-0.0174580603667654	0.0101984159213232	74	0.196328943918919	83	0.184068999638554	32	0.17905975609375
VARI.LN.1.Sep	0.0923861062260873	0.0502593307397861	0.44347761103517	-0.013745735761145	0.00811619458470317	-0.0255178046111085	0.0128783659115234	-0.00836132839159325	0.0108714650793604	74	0.134157695608108	83	0.12260971573494	32	0.13052308
VARI.LN.22.Aug	0.0212613256816896	0.000419717047336839	0.0601612396255349	-0.0167670758993891	0.0072040941350049	-0.036696007214972	0.0100583070447029	-0.018353489824799	0.00966393843585994	74	0.168400109121622	83	0.154752448253012	32	0.1485182396875
VARI.LN.12.Aug	0.0250936239161148	6.97124958356873e-05	0.00638467102774967	-0.0168434605328049	0.0074451493718359	-0.0443424631853237	0.0106871603777837	-0.0264976091740799	0.00952946763183284	74	0.224020310135135	83	0.213772353012048	32	0.205121065625
VARI.LN.26.Aug	0.820668067593113	0.0567781024830642	0.114904308266109	-0.00198789443395543	0.00875422882873922	-0.0252361345541518	0.0130954482945531	-0.0191531760688105	0.0120527210897828	74	0.183876532702703	83	0.182385636746988	32	0.1803362
VARI.LN.3.Sep	0.489348820553022	0.418149240209496	0.862276358755358	0.00911147414493322	0.0131473176540766	0.017189826863816	0.0211445577211859	-0.00321024218573244	0.0184619934031664	74	0.196462773040541	83	0.20191898873494	32	0.21259603703125
VARI.LN.14.Aug	0.0972138177588869	0.00160006495005026	0.0283465251054824	-0.0109881424001409	0.00658442336300209	-0.0324120069461585	0.00999238812442552	-0.0181018078632621	0.00814749248668061	74	0.135370016554054	83	0.128228191385542	32	0.12119362109375
VARI.LN.20.Aug	0.032544412148587	0.000726182837377109	0.0529767350824507	-0.0180782713085713	0.00837959289961453	-0.0435677500000393	0.0124966490974758	-0.0208700886136315	0.010668684186288	74	0.158718406959459	83	0.144992861626506	32	0.137565611875
VARI.LN.30.Aug	0.384361531396845	5.63582924736856e-05	0.00234537647401618	-0.00636576785359279	0.00729677347759435	-0.0450878942579319	0.0107200965828705	-0.0298699056502278	0.00958880310306438	74	0.12569229527027	83	0.123444182349398	32	0.10861667784375
VARI.LN.5.Sep	0.213611152520592	0.288912327153362	0.8006709838435	-0.0116237276230203	0.00930695802125318	-0.0153210731760116	0.0143709019659872	-0.00262092062375625	0.0103556827736604	74	0.128406253297297	83	0.115105825277108	32	0.12203448878125
VARI.LN.16.Aug	0.603110181296838	0.683919381846096	0.802843125286111	-0.0103958644843231	0.0199528604594114	0.0114163466017261	0.0279608336474324	-0.00681538951424618	0.027231828898801	74	0.563622465540541	83	0.546530354216867	32	0.57564201875
VEG.HN.6.Jul	0.176940899580646	0.223400347008504	0.14338340725944	0.0321764053869662	0.0237158167009767	-0.0460439130809582	0.0375848959346937	-0.0482903634133528	0.0327630560829392	72	1.68888223509722	80	1.7042266792375	34	1.689542449
VEG.HN.23.Aug	0.0906146310576296	0.971978452794488	0.961566281486773	-0.133771940422361	0.0785480864901513	0.00393755809100012	0.111822762322834	0.00507646151429566	0.105113293987779	73	3.74970580289041	83	3.52055043616867	35	3.62261906902857
VEG.HN.1.Sep	0.396389554974255	0.53618307970116	0.938993430712935	-0.087624167172271	0.103025731148543	-0.0949832623771425	0.153031674510909	-0.0100629131803445	0.13118884139363	73	4.02473715624658	83	3.79395739343374	35	3.86495258282857
VEG.HN.22.Aug	0.0866864961299694	0.471279469773126	0.566021734572009	-0.148299953636028	0.0860021340698757	0.0854092623082135	0.118121341817878	0.0679511134450446	0.118050123843093	73	4.45683796887671	83	4.20378715516867	35	4.29537265474286
VEG.HN.12.Aug	0.0555442127054595	0.452210664021919	0.488794830782694	-0.190101895562592	0.0985240403415755	0.103457382541427	0.137102213474774	0.0894842492592602	0.128847211192328	73	4.80577082364384	83	4.49738436468675	35	4.65358546182857
VEG.HN.26.Aug	0.348292746318276	0.322084384949138	0.557438801076902	-0.109455871672541	0.116339230291918	0.175287371492713	0.176174186009566	0.0901236767121362	0.15316764512379	73	4.62634272815068	83	4.38087587119277	35	4.50883783042857
VEG.HN.3.Sep	0.207377812649106	0.802732931527784	0.997701223092231	-0.175327928239494	0.138463641999962	0.0524005723995307	0.20921991342156	0.000480301067021019	0.166339488756112	73	5.70423938883562	83	5.41408971709639	35	5.52098324294286
VEG.HN.14.Aug	0.115457964485794	0.231333834553357	0.133820256746584	-0.140275225567273	0.0885998520575066	0.158150605575181	0.131349966438068	0.17362075036696	0.114976325514322	73	3.60831578878082	83	3.38646548468675	35	3.60792581882857
VEG.HN.20.Aug	0.159020476859561	0.421845268184587	0.67256856318442	-0.127825217693713	0.090312513974237	0.105735022245201	0.131112738861821	0.0538391534206145	0.127060189759292	73	3.86284477010959	83	3.67841198757831	35	3.79222697965714
VEG.HN.30.Aug	0.034850567556077	0.402249152696109	0.848282529590079	-0.206797866763442	0.0971197953570219	-0.116759817846208	0.138820598012588	-0.0235025479444891	0.122568985408741	73	4.32893200694521	83	4.03014662086747	35	4.09537326294286
VEG.HN.5.Sep	0.0546865610143043	0.978516171234702	0.595359252193217	-0.163928724011178	0.084656546525532	0.00317831093414377	0.117738204734946	0.0577354150639121	0.108403833782698	73	3.64225018490411	83	3.38343640524096	35	3.50977046608571
VEG.HN.16.Aug	0.132469023253126	0.0687472875442402	0.248790492726172	-0.277698865815534	0.183589270357544	0.554167356972592	0.301287846167197	0.312830658330216	0.269851726645233	73	8.23398691909589	83	7.67952030450602	35	7.89886887957143
VEG.LN.6.Jul	0.391475923508025	0.704122592452094	0.195484961662615	0.0225604190962628	0.0262499994442543	-0.0165006101810167	0.0433219336184324	-0.0514299914098864	0.0394757843814634	73	1.64110953424658	81	1.67262951851852	29	1.65753
VEG.LN.23.Aug	0.190752938860385	0.186424297080174	0.227353855086311	-0.113888505925016	0.0866588204875597	0.179011427276823	0.134567430384202	0.137188026260991	0.11300646217277	74	3.24655065540541	83	3.01173585542169	32	3.16801053125
VEG.LN.1.Sep	0.196226732115292	0.136903007933796	0.101258094688515	-0.134701465761009	0.103769923757053	0.238016786764203	0.158746983420989	0.229807449264383	0.139055736243188	74	3.7636399527027	83	3.48984392771084	32	3.766757859375
VEG.LN.22.Aug	0.106342190619779	0.394343973671943	0.389923577003909	-0.155147467834514	0.095505080840378	0.121140984097582	0.141615967504184	0.108840989108692	0.126094890978703	74	3.80504680405405	83	3.52969280722892	32	3.625084203125
VEG.LN.12.Aug	0.106929351372941	0.224381872418949	0.199347176017162	-0.17136040335637	0.105663881934654	0.208201442018856	0.170314634818063	0.175992968325581	0.136303695801976	74	4.06292485135135	83	3.76956195180723	32	3.982451265625
VEG.LN.26.Aug	0.57875149573773	0.0992910649134457	0.162871156195551	-0.0577705032161205	0.103827949981013	0.275090423079364	0.165357882956002	0.195339138818525	0.139042125911471	74	4.02411427027027	83	3.82210403614458	32	4.02947409375
VEG.LN.3.Sep	0.81263952078623	0.015835126189928	0.202369890672528	-0.03050374275626	0.128472287958553	0.484390511146962	0.197380778109742	0.240791343733041	0.187754281540097	74	4.66190689864865	83	4.47385410240964	32	4.7321319375
VEG.LN.14.Aug	0.136292577397838	0.137190370347555	0.131702230309721	-0.122199451634366	0.0815929989284122	0.198945634919452	0.132786386097534	0.159283800116695	0.104880360034922	74	3.03074707432432	83	2.79282756024096	32	2.983836078125
VEG.LN.20.Aug	0.0658797082574494	0.891822839093083	0.905254814919793	-0.158986473333783	0.0858182620138646	-0.0176866052857845	0.129722985696459	0.0133409393947485	0.111826255378299	74	3.27377274324324	83	3.01182123493976	32	3.121100484375
VEG.LN.30.Aug	0.334445662160633	0.952089580397434	0.877808931049941	-0.0844904801585019	0.0872588467239327	0.00755386454431271	0.125412024803178	-0.0182001432708145	0.118101840190247	74	3.60822988513514	83	3.40683419277108	32	3.447617625
VEG.LN.5.Sep	0.0883067715726307	0.134806304415677	0.076296033403082	-0.162269594537034	0.0945949234457103	0.229975783617916	0.152555271648419	0.21724462530009	0.121403796219162	74	3.17475743918919	83	2.87516377108434	32	3.125465234375
VEG.LN.16.Aug	0.22249697654877	0.033961997526833	0.102451930466961	-0.239472567716182	0.195499201032632	0.677122521932811	0.314976100091585	0.435006524754241	0.264151628092494	74	7.02753676351351	83	6.5042978313253	32	6.9248461875
Woebbecke.HN.6.Jul	0.697441364001325	0.0740875330079552	0.760661843349707	0.0589956035204519	0.151449869921991	0.442627240162055	0.245251463791146	0.0657874613928758	0.215430687283764	72	3.80558861047222	80	3.892280982125	34	4.05797099582353
Woebbecke.HN.23.Aug	0.493469485875465	0.000789023743140287	0.00130014688450075	-0.371697108991018	0.541461452303925	3.58116491313083	1.03522568663344	2.72089973879895	0.82488387050004	73	11.2067149600822	83	10.3322862283253	35	12.1292056220571
Woebbecke.HN.1.Sep	0.492164853288451	0.0324512207766456	0.141263434990471	-0.652471130418994	0.947605713440324	3.50707444380826	1.6175569910413	1.93427325252839	1.30564087976101	73	18.8341020343836	83	17.6326445355422	35	18.7703720842857
Woebbecke.HN.22.Aug	0.92713165440405	0.000901437464554115	0.00550207625804572	-0.0604106320638202	0.659453861293219	4.15352206782162	1.21480998026776	2.89675824539273	1.02340404093817	73	15.7525973109589	83	15.0898234090361	35	16.7719928562857
Woebbecke.HN.12.Aug	0.854236930990359	5.3258783750267e-06	0.00042911661929162	0.117106345087435	0.636344240175414	5.45472823365013	1.1357135040679	3.71951835465936	1.02501427724632	73	13.6845693766986	83	13.0094907218795	35	15.5599417798571
Woebbecke.HN.26.Aug	0.38594067110624	0.000512008781901923	0.00108016674745934	-0.688331031175581	0.791618243585163	4.72721971754889	1.31756372475072	3.74412424350596	1.11588605335647	73	20.4928400323288	83	19.0196965978313	35	21.4755847622857
Woebbecke.HN.3.Sep	0.21311143396015	0.381544227300559	0.100036752068957	-1.16847250383747	0.93452772785189	1.27325856582384	1.44882675830571	1.83852007754167	1.10869871512702	73	21.2006677643836	83	19.2630759444578	35	20.2116645485714
Woebbecke.HN.14.Aug	0.763823164505685	4.3092448515666e-05	0.00103174077901175	-0.213858867323252	0.710477829378592	5.42377353393971	1.26926392923731	3.5918799631905	1.06608098721761	73	12.7419342721096	83	11.6915591123614	35	14.0936643872571
Woebbecke.HN.20.Aug	0.581906918446396	0.00107923088363194	0.00230126691263838	-0.366125414621628	0.663521322370826	3.98332688652002	1.18404150943372	3.0321621668069	0.972095144540096	73	13.1542344956849	83	11.9390632464217	35	14.2048488166571
Woebbecke.HN.30.Aug	0.438198508948356	0.00944690185334573	0.0459425546333313	-0.744899572569149	0.958318064634468	4.13905966392793	1.56483149763534	2.64503518636312	1.31061242869822	73	19.9223693347945	83	18.2982790307229	35	19.7041552091429
Woebbecke.HN.5.Sep	0.298605903633737	0.251058292213932	0.293765401041822	-0.838809508727011	0.804212110693765	1.56827937134339	1.35866962305413	1.0508311715923	0.996234308833469	73	16.2035656938356	83	14.6795785423614	35	15.2004250956286
Woebbecke.HN.16.Aug	0.421321127059793	0.138435063417252	0.0267586587461671	-0.470797332864974	0.583877292405906	1.36338574818022	0.913047236973492	1.55693042133932	0.693716437753749	73	10.7065262656164	83	9.99230161214458	35	10.3815800622286
Woebbecke.LN.6.Jul	0.177869870917056	0.126987657102469	0.247015186160749	0.199761969163705	0.14756324468476	0.403742898951544	0.262290408255739	0.254937699493183	0.218996757331345	73	3.91388617808219	81	4.01547845679012	29	4.32370275862069
Woebbecke.LN.23.Aug	0.650230152120215	3.22035404863527e-05	0.0013024810591913	0.206897391502557	0.455377142917126	3.71732435203881	0.853930385502455	2.41047759139166	0.73038654745561	74	12.0312541824324	83	11.4999681626506	32	13.20042171875
Woebbecke.LN.1.Sep	0.777558816077362	0.00237525099799266	0.00836210801295501	0.266783153381295	0.942683317222486	5.05958309114927	1.62290987559289	3.24988219173253	1.21012305211769	74	19.8437445608108	83	19.0932267048193	32	20.504284046875
Woebbecke.LN.22.Aug	0.340955574278903	9.07353634185385e-07	0.000391642382282056	0.560539937929801	0.586784007483775	5.82747929671918	1.11355202504283	3.63453489337696	0.993553573278031	74	16.6725841081081	83	16.3023340903614	32	18.4415876875
Woebbecke.LN.12.Aug	0.433880757524317	7.57952520380501e-07	8.09728479164936e-05	0.424682509544029	0.541239051109812	5.14397255561141	0.975081964054682	3.41610255729069	0.834274033392829	74	14.7294929121622	83	14.0865804036145	32	16.37589103125
Woebbecke.LN.26.Aug	0.67174586304746	0.000323730249523577	0.00171320283047535	-0.266290647769778	0.627191365208424	4.44144576299513	1.19284152111085	3.25907583589924	1.01374247539244	74	20.6198916756757	83	19.3666485060241	32	21.24511734375
Woebbecke.LN.3.Sep	0.204921844147232	0.249799076961047	0.12732067971052	-1.03122421182044	0.810002508988849	1.54290212872553	1.33296333924946	1.57492259384696	1.02509748990462	74	23.2587369527027	83	21.5508101204819	32	21.95838828125
Woebbecke.LN.14.Aug	0.694943326161126	1.2097556538292e-05	0.000524280458216248	0.263734870470926	0.671250768961604	5.34207208462861	1.16032541777294	3.36263997054101	0.940990037613401	74	14.2877053581081	83	13.4520249939759	32	15.957345421875
Woebbecke.LN.20.Aug	0.353429043976862	5.31046216150397e-06	0.00234019950623312	0.505050089246145	0.542593376016455	4.75693980551959	0.989207474948321	2.71616468694381	0.871741408385622	74	14.0414202972973	83	13.5787789638554	32	15.4142070625
Woebbecke.LN.30.Aug	0.392508050300796	9.02300839199955e-05	0.000399242696590975	-0.70471945054745	0.821811846095923	5.80964408213953	1.42407623456086	4.16402783097558	1.14002298430906	74	20.8100425608108	83	18.9081248915663	32	21.53298984375
Woebbecke.LN.5.Sep	0.681429928841268	0.00131158816360562	0.00946852452748606	-0.302333474327629	0.735063205359357	3.88562304728634	1.17537173437588	2.49698796894575	0.945464492748146	74	16.9217870675676	83	15.6920208915663	32	17.097415828125
Woebbecke.LN.16.Aug	0.752369243165958	0.119577499806462	0.126106600779488	-0.142282721445978	0.450136234008107	1.09661790607252	0.698549096805263	0.974786837779628	0.632429230196847	74	11.2027669324324	83	10.5339982168675	32	10.460917234375
