trait	p12	p13	p23	eff12	std12	eff13	std13	eff23	std23	Nhap1	hap1	Nhap2	hap2	Nhap3	hap3
HN.B	0.393637672561329	0.0402625446767114	0.840550315363804	1.10051666155389	1.27826152400209	1.65655001614018	0.799638043193392	0.2065205144048	1.02432811880957	30	15.5758509833333	22	15.716162065	106	17.521708129717
HN.Ca	0.664017543917543	0.866710401692029	0.469251381584629	0.0089706903637101	0.0205295000641916	0.0021780558401515	0.0129532937267193	-0.0120465357857111	0.0165950990135353	35	0.4051637318	20	0.428070951	110	0.4111064618
HN.CHL	0.321168923141157	0.33539212623904	0.58727070202325	-11.6328216097628	11.6140905824879	-7.11306827791704	7.3585682220151	4.63328145908319	8.51422048288923	35	409.355109068571	22	396.441593290909	110	401.573438806364
HN.Cu	0.264999725668246	0.62616632765902	0.344208183479786	-0.734017133737091	0.651416855324599	-0.217641989313107	0.445776122070936	0.513914935531231	0.541242217723135	35	11.8876897434	22	11.0217554422727	107	11.43915345
HN.DW	0.0571722592102083	0.132405957656856	0.0644151939358088	-0.751765842427395	0.386130231204402	-0.373037328899696	0.24645169560369	0.604266282209306	0.323866734211978	34	7.56369863823529	21	7.05797225057143	109	7.02460960300917
HN.Fe	0.961869106773416	0.1195204614679	0.386318000582562	-0.0967425831086197	2.01382956263435	-1.87096996914123	1.19451734941176	-1.25208460010781	1.44036030316922	35	103.079314693143	22	102.017836172273	111	100.988829510901
HN.FW	0.0902588393068114	0.0745919074388048	0.0519380203097193	-3.64111633564042	2.10694179194924	-2.28143433784968	1.26967088695091	3.13355335559014	1.59654961654676	33	33.2886878624242	21	30.5216399309524	107	29.8842197833645
HN.K	0.0391119114184756	0.756386920739362	0.025852178012601	-0.123370707244698	0.0582914103948956	-0.0131855747906294	0.042420180263892	0.12157936551794	0.0539229933908469	35	2.37705429185714	22	2.24527208154545	111	2.32287549008108
HN.LA	0.0661027159040051	0.563188327382105	0.00586244276913996	-124.159302522616	66.1399567703943	-21.9481550130941	37.8754369286321	133.151766202807	47.514349102683	35	1260.31300168286	22	1177.52500569545	111	1213.52236883514
HN.Mg	0.750586977291293	0.95147512513954	0.988178360495542	0.00356698814456424	0.0111624051075027	0.000473843427271319	0.00777256054035156	-0.000145203875713469	0.00978069189276488	35	0.200848823485714	22	0.204886814454545	110	0.2043853569
HN.Mn	0.338411688822829	0.358323044001185	0.191672655914015	6.38532384494332	6.60209687638312	-3.2768197006285	3.5541703504773	-6.36621310730711	4.84672698303613	32	76.86948836	20	80.2373465205	98	71.8110853661225
HN.N	0.84453943657929	0.588388433820874	0.336047130198497	-0.00643368173369472	0.0326463442359785	0.0113421839856917	0.02091050052257	0.025754206022685	0.0266707124264893	35	2.81640746697143	22	2.79154204345455	111	2.82864186946847
HN.P	0.918271239307924	0.300446312368882	0.721721245323945	0.000728780563909694	0.00706789929930275	0.0050185486401238	0.00482867219368772	0.00224712076386318	0.00629532813399032	35	0.294703198428571	22	0.293551395272727	110	0.300095260272727
HN.S	0.207279948798195	0.361709543576959	0.761739547614673	0.0045449613738903	0.00355913070918268	0.00201925466283171	0.00220663181508101	-0.000889726648297092	0.00292822799178097	35	0.182953734257143	22	0.183321118363636	111	0.184849267252252
HN.Zn	0.690071895037172	0.0568865536030107	0.618188599032065	0.769826330979397	1.91893035916886	2.51896506752981	1.31118300971547	0.76770263230684	1.53627123757562	32	25.9607938665625	21	25.9196228690476	104	28.3284350124038
LN.B	0.730978424886049	0.153030555335272	0.966281100291388	0.265701965003364	0.768097715700638	0.706853807937328	0.491787022811011	-0.0255580089776514	0.603323642344803	31	14.2835121077419	20	14.572292244	104	15.0267397436538
LN.Ca	0.60676515834602	0.849869018852511	0.160270282132047	0.0121108491380534	0.0233719973404665	0.00270894580044432	0.0142839954885196	-0.0246431505557634	0.0174440495099615	32	0.3239770535	20	0.34290449965	108	0.332727638064815
LN.CHL	0.618967741642208	0.714599542052633	0.381537555992479	-4.38065294590727	8.7537714054002	2.4847597207957	6.78094818001995	7.52585606994995	8.57019405079257	34	281.409645223529	21	269.297354838095	110	287.274596808182
LN.Cu	0.611586029714719	0.61598746374455	0.977011624475673	0.217544975458958	0.424859108612663	0.157385090321666	0.312939664280473	-0.0102140008018518	0.353647557453645	24	6.70985950108333	19	6.53733606363158	95	6.78423275150526
LN.DW	0.0685730991314022	0.299479944290789	0.0254599058483426	-0.584391433965925	0.313954567563756	-0.194861097594781	0.187081407174948	0.52009015188191	0.22988951549359	34	6.11384334308824	21	5.56508689895238	105	5.83451302952381
LN.Fe	0.446465618082983	0.405250533128573	0.846062391883775	1.73795549017812	2.26404740714391	1.08264353129169	1.29685571542998	-0.322503752267112	1.65773236294422	33	74.4886201790909	20	75.2695341055	111	75.7196055561261
LN.FW	0.074598317666525	0.157109632912398	0.0670440651297778	-2.85620549427745	1.56851060411898	-1.23633462048788	0.869034299050991	1.9254860618452	1.04215774924433	34	25.3072256241176	21	23.092188937619	108	23.5623016461111
LN.K	0.013468364218847	0.153471370142336	0.0879231432581886	-0.173527684564776	0.0677318960367202	-0.060776224366651	0.0423480029189606	0.0895174719091788	0.0520541400020072	34	2.31043046808824	21	2.19288228980952	111	2.19931746502703
LN.LA	0.0578281318913826	0.470396179859743	0.00848829109806593	-104.436582772851	53.7882594660019	-22.133228528867	30.577379023592	102.527761246104	38.3323108540146	34	1106.81308950882	21	1017.43123345714	108	1062.62500503241
LN.Mg	0.575334478717957	0.773559352434522	0.23296180846761	0.00619595216964324	0.0109874362094354	-0.00210929579681958	0.00731664426996965	-0.0107942232731525	0.00900590294053996	34	0.152471259911765	21	0.156457408761905	109	0.154001219899083
LN.Mn	0.30870526718433	0.666426732155973	0.138875314303774	7.56767403487218	7.34198449292391	-1.63736923920345	3.78887801457909	-8.05872851326105	5.40526738285255	27	56.5971023225926	19	59.6893128563158	95	55.0129476652632
LN.N	0.405243561835905	0.577981265544281	0.745737958418357	-0.0360599369276211	0.0429276064077995	-0.0167774206969535	0.0300844379225513	0.0120429335966939	0.0370572303470386	31	2.02264543651613	20	1.9565722668	110	2.02090480888182
LN.P	0.504956682806997	0.467336983760522	0.222949702783251	-0.00537452691304813	0.00800308105048574	0.00374949714689511	0.00514449945252665	0.00748967937215325	0.00611496939427409	34	0.294404124411765	21	0.290044765238095	109	0.299504797577982
LN.S	0.450369138050862	0.70828126336575	0.525232099672532	0.00486727749901509	0.00639682314329302	0.00142874827351306	0.00381055551594048	-0.00324672658803141	0.00509595844807361	34	0.155403001470588	20	0.1563030555	108	0.160146296490741
LN.Zn	0.855990567095108	0.143825374453072	0.688594720610378	0.308160419185305	1.68737378525454	1.6658180951586	1.13121834607833	0.535418229761711	1.33196331350576	28	19.886002985	18	20.2572137661111	83	21.5698424440964
HN_LN.B	0.462716418050748	0.212709752825543	0.762959001186348	0.0692613417097053	0.0934280184093255	0.0565000470846415	0.0451005551319414	0.018848647804014	0.0623479710828402	26	1.09994054084615	20	1.10574774085	100	1.17428469489
HN_LN.Ca	0.992615977057015	0.667295474819732	0.715166578178876	0.000828944646488212	0.0890852989051804	-0.0200039976868966	0.0464329765367922	0.0202815913202762	0.0554472361696952	32	1.29001237309375	19	1.30519781710526	107	1.25678760399065
HN_LN.CHL	0.596665683393125	0.304988597583122	0.617001509824782	-0.022676462755556	0.0425764483932672	-0.0337411824083696	0.0327704489513999	-0.020574244324947	0.0410370909374863	34	1.46518307129412	21	1.48517380747619	109	1.41148805879817
HN_LN.Cu	0.0779301282194369	0.334058827469488	0.384594926551402	-0.177988366772972	0.0982399065089445	-0.0742736814503321	0.0765524013667514	0.0717053139584331	0.08212622369018	24	1.77570370229167	19	1.68680646447368	91	1.69107958504396
HN_LN.DW	0.729889068337216	0.6859460079302	0.973047267639885	-0.0214186939878351	0.0616731881063507	-0.016780211173341	0.0414058351222159	0.00172346610372607	0.0509021620832889	33	1.24634318927273	20	1.26846857365	103	1.20822035473786
HN_LN.Fe	0.186999660315202	0.0457278110787937	0.981732543062424	-0.0489730863733356	0.0365846931801411	-0.045565787695875	0.0226021608218259	-0.000676531461659557	0.0294883098510359	33	1.39211413390909	20	1.35680117355	111	1.34045947708108
HN_LN.FW	0.776905987868307	0.603537687267166	0.560638934136789	-0.0189715478997115	0.0665698180607347	-0.0246900106000023	0.0474278295787793	0.0329444898413236	0.0564569471542481	32	1.3146567206875	20	1.3176350947	104	1.26883619183654
HN_LN.K	0.293399968442805	0.23782508180696	0.650369273865067	0.0276923144585248	0.0260789879032719	0.020004920206142	0.0168745598862346	0.0095881789132837	0.0211041520362678	34	1.03409211211765	21	1.03135819557143	111	1.0597892097027
HN_LN.LA	0.849919585864517	0.703943556492803	0.567637426967891	-0.00816911820664869	0.0429492958459396	0.0110929067703064	0.0291307459356917	0.0199497900664072	0.0348123472620125	34	1.14108619435294	21	1.15614055109524	108	1.14867018556481
HN_LN.Mg	0.948741862684053	0.811360977359403	0.215448280451051	-0.00543214837078754	0.0840754941920075	0.0105731598763391	0.04421545226823	0.0668265400574477	0.0536744695022439	34	1.36011694252941	21	1.36196516928571	109	1.3563998206789
HN_LN.Mn	0.917768925982669	0.751432134273954	0.612334355979075	0.0116014195136205	0.111603682521057	0.0246813550586055	0.0777219520973818	0.0471528179226625	0.092758383365	25	1.36347190544	17	1.42224863276471	88	1.35122498084091
HN_LN.N	0.705009226514314	0.521054262777946	0.674991652553438	0.011065908852	0.0290497559121727	0.0130883112784097	0.0203427233185932	0.0106478154242502	0.0253341535090117	31	1.40274071564516	20	1.42733063995	110	1.40621390098182
HN_LN.P	0.582986881006635	0.827654210586188	0.407400275684402	0.0136306349272872	0.0246655420614334	-0.00324701842848267	0.0148858620915972	-0.0161027597886205	0.0193705013027697	34	1.00742435238235	21	1.00964913838095	108	1.0031762112037
HN_LN.S	0.880808009720234	0.950471630971816	0.610788433330226	-0.00607957943984193	0.0403344069056541	0.00158166940977551	0.0254171578876014	0.0175608304783569	0.0344159038996809	34	1.19108221170588	20	1.1852441305	108	1.16756851421296
HN_LN.Zn	0.959680453332329	0.328572900731811	0.573584729925586	-0.00440715101771104	0.0866030403317816	0.0605306814800136	0.0616564133514313	0.0438263517631527	0.0775962963113357	26	1.31082517676923	17	1.28002965829412	80	1.3438659239125
G_N	0.059941003884633	0.0841234655469449	0.119940175163529	0.348439993353502	0.180095709872499	0.189277478715644	0.108666355367868	-0.192517574073131	0.122832889694968	28	3.03785714285714	18	3.22277777777778	96	3.28489583333333
G_CHL	0.434158581384747	0.282458098932407	0.809093206915099	-22.4141084322062	28.3705646562395	-18.5162573680963	17.1487433749346	-5.38943288550429	22.2535270689633	27	528.574074074074	18	482.744444444444	96	517.478125
G_FW	0.118834245565833	0.79875571679658	0.00553254855022774	-9.76177085439835	6.12451596500388	-0.730508656096286	2.85880955261384	10.1519219657222	3.58575420188165	28	35.0160714285714	17	30.2411764705882	96	32.128125
G_LA	0.100287970568589	0.551738231578654	0.00221195946313268	-361.299685957245	214.755840114305	61.5696909577497	103.15691328504	413.105358544252	131.761282945034	28	1335.589	17	1206.11311764706	96	1310.33326354167
G_DW	0.0584830882368625	0.949019500020194	0.00250780933915528	-2.13764275167832	1.09826241426044	-0.0362084264949229	0.565110898415729	2.25377919970137	0.728393231191771	28	7.95678571428571	18	6.79555555555556	96	7.64072916666667
G_LWC	0.914893200090614	0.995799631840329	0.921810578775226	0.00121964466497048	0.0113406434093461	-4.19079181613886e-05	0.00794391131168399	0.00103255023727131	0.0104952151266691	28	0.763496428571429	17	0.768688235294118	96	0.756478125
G_Thickness	0.430637947963424	0.0150665974916504	0.706987639390986	-3.28671461591488	4.12819937444477	-5.31676716354044	2.1555513830262	0.979805667662349	2.59964537939479	28	63.06	17	56.5458823529412	96	59.1938541666667
G_P	0.903872796241753	0.524253500124843	0.465962806036295	0.00839616201539425	0.0690928265252472	-0.02275733808809	0.0356314045893434	-0.0281367088722269	0.0384574209759618	28	0.456428571428571	18	0.432222222222222	96	0.445833333333333
G_K	0.693365990361033	0.583741369118853	0.585908580784831	0.0747148132556437	0.188159276017159	0.068877407510396	0.125362030765344	0.090178072820018	0.165040771028361	28	2.54535714285714	18	2.55222222222222	96	2.58770833333333
G_Mg	0.373911651071071	0.842459812143081	0.113218474703983	-0.031913389820837	0.0354994630181717	-0.00471369922297572	0.0236652112963666	0.0458627699361088	0.0287227210422242	28	0.271428571428571	18	0.229444444444444	96	0.258229166666667
G_Ca	0.838252695133732	0.753681700573198	0.573632679792959	-0.0295450140766317	0.143820285763013	0.0257691068908442	0.0819331878811167	-0.055930175017933	0.0990944042181375	28	0.786785714285714	18	0.751666666666667	96	0.794166666666667
G_S	0.102705003680833	0.525523564395918	0.175653166029561	0.0880136041885672	0.0527292363567227	0.0203152602951275	0.0319056031299453	-0.0601928843695188	0.0441580960487046	28	0.341071428571429	18	0.353333333333333	96	0.37375
G_Na	0.759397629366267	0.966663818063395	0.656523380011146	-0.000122398844015358	0.000396982445692032	-1.02112383172151e-05	0.000243816017147702	0.000137118930172577	0.00030748122806901	28	0.00182142857142857	18	0.00172222222222222	96	0.00179166666666667
G_Fe	0.399038648212536	0.607450686225859	0.28765989853617	6.82191552196565	8.0048042225231	-2.47209028684386	4.79940435409154	-6.55047346385639	6.13058597386827	28	98.6071428571429	18	99.3888888888889	96	95.7916666666667
G_Mn	0.660420216881723	0.931400337488451	0.991781941182125	-6.31699889974946	14.2742236654778	-0.814995016936377	9.44751885919578	0.114346951438686	11.076219340525	28	61.1785714285714	18	44.3333333333333	96	60.0625
G_B	0.448398943137863	0.270294855414967	0.8913630859414	10.8935791129467	14.2319540422876	11.6594081749289	10.5273171796028	1.9567252439869	14.2931917274488	28	59.6785714285714	18	49.3333333333333	96	69.5
G_Cu	0.851513740259352	0.912804958162748	0.46700278549575	0.359721907189975	1.90962797783347	-0.149110773316109	1.35883502824615	-1.22577115812995	1.67931470581284	28	12.7857142857143	18	12.1666666666667	96	12.71875
G_Zn	0.966944537003319	0.251329413292829	0.735605538822696	0.697318799211626	16.7244340836343	11.7458842825051	10.189577449564	-3.87213302632188	11.4376515723861	28	82.5	18	72.8333333333333	96	91.2916666666667
CobDiameter	0.0134321294193467	0.0961192424053188	0.204834577476392	-1.45123666993341	0.571014883797067	-0.661541992489195	0.395257121742074	0.65134664935459	0.511427905142584	43	25.8046975002326	27	24.8622497655556	124	25.3546107487097
CobWeight	0.347249638508818	0.242467919533517	0.657553311412269	-1.12576778474115	1.18902959278464	-0.791605798568833	0.674784190743603	0.389821557600648	0.877574659687014	43	16.2934147152093	27	15.1523408461852	124	15.7360415353226
DaystoSilk	0.14991114829801	0.384669017412061	0.23824493984328	-2.29960092594485	1.57823580507398	-0.935852622455752	1.07361050288667	1.74378440311522	1.4725003539978	43	79.8313718662791	27	80.8701513044444	124	76.8069085884677
DaysToTassel	0.0392861865664493	0.332502914568338	0.0958747313137187	-3.15874333815651	1.50157788148898	-0.994562251368956	1.02321920551416	2.29182984819562	1.36742511234421	43	78.4084626523256	27	78.9758879440741	124	75.3099580235484
EarDiameter	0.223878112176083	0.278843233526642	0.164688137246141	-0.88245203288728	0.718505531893761	-0.596946353247034	0.549377101610382	1.00313191185664	0.718326706939076	42	37.0105203021429	27	36.0200567174074	124	36.8385842672581
EarHeight	0.54085323875982	0.503476553229816	0.343683030170892	-2.70088311962505	4.3933273658299	-1.65324400071608	2.46558823399259	3.09459889690584	3.25747823762269	43	64.5840551383721	27	67.3401900888889	124	61.6871752466129
EarLength	0.923295456496167	0.294530532263547	0.667337853676052	-0.432501580799986	4.47455841397517	-2.84008326641367	2.70062102486339	-1.4316602398784	3.32420321558472	43	128.793221318837	27	127.357262889259	124	127.379751323548
EarRankNumber	0.978672582524199	0.105137501794715	0.785006848365495	-0.0182015286093502	0.67816187250039	-0.663943852799898	0.407364547084087	-0.14072699442771	0.51489289042468	41	21.8296594787805	27	21.3126053111111	121	21.2717192386777
EarRowNumber	0.0763313029043764	0.0966435183961126	0.360595034895141	-0.690968901471643	0.383547454652085	-0.439871727103802	0.263222005536143	0.307972245036106	0.335805613201967	42	13.5698967845238	27	13.044475287037	124	13.4945012881452
EarWeight	0.206719452601331	0.024401360511258	0.377813213117382	-5.25062213912674	4.11630714183844	-5.74918724156903	2.53029217432002	2.82183568914849	3.18986503885077	42	68.2640844335714	27	60.9620740455556	124	64.4686997825806
GDDAnthesis.SilkingInterval	0.254500977281121	0.744039229438274	0.0110964310936251	4.71799366782579	4.10385578270808	-0.788896708144374	2.41203194643488	-7.78751887973766	3.02729128966808	43	23.8957072555116	27	28.0788514145926	124	23.1842239808306
GDDDaystoSilk	0.212247465778104	0.414623638154852	0.301040403731561	-26.7492942232023	21.2330319680928	-11.7506215579746	14.3670658401966	20.411987653098	19.6669456488943	43	936.342814032558	27	948.663718040741	124	902.296574379032
GDDDaystoTassel	0.113091720007561	0.420288416989796	0.116545075373002	-33.6295162014774	20.9381496133131	-11.3369594614303	14.0312822359234	29.5208362739214	18.6982214234098	43	919.308895697674	27	928.805596707407	124	883.39364126129
GerminationCount	0.455211140427195	0.592646271591467	0.388456953598159	0.238118560528813	0.316961403980625	0.123641987575236	0.230645734495311	0.248812200524455	0.287643625527055	43	6.30431987344186	27	6.11310056659259	124	6.73324111233871
LeafLength	0.163979469949605	0.164752065841982	0.0877994952428602	-31.7702626456432	22.5686443634069	-20.2216809222973	14.4898429552949	30.3265763509848	17.645676898482	43	750.31124654186	27	750.161824485185	124	716.880170420161
LeafWidth	0.0133951886580219	0.763422515684098	0.000570928103608951	-7.72077181424752	3.03660776768401	0.640831236574232	2.12550081051181	9.68627029172813	2.74982240385048	43	87.3177206274419	27	81.2283200881482	124	85.4029569135484
MainSpikeLength	0.205732969728723	0.0984955338492825	0.46575976924594	-13.0377206484313	10.2002551683209	-10.6983960243645	6.43800526954262	5.33344459951989	7.29296570085575	43	241.629761246512	27	226.973169540741	124	227.16646671129
MiddleLeafAngle	0.0386448825818769	7.96072108280207e-05	0.429213168066503	-4.17539831634353	1.97685198646232	-4.30729215516624	1.06350019144863	1.20008991616484	1.51378388175272	42	65.2893698397619	26	62.0135819646154	123	60.7686951672358
NIROil	0.359041085108175	0.934222143343487	0.723702773096771	0.180941162583907	0.195880059502984	-0.00817819188402255	0.0989340604559649	-0.0532631888375698	0.150375582383284	43	4.44041415618605	27	4.40142207933333	123	4.28811577020325
NIRProtein	0.660294358545171	0.918203895643209	0.450296602096853	0.135500771059109	0.30688881770356	-0.0197353990321349	0.191870853487804	-0.164321156564013	0.217077746419867	43	14.1359197986047	27	14.0743545444444	123	14.1815857854472
NIRStarch	0.676894197201763	0.797835115394987	0.960310289731224	0.234765315797031	0.560845128850863	0.0854724230071582	0.333129541009707	0.0216674755265692	0.434650903278627	43	66.3963815618605	27	66.7997182488889	123	66.6478498721951
NumberofTilleringPlants	0.0827679308911928	0.0720252056666117	0.0151968726750942	0.163123670382662	0.0925777106583704	-0.0373220747029942	0.0206108643062326	-0.124508844879988	0.0506827176238697	43	1.28998579693023	27	1.32721370462963	124	1.25415538801613
PlantHeight	0.378253789569863	0.36545644294916	0.331026761791976	-4.71067167977357	5.3097230446505	-2.86639007701846	3.15833232575104	3.98145656487594	4.08230694153254	43	136.671105590698	27	137.864477726667	124	133.196314145323
RowQuality	0.250829568616562	0.37198895885284	0.797782007821822	0.0303689588118249	0.0262101661111432	0.0161943608893042	0.0180894798648045	-0.00605875413115044	0.0236036941650467	43	2.183079425	27	2.19419102	124	2.19227068396774
SecondaryBranchNumber	0.756211616691526	0.810062089605645	0.829858210618079	-0.10241048308469	0.328478711609617	-0.0442556911387103	0.183832939610378	-0.051411656175541	0.238825446026235	43	2.02493685993023	27	2.32484847225926	124	1.7146991288629
SeedSetLength	0.943397160764214	0.173003485303647	0.530308540044472	0.254985005679071	3.57722882314273	-2.99636546053353	2.18922442332021	-1.71244664554495	2.7223353873278	42	112.876642687381	27	110.447360687778	124	110.611356654113
SouthernLeafBlight	0.0988332652495112	0.0157566666981751	0.783160542613588	-0.410806272132951	0.245327311618368	-0.416664547043209	0.170749516716833	0.0598437551558578	0.217053140589968	43	7.04539401423256	27	6.95742249751852	124	6.46344817017742
Spikelets.MainSpike	0.611372242788084	0.300165540168488	0.605393162861679	-0.407156755972376	0.797433745154306	-0.677956638642741	0.652254943686808	0.420142469599326	0.811425317095238	43	24.4640376911628	27	23.2392930444444	124	23.9247541287903
Spikelets.PrimaryBranch	0.421904607101687	0.400658501509131	0.797929965738937	0.520350623912738	0.643812513179937	0.420156354440148	0.498604566058572	-0.164691647755508	0.642086028034049	43	15.2486815644186	27	15.1255915557778	124	15.6021538073952
StandCount	0.778116672723676	0.62744555125814	0.983507902908838	0.0440514197884905	0.155687927202832	-0.0423131561269866	0.087018966845557	0.00233837230348573	0.112928339179	43	7.6131328215814	27	7.61969227551852	124	7.63878147031452
TasselBranchLength	0.165338268867562	0.15878361628669	0.809694471933499	-11.2248937653582	7.99991911082394	-8.04136433547941	5.68014123006808	1.72589200244659	7.15375067091941	43	208.904981127907	27	205.384388366667	124	194.406897385484
TasselLength	0.113148842750857	0.067001299410008	0.701591857067005	-16.5509067565646	10.306463311451	-12.8757549038209	6.98229433556177	3.26808173882813	8.51227035448623	43	339.877048674419	27	329.784686451852	124	316.43027198871
TasselPrimaryBranches	0.876562880586034	0.183880470642507	0.384267328269739	-0.19462656490328	1.24807877744197	1.0638886029797	0.797159940776569	0.876028475737749	1.00383031335192	43	10.9705016558372	27	11.5227077041852	124	10.4738493288468
TilleringIndex	0.271491035097857	0.400174102054338	0.990292568462696	0.0195944929862544	0.0176676635376307	0.00826536407494976	0.00979850439357514	-0.00017966293674953	0.0147414344391578	43	0.577622596930233	27	0.588136718444444	124	0.579937527233871
TotalKernelVolume	0.461704578938951	0.197836398239858	0.484161528465102	-1.53543025764593	2.07309899056491	-1.68887240655268	1.30594889587611	1.23489121137148	1.7603824135471	42	61.3949387714286	25	59.4369510908	120	60.0937908784167
UpperLeafAngle	0.275718989600803	0.00162159055022189	0.990086963599523	-3.0444824760279	2.76962948445175	-6.42069340597063	2.0027022302097	-0.032509344066084	2.61208093810141	43	62.599356234186	27	63.1398124418519	124	55.2649750457258
X20KernelWeight	0.530057209616012	0.656364974156176	0.633427946750784	-0.106739542742765	0.16906431348757	-0.0535593757534787	0.120149864017242	0.0735692860068895	0.153936900734117	42	4.61869655719048	27	4.52803839448148	123	4.57502549153659
X.1060..pyruvic.acid..6.714.	NA	0.251301498622912	0.668056692736089	0	0	0.000470743890807967	0.000408363699637673	0.000243520423442036	0.000566319819140293	30	0	17	0	95	0.000378265421052632
X.971..oxalic.acid..7.883.	0.640332109159379	0.147155889233466	0.159421353216861	-2.90953482220776e-05	6.17981637415461e-05	-4.17682085389628e-05	2.8624843835121e-05	-5.36603418683496e-05	3.78695260169557e-05	29	0.000284724586206897	16	0.000296490625	95	0.0002394672
X.6287..L.valine.2..9.151.	0.202531198924907	0.709502175706372	0.0108637688273075	0.00650975398173102	0.00502839557751486	-0.000743800010982366	0.00199187272487615	-0.00730679305655104	0.00281812209103061	30	0.0163056132666667	17	0.0216006513529412	94	0.0154244928191489
X.700..ethanolamine..9.879.	0.106365354862891	0.911972875476877	0.0991182644939863	0.00243012231072772	0.0014710221083532	0.000107400154810961	0.000969386822612811	-0.00221139608644268	0.00132906002856973	28	0.00572624357142857	17	0.00746077641176471	93	0.00580455475268817
X.6106..L.leucine.2..9.945.	0.552300042078341	0.186923273608028	0.00128710485025567	0.00148678621656508	0.00248154779475238	-0.0010962879611851	0.000825902326619515	-0.00436705557235495	0.00132045634984658	30	0.0057382959	17	0.00844368917647059	94	0.00458103445744681
X.938..nicotinic.acid..10.27.	0.981224356173158	0.908234330280286	0.88318976814655	6.21380986022049e-06	0.000262390144661669	1.52281074945553e-05	0.000131814320730899	2.59400740942614e-05	0.000176105049466503	28	0.000890186535714286	17	0.000802124117647059	89	0.000898929573033708
X.791..DL.isoleucine.2..10.225.	0.396322447275123	0.1510614523458	0.00158828327870678	0.00211148417281235	0.00246388179780681	-0.00122437115561148	0.000847170517234282	-0.00432762640592285	0.00133428800276236	30	0.00584396393333333	17	0.00835520947058824	92	0.00469459626086957
X.444266..maleic.acid..10.323.	0.224359935307653	0.874933561914263	0.0560163963902042	-1.54136807317149e-05	1.24989618700954e-05	-1.33422792465883e-06	8.45870867393785e-06	2.05836041231353e-05	1.06534833646632e-05	30	5.33926e-05	17	3.31741176470588e-05	94	5.02032446808511e-05
X.439194..glyceric.acid..10.735.	0.425386901894013	0.221449227283302	0.864551950224741	0.00145064374369671	0.00180217302682743	0.00175609511005748	0.00142879678426155	-0.000324256172004353	0.00189630892652825	30	0.0125741616666667	17	0.0139477338235294	95	0.0131677910315789
X.444972..fumaric.acid..10.94.	0.148001236597445	0.224099035605027	0.524281320106278	-0.00296497548943734	0.00201183839429864	-0.00122845050974129	0.00100527082130953	0.000818700354270732	0.00128150850837351	30	0.00886250736666667	17	0.00699108023529412	95	0.00785264134736842
X.439742..beta.cyano.L.alanine..11.288.	0.849340691424481	0.0102543840676118	0.314874757563291	0.00073389717391265	0.00383967642241879	-0.00383628588152428	0.00147077886552028	-0.00182880121286996	0.00181107378025958	30	0.00813681856666667	17	0.00579347152941176	95	0.00370284837894737
X.6288..L.threonine.2..11.464.	0.926864608275608	0.00960968282958455	0.0201294071534532	0.000460705187961694	0.00498906565833314	-0.00490511798060607	0.00186380649632155	-0.00448538856856418	0.00190124603535622	30	0.0184353561666667	17	0.0176079851764706	95	0.0135781783157895
X.239..Beta..alanine..1..12.044.	0.860102446255798	0.0128125571432709	0.000869370068612053	-0.000653294331862613	0.00368408130971538	-0.00342080366121223	0.00135381960650813	-0.00311795298484842	0.000910033215303766	30	0.0081290683	17	0.00753987805882353	95	0.00463746929473684
X.12647..L.homoserine.2..12.359.	0.354512727623045	4.34461361561762e-05	0.0245294756955439	-0.000883020709839037	0.000943177464533259	-0.00154982270988051	0.000365039075293674	-0.000684609596281015	0.000300095956294058	30	0.00367132423333333	17	0.00279188735294118	94	0.00217473785106383
X.5960..aspartic.acid.2..13.207.	0.302226749220719	0.00035669852730046	0.0303232508311514	-0.00721691926559047	0.0069094194726987	-0.0123255456271796	0.00335376541372248	-0.00831316504035886	0.00378729406033433	30	0.0826613084333333	17	0.0757980224117647	95	0.0697258774526316
X.5810..trans.4.hydroxy.L.proline.2..13.267.	0.671198978995929	0.671402279334865	0.541708732931486	-0.000103809297743568	0.000242828664962978	0.00016185984967332	0.000380605850286463	0.00031926692048629	0.000521513379363705	30	0.00108202433333333	17	0.00103944982352941	95	0.00109217641052632
X.119..gamma.aminobutyric.acid..GABA...13.326.	0.332960228321889	0.0905110594731976	0.486414010102843	-0.00644696472862724	0.00658214920418008	-0.00599140688815612	0.00351127230942912	-0.00282416501223551	0.0040436325183963	30	0.0170780478666667	17	0.0161483704705882	96	0.0118011584375
X.5460407..threonic.acid..13.652.	0.568470049814931	0.550212917971451	0.557190209266483	-0.000504558275026943	0.000877745692137643	0.000375720450664344	0.000627105796748449	0.0004806407668663	0.000816209836537589	30	0.00787508313333333	17	0.00787532194117647	95	0.00798970371578947
X.1001..phenethylamine..13.742.	0.753416259261839	0.478842183156617	0.934500024257282	0.000174015041269558	0.000550242908065454	0.000377081984284409	0.000530797685767565	5.78752081354182e-05	0.000702556480889709	29	0.00101646275862069	17	0.00177027176470588	95	0.00203611226315789
X.51..alpha.ketoglutaric.acid..13.859.	0.226610777750825	0.00544848778694931	0.748901206769508	0.00109214454995648	0.000890004502422973	0.00166788998121858	0.000589229727557507	0.000259097043043186	0.000807371195935532	30	0.00562325906666667	17	0.00694481123529412	95	0.00693899710526316
X.738..L.glutamine.2..14.083.	0.90547663846188	0.220917393524171	0.182902110116498	3.10308162498737e-05	0.000259748333475626	-0.000165346033026478	0.000134367388578147	-0.000242840450051528	0.000181137131649669	30	0.0008535967	17	0.000946289117647059	94	0.000754815138297872
X.236..L.asparagine.2..14.984.	0.949289216324868	0.00353850803367759	0.191068860333365	0.00094257649912918	0.0147322216695088	-0.0181337515415052	0.00609445042731985	-0.00929007017590386	0.00706064507534445	30	0.0400301541	17	0.0308797636470588	95	0.0195317090421053
X.2724705..1.6.anhydro.glucose..15.326.	0.4235447536636	0.400375280627485	0.0923361433148739	0.000266783029942487	0.000330026821693888	-0.000126864008289333	0.000150321282516985	-0.00037140204985079	0.000218657373662776	30	0.00173923946666667	16	0.0018550938125	95	0.00158631027368421
X.6912..xylitol..15.376.	0.867337275818681	0.724453481839479	0.955347134986008	-8.89517529841633e-05	0.000527065666133731	0.000110120290086838	0.000311329724753185	2.12186428610392e-05	0.000377717401644021	18	0.002123262	12	0.00198206175	70	0.00211818904285714
X.827..ribitol..15.66.	0.470392565332809	0.429500398338477	0.668856358131224	0.000280201396027977	0.000384489399854695	0.000207997197374052	0.000262388677593086	-0.000162567055922752	0.000379020309081672	30	0.0195319400666667	15	0.019824235	96	0.0196960660833333
X.754..glycerol.1.phosphate..16.056.	0.275783673270555	0.0601401565644668	0.0895737074303078	0.00499997148433816	0.00452805496635815	-0.00389298583311369	0.00205143862029125	-0.00493717324141489	0.00288186041462011	30	0.0194284147	17	0.0188512415294118	95	0.0154421371578947
X.439183..3.phosphoglyceric.acid..16.504.	0.639520029153801	0.122043793605143	0.597078901425472	0.000567042162849998	0.0012019003870889	-0.0010636478380781	0.000683028060820008	-0.000423328714336737	0.00079844750851753	30	0.00597511793333333	17	0.00537424735294118	95	0.00499185181052632
X.6262..L.ornithine.2..16.632.	0.865515921191386	0.0265926292725576	0.191024553009914	-0.000388393770652522	0.00227934270465157	-0.00275367362046786	0.0012265212120563	-0.00220170386324508	0.00167317197210116	30	0.00823045816666667	17	0.00689962941176471	95	0.00528448907368421
X.9750..citrulline.2..16.691.	0.714375008256901	0.0079396269755708	0.135589770876467	-0.000491233624349546	0.00133317805113991	-0.00159831651878072	0.000592004605567197	-0.000936893737451614	0.00062303514084521	30	0.0038196829	17	0.00281227135294118	95	0.00212991992631579
X.835..dehydroascorbic.acid..1..16.863.	0.154301837190208	0.0177843269705412	0.113501154648877	0.000474685719547462	0.000327219926379067	0.000882091098614054	0.000367093034534176	0.000812848129570535	0.000509432215505428	30	0.00142631676666667	17	0.00174237776470588	96	0.00211554213541667
X.204..allantoin.1..17.293.	0.534009873400837	0.316213803019846	0.452925156650029	0.00391656210993771	0.00624584918266762	-0.00269356707532232	0.00267624668771254	-0.00310482798537734	0.00412164619141059	30	0.0145642575666667	17	0.0144549275882353	95	0.0119670318631579
X.448388..D.allose.1..17.278.	0.0359318321013063	0.809506958696994	0.0194971972195672	0.000309789066895232	0.000142938579277957	1.66544645101244e-05	6.8933115752562e-05	-0.000256995494182847	0.000108330530574167	30	0.000797399633333333	17	0.00102269676470588	93	0.000840725870967742
X.5962..L.lysine.2..17.643.	0.672659191308871	1.92559133613895e-06	0.00239416844294837	0.000322772834080131	0.00075847872922056	-0.00105244891680687	0.000210135440350321	-0.000973119037336954	0.000312847115684376	29	0.00184055520689655	17	0.00167222164705882	95	0.000830082715789474
X.637542..4.hydroxycinnamic.acid..17.854.	0.512789677046151	0.0741300553871816	0.80077442857821	-0.000389367625201601	0.000589855938468306	-0.00067595969286023	0.000375213908747883	0.000120737637227616	0.000477274742886763	30	0.00308182673333333	17	0.00248526611764706	95	0.00263070944210526
X.6057..tyrosine.2..17.871.	0.950269232157123	0.133420747015566	0.0238909284480015	0.000310607037555224	0.00495050731379045	-0.0032034595121128	0.00212011110921692	-0.00586318462825448	0.00255863027081648	30	0.0233790827	17	0.0246234412352941	95	0.0195779360947368
X.128869..galactonic.acid.2..18.504.	0.352007752064519	0.937872917304167	0.787991770150793	-0.000104061214220176	0.000110505571604097	-4.8037721777787e-06	6.15012592561941e-05	2.22576486661693e-05	8.25579018259001e-05	29	0.000574907275862069	16	0.0005266554375	95	0.000550105652631579
X.5460673..D.saccharic.acid..18.614.	0.701302252952783	0.106296141976437	0.133923658166181	-0.000187889623844479	0.000486434486936252	-0.000351806516164109	0.000216176411613939	-0.000360820702681344	0.000238912369613062	29	0.00148035110344828	17	0.00158337229411765	95	0.00113903861052632
X.3037582..mucic.acid..18.907.	0.581271134206838	0.978972574671496	0.876924299151855	0.000591286267709153	0.00106377555004368	-2.66735185155138e-05	0.00100990050158447	-0.000212377815653051	0.001368057921863	30	0.005097627	17	0.00535121394117647	95	0.00500609566315789
X.1549111..caffeic.acid..19.755.	0.0912947876946327	0.140122002158695	0.651364803759252	0.00318689280666226	0.00184186515691233	0.00169553774037011	0.00114145317011075	-0.000671379082433553	0.00148157255555831	28	0.008744902	17	0.00985328658823529	94	0.0105080424680851
X.5280450..linoleic.acid..20.399.	0.155069937212324	0.075684982979593	0.421855862037048	-0.000309280018264281	0.000213305240434125	-0.000218797748469373	0.000122044455538252	0.000131343078879418	0.000162844405377567	29	0.00102036365517241	15	0.0007048516	89	0.000808289179775281
X.637775..3.5.dimethoxy.4.hydroxycinnamic.acid.2..20.65.	0.337291952679477	0.0948341686617304	0.0835441909015971	0.00023760589528451	0.000244796830071875	-0.000165667530032431	9.83933666746319e-05	-0.000235011858491378	0.000134539689902712	30	0.000404014633333333	17	0.000422033	95	0.000242296673684211
X.439958..D.glucose.6.phosphate.1..21.394.	0.721509934902487	0.701424063169077	0.163260332890538	0.000905339700447827	0.00252293836919871	-0.000537823526576094	0.00139942864084593	-0.00255419384844422	0.00181942542676463	30	0.0189090841	17	0.0201941972941176	95	0.0181978611789474
X.60961..adenosine..23.825.	0.104030532816065	0.683108410963659	0.0332819021357321	0.000197828838318079	0.000119055681519594	-2.1938599495285e-05	5.36108988356117e-05	-0.000159151209529898	7.37998780405129e-05	30	0.000308141633333333	17	0.000415019882352941	95	0.000276433905263158
X.5460935..turanose.1..24.81.	0.0620626401487989	0.986568031549189	0.281331447590492	0.000955440104513225	0.000497731858550838	1.23785439595776e-05	0.000733663288543711	-0.00111890644673884	0.00103303430186985	29	0.00198257106896552	16	0.002843484875	90	0.00242789516666667
X.6255..maltose.1..24.702.	0.847191072347872	0.112479599731457	0.256711264640756	-7.83894725122076e-05	0.00040428350575072	0.000526903671906316	0.000329547866388033	0.000516424313769491	0.00045288836942774	30	0.0035937064	17	0.00376448235294118	95	0.0039466134
X.6255..maltose..2..24.915.	0.364202964181879	0.944897352688817	0.907702008928145	-0.000471963691935246	0.000513898369887312	-2.52366400873834e-05	0.000364331327000549	5.74593992407218e-05	0.000494364591924317	28	0.00348431875	15	0.003544819	91	0.00334453626373626
X.642609..trans.caftaric.acid.2..25.529.	0.277154390101828	0.107797595309739	0.660899557173448	0.000929000683820488	0.000843202061268304	0.00156778678869096	0.000966794349981601	0.000593790119442514	0.0013494533138606	28	0.000822914607142857	17	0.00162783611764706	85	0.00208932570588235
X.6537496..chlorogenic.acid.1..26.37.	0.392500718772257	0.0737662139619882	0.0405860531317327	-0.00266179245671049	0.003080030580115	-0.00136343177210075	0.000755796646756861	-0.00339406170883254	0.00163736701055854	29	0.00250972310344828	17	0.00458559535294118	95	0.00127218043157895
X.439451..galactinol.2..26.479.	0.197895016260696	0.0175344145874714	0.0119932169538041	0.00703749451174115	0.0053792185288424	-0.00645874694348534	0.00268152159681696	-0.00895848390101271	0.00350493087557151	30	0.0217492230666667	17	0.0228565385882353	95	0.0145844850736842
X.2116..alpha.tocophereol..27.379.	0.05397957867685	0.522971079874842	0.22328758891529	0.00080885442785491	0.000406389672514102	0.000157733495183377	0.000246088756225977	-0.000421602749163062	0.000343776060189837	28	0.00113588857142857	14	0.00153587442857143	80	0.00123621315
X.6537496..chlorogenic.acid.2..27.18._alt	0.129893478822287	0.423370068912075	0.377522176739861	-0.00857693082784305	0.00555207830741694	0.00306412667200409	0.00381426234841106	0.0043229196510674	0.00487829746747256	30	0.0162082065	17	0.0147306612352941	95	0.0190408521578947
X.5321515..stigmasterol..28.442.	0.664198649775342	0.0099475204778314	0.935369340664888	-9.24678791241069e-05	0.000211086094267964	-0.000305928874895023	0.00011611135403023	1.2031479531442e-05	0.000147879081037034	25	0.0010588638	13	0.000824974769230769	68	0.000837957117647059
X.5321342..beta.sitosterol..28.848.	0.230718494253005	0.896802330083402	0.801161383922343	0.0010019133444047	0.000820986143431231	-5.9829242825589e-05	0.000460010045010049	-0.000161165401981916	0.000637789954046426	26	0.00383855096153846	13	0.00383063784615385	71	0.00384278412676056
X.439242..Raffinose..29.282.	0.633610785851366	0.0636763108959346	0.0226182868710522	0.00521599885085789	0.0108632273237826	-0.00879710754448116	0.00469994421029161	-0.010017489821157	0.00433039362657951	30	0.0247509902666667	17	0.0232767181176471	95	0.0138410332105263
X.750..glycine..10.456..s100	0.670991992818809	0.546121066542006	0.344337532291953	0.0204862024737234	0.047888825243251	-0.0163144259538758	0.026953151900395	-0.0362504977791467	0.0381666948050921	30	0.182660437	17	0.212605847352941	96	0.165152411604167
X.5951..L.serine.2..11.174..s100	0.974075616386211	0.0398897716758393	0.057524029511551	0.00111171140869013	0.0340063210395949	-0.0300859868488976	0.0144819219037321	-0.0331492897490994	0.01726550092823	30	0.126802067033333	17	0.134435916058824	95	0.101482119431579
X.92824..D.malic.acid..12.794..s100	0.744164255645219	0.762154315797133	0.164423339810741	0.00219472596151504	0.00668100795156427	-0.000806983205006573	0.00266030583257733	-0.00567187297525752	0.00405150420782623	30	0.0284870624666667	17	0.0316651581176471	95	0.0267129899263158
X.33032..L.glutamic.acid.3..dehydrated...13.232..s100	0.0214389740221715	0.0301380449256288	0.544525667977952	-0.00479324034784881	0.00200408847823445	-0.00214700716665336	0.000977925541203731	0.000636940931551509	0.00104759989896473	29	0.013157869	17	0.0105770777647059	91	0.0111174886923077
X.444212..trans.aconitic.acid..15.842..s100	0.14341675747717	0.892027274130724	0.935014054156258	-0.00701773045622773	0.00470651384040569	-0.000328043857041103	0.00241159505156246	0.000250003891174276	0.00305889734757675	30	0.017948005	17	0.0188732007647059	95	0.0153679491157895
X.8742..shikimic.acid..16.433..s100	0.184932728588846	0.496337969852152	0.471510583760142	-0.0090123528295563	0.00668647499719466	0.00294351616304014	0.00431384506662139	0.00382094547218076	0.00528787537268686	30	0.0343962585666667	17	0.0301666234705882	95	0.0361841804947368
X.311..citric.acid..16.615..s100	0.944181228320036	0.436925492789602	0.541562547214704	0.000331707450970302	0.00470936829918774	-0.00187187358265038	0.00239976428381068	-0.00180693800808761	0.00295042296473865	30	0.0252386048	17	0.0234632067058824	94	0.0221248664574468
X.6508..quinic.acid..17.076..s100	0.0622500271776323	0.832707874499199	0.107912360202403	-0.0247691812700629	0.0129307310987471	0.00163656123060128	0.00773064170867193	0.0141071918381176	0.00870015628596931	30	0.0345636389333333	17	0.0169830391176471	93	0.0349787686129032
X.5984..fructose.1..17.18..s100	0.0295970249203312	0.101937476519135	0.0361812090103473	0.0288704330993964	0.0128188509575987	0.0129639118332737	0.00786572847425136	-0.0237776429794895	0.0112074851855802	30	0.0646330732	17	0.0919369887058823	95	0.0715367450421053
X.892..myo.inositol..19.354..s100	0.255549926639036	0.73723080104545	0.00799350122487528	0.00937566122409189	0.0081336144094451	-0.00129267776510218	0.00384380496701456	-0.0142404571022765	0.00526834071923782	30	0.0532531767666667	17	0.0649097765882353	95	0.0499254995684211
X.5988..Sucrose..23.988..s100	0.784037239779145	0.124185860385271	0.607648875762273	-0.0263552008610981	0.0955514066427924	0.166328083979959	0.107433239741439	0.074530828021354	0.144737569258675	30	0.764768613766667	17	0.826899412176471	96	0.928872962364583
X.6537496..chlorogenic.acid.2..27.18..s100	0.0493236491044049	0.054463309740731	0.0103281297256895	-0.0166727205451029	0.00821025676453794	-0.00650766795793335	0.00334871942686877	-0.0120530248497591	0.00461250195470253	27	0.0128225423333333	16	0.019990549375	91	0.00798123415384615
HN.X20KW	0.589853062086188	0.383270822468523	0.593537046420652	0.104525269178433	0.192605182218222	-0.104924326853639	0.119924927834931	-0.0889471144510047	0.166186500641528	33	4.89178157363636	20	4.96846491635	99	4.77138391756566
HN.CL	0.89156756606126	0.361107988348836	0.580849949182114	-0.0517735497948308	0.37789983898188	0.212167106213188	0.231524580547568	0.175900808909943	0.317712386793175	35	12.1788573582	21	12.1714784317143	104	12.4832615360481
HN.CW	0.848520104258069	0.854678588777475	0.481543832945336	-0.133980151387071	0.69788537717288	0.0716847087016892	0.39062870708307	-0.420038731531386	0.594906935493635	35	13.3413721568571	21	13.682790139381	102	13.5439679891176
HN.CD	0.533040397056864	0.239448528620005	0.59938864722413	-0.344352071050615	0.548646228774706	-0.434904773972346	0.368032557076856	-0.262722613776309	0.498806113428114	35	22.6548343714286	21	22.4694817157143	102	22.5646381143137
LN.X20KW	0.509575008362499	0.693483490366968	0.92125137399042	0.164209704895362	0.246916287629033	-0.0604050808247983	0.152862503637924	0.018358593011135	0.185243950205779	29	4.75067529393103	19	4.77728175831579	87	4.66280539455172
LN.CL	0.977597723022242	0.424430209117955	0.795847245918615	0.00657751273154468	0.23308915801408	0.129014876906337	0.161014347918386	-0.0552649641477087	0.213118322109629	35	11.8514323634286	21	11.9079125019048	101	12.0580511278218
LN.CW	0.159771086028438	0.10258152120842	0.559023841522428	-0.675295775876579	0.472577843703483	-0.39472039940784	0.240035744153437	-0.191791763258627	0.327289672519409	31	12.870662616129	20	12.52553539	100	12.5691367676
LN.CD	0.338583912393154	0.0992726826335088	0.755809449717992	-0.48069162548274	0.497078196588372	-0.545259673334684	0.328343466771476	-0.125141157828274	0.401439629441711	31	22.8641374232258	20	22.546521153	100	22.5335986779
HN_LN.X20KW	0.622153312493157	0.368824440835967	0.376890687132214	-0.0249588996294101	0.0502730001706763	-0.0241940044389689	0.0268101813873425	-0.0326048924454324	0.0367307929826272	29	1.04880501348276	18	1.06126883233333	85	1.02381957970588
HN_LN.CL	0.789641866783897	0.514555946799026	0.228581489321355	-0.0059147239562968	0.0220549810163841	0.00943211043351413	0.0144321130651024	0.0242152534149733	0.0200057970686321	35	1.02739862897143	21	1.02148252871429	100	1.03714992468
HN_LN.CW	0.404993205131674	0.191415981409084	0.855048632539563	0.0399959283970871	0.0475876489840919	0.0408215490187334	0.0310753955716229	-0.00711721040108112	0.0388700849899478	31	1.03865672883871	20	1.09021430285	97	1.08062426096907
HN_LN.CD	0.786962744128983	0.748687477920254	0.726039842568762	0.00404638593187718	0.0148852686686063	0.00338931428349793	0.0105556673098819	-0.00451512511736167	0.0128534287526675	31	0.993635118870968	20	0.99922630195	97	1.00310919970103
canopy.HN.6.Jul	0.539015621486509	0.368061449441296	0.0389449603690402	-2.50574216016331	4.04712124196056	1.9467175379642	2.15438929389513	5.21687082939123	2.49465786312248	31	33.6727223223871	18	30.4155544122222	91	35.897832898033
canopy.HN.23.Aug	0.0377918892988484	0.398066082836935	0.029898823142612	-15.9758070637308	7.45936736151592	-3.54125001470381	4.17508465966894	11.765433399445	5.34389139102107	31	63.7438899474194	18	49.5227693861111	91	55.9055450807692
canopy.HN.1.Sep	0.0177655447133098	0.129995219844175	0.0454790799610642	-20.4819146985145	8.31615417850301	-7.35405589167425	4.82280750610157	12.8587337990032	6.35147674014115	31	59.9934558011613	18	41.7008916411111	91	47.4341303764505
canopy.HN.22.Aug	0.0444668280244853	0.315439041275372	0.0247430454169854	-15.0339308148237	7.26681764940756	-4.07486802335883	4.04172632843573	11.8213639215482	5.188307178264	31	58.4577577458387	18	44.7049424855556	91	50.6451093161538
canopy.HN.12.Aug	0.0690914881238136	0.619226815165948	0.0235389820170115	-14.2339595063459	7.63878317612708	-2.08825021579421	4.19097381818915	12.3129119449839	5.35714464297384	31	60.5807011013548	18	47.3695606166667	91	54.0925239972857
canopy.HN.26.Aug	0.0573200004556012	0.40471944077012	0.0469511283495295	-14.0418619602825	7.19356563392327	-3.42636159770207	4.09729782722569	10.6045955045045	5.27422428544806	31	64.4268930606452	18	51.9288164638889	91	56.9325893586813
canopy.HN.3.Sep	0.0129837658438041	0.0824444818234996	0.032137865312481	-15.9691680783864	6.16698909238292	-6.76007466905202	3.85913554576569	10.6924580221129	4.92315992569233	31	49.2799169623871	18	34.5017389658889	91	38.9597449967692
canopy.HN.14.Aug	0.0569724630277369	0.439018230252974	0.0273667115312449	-15.673005352538	8.01750216488861	-3.38853658631133	4.36383460343803	12.548093626818	5.60735154129943	31	57.1517848707419	18	42.4479837016667	91	48.6699173807582
canopy.HN.20.Aug	0.0510450525167889	0.257292205562863	0.0368302786717732	-15.4566419070004	7.70578446787713	-4.91773584674246	4.31998546487684	11.8426791174267	5.59971827331114	31	58.3118452676774	18	43.968343695	91	48.9491775718462
canopy.HN.30.Aug	0.025265571196212	0.14692599897308	0.0731599055049864	-17.1014789795553	7.38331319277926	-6.26665214539512	4.2917558099685	10.1741943511842	5.6206281475621	31	59.1281186430968	18	43.9685481438889	91	48.2096090599451
canopy.HN.5.Sep	0.00528093368036434	0.0839693754081248	0.0164726752970796	-19.877293916094	6.77196890784628	-7.43597828549825	4.26631496762166	13.1963212045599	5.41320081746712	31	49.2554047906129	18	31.6189093684444	91	37.3337680805165
canopy.HN.16.Aug	0.0288327829847798	0.246224899367257	0.0189666561995384	-17.5866779722661	7.78223147840466	-5.0884303180643	4.36622775129351	13.3144485719076	5.58626673460037	31	57.3950178053871	18	42.1233771383333	91	47.9627527943626
canopy.LN.6.Jul	0.178067296337397	0.0126407356080643	0.748567987318751	4.68946879474358	3.4264343058434	4.64944790284025	1.83571932378411	0.72262034017377	2.24849712029218	31	25.3630828679355	18	28.6307232516667	91	29.9734654967912
canopy.LN.23.Aug	0.536131441190983	0.50006295206459	0.275649480373328	-4.01409890422578	6.43731873249694	2.6345362461908	3.89440349167931	5.51359854560449	5.03106880528751	31	54.8702642107097	18	52.1665542972222	91	52.7968417302088
canopy.LN.1.Sep	0.4178568622624	0.974129035774133	0.313801898313011	-5.8229834374595	7.1199751797545	-0.148622393631418	4.57305715774481	6.01142147331889	5.93909343753772	31	50.2744563691613	18	45.8410055555556	91	44.8077161977802
canopy.LN.22.Aug	0.611933121188846	0.590911661516875	0.43696009255856	-3.36356412783959	6.58282592431114	2.06313648282576	3.82771828414082	3.8773412331088	4.96875033696227	31	49.909041830871	18	49.0699568538889	91	47.5193696765934
canopy.LN.12.Aug	0.937940641981896	0.456401303299998	0.66775056346068	-0.543372282743044	6.93919661948627	3.01372229648502	4.03299013976252	2.22188053253722	5.16162171457261	31	53.0187877968064	18	53.935388365	91	51.7602613302527
canopy.LN.26.Aug	0.434929955756101	0.826910740547313	0.495651861438222	-4.93100867340758	6.25774053697241	0.824311432233134	3.76130758340236	3.34148892776265	4.88698328306725	31	56.2497732082581	18	54.2975688772222	91	52.6264535851099
canopy.LN.3.Sep	0.286538798920419	0.6310370643093	0.421865972875722	-5.71952945462907	5.30156513424609	-1.65042354851369	3.42743505783239	3.62076939532747	4.49017286349763	31	43.3272837253871	18	39.0706905227778	91	37.7461523010549
canopy.LN.14.Aug	0.569030852793062	0.581180923401889	0.361967470895795	-4.14310733925928	7.22058621132147	2.3398980440744	4.22973866878602	4.98239832544016	5.44136404816787	31	51.4268233057742	18	49.4728280094444	91	49.0155488108352
canopy.LN.20.Aug	0.735588933211724	0.683660811657329	0.49767783777807	-2.29664356318266	6.75787953368057	1.62625798317436	3.98114751366228	3.55022275674114	5.21680884326244	31	50.3298498171613	18	48.6648729916667	91	47.225710542967
canopy.LN.30.Aug	0.434078619231436	0.52649505024393	0.319457657412154	-5.37013858544949	6.80231789937503	2.68559443743199	4.22750789271236	5.56003755232396	5.55803046509074	31	50.9224891350645	18	47.6929166565	91	48.1031674738242
canopy.LN.5.Sep	0.191513912737309	0.529003699240195	0.344669602481691	-7.86669641824689	5.93035675704403	-2.56076995911778	4.05563290537756	5.05035399448614	5.3200907606978	31	44.1840019098387	18	37.9002952743333	91	36.5058729639231
canopy.LN.16.Aug	0.616070882938823	0.50296993012011	0.379640876313865	-3.25438580086275	6.4441796642466	2.64928360224539	3.94295432718094	4.49332358666748	5.09264805741348	31	48.2256302642581	18	47.5248990288889	91	46.9076302084396
ExG.HN.6.Jul	0.267883746759191	0.823886595837818	0.0413386269641169	-0.017006776264189	0.015150965647424	-0.00215609969302992	0.00966592932505159	0.0229358475682177	0.0111002208973528	30	0.262252643966667	18	0.233984570277778	89	0.258897484247191
ExG.HN.23.Aug	0.0126954533084237	0.126012236434689	0.105997893494259	-0.0244309767588689	0.00940235326408819	-0.00966190560244443	0.00626981172397166	0.0125603445635442	0.00770285771460768	31	0.325487160354839	18	0.309928720388889	91	0.318667362736264
ExG.HN.1.Sep	0.0146401209332796	0.0498750116102634	0.0742078552622591	-0.0230597598908058	0.00907357947300227	-0.0140430355163795	0.00708690465816601	0.0164012936709522	0.00909423678081313	31	0.255722229096774	18	0.233177625277778	91	0.245009094912088
ExG.HN.22.Aug	0.0737602181985426	0.27675411023703	0.112008118533071	-0.0150550512783662	0.00821884544048923	-0.00596157216557091	0.00545563242565714	0.0106463392190984	0.00664226943077535	31	0.30239316916129	18	0.290102824166667	91	0.298240140483516
ExG.HN.12.Aug	0.0181795792605455	0.301777698853584	0.0355299744414043	-0.0212394167261012	0.00865690393201196	-0.00559988467048745	0.00539899745350018	0.0144574240027089	0.00678750988153979	31	0.359869242129032	18	0.346066743833333	91	0.353677481351648
ExG.HN.26.Aug	0.165185920201317	0.0517782708706868	0.536112165623569	-0.0253673874122175	0.0179743700683806	-0.0226885520523538	0.011546034018758	0.00916661728153955	0.0147666405832179	31	0.405012028225806	18	0.387763404666667	91	0.386582197538462
ExG.HN.3.Sep	0.898561849324083	0.266560933372974	0.708063076793495	0.00249072996593123	0.0194259622361495	-0.014654432903434	0.0131271274049961	-0.00645506881466459	0.0171911923358664	31	0.376346847709677	18	0.380965273444444	91	0.363951040197802
ExG.HN.14.Aug	0.020551641744502	0.407623713145805	0.00874301942786776	-0.0184504517648707	0.0076785565354494	-0.0040268867198144	0.00484539136447891	0.0163069627151223	0.00610183634425543	31	0.272581046935484	18	0.257975996388889	91	0.268422674901099
ExG.HN.20.Aug	0.0339143237437685	0.319813676843239	0.127503355998297	-0.0202333544433433	0.00924142528012232	-0.00661829906753656	0.006624337619219	0.0127975554568884	0.00833015227622256	31	0.284169095032258	18	0.267433381222222	91	0.275902659318681
ExG.HN.30.Aug	0.0290830675089718	0.223406167620259	0.135735075446269	-0.018176513418403	0.00805649295857103	-0.00744803481455137	0.00608492766055198	0.0119027567152987	0.00791658084417081	31	0.289452364677419	18	0.277277278722222	91	0.283985240758242
ExG.HN.5.Sep	0.142237037635496	0.336484389469612	0.404795914640772	-0.011917620314576	0.00797543230038343	-0.00584179223861316	0.00605303188643577	0.00651549119294446	0.00778906286893116	31	0.255126789516129	18	0.245247039222222	91	0.250229433813187
ExG.HN.16.Aug	0.506999476372655	0.107442348586268	0.453627398454319	-0.0107899302969011	0.0161287831940097	-0.0153602477114851	0.00946850709937848	0.00801304960474493	0.0106527593044046	31	0.524047513451613	18	0.514634569388889	91	0.508616252296703
ExG.LN.6.Jul	0.352016124288797	0.994888542043074	0.249632468074356	0.0153520466552143	0.0163122196350026	5.1378131971588e-05	0.00800220646301342	-0.0112229592417953	0.00969299630307204	29	0.242136675862069	18	0.253656938888889	89	0.238498337078652
ExG.LN.23.Aug	0.109059346629243	0.339933756250052	0.264330377908707	-0.012605802700417	0.0077071717485595	-0.00442507783933879	0.00461807645050066	0.00669223830011372	0.00596310658921877	31	0.298639467741936	18	0.289320177777778	91	0.294988284615385
ExG.LN.1.Sep	0.193036542584722	0.512140968649222	0.599771790972148	-0.0102305877306258	0.00773936664646372	-0.00365251232725369	0.00555502062995077	0.00405944910248574	0.00771257927917496	31	0.243907977419355	18	0.241269027777778	91	0.243302256593407
ExG.LN.22.Aug	0.205926849337505	0.803956043419186	0.289286075608819	-0.00914539360919252	0.00712361429842656	0.00113316414253516	0.0045546212487523	0.00631483046983201	0.0059287234516967	31	0.275282038709677	18	0.271211238888889	91	0.276368966483516
ExG.LN.12.Aug	0.507298726960973	0.48268897850042	0.385725468102545	-0.00439523236304941	0.00657464557272712	0.00300430508927192	0.00426608600885504	0.00485321302125017	0.00557159130480408	31	0.326357641935484	18	0.327883725	91	0.328386973626374
ExG.LN.26.Aug	0.187499222194891	0.117766570528508	0.892741824341817	-0.0148496281282873	0.0110914139989446	-0.012000606625623	0.0076154496600736	0.00132967743352914	0.00983736014114721	31	0.370701240322581	18	0.362782663888889	91	0.361323656593407
ExG.LN.3.Sep	0.52002440782135	0.086924350102802	0.618408980553563	-0.00841711802397515	0.0129791288691625	-0.0147530342573716	0.00854580447115937	-0.00526189386346236	0.0105321201144268	31	0.343160901612903	18	0.339472963888889	91	0.333255087362637
ExG.LN.14.Aug	0.332235679444401	0.578708520888275	0.310399794258277	-0.00576353335436015	0.00587859465334646	0.00230541955045398	0.00414027227681187	0.00549416334338396	0.00538984165470556	31	0.24395380483871	18	0.241575505555556	91	0.244625419230769
ExG.LN.20.Aug	0.226075643781635	0.844058859326326	0.439577965340659	-0.00937513602957626	0.00763614713234496	0.00099194438618404	0.00503163611121572	0.00505006377670305	0.00650878193181019	31	0.253843338709677	18	0.251353030555556	91	0.253556995054945
ExG.LN.30.Aug	0.0765428274630203	0.340291254274871	0.315810944657095	-0.0120158470628278	0.00662493739194277	-0.00444299552707397	0.00464022298481593	0.00634347460407358	0.00629335143893586	31	0.264911758064516	18	0.258636580555556	91	0.261543182967033
ExG.LN.5.Sep	0.272222260966544	0.238437392977235	0.67699185894859	-0.00874422977983007	0.00786426506705216	-0.00606464754042033	0.00511804944488837	0.00270828867449637	0.0064830522714297	31	0.235855177419355	18	0.229828194444444	91	0.23245212967033
ExG.LN.16.Aug	0.783823980342566	0.398540401346765	0.595919580856859	-0.0028342775447623	0.0102683265310152	-0.00600955851416793	0.00709233557551154	-0.00455591324239529	0.00856512140648996	31	0.500928064516129	18	0.506596183333333	91	0.499124253296703
RGB.HN.6.Jul	0.42565403056667	0.963586775421621	0.0522773502075192	-0.0130495417779961	0.0162249231235214	0.000468357182280452	0.0102365329224271	0.0228068160773332	0.0116137224778063	30	0.330099280066667	18	0.305573274722222	89	0.331072489089888
RGB.HN.23.Aug	0.0128051229700326	0.134726340015959	0.105315316555201	-0.0321837629302357	0.0124023592496536	-0.0126742380258823	0.00841504570397782	0.0169543475100712	0.0103769672335163	31	0.475455466967742	18	0.454830850333333	91	0.467175754472527
RGB.HN.1.Sep	0.0149059743918666	0.0436841469619123	0.0779021460196116	-0.0324186182512715	0.012792578631458	-0.0204189063791817	0.0100132489703562	0.0228726086334623	0.0128456442838751	31	0.380970929677419	18	0.348937315277778	91	0.365470376516484
RGB.HN.22.Aug	0.0755974882105817	0.270796119797107	0.114269686392459	-0.0205629751535325	0.0112996024170197	-0.00839785608046379	0.00758982323800394	0.0147574352857439	0.00926585901056434	31	0.447920854580645	18	0.430804401555556	91	0.442237767296703
RGB.HN.12.Aug	0.0181578378707928	0.314379524757101	0.0362331504467723	-0.028558312033034	0.0116376598285875	-0.00742860002467255	0.00735199767520194	0.0196268034054434	0.00925023860965585	31	0.528917066709677	18	0.510232348444444	91	0.521169438923077
RGB.HN.26.Aug	0.179055822509436	0.047864747665891	0.565862647176036	-0.0337905082311788	0.0247470062226294	-0.0317554931271446	0.0158812310256264	0.0117435331470282	0.020388240138903	31	0.598180073096774	18	0.574875174277778	91	0.572731197934066
RGB.HN.3.Sep	0.897250413333895	0.267118887401847	0.711931573297303	0.0035445764477323	0.0272903878258468	-0.0206537278228824	0.0185228776408349	-0.00899961209381116	0.0243052949324096	31	0.557425893483871	18	0.563780736388889	91	0.54019856343956
RGB.HN.14.Aug	0.0225431902344882	0.424384305511526	0.00891719788061749	-0.0242186491864114	0.0102435581041921	-0.00524969823267236	0.00654866910728219	0.0220713374738892	0.0082807498020884	31	0.401566245741936	18	0.382015875166667	91	0.396436824582418
RGB.HN.20.Aug	0.0355806818763528	0.321349107336849	0.141069339880167	-0.0271525601591381	0.0125221864476727	-0.00913116506584882	0.0091686644578432	0.0171966924287208	0.0115950216090584	31	0.418742472	18	0.396099486777778	91	0.407585641846154
RGB.HN.30.Aug	0.0275564789167744	0.211561894698321	0.136205773684218	-0.0251991366503457	0.0110557954694873	-0.0105589394790901	0.00840575476914427	0.0164509145838965	0.0109548884693679	31	0.431030523709677	18	0.413942472611111	91	0.42342338632967
RGB.HN.5.Sep	0.145804032067444	0.328356683872259	0.415783234351883	-0.015937289120102	0.0107631212093457	-0.00812718239925065	0.00828011513127851	0.0087252875348341	0.0106793718577735	31	0.377869305451613	18	0.364427453944444	91	0.371314634285714
RGB.HN.16.Aug	0.565536940684202	0.128451597026598	0.488200628108594	-0.0127893624905524	0.0220884382114722	-0.0200924248264221	0.0131231298133577	0.0103479662317422	0.0148752823021417	31	0.768142156387097	18	0.756373453722222	91	0.748539300879121
RGB.LN.6.Jul	0.442097699697792	0.80034747385894	0.382574583125578	0.0135868383407136	0.0175088384551667	0.00220988984851174	0.00871773593416143	-0.00898587251552221	0.0102467334317554	29	0.312547289655172	18	0.326552077777778	89	0.311767014606742
RGB.LN.23.Aug	0.102283558533352	0.343855276546073	0.254327240364644	-0.0169007291631503	0.0101282336464133	-0.00587489424299473	0.00618133076740854	0.00913586392190963	0.00797030364396611	31	0.438739574193548	18	0.425791044444444	91	0.434233120879121
RGB.LN.1.Sep	0.191640026905782	0.518421601475612	0.593274450719244	-0.0142946943342594	0.0107792624916484	-0.00506435767679348	0.00781849332026219	0.00581010532721006	0.0108447830586785	31	0.364971490322581	18	0.361381583333333	91	0.364077793406593
RGB.LN.22.Aug	0.189794621041708	0.820851351263634	0.277076418448482	-0.0129181495771721	0.00970000162567298	0.00143517656115732	0.00632349318240863	0.00899754428704203	0.00823468231151163	31	0.410260458064516	18	0.404205838888889	91	0.411628154395604
RGB.LN.12.Aug	0.470778386098415	0.466900068729372	0.363838489905021	-0.00638305696534507	0.00877406300319478	0.00425912125781383	0.00583507936405534	0.00691384005835779	0.00758033960047883	31	0.48185209516129	18	0.483493347222222	91	0.48510761043956
RGB.LN.26.Aug	0.181971223156709	0.110997758618938	0.855396044039855	-0.0203469533124381	0.0150034955662424	-0.0168140324504514	0.0104703441517739	0.00246614039953702	0.0134989616263665	31	0.551079458064516	18	0.539519222222222	91	0.538030771428571
RGB.LN.3.Sep	0.49971478556825	0.0818045284458429	0.65015170633866	-0.0121970364435187	0.0179220200611501	-0.0209898349502465	0.0119571500512657	-0.00670273094449144	0.0147355251025996	31	0.512216566129032	18	0.506211938888889	91	0.49799294010989
RGB.LN.14.Aug	0.302633486016611	0.613170156731283	0.302861420684116	-0.00812197648068781	0.00778693900767133	0.00282183665285403	0.00556671189465114	0.00749454602663636	0.00723797461773249	31	0.363443027419355	18	0.359749108333333	91	0.364116806043956
RGB.LN.20.Aug	0.218593332956256	0.819912159999616	0.42140811015162	-0.0128540948982645	0.0102988802622211	0.00158109234147148	0.00692944041616083	0.00722912524019847	0.00895608662094916	31	0.376959716129032	18	0.373472672222222	91	0.376742608241758
RGB.LN.30.Aug	0.0639639934301357	0.332578356795501	0.29532436257039	-0.0169746099051899	0.00893278623617681	-0.00617443849646958	0.00634600792448035	0.00907434599887225	0.00862735969806363	31	0.397188590322581	18	0.388134175	91	0.392497273626374
RGB.LN.5.Sep	0.248167452337863	0.220030334547294	0.665935848372796	-0.0123384206338933	0.0105426687598152	-0.0085945583830843	0.00697018539219988	0.00382980036360078	0.00884549292506907	31	0.352331938709677	18	0.343794988888889	91	0.347438965934066
RGB.LN.16.Aug	0.79898228933523	0.432674059253924	0.591365407027554	-0.00366211874317182	0.0142933881308198	-0.00781611822545826	0.00992722770511791	-0.0064419183794744	0.0119621518482956	31	0.733474324193548	18	0.741192613888889	91	0.732277905494505
NGR.HN.6.Jul	0.153817026196056	0.996976937243303	0.0228915079249514	-0.0161598562292141	0.0111309693247713	2.98469250464181e-05	0.00786029874936174	0.0219933592083474	0.00952014445489156	30	0.145899194666667	18	0.121122628833333	89	0.145787484359551
NGR.HN.23.Aug	0.0183211555573596	0.643279488296593	0.0854827784376241	-0.0246764220313987	0.0100708501308427	-0.00324687473539704	0.00699271357848142	0.0150417213801401	0.00866338872597062	31	0.146997973129032	18	0.133705468333333	91	0.146850998934066
NGR.HN.1.Sep	0.0320813958980688	0.401919345460716	0.0428992537785739	-0.020189096079751	0.00912018313597131	-0.00603495231691405	0.00717372087302344	0.0188860905568668	0.00921358688468885	31	0.0898499266451613	18	0.0714190941111111	91	0.0873542355824176
NGR.HN.22.Aug	0.1095620625107	0.976635804599131	0.111988253532416	-0.0136630036804635	0.00836575009550146	-0.000166508649213413	0.00567329258815646	0.0113245838948788	0.00706503133322165	31	0.121064923935484	18	0.111968622666667	91	0.122712930956044
NGR.HN.12.Aug	0.0188065124921273	0.951150835101796	0.0215566284556776	-0.0223940570653991	0.00917964646786804	0.000360857703295591	0.00587781418463597	0.0171257408424679	0.0073397153743209	31	0.161084620612903	18	0.148184819166667	91	0.161021463989011
NGR.HN.26.Aug	0.151490764466422	0.252142258999111	0.389727088869046	-0.0222303313907169	0.0152299504323529	-0.0113858635039456	0.00989347441821212	0.0110245652786688	0.0127639889968587	31	0.149500114225806	18	0.136756793333333	91	0.141402432725275
NGR.HN.3.Sep	0.65964599487701	0.755050579494511	0.733160394332695	0.00963380850562832	0.0217269149666403	-0.00449928099592756	0.0143875988382865	-0.00649745796992601	0.019007255946495	31	0.166680043419355	18	0.179866652388889	91	0.164845315450549
NGR.HN.14.Aug	0.0312681433336153	0.874762474054612	0.00868873749890056	-0.0186715985631602	0.00839237669084673	-0.000860300029988304	0.00544639705305939	0.0183803386645513	0.00687191641307312	31	0.111720856096774	18	0.0982161389444444	91	0.111952821857143
NGR.HN.20.Aug	0.061716340005799	0.978647979119382	0.0947704677245284	-0.0201482221866667	0.0105090487504159	0.000195925181395334	0.00730484242777078	0.0156323962041231	0.00927122077520645	31	0.123714290645161	18	0.109008473833333	91	0.12242345843956
NGR.HN.30.Aug	0.0495043838639271	0.686344008379395	0.0848177661235142	-0.0177314844802119	0.00877821434584322	-0.00276401064734458	0.0068276375051475	0.0154740581126062	0.00889315362631269	31	0.100217806967742	18	0.089089715	91	0.0992937222417582
NGR.HN.5.Sep	0.166693341834752	0.801799328006614	0.277800525333816	-0.0138408787041801	0.00984287842453622	-0.00181679619850275	0.00722125631975988	0.00990004258632043	0.00907440540712827	31	0.0999904	18	0.0897940807222222	91	0.100415158703297
NGR.HN.16.Aug	0.980679364824659	0.807751775413459	0.633537414896858	0.000550171088043726	0.0225894234270576	0.00333198889313649	0.0136624758816063	0.00822539414092477	0.0172020524002146	31	0.36306271	18	0.365412229222222	91	0.375015061791209
NGR.LN.6.Jul	0.441763598554751	0.7740010179889	0.398880802716672	0.00994608559823581	0.0128076958273039	0.00202657142338772	0.00704076369292977	-0.00774720591508547	0.00914474906630107	29	0.130920185862069	18	0.140833682222222	89	0.12956811752809
NGR.LN.23.Aug	0.190518295718519	0.961938978474767	0.314558127234698	-0.0117897272253626	0.00886744587989374	-0.000255274649255606	0.00533792432536684	0.00682661945360331	0.00675508276657008	31	0.113834063225806	18	0.10716724	91	0.114851278571429
NGR.LN.1.Sep	0.214578152717541	0.623117091916025	0.604926171648941	-0.0104298377181684	0.00828255331677726	-0.00277562999719982	0.00563300858143636	0.00406742382062135	0.00783840413603391	31	0.0737183537096774	18	0.0702869078888889	91	0.0753551387802198
NGR.LN.22.Aug	0.331613314347746	0.43021583385047	0.322268218247244	-0.0078162148326998	0.0079618889627838	0.00383293086210215	0.00484221488080935	0.00612077843735442	0.0061543791083124	31	0.0900719372580645	18	0.0875753319444444	91	0.0945629716483516
NGR.LN.12.Aug	0.594611986265596	0.182769480831784	0.382306206245532	-0.00416273145640333	0.00776531719484603	0.00670892779984708	0.00500582689563955	0.00559389397169389	0.00637572851787207	31	0.122559276935484	18	0.125206494166667	91	0.128961768736264
NGR.LN.26.Aug	0.238108560964672	0.394047155977002	0.868400688328518	-0.0121921303382206	0.0101942305975901	-0.00543481441674616	0.00635311908309218	0.00135946168434076	0.00818459469772938	31	0.113513889193548	18	0.108530849444444	91	0.110685414230769
NGR.LN.3.Sep	0.595214583450876	0.201649067561249	0.499588007186156	-0.0083775772090531	0.0156535221102959	-0.0117646472782161	0.00916188887132061	-0.00742159004934605	0.0109542442665119	31	0.117848173870968	18	0.115916179166667	91	0.111756724648352
NGR.LN.14.Aug	0.547324590983451	0.304357182003134	0.348412414193361	-0.00404200907208814	0.00666490265608255	0.00485050172613752	0.0047016269668197	0.00569094858701318	0.00604180911797149	31	0.0748880638709677	18	0.0740808391666667	91	0.0790627812637363
NGR.LN.20.Aug	0.280912166520853	0.431277999883011	0.38136064452383	-0.00915068389598653	0.00838214270557049	0.00443825833669857	0.00561990737000822	0.00647513013788609	0.00736543239710673	31	0.0853181319354839	18	0.0837466499444444	91	0.0896785021428571
NGR.LN.30.Aug	0.164807417755785	0.490126654953061	0.423394535007566	-0.0107888603059708	0.00763758039224189	-0.00356303548825616	0.00514673521827985	0.00547197746797317	0.0068083515538493	31	0.0732846767741935	18	0.0685280450555556	91	0.0711228160989011
NGR.LN.5.Sep	0.428640598129082	0.623871450290774	0.686682322325978	-0.00751533362122728	0.00940711630949438	-0.00306187075169553	0.00622744927537259	0.00320950129690237	0.00793466539700239	31	0.0716666243548387	18	0.0672201738888889	91	0.0727080167472527
NGR.LN.16.Aug	0.983677737343551	0.768326244109531	0.470215031538707	0.000427269431309087	0.020766476499781	0.00355794872943612	0.0120506325301332	-0.0099415462413419	0.013716655745703	31	0.294487688709677	18	0.307523933333333	91	0.307707983516484
GLI.HN.6.Jul	0.309914095494522	0.893451534484588	0.0432577599151837	-0.00988645019590389	0.0096215182099113	-0.000822373786958782	0.00612626302451306	0.0143515852550569	0.00701200943226755	30	0.177860312366667	18	0.160931565	89	0.176725940022472
GLI.HN.23.Aug	0.0139544370727093	0.160204457865206	0.106170846951599	-0.0169354728012604	0.00661368411547003	-0.00628241273023945	0.00444501458265667	0.00890017334276186	0.00546092863687108	31	0.236332536677419	18	0.225744959333333	91	0.232321945076923
GLI.HN.1.Sep	0.0158551435795735	0.0562989165500005	0.0761775645657439	-0.0165154976702857	0.00658188456241481	-0.00995226190072229	0.00516239416285803	0.0118585575277166	0.00662062762137036	31	0.187677654193548	18	0.171512435333333	91	0.180296695857143
GLI.HN.22.Aug	0.0809387021361665	0.319734329293783	0.116055405552213	-0.0105163685964867	0.00588715773268585	-0.0039265779008065	0.00392951342355457	0.00759046313135282	0.00478963932144499	31	0.221581077290323	18	0.213016476388889	91	0.219075645505495
GLI.HN.12.Aug	0.0188040512208956	0.358093365806821	0.0350771039623283	-0.0148815292965137	0.00610001845677993	-0.00353304936633408	0.00382928087763614	0.0102569212549912	0.00480330681394388	31	0.262804496193548	18	0.253221591333333	91	0.259089742285714
GLI.HN.26.Aug	0.181862799718576	0.0623042136670842	0.548199036521884	-0.0174848727624155	0.0128897817468806	-0.015548361446924	0.00826109333543872	0.00639049908681662	0.0106078647418085	31	0.294120019903226	18	0.282433493333333	91	0.281872295131868
GLI.HN.3.Sep	0.883967613176692	0.289494726844947	0.711769065225488	0.00206917804503465	0.0140960941218359	-0.0101476676707142	0.00953678510031738	-0.00463453633988452	0.0125091226054288	31	0.27578108716129	18	0.279489610277778	91	0.26743458589011
GLI.HN.14.Aug	0.0241420056569438	0.480101140660709	0.00876413924671547	-0.0127072824373219	0.00544099087860134	-0.00243833809449312	0.00344199842594407	0.0115722875111112	0.00433159159669061	31	0.198641047774194	18	0.188600782388889	91	0.196317585384615
GLI.HN.20.Aug	0.037801240809892	0.368310990166684	0.134169003395018	-0.0141610695716598	0.00661237535962025	-0.00429832964640009	0.00475935418374137	0.00906472773676822	0.006004585053091	31	0.207436015806452	18	0.195804857277778	91	0.202098539076923
GLI.HN.30.Aug	0.0300488531124547	0.256281624002116	0.132811810421311	-0.0130416579683067	0.00581685290894724	-0.00503096123197413	0.00441001727415247	0.00868384524346855	0.0057320000011108	31	0.212158618193548	18	0.203527876777778	91	0.208702398769231
GLI.HN.5.Sep	0.157023070727545	0.379287258731391	0.412169145807211	-0.00825089193023924	0.0057308883181688	-0.00383692266738223	0.00434752428917109	0.00460371069975439	0.00559115169199331	31	0.186232681967742	18	0.179457428388889	91	0.183270238571429
GLI.HN.16.Aug	0.553016598317144	0.135117224234383	0.463293693610795	-0.00681325563614207	0.0113965998114308	-0.0101338964398814	0.00673519768257807	0.00559399906721384	0.00759894392638296	31	0.383936293096774	18	0.377768049777778	91	0.373984102043956
GLI.LN.6.Jul	0.391846006465771	0.939979913974701	0.290747126540648	0.00898094326180466	0.0103802330219984	0.000388034662216623	0.00514206402683053	-0.006547237242766	0.00616505090176133	29	0.165873049655172	18	0.173525883333333	89	0.16414582247191
GLI.LN.23.Aug	0.117301748786142	0.411183010932227	0.269888681646354	-0.00883094807117321	0.00552781957863689	-0.0027318628803627	0.00331228996501399	0.00471648298365692	0.00425202732090318	31	0.216423456451613	18	0.209898405555556	91	0.214496859340659
GLI.LN.1.Sep	0.201442876256907	0.557283431782463	0.592783900489954	-0.00731759834286109	0.00564259858550054	-0.00238401549356253	0.00405051266163523	0.003010026252899	0.00561086806158762	31	0.1788351	18	0.176976863888889	91	0.178824222527473
GLI.LN.22.Aug	0.21518847580122	0.732876136504335	0.287086027181082	-0.00649577678089287	0.00516542455709186	0.00113179174450456	0.00330819460564791	0.00458701887635586	0.00428684105919494	31	0.201319990322581	18	0.198410836111111	91	0.202549422527473
GLI.LN.12.Aug	0.510999730809142	0.402191672873371	0.377893362237073	-0.00312903500010089	0.00472187401348379	0.00258373107130064	0.00307305260559962	0.00351820258295118	0.0039728203475855	31	0.237702587096774	18	0.238850388888889	91	0.239851721978022
GLI.LN.26.Aug	0.200041669518298	0.149778902170769	0.866739815463965	-0.0103643658280126	0.00796666155461242	-0.00790990653443819	0.00545571568115284	0.00118411355010208	0.00703923176358838	31	0.268614462903226	18	0.262901	91	0.262796824725275
GLI.LN.3.Sep	0.516142836309004	0.100559261531713	0.64045692738683	-0.00623970422110095	0.00953231735925845	-0.010321872308556	0.00623594016150692	-0.00358843567234942	0.00766054744010884	31	0.250958835483871	18	0.248136444444444	91	0.244246686813187
GLI.LN.14.Aug	0.352308848526836	0.524552162917689	0.315082178477786	-0.00399730257078319	0.00425208572658958	0.00190281342162822	0.00298125409555555	0.00388901365173416	0.00385245032607068	31	0.177522977419355	18	0.175890641666667	91	0.178492352747253
GLI.LN.20.Aug	0.225245657282187	0.761010086452411	0.421306446649591	-0.0067671392331261	0.00550188918596432	0.00111151691305046	0.00364592316932603	0.00380379672029886	0.00471144857475206	31	0.184902109677419	18	0.183147316666667	91	0.18529355989011
GLI.LN.30.Aug	0.0786300522264174	0.378971746942818	0.313503563346079	-0.00865996311276499	0.00480960424502972	-0.00296727821393902	0.00335991905463441	0.00460801398078359	0.00454975183602219	31	0.193809701612903	18	0.189297286111111	91	0.191772481318681
GLI.LN.5.Sep	0.284392478513753	0.279098761958885	0.675393412761164	-0.00624759733247893	0.00576496264548612	-0.00404692328387367	0.00372167934069676	0.00197802568709853	0.00471022444062375	31	0.171976103225806	18	0.167684491666667	91	0.170046671428571
GLI.LN.16.Aug	0.825711165847546	0.486791590157275	0.585859427260185	-0.00164359650635791	0.00741957466378323	-0.00356369815065775	0.00510827998556381	-0.00335901951707306	0.00614587265933238	31	0.366053425806452	18	0.370367605555556	91	0.36582726043956
MGR.HN.6.Jul	0.183586972162578	0.928812359722462	0.0241082789212428	-0.0260254259638361	0.019255982959399	0.00121320917076948	0.0135498260333549	0.0376132515215755	0.0164283370422308	30	0.267064974266667	18	0.225916657388889	89	0.268948199168539
MGR.HN.23.Aug	0.0186439765433629	0.651006157545412	0.0859293420409755	-0.0486606616681856	0.0199175496576552	-0.00628131321340704	0.0138497846066425	0.0297558263759833	0.0171628890879575	31	0.292310975193548	18	0.266151800444444	91	0.292279711692308
MGR.HN.1.Sep	0.0321661766598704	0.401752419771783	0.0431320829807046	-0.0402194140998043	0.0181780717495996	-0.0120381614434675	0.0143046196931243	0.0376161392866255	0.0183719714065243	31	0.179328291096774	18	0.1426062925	91	0.174384424813187
MGR.HN.22.Aug	0.110376017608274	0.979988374171312	0.112537723510084	-0.0271447246440326	0.0166597263367358	-0.000284066336823344	0.011300648438994	0.0225246893885208	0.0140741893473164	31	0.241553757096774	18	0.223495256222222	91	0.244912658758242
MGR.HN.12.Aug	0.0190489214879115	0.943656787844042	0.0216605734732284	-0.044396834563463	0.0182383347079589	0.000827281171230818	0.0116803957304302	0.0339957540083362	0.0145816948646825	31	0.321034740967742	18	0.295492451	91	0.321102515538462
MGR.HN.26.Aug	0.152271418465937	0.253036607872426	0.391245227990965	-0.0440461651707007	0.0302348720762801	-0.0225517544370071	0.0196329923736694	0.0218165509818669	0.025340041315751	31	0.297460710806452	18	0.272280638444444	91	0.281536612186813
MGR.HN.3.Sep	0.661129983158707	0.75528120880461	0.733518980620124	0.0190716951012058	0.0432134088536696	-0.00894378700392932	0.0286278970384064	-0.0129117570764238	0.0378241143678975	31	0.332160873193548	18	0.358426861666667	91	0.328599008450549
MGR.HN.14.Aug	0.0317149423884012	0.88111125356841	0.00874648521561526	-0.0369654264872599	0.0166610909237316	-0.00162149130297295	0.0108180372342598	0.0364810192285786	0.0136514117428562	31	0.222484352677419	18	0.195756999	91	0.223084777472527
MGR.HN.20.Aug	0.0626730968842786	0.97410806016827	0.0958248253463809	-0.0398922881831372	0.0208866678105417	0.000471979462717598	0.0145108676417245	0.0309635237347433	0.0184231310275456	31	0.246399111354839	18	0.217337904166667	91	0.243956268461538
MGR.HN.30.Aug	0.0493997184185374	0.687032202497445	0.0848056112033858	-0.0353611611612966	0.0174976149813052	-0.00549863068852081	0.0136142395888576	0.0308578092784913	0.0177337044949652	31	0.200007033935484	18	0.177826161611111	91	0.198212339516484
MGR.HN.5.Sep	0.166766939695509	0.798648582196944	0.279245912045708	-0.027432660336565	0.0195120730419299	-0.00366371700551758	0.0143294288059792	0.0195902300492491	0.0180108430504321	31	0.198987694	18	0.178796561111111	91	0.19984787943956
MGR.HN.16.Aug	0.967542297202348	0.795180756894744	0.64251271323193	0.00183295270760348	0.0447901187089129	0.00704544476197159	0.0270789150325803	0.0158873311823918	0.0341261064177906	31	0.722526927967742	18	0.727787331055556	91	0.74688816543956
MGR.LN.6.Jul	0.49209754040007	0.734512520298447	0.449190325335599	0.0154090735977076	0.0222339449247177	0.00424056074111487	0.0124734493345448	-0.0121829317253062	0.0160366494144984	29	0.243426813793103	18	0.260823838888889	89	0.242081435955056
MGR.LN.23.Aug	0.189826297660916	0.965790090506505	0.312961552425324	-0.0234293796317202	0.0175939748220292	-0.000455484695142174	0.0105973948344086	0.0135839338303509	0.0133970952444192	31	0.226544258064516	18	0.213247783333333	91	0.228677368681319
MGR.LN.1.Sep	0.214045878411901	0.623031265236158	0.604242525004753	-0.020829343785188	0.0165214778655376	-0.00553904058119311	0.0112384398453104	0.00812910324824363	0.0156360870938544	31	0.147183885645161	18	0.140313166611111	91	0.150465011758242
MGR.LN.22.Aug	0.330111129198512	0.429861077121352	0.320160111950484	-0.0156227466369861	0.0158640187819528	0.00764903344437234	0.00965571990671438	0.0122499173657952	0.0122633685743873	31	0.179756200806452	18	0.174717373333333	91	0.188737675659341
MGR.LN.12.Aug	0.591999132919813	0.181447864595446	0.380091907002052	-0.00834627598105476	0.0154593871498983	0.0134013483006592	0.00996891892507942	0.0111806932182775	0.0126840317395942	31	0.24430375	18	0.249505591666667	91	0.257151649450549
MGR.LN.26.Aug	0.23693696074402	0.395609420829654	0.861937373282435	-0.0242834805225557	0.0202527374666695	-0.0107700679491993	0.0126316615959502	0.00283529693220734	0.0162630530605302	31	0.226055311290323	18	0.216010659722222	91	0.220502812087912
MGR.LN.3.Sep	0.592554172655785	0.202164484342126	0.504522132098016	-0.0167940348172697	0.0311535711363837	-0.0234172133511069	0.0182574906122189	-0.0146122163783141	0.0218184789363577	31	0.235043542580645	18	0.231044531388889	91	0.222893385604396
MGR.LN.14.Aug	0.546080780097908	0.304097896930495	0.347455143914046	-0.00806901659949496	0.0132636942235306	0.00965499081948391	0.00935361426377528	0.0113369653491709	0.0120119386554825	31	0.149285306451613	18	0.147633913611111	91	0.157631878791209
MGR.LN.20.Aug	0.277564583110535	0.429827723249898	0.376460576779067	-0.0183137675244176	0.0166576781489208	0.00885853243009812	0.0111817142583692	0.0130079062519367	0.0146445596414743	31	0.170057493548387	18	0.166818371388889	91	0.178797152032967
MGR.LN.30.Aug	0.16314146825577	0.489665731552211	0.420521801564766	-0.0215844430342994	0.0152183096894327	-0.00711509888882335	0.0102666915601793	0.0109780343266385	0.0135745620276557	31	0.146288403870968	18	0.136719332111111	91	0.141988437087912
MGR.LN.5.Sep	0.42555708577127	0.620712709029041	0.684995946543632	-0.0150421963651896	0.0187025827993865	-0.00614263801687842	0.0123803701898093	0.006413022127201	0.0157648266659629	31	0.142832940483871	18	0.133885963055556	91	0.144879690087912
MGR.LN.16.Aug	0.980572070012196	0.762596748860379	0.470982902685551	0.00101198244934406	0.0413213730211162	0.00726265778721263	0.0239867468118709	-0.0197550795073973	0.0273040129971502	31	0.586510025806452	18	0.612391252777778	91	0.613072017032967
VARI.HN.6.Jul	0.173095862116376	0.861132824875009	0.0251631078663858	-0.0241036895369617	0.0173992238362161	0.00223559675890526	0.0127509284684654	0.0354131607842538	0.0155843306699908	30	0.225519814533333	18	0.188830340722222	89	0.229043508719101
VARI.HN.23.Aug	0.0286096699565453	0.880253181016258	0.089108306479893	-0.041231811533101	0.0182184570743078	-0.00190855831089091	0.0126413127763489	0.0268328050233964	0.0156352858848376	31	0.251080593096774	18	0.230211890833333	91	0.255808564362637
VARI.HN.1.Sep	0.0438165599342137	0.505427655573723	0.0437447172301567	-0.0348989692957162	0.0168146706892372	-0.00880167322770989	0.0131754894220996	0.0344138101331682	0.0168580852328888	31	0.15771211316129	18	0.125724125555556	91	0.156095117373626
VARI.HN.22.Aug	0.148889562656633	0.822087149428075	0.123569473443308	-0.0223106176160973	0.0151854358917156	0.00232008274375336	0.0102946984839541	0.0199612820831964	0.0128571251106191	31	0.212197341774194	18	0.197839652333333	91	0.218333644065934
VARI.HN.12.Aug	0.0264630006899466	0.71087514804206	0.0236845551620864	-0.0380430428433685	0.0165652589639302	0.00394807764670947	0.0106250118376696	0.0302858035478114	0.0131909637497026	31	0.280483979709677	18	0.259290402222222	91	0.284881822824176
VARI.HN.26.Aug	0.201965151401573	0.364587850057197	0.408941825991472	-0.0349512959739892	0.0269827601020547	-0.0156265196567126	0.017168207643495	0.0184204640356361	0.0222171894451713	31	0.251702745935484	18	0.232831097444444	91	0.242602489351648
VARI.HN.3.Sep	0.607197609225628	0.89401148038479	0.74314717529356	0.0212664237730945	0.0410714103333326	-0.00361006925057135	0.0270376526052723	-0.0117573389153451	0.0357841966942406	31	0.299485143677419	18	0.327032243944444	91	0.301420737384615
VARI.HN.14.Aug	0.0511156038182762	0.940349433415168	0.0105775813998363	-0.030453324397921	0.0151870789034332	0.000740567281129364	0.00987533102547389	0.0323584861621226	0.012429048013999	31	0.192356380129032	18	0.170433423777778	91	0.196297027538462
VARI.HN.20.Aug	0.0877218441100958	0.795567258333606	0.108426528483302	-0.0340061281239667	0.0194722405918353	0.00351657267254897	0.0135419631606454	0.0279360747052437	0.0172526950987164	31	0.216514121516129	18	0.192277113055556	91	0.218126713384615
VARI.HN.30.Aug	0.0611822613838175	0.840271208370851	0.0796547667813711	-0.0304344520592686	0.0158402609618842	-0.00249277431210866	0.0123407547302857	0.0283740198722353	0.0160303611564967	31	0.174118858096774	18	0.155352440111111	91	0.175465661791209
VARI.HN.5.Sep	0.212247607623458	0.958335292397876	0.274679679902046	-0.0237674225135667	0.0187766611679252	-0.000704707449714293	0.0134602323921483	0.018349874737003	0.0167099745414468	31	0.175052539193548	18	0.157818474555556	91	0.179490143450549
VARI.HN.16.Aug	0.841450385745143	0.579518195762852	0.693087430240216	0.00947707617786714	0.047097026621002	0.0155583133555285	0.0280007285789356	0.0141185585706286	0.0356738896885197	31	0.683075636774194	18	0.693711588555556	91	0.71821252932967
VARI.LN.6.Jul	0.542974647321029	0.660505501063673	0.532345351605754	0.0127865085208089	0.0208481504106637	0.00524963851082542	0.0119207891299895	-0.00979115718156332	0.0156267653779568	29	0.204447948275862	18	0.221466555555556	89	0.204777498314607
VARI.LN.23.Aug	0.245350684526111	0.856966572635751	0.351531912644043	-0.0192527153620872	0.01635136742125	0.001779595934921	0.00985188691373548	0.0115118871096262	0.0123013414459549	31	0.188914143548387	18	0.178446368055556	91	0.193947186813187
VARI.LN.1.Sep	0.246321774944391	0.726774814424307	0.60146748706133	-0.0178640166841577	0.0152036613189466	-0.00359668636709921	0.0102686757688796	0.00744543059668093	0.014211732731473	31	0.127248591129032	18	0.121602927277778	91	0.13227879010989
VARI.LN.22.Aug	0.378474355620804	0.352274951521243	0.334854886429066	-0.013045996651718	0.0146636324336978	0.00831928241917177	0.00890803588909742	0.0108292507037162	0.0111771273128496	31	0.153956049516129	18	0.149921590555556	91	0.163990453461538
VARI.LN.12.Aug	0.631360589627583	0.140619440485773	0.396418923435285	-0.00706966224616543	0.0146313984695356	0.014026806900656	0.00945494648520865	0.0100632356289523	0.0118175127191857	31	0.207216832258065	18	0.212236952777778	91	0.221890563736264
VARI.LN.26.Aug	0.293701135250253	0.564003025061303	0.831386297704029	-0.0194810302468886	0.0183310655952416	-0.00645076209994779	0.0111498250308804	0.00302619356868508	0.0141768828187015	31	0.185217082258065	18	0.177067306666667	91	0.184019337087912
VARI.LN.3.Sep	0.610365380338373	0.256456905219524	0.516054655378313	-0.0151923091821038	0.0296019857641442	-0.0193663475921109	0.0169823583961918	-0.0131142795043495	0.0201242575655957	31	0.20512188983871	18	0.2014313975	91	0.196518833571429
VARI.LN.14.Aug	0.620215236388843	0.260923891704236	0.377499718986227	-0.00604382162039628	0.0121101325578147	0.00957923391016272	0.00847963674663729	0.00957384536403964	0.0108020138262499	31	0.12440603483871	18	0.123565356388889	91	0.133792891153846
VARI.LN.20.Aug	0.316721052491567	0.33278207266418	0.376239422645546	-0.0155661694981908	0.015370343579148	0.0101496399747884	0.0104360827394902	0.0121447452930327	0.0136664378558613	31	0.143708574516129	18	0.141733945555556	91	0.154520795384615
VARI.LN.30.Aug	0.19051977787844	0.580037742867708	0.435008514119215	-0.0183677434065436	0.0138150376767062	-0.00509889618845388	0.00918922972386975	0.00946003647751277	0.0120712859850231	31	0.124027570483871	18	0.116201488944444	91	0.121937639835165
VARI.LN.5.Sep	0.476390231095647	0.769052602808102	0.690299232903151	-0.0124672613861424	0.0173574465127696	-0.00341569862090162	0.0116063054447582	0.00591699490238356	0.0148087378807202	31	0.121180717258065	18	0.11418244	91	0.126056681923077
VARI.LN.16.Aug	0.949148171249847	0.652169997490189	0.481083955390789	0.0028607308012282	0.0446003887305743	0.0114488672491934	0.0253343587605905	-0.0203561248839748	0.0287880666485516	31	0.535987798387097	18	0.562463625	91	0.56833523956044
VEG.HN.6.Jul	0.367343191886578	0.351854343294923	0.228761658066521	-0.0439573269756588	0.0482485719855798	-0.0296361789307576	0.0317023748005847	0.0445884179128627	0.0368249094998856	30	1.70096632193333	18	1.65309769561111	89	1.70331405142697
VEG.HN.23.Aug	0.518639788267795	0.09379936716612	0.616669541412106	0.121068018846035	0.186065234728223	0.165424284434775	0.0979169720116666	-0.059040716551092	0.117591226043331	31	3.45569080564516	18	3.65035790638889	91	3.7547609171978
VEG.HN.1.Sep	0.738531048212171	0.384301451667912	0.934191833461	0.0731631105996028	0.217801979349402	0.119325546181873	0.136641272642204	0.0135938814094901	0.164232593161984	31	3.75134705141935	18	3.80930231644444	91	4.03254053254945
VEG.HN.22.Aug	0.285050480046565	0.0404973606936733	0.424217929779607	0.226957208042092	0.209714561135905	0.216236908324354	0.10437969877715	-0.102045429302645	0.127193574672088	31	4.128379424	18	4.34557098916667	91	4.45069132569231
VEG.HN.12.Aug	0.405185078746476	0.0672722984562886	0.411855286042116	0.19874057215999	0.236461579095594	0.227433561454626	0.123136061107723	-0.121247518764824	0.147154521845269	31	4.43112975841936	18	4.65241011072222	91	4.80901534892308
VEG.HN.26.Aug	0.470290246170143	0.340220683802764	0.517485168435342	0.203196766773657	0.279002604858691	0.134456997117467	0.140405029717843	-0.119618341611835	0.184186628316363	31	4.34223126503226	18	4.58206040227778	91	4.62161085687912
VEG.HN.3.Sep	0.245776030140608	0.117193995812193	0.515144189284041	0.365914355180782	0.31105621843758	0.275499538123533	0.174553335804564	-0.151165496876098	0.231464582373486	31	5.28652670890323	18	5.71456645888889	91	5.70805740486813
VEG.HN.14.Aug	0.406999638177081	0.0919089084998237	0.814484182129274	0.174011167454559	0.207846784677737	0.189907932940561	0.111752693876916	-0.032100074856368	0.136456062348078	31	3.31400816187097	18	3.48845921122222	91	3.63180064492308
VEG.HN.20.Aug	0.536639695720538	0.0493903100593969	0.746948208781504	0.129148610514275	0.207372300106401	0.224620466561336	0.113111441568911	-0.0460294035943515	0.142275150268954	31	3.57333130958065	18	3.74567102544444	91	3.88422141751648
VEG.HN.30.Aug	0.815681732870473	0.0461067369118537	0.739633695719017	0.0513510293196463	0.218977398125789	0.239821632805201	0.118967959707247	0.0502865362859262	0.150907689320089	31	3.93997052522581	18	4.095415669	91	4.3050282672967
VEG.HN.5.Sep	0.518093568957696	0.0638675115730732	0.811468472402351	0.124499622380889	0.191088269480681	0.198011751862119	0.105841853859385	-0.0285048350976065	0.119197794290819	31	3.31774364883871	18	3.46307679111111	91	3.63663268797802
VEG.HN.16.Aug	0.0531957647610942	0.00649859461475563	0.232209331669804	0.824315560555683	0.414900291433182	0.619616661598169	0.223589994903917	-0.346232469724104	0.288119034931123	31	7.38912810022581	18	7.99748522705556	91	8.22347241381319
VEG.LN.6.Jul	0.455099987133254	0.143308541869485	0.502233779807522	-0.0429051315030696	0.0569089605667999	-0.0501242164337373	0.0340095650007471	-0.0267301705519414	0.0396960118854537	29	1.6748455862069	18	1.69448561111111	89	1.63911876404494
VEG.LN.23.Aug	0.816721950560798	0.477867001405976	0.682944333083192	0.0462875390581525	0.19852648363695	0.0795940881427287	0.111785603373085	-0.0558536472496234	0.136362589017448	31	3.06514038709677	18	3.09070155555556	91	3.25335884615385
VEG.LN.1.Sep	0.684901950104418	0.210447088905677	0.958892640757252	0.0858006692923274	0.210048224229382	0.165352770781281	0.131310688468775	0.00843826192240583	0.163318158480881	31	3.47258420967742	18	3.53625686111111	91	3.79304227472527
VEG.LN.22.Aug	0.779546652321835	0.194650652014938	0.93117950174048	0.0610832786310076	0.216891011775221	0.155892643853778	0.119511104409541	-0.0123290212282224	0.142416233520309	31	3.54089840322581	18	3.56298086111111	91	3.78211746153846
VEG.LN.12.Aug	0.762651935595777	0.224427673585468	0.809987391456236	0.0732923254722275	0.241188568296346	0.170590012913819	0.139679026039204	-0.0406790881200185	0.168754662189065	31	3.77696209677419	18	3.86429977777778	91	4.07130570879121
VEG.LN.26.Aug	0.760993827186735	0.46577915018359	0.875043132339443	0.0732471158895692	0.239313795389885	0.0999380385974827	0.136572430305743	-0.0263698646848517	0.16727495554663	31	3.85477982258065	18	3.84295869444444	91	4.06560215384615
VEG.LN.3.Sep	0.894356334813162	0.461865697410464	0.845976692966577	0.0395392522389132	0.296032127268176	0.122917438185559	0.166507675364174	-0.0378475476330715	0.194349477099672	31	4.46965429032258	18	4.4733745	91	4.71532285164835
VEG.LN.14.Aug	0.57046209442145	0.280827426419736	0.645287795806382	0.109272479253064	0.191149807234637	0.11662348076854	0.107638822510721	-0.061480482367056	0.133172013266381	31	2.8096900483871	18	2.88530936111111	91	3.04036848901099
VEG.LN.20.Aug	0.86636464251994	0.140876816725238	0.724712795706993	-0.0318889716450831	0.188397642276744	0.164822845013462	0.111173612007814	0.0495221864671769	0.140241584226891	31	3.00265796774194	18	3.03975755555556	91	3.2802086978022
VEG.LN.30.Aug	0.927774763074087	0.387761792197835	0.953598488484106	0.0182258122094223	0.19991976646225	0.094115198348661	0.108563070854366	-0.00760085113860831	0.13030996446682	31	3.40269782258065	18	3.41610227777778	91	3.61034191758242
VEG.LN.5.Sep	0.66554197950514	0.143148193988758	0.944499978147984	0.0892529524454343	0.205083184496653	0.183914497604574	0.124766418743036	-0.010895912664571	0.156138789764337	31	2.89073383870968	18	2.94157369444444	91	3.19820992307692
VEG.LN.16.Aug	0.34354275977939	0.139737914021021	0.420583950936557	0.413377670543661	0.431722422075713	0.380648919298954	0.256006089610944	-0.253977561941728	0.314090546794171	31	6.46786482258064	18	6.74675572222222	91	7.06482324175824
Woebbecke.HN.6.Jul	0.221083664896973	0.298917396141064	0.00825232727472929	0.391435245298436	0.315245487434537	-0.19143115746218	0.183448309006146	-0.651805042216903	0.24193071516494	30	3.85266566456667	18	4.59120786277778	89	3.78634194995506
Woebbecke.HN.23.Aug	0.00160378356398854	0.101086018027142	0.130575067364899	2.96022140141008	0.880157815575563	1.21197128244977	0.733356365462848	-1.4746022363314	0.967666096567397	31	9.94913476412903	18	11.9706510883333	91	11.3463976588132
Woebbecke.HN.1.Sep	0.0112546697757302	0.102677012566836	0.0443194141473786	4.51212967232092	1.7052593382701	2.0103097588183	1.22215580860558	-3.38645131231675	1.6635028898461	31	17.1455778067742	18	20.8996100788889	91	19.0386923334066
Woebbecke.HN.22.Aug	0.00619310141626662	0.212689684818123	0.0923139558585541	3.32046068075898	1.15468956920903	1.08809259276693	0.868362375564074	-1.95927843397572	1.15321371514994	31	14.7261662664516	18	17.0061165288889	91	15.9549712450549
Woebbecke.HN.12.Aug	0.00529648837310066	0.33494511358845	0.0154207016741428	3.73685277865162	1.27357827614813	0.746363976824893	0.770883416910829	-2.52597667876247	1.0255812396243	31	12.6109378290323	18	15.0625629272222	91	13.9031707265824
Woebbecke.HN.26.Aug	0.010309145294529	0.0937247056382464	0.171201019561735	3.77104663482694	1.40689620563562	1.77522227490945	1.05053734775278	-1.88185228241941	1.36576915359418	31	18.6777801054839	18	21.1591160083333	91	20.75116795
Woebbecke.HN.3.Sep	0.434434397447254	0.0965242319549127	0.911521053826469	1.36681748885783	1.73268869236589	2.02949170524312	1.21133954383034	0.172605932074356	1.54955113897607	31	18.9716938616129	18	19.2303294688889	91	21.1468194773626
Woebbecke.HN.14.Aug	0.00361455181287779	0.177027462957345	0.0253483356099212	3.90711297384512	1.27076904037563	1.23606849612402	0.910107993262263	-2.76546095376877	1.21893297586908	31	11.1548509220323	18	14.054537885	91	12.8483700666923
Woebbecke.HN.20.Aug	0.00848387200176825	0.244890390866781	0.0698913800133503	3.30048425145895	1.19759297717948	1.02236541288274	0.874770213165057	-2.06876060481723	1.12955677105078	31	11.6107826466452	18	13.9452016683333	91	13.2653591879121
Woebbecke.HN.30.Aug	0.0242464849039568	0.054331457206032	0.102919449619179	4.17589316259919	1.78942588545128	2.38462847758601	1.22684263878244	-2.81234962953768	1.70928463431537	31	17.6428472232258	18	21.0659844766667	91	20.086141019011
Woebbecke.HN.5.Sep	0.00344071423726219	0.021510116276006	0.249849113683962	3.30827206748633	1.06977713209376	2.34908444455781	1.00811142149299	-1.56470695676904	1.3521707089194	31	13.8487137322581	18	16.44987446	91	16.2632523089011
Woebbecke.HN.16.Aug	0.259272919647206	0.111003657764596	0.571467573534359	1.40324137548142	1.22782161644858	1.23222186040309	0.767335405107808	-0.582857648517947	1.02671442303722	31	9.77588536732258	18	10.3885562355	91	10.5567626439451
Woebbecke.LN.6.Jul	0.143877665431365	0.0454681015589736	0.581846175123907	-0.467664548398768	0.314014593019234	-0.360687411475234	0.178322211267412	0.132015509945183	0.238962142568181	29	4.16891617241379	18	3.90503883333333	89	4.00545694382022
Woebbecke.LN.23.Aug	0.0551576633101813	0.421880148781802	0.138265654546426	1.84095921849403	0.934517405575548	0.474910245074614	0.589221382394735	-1.21038613590384	0.810293818092689	31	11.3407633548387	18	12.5169749166667	91	12.2734358791209
Woebbecke.LN.1.Sep	0.0171028071634965	0.0393103372444071	0.707710258064695	3.60119506594453	1.4530069739666	2.65481060027776	1.27372645919482	-0.655933082869437	1.74467479495207	31	17.8637311290323	18	19.7630497222222	91	20.3126351593407
Woebbecke.LN.22.Aug	0.061252389764642	0.60065688496059	0.152958185227925	2.29231871909294	1.1934224987096	0.398245034458822	0.75872937359358	-1.51363057264012	1.05135800992806	31	16.200930483871	18	17.3118914444444	91	17.0029197472527
Woebbecke.LN.12.Aug	0.210404205388848	0.929083224944004	0.242775959143517	1.34092832488544	1.05501110173574	-0.0607283179240852	0.68088532456423	-1.11445676352598	0.948672565451711	31	14.3191015645161	18	14.7746708611111	91	14.9980598076923
Woebbecke.LN.26.Aug	0.067544050946238	0.128335965003721	0.529372189964595	2.30772289434763	1.23127312046145	1.24445388988236	0.812551818544105	-0.711350230185405	1.12719352850007	31	19.3775138709677	18	20.2115535555556	91	20.9065104945055
Woebbecke.LN.3.Sep	0.117704300626364	0.0102201344212723	0.876006876358818	2.27662948064604	1.42668790574151	2.69432025290906	1.03206077458777	0.213014927303006	1.36183229460306	31	20.8809846612903	18	21.8896308333333	91	23.3876071978022
Woebbecke.LN.14.Aug	0.219982848716374	0.896394712037738	0.170617439847816	1.61823119813349	1.30053239967787	-0.112195430063257	0.859732972130482	-1.60978011400453	1.16670372583596	31	13.7742845483871	18	14.7373345555556	91	14.554045532967
Woebbecke.LN.20.Aug	0.0817445819673989	0.63863788726489	0.194837427804815	1.89623297646099	1.06444092168327	0.33706096204775	0.715884881162476	-1.24262560478988	0.952342273058546	31	13.3759985967742	18	14.3779636666667	91	14.3626152197802
Woebbecke.LN.30.Aug	0.0966681934413403	0.0630764521875833	0.629023116728804	2.33061147134025	1.37297815828499	2.06590373796949	1.10092782107729	-0.713567376383486	1.47267619099947	31	18.7036540322581	18	19.8164638888889	91	21.1409405989011
Woebbecke.LN.5.Sep	0.0506068167356355	0.0145057859279786	0.671208650168022	2.23331461530554	1.11120134308241	2.28743041853569	0.921814140721639	-0.512150299290118	1.20308780277176	31	14.8136913387097	18	16.2485669166667	91	17.2388928186813
Woebbecke.LN.16.Aug	0.339615179101765	0.05505103491366	0.575295140032537	0.725951853858382	0.751961059554608	1.08590264180174	0.560364416814076	0.403501849381482	0.717918143031745	31	10.3031975322581	18	10.2081662222222	91	11.255813989011
